-888963206
1441208189
-941934581
-207011103
1605461038
1670104601
-1678286057
-1889006351
1056652989
-1348957541
-394127613
1576602874
-30815525
368453890
-95500653
-324527081
284710555
-1055706679
1711190152
-1898528146
-614817743
-384727462
106069249
-900459831
-2036577281
434319553
-1305621218
-1390531738
-101501234
1311802017
-1856921370
-25530358
1752049755
-603148438
1740420970
-963718821
1555933718
-551725620
-1662038742
2138551663
250414629
2100079718
272751798
1048270240
1828565678
224740802
-1135295080
750036385
1706536278
-84828283
-1416037007
-107145258
1227197188
-794234654
491794273
1618858719
207306729
-2011829168
-412815956
155593845
-896343100
1102801020
-194913895
-1227981447
1553659490
1917199487
802743709
-445930678
1967515748
1067064147
-1527114311
1445511766
-2042434492
-459466109
86729248
-96330253
818172825
310874146
627679260
-791340689
551025818
899662845
1263834417
1801893477
-1650813984
-2133659629
-867788670
1713579090
-1950962065
-1562186683
-1678088589
1942893927
388825078
-266968759
-347600241
75877536
896741718
-1211844892
-55835732
-1225484012
-171238560
-50974376
1507460685
-291196273
1804364258
535032346
-1110507194
755428189
1899424484
1789579207
1475102886
1321003880
-1547432401
1363097945
-1327494448
285304965
-1743628018
1793038485
-4361237
1424691210
1219351128
1294329799
1458119547
1560016291
753183405
95448753
-744171440
-1237804187
-213408514
-1302013248
575633054
-299964637
-576060589
-657447295
-753087379
-2088331008
-1548944440
2119763026
1767553075
1593448261
924776920
2082586716
-393243202
1487905652
-80269347
634506688
823661911
70798493
-382059305
-1722911984
1873338660
-713346321
-1298339221
569199104
-1971669810
1021898897
1854293807
723682909
170773347
725367730
-2031967964
-1470613443
-707016836
1960449502
-330488701
1757085047
-140674654
1261771923
-1607589188
161207893
-482596627
-860041452
768099771
-1748102776
-1440988691
-350560900
97465196
459506523
-1880518706
1494078741
-255433343
1620605995
1634427830
642891242
185547122
669266454
879316593
1308392858
1450802373
1161400818
720326736
-71494801
-1063650929
382708609
-271932595
1003094446
794740538
-1920455454
-1006206093
1228699696
1586586503
-411197111
-1614636676
-1269099471
91412438
1336567538
-2110592069
791693671
1268674213
523538514
523467068
1341507670
1008975190
1023026320
-1831345367
-140544542
-577698252
-2118356173
922863727
207996965
1504917175
-2113900773
-1701922912
-1244095358
811664903
1168458933
-2024219878
1862327034
-1845823554
1469161321
-95173783
-727156035
2023900914
-118795689
-1849625623
-1488602108
-154862223
-632006589
-955378256
-1300255971
113097550
1977835213
-156699478
755974343
1177154204
1564299493
-835474684
1008841663
-931030151
-1684499331
-347758898
-90845286
732406862
-1295388801
-661899813
800548053
1994039892
-133806080
-420977685
-1883691478
-320764327
-670846026
-1168869621
1398703908
-976725565
903318183
-1993357764
1632399349
-415414315
60191011
-1505483181
1938872967
-589400272
-359232268
-994883297
878619856
-137529443
1518557651
-1489474864
1862034538
384124937
1433784604
1812787606
716793698
-482592560
1933236421
444916616
-291041713
-2023018946
-1172492916
1499616967
-217072730
396887889
1596406895
-2094186525
-1435003827
223947972
1176805217
-1966128516
-1533563539
-1364947896
703738170
344549420
1132315532
-908295148
-618205970
-1202462300
1258802906
1775338144
-1659958271
-518638060
-829159222
-1422434644
-1433003974
438863056
221460196
-2135315578
-1655446378
-1334526672
590630617
1531612557
1270587775
1352200375
633194455
2062275312
-1481932739
500835190
-476435170
1240093883
-678520403
-1597423950
-1700608557
-41950188
-919991249
-965604924
-57907692
-1152366655
-1589017372
67521856
-1115177652
1736052204
-301029351
-42630055
208123335
-1153681878
1441402109
-645676924
68532616
1421735865
-1971601254
-1309105318
-1169887142
-1785321463
-1476099070
1688834754
-1261253852
-1551628931
1861237192
-256865458
-2024509311
-39622030
815085234
-1538050843
976608912
1686285439
298543532
-1305207389
231265799
1562422270
-658927874
2040676092
-1427185010
842913739
-1234836799
1954099495
-236252086
-590141109
-210041201
-2025410375
1000160951
-936485712
-1584853383
1955617423
53596346
-1738348166
706079037
-1403076111
-613508618
1454604096
-95447112
1004618995
745935198
395315887
-2140805223
-2142223586
845148426
-50297133
230204759
-1704355248
-610321586
-1760223595
40008036
-1086485024
-1793393399
108552836
1786242210
364936197
2053136698
-473393449
517279766
687342967
1202317784
86597042
-1312005157
1256229718
1793122785
-1966128728
1320360280
-292411573
-1787077453
-1487215487
157826229
-1090878995
-1133881701
-370026948
1808126346
1827875685
-630142293
845109335
-776794407
567433811
1970655696
996643149
76146238
-1660013325
-1779359965
-518261665
-1561245084
308873339
-508400257
279437719
242280635
1419711176
104444499
16302601
-1692775833
217367096
-874567240
-803920805
-1829859205
747540441
-1754820667
-1943364216
-1251524762
1198118850
-325969118
-1315802656
1459342765
-1537190975
-1494020901
747194962
1004857818
-401204170
541518198
1716943341
133802931
-464760002
-1181241529
107190180
1653744815
806411795
676240897
277704785
740164517
1374015665
1189241744
1728287996
-1026211898
-377393219
-746929626
1872496988
-271319347
91352226
-1428159596
1993660061
-1118688652
-1476509699
1822281178
773162595
-323327703
273663546
-1549390591
1532938766
-1083478526
797344383
909829671
246862399
841602029
1863592904
-38770726
-914023781
150468651
-1529321390
-1946227799
1308143054
711755774
1950014269
-1219781384
-457169453
-705186400
2484332
-69412588
-301273999
1930578039
1921995439
-259400570
1816100872
-1085211513
-1721100252
1239904684
-884293491
1644815656
1890529497
1920496772
-1557624622
-1126119688
-1948183626
-616415285
1199970314
-1133863662
-1186454118
1972524870
358813580
1919401343
476346051
1975771998
312346839
387404012
770929266
-1800875534
1453721558
1478365597
1152279758
-1692159895
391794020
1957004705
1557199624
-2034461947
498486801
-554162105
63250879
130850175
-612380378
-147704112
2068047270
1333854415
-1442219034
-404351899
437336676
112165450
-1300476650
-401704629
-1837970501
327409650
910085311
-996679340
1709194475
1554949641
-96930766
-361894504
1550678616
-1573697049
1444942413
2140188005
727056746
-2021876211
971386875
-377421197
-1961213260
356250489
-2095269632
1486001244
823034456
-318211013
1657957622
900007754
1951193768
-1711684793
-965682030
967666161
-1057864431
1641106829
-1549928661
1335103168
1755893044
-1762346938
1684696189
1752843346
1258246741
498788497
912123561
331260202
1295088376
-459005890
-1468112768
-565324129
-1643594039
-801240088
1384127488
1396260629
1772726972
-1108206008
1981807902
-2123654291
1756283764
101567688
-209564475
1793569726
-1071339032
1647935830
244066334
-259797180
-82745788
2072794491
1976442898
349190040
-1402274548
532146859
-1879388916
-1324991711
268415623
1219032030
592206595
-2101321014
-65757094
-1565637537
250106295
1477693173
-1163558542
201422819
-1451156166
-861016146
712693799
-223770660
-831972687
-1256649693
1945752222
1549853199
457387355
-528659116
-303853202
2091766884
146350034
475742214
-1452297083
-789224964
-1872734831
1813512700
-846704052
-432155256
-310800202
-1358786967
481017097
-505961256
-1379872761
-1375937120
173718149
712538546
-145848006
-445985779
-633335314
-1145211931
1625015152
-1280050072
-1096248322
-1345914724
2127484418
-1346033370
-1951334053
-487480585
-510734464
1355847987
-1157532863
-1714083369
2096613622
945073118
1866738269
720064249
-1649759887
74100757
1358948348
-1731318970
-1013506623
-1311802671
1314665829
421424232
164022399
372928723
-287818366
-602450016
-1906512303
-1548814448
1633885381
1121953238
1932403308
1874821481
684641096
-1677488911
864532314
-713512674
780469558
-1753904536
-688457731
421400708
-1879583383
-482819303
-413373229
1363801718
381527636
-793703335
1922543994
-862210039
2145582371
-574492085
-102982025
-181358333
1929003808
1973899125
982174514
-957993076
-552320680
-116962928
-1301500860
-1306890459
-648924546
-194590817
-1546399243
-712126758
-1469280498
-1926843070
-245626112
-429607245
1620572085
1489086283
897019800
-1470242705
-169614865
-1654213231
193042607
962066292
2126834418
260546052
658016117
-1786985472
792130762
2059240705
-396492514
-65579611
1828811204
-154605849
-349412632
1400758515
-244678128
-1197043990
1198928476
1540310134
-766785631
-1258510554
-537399853
-1479579422
1044780120
-239061513
903340347
-1607667571
-738240928
-232481657
-1849162981
-1423054308
-2060949797
1324083880
687480275
1214806657
-1849778498
-1756881949
-531183320
285717028
550983160
-1595239984
-395577344
409731424
-2138984231
-1444913241
412098153
-772145104
-131244111
565132055
1812149215
249658665
248198327
-1307564458
-1868098098
-1261303893
164017197
-1612568712
410848853
-869177005
2051408576
-608132860
-1649507508
1958462131
-854600140
-330424380
1354961288
700202821
-984789952
738046429
-905537443
-1366780772
2102905782
-567141602
642120035
-1613184805
1226920935
892041884
204574845
1379384427
-1782063548
682702206
253798423
-1604250904
2009773640
-1376830700
1575054766
288003931
-10294379
-1998916050
-319477099
987277230
-17939875
803569579
2068890869
615428956
-1267841533
-1996102064
1538641172
913635687
-1559010815
746561498
-1019700518
-741887601
-421124853
863401813
869023633
1301484736
-652275083
-677213010
670388204
1382217931
165651921
-1819526777
1733347914
1566831449
1510304988
1625354058
-492004037
-278972389
2012896153
-772840832
-431779262
735684166
-1426866498
1433048931
562471132
168933694
-750555057
226010033
33156545
-585150319
-629853559
1846229442
978057833
-214727898
-1523821312
-808628004
-600717103
1361441205
-2125199349
1574076102
50001790
-1335866247
930546271
568972955
-897771070
1762656292
1815698681
1866424543
-769273795
-1802420717
423217473
-770408233
989291942
-1551510589
827164012
-553067756
1361834955
-1019378302
1163703073
1911722321
-1820896042
-1774395287
1532687455
-321001602
-1163893551
-16074871
1781691037
-256268772
-1196533909
-1975795613
-1036667854
-1950954037
1466902011
-1741225315
1678697463
2058842144
1726503365
-408613133
510226218
1955709372
227784316
-366530197
-1761796715
1957280153
1247643912
756224716
-462419986
531943847
-1686987127
-1698529968
1979125889
-23020393
-783800422
-439469928
-101531124
-774953739
-1423438887
-1182388001
809548009
1734723964
103838119
1902665074
-438830478
2073266853
1096646188
-277144993
801693344
1587559809
1562415517
1988553068
-1306562571
-1549379640
729318337
745983563
-844012133
-2127378128
1119003824
-1981433333
-724624435
-201812477
-113998370
-1588414000
1684090486
277546731
1747636055
-371401530
460495383
1290437136
-1107712693
1644365138
-1329494291
1121804644
1007641037
770906506
-1024515502
1909414461
1317185239
-1112062233
1183394403
-1618523613
-1158607727
1900498233
-1683091486
2074901739
-274468910
913245402
-1246309794
1209122820
-933944090
-841313242
1482685073
1078843152
1933939345
78383146
-509782264
-477223498
-1946945196
-167426918
-338010359
-989224266
-1864209682
1059880712
-199008336
524773437
-474139099
1486928211
684840795
-1513261703
-551662906
299298653
1243128647
1560376688
-682337815
-2085622784
-1401756805
307142413
