-1296037251
-2140115167
-2017077217
39169737
-1034491206
1101258479
-1109557679
1173085767
-357550902
-1461633127
1699733534
1341630916
-1224651743
-1193573906
-1837180912
-459181859
-2132029378
1432719298
-1902038376
136369671
1756589288
1109987550
-1451769366
115674783
818539193
634391352
-1075491804
90808382
-18005024
-416558493
932493237
369696594
109822241
1670838856
2091588092
1847902954
-656514272
1198997782
775523375
-1844387376
929700831
1184867446
-486741378
-844911396
1100782725
295835139
-130555529
1061468807
641842017
-500989191
39185836
573650878
-505760211
-96722133
-255053422
-74329608
1135662230
-719764678
-1634253397
1111273098
2031169275
1488256515
-1660721433
198116153
-1061708427
483105113
1767810887
275719184
-196406505
-914523660
-1240791868
-633267596
455993718
-746069336
-429880722
1940199797
-855056277
334361305
-1590829097
821584742
1671419415
948869166
1638394545
-318344017
-1226081497
431712132
142567093
-203323424
-1134327976
430936357
-1730308154
-206125302
119091773
-989502407
-445154730
1067695690
-101059521
-1707338373
-84339192
-220732507
-326183963
-1052328656
1962989207
-1683601381
2097988438
1580777557
-1409478923
-472332810
-2066820581
1253251351
985402039
-1630060446
1453012776
1408840328
-861843025
72009794
346060572
-2033497201
1870201306
899648
-2027410745
-1315990241
-536059012
330770982
819014125
-1473085526
-181855351
-1943982228
-1308942775
1052371928
-1946247097
-617683183
1865007828
-1760677260
818664496
-451920210
-305769658
-1355335770
1511058204
2106514631
1275719644
-159711897
-115868257
1053866596
1950611804
-1532073680
-1830228305
884097503
1297852758
652226804
518227850
-2019358976
-761501013
-359586991
-964366890
-1391629242
265336403
1412185857
-225716215
-1962751609
-458786726
-1583067754
385950730
644540347
-677625557
-1237060250
-1881099240
-1483807213
1432012560
1545107139
-445073941
-574301104
1914338296
-382826385
-1470908392
-1585263021
-1762182277
-1638135986
316944825
158647535
-1307028197
-1446482595
-110206900
-191160314
1170699981
-737066014
-1592287269
-567052845
-1800586313
1392968933
-1680826019
-914386045
-1333697735
-1949163554
574759772
-1465683189
685306929
790042031
-583397161
1544305205
-778252165
-1213472812
261171817
73373434
-1470661450
249566936
1717542314
823397655
1563500621
-1015247862
-774295852
-1631057702
-866319947
-1581888912
59758761
-210318532
-1490287885
-1919143172
23463572
-1056472268
1294721633
-1236948995
-2056794866
832841801
234046384
-1317274664
609535043
302705257
-1481194192
-453011721
-719689484
2112244473
1170449742
522520832
-48683106
-1637534931
-1195328418
596998474
-2046003748
-1525834856
1499385499
-1379849588
1292934665
962173190
2033023595
1749681623
-456711895
-933764471
1960462054
848781509
-918236407
-1215945519
728995481
-752651534
-1048374108
682407617
-1751022970
-1457115477
-507522873
1491632958
-1771904657
-901222171
-87154952
1518943305
452788051
608550001
-434917228
-180933809
2108737848
370275436
453864503
1798648511
-1833930453
-1820603909
66575199
583587037
1694289541
1352388920
836652627
958092245
-310247825
-487886489
-1759651263
-1652277485
-834729817
-337763220
1888982438
-497090095
-474182525
-1618298495
1134540530
-1466808591
-1865237962
-1466331357
-143820437
-1240906228
-1308681135
344455245
1588194384
46943690
-1701907059
-1751105304
-1359343550
-2056839309
-689228089
-905378431
994240223
1260449734
1755271499
-1505373636
2906288
-1938611959
176449876
1756249352
189928772
1600719457
-905007917
1174400787
-1159736932
1768185955
-296562065
1216565632
659065033
1432818410
171312333
-159264425
-2120310060
-994266070
94027280
1564995261
-1190320675
720026885
1971410851
1490848612
-1622125178
1550860957
1564168757
-986043324
-116497263
793964841
1195153925
-110222710
1104616647
503341068
-351909025
-87240752
1721475355
1978143523
1935326053
766081423
-1294094833
-593248930
346212626
-1930207279
-1494746025
1439209618
1802025596
973146922
1314367931
-103422324
-28497320
1290667496
5819457
425848680
-232863293
1937667209
-1535732854
132649252
973470271
331301229
-1174299524
-2068859793
1296139259
936431564
1796561697
124598983
805432406
-1665832471
24100558
-960808510
-1446694746
1708908167
-1596164985
1637586858
560785716
1974600092
1529310113
-1072341681
1382357131
2014446660
-1969192791
721244441
-153998606
-1323771912
208958084
1162129244
1830873653
-2128408321
29197783
-1962241040
599484843
-661586908
1601206952
694282495
1347563125
315218856
-529483707
1585901344
-916908029
-1694400646
476107620
1784459941
608947420
-2050839387
930271883
1270612528
-364531811
-747370487
365810866
-844973428
1924505666
825522253
1582628390
-1997833287
-239727196
-775474413
787861423
-1725752504
2031491906
-552146579
-563983371
-2037225495
145284931
1096468368
-696414433
-639102398
-1875116869
845102023
-1375224644
-2007511295
-1276699091
-1524647766
-1988073498
-691993036
-1099295664
-1023547761
822401444
-121592873
-35152618
599128127
-1788749424
-491332178
-1763240215
1794578156
-135865159
-318569899
-1596361
1233262946
-117260598
-1069242987
-602701008
-1625294211
1200646507
-544031240
-171270706
2045035226
-130282010
730761118
-119040491
-1253385775
131061006
557924433
680710812
66974114
-1363072676
-284094249
1184583499
-1460927763
-700055718
-502614136
-477809051
849742695
-1312047037
461555743
1123714504
1182893003
-1591756053
-68512556
1481262195
981909773
-1707917604
-1730014039
1315376201
-1522027307
1533265345
-615425276
-828511212
-1669480149
584175368
1273590909
1162536395
2114229102
316101058
-99238663
-1134523113
1840462474
1633216716
2019820279
1290570259
1022618729
-306504396
1660619817
1796932691
-99733847
-2114489644
-568570042
2010593832
-1541515632
1558387523
-1658390754
-1605908447
1626379324
1483961070
1264550638
2051630291
1923415326
485141633
807442421
1441993949
526731689
194596491
89053255
-2091181274
-859030971
2005362528
-1439509792
-242996888
-165030006
438475585
1937334523
1942918386
265224618
-1807978310
-1270086492
-1899916375
1027474221
-92897461
-243786612
398247247
1405426404
-1913625526
1203044636
-446526201
-2115817193
-1595563513
-2038014260
-1131413736
489040896
1898433840
-1959173708
129984241
1060476797
1245949047
-2007988638
2029955436
-1498180608
1021718129
916136942
-1183643818
-1664532279
50354625
-613219508
-1057487825
-1143794345
2121767797
-1670670367
1694463277
1643437595
-2061363281
-1721520808
1807023238
1386500206
648339592
-1549558091
-943229713
-1212913211
834942768
1623157417
643764575
-195359197
-988529831
194328872
1139750168
-431121970
486190293
2050369080
1778337767
-1985455547
1826136957
1309697548
1744177833
-148888976
1564303701
1234114129
1873227793
1346137625
594649837
1423265990
-1541718615
105629851
297603593
931091218
1241905430
-1783928104
-507658620
11390929
1440736671
454444144
-582762128
1582087407
1071355376
1396630574
-593400190
835203897
1245173274
-1858407482
-444418131
-931712207
-1090784803
-310494531
23373580
-1708301535
-1757701334
2022595752
-1058008316
-35513742
-1009503006
695715480
1342763177
611077693
913147364
-744521772
529918048
-247975134
1571035206
-518729272
68817094
567584856
417581281
1228995390
1702163408
478396421
199052050
520250059
1253786163
-992282416
-2031508289
-1339818869
-547563258
-1053492045
224061080
301520656
-1695351388
-1518339819
2095686815
-688979049
-1252265001
-854531049
1583543017
-1234416260
-1552461262
785728302
1605560997
242906351
1076410557
-624802063
245627741
753918184
662490583
-570863565
-764703620
1193081943
-249125544
570896980
-861883633
1926607520
306836981
740607700
-1329463345
87146310
-1897348888
-256596440
3909983
-1714043675
2140229584
-693954096
808425169
205676389
575909077
1930075049
-1839919506
-1429887636
1960048911
-120555905
-211940170
1669254420
-1832827608
655514598
-1951627355
380299230
-1907437505
360121161
1795301943
1097656805
-1714958065
1409361475
158929966
-122523562
-265015984
-1104843219
935152146
2147089183
1770439517
1138304759
-1570176647
1926663654
1664363030
5819195
1624794504
1968696380
446368519
-893207153
989589433
507372818
-1584039223
563331866
468291806
1901093227
-1189284952
-589819031
1953031781
-543348141
-2141137275
2092765571
-1850277924
-1443390961
-1840671234
-1872952774
1434613943
1864739989
-832507957
-2074127421
-2065110447
367600446
918149226
-274904439
-1991574992
-1966428231
2029583614
111421245
-10712947
-1921492414
2135490420
1793792561
-1825914094
417830676
-988557081
-786130970
858398693
-1887518948
-989016507
-1871191325
-1527085851
2022760430
816677682
-1142366520
-1934614734
833754876
1728132908
-318668638
1465102066
-602280956
-541480721
-198086529
-1959441582
397172426
-1438016486
-1651658683
1624826571
-778462201
1298668818
417553343
1442053030
-955282015
-64381147
665703928
-1922533183
209173019
1493850354
1538389964
731932307
1383016270
-1625849079
-1559948357
-1570040724
441267289
-1407492914
1667228416
-1162084863
535404245
-695592030
470462433
-1850717912
-324982963
-450090941
481382728
692575199
-2086958868
-1218163085
1564658579
1485524626
139245688
-373898537
15313575
313015965
22453887
-585096414
-110663349
757187854
-1164984113
1058657394
-1712424526
181081520
1279692586
1713071097
-2042903719
673090116
-350206150
1363070432
896117267
1172545041
-2039635006
-1012412825
1963192929
1832557983
29281046
464298320
-914024697
-598929730
-719114036
482399101
-623189029
-246541107
-585539916
-1073149225
119106016
-1033480904
452843780
1015605362
-933191534
1624973378
134713815
860514542
1986676867
-193404412
-1965842472
1206937376
-2055544026
1447370676
828976186
1360798960
1154077674
-2030271190
-759575573
-1071120764
589430410
52807328
1781643272
1396157341
448624291
1137334969
-785475182
-1446988991
1517556870
-1401794364
-731194270
-525077094
-344063153
1024509761
567721306
177958942
-1651991498
-580729181
1027049437
-1483890705
804070180
1192920151
1383642752
1393174147
-1816250231
21844484
-1826493695
-1192651641
1750733932
-1707426540
1008726391
-1329299712
-126034237
686269043
1228817099
-1361821005
296728836
-160417129
-812533146
-1131275833
-123319045
463495615
2129425195
-125868120
1944450270
-2104385410
-1619132505
1842110253
-1204891490
2046998650
859992455
-2009045252
-791651201
1226094961
-1776950198
-1055268819
-1634181910
-1571429763
-496402633
-2066664659
-2086390911
-1530735720
-1896734064
168117988
1716121972
1022022497
-1434962938
-1919564262
-1831879918
669789471
24329840
2035406614
-1342353246
-775296250
2090031287
-1746392696
251449460
-1997770567
-2096789483
-63996248
146605618
-1917666800
-295726722
1772949406
1532550011
-418233830
-1410142627
984643108
-433275471
1755305573
-150087549
1001585513
612109586
1262213756
-726884004
639791416
437643525
876658608
1116522595
480115033
1552543158
-1615153893
884376791
976052023
-1552763164
-1256467487
-861358418
1130489794
207961081
2068859833
664695498
1306114966
-1871619750
-850766933
623156842
-1634906276
722541312
55960347
-1079423517
-1814008208
-634807225
-335513851
353753742
-1813591100
-174485242
-647927927
1495262212
870726915
-1073820705
1767084458
1561112712
304022521
1931302359
-2131142318
-1805279036
-1199257039
770173736
837830553
-355226952
-862375201
-372051627
-366360250
-129822737
1749231360
639122047
716362133
886031091
-1215545409
186853879
-703830726
-2129776638
-2116029670
-71168492
5460389
1615551745
-1593940283
-2043493563
-1701473144
-1936026448
1049562446
1777202281
-1416087659
