-1930584044
1968529206
-300827960
-1000677131
-420024435
-524357302
96194974
-50268730
872546554
-1292012170
-748909416
-106562111
1837639935
994758145
1612161013
1095898454
-1889119712
-1401516677
-1554263603
-1072861520
-1773267393
229272558
-1413113553
-1215796219
477129827
1877236563
-2056647799
-1367700689
285142714
949546824
-1676100532
-657721732
-982713120
-639104002
1609134800
-544813375
2049588833
418975864
139778676
-1177910603
-1205581444
1521676273
-1268412151
1892468603
620065322
1498934941
-1216268432
93914752
1770194270
433321364
1746888833
687363207
103642253
554152459
717142574
1241073153
551105903
1732899780
96873703
2133865633
272587271
-1375994169
-1123832512
-1623340496
-2124339999
-274414510
459181009
934470813
-269869670
567424781
-1453387939
54929239
-318740059
1480535681
-174422730
-1430204961
-2118423221
766479819
-886737953
1951241112
1198848243
-1076125300
539218931
-1808939807
-2002155869
1407117603
900297540
-175780507
-1788851258
523091742
-1063590330
-80488527
643572527
-1453812499
325168046
750277126
786600797
-1407535656
407660118
1533111408
1442215168
1553843506
-1768009373
896001047
-1044906564
834300878
920605352
-1195593772
846476076
-896407374
674254669
-1691590138
722078249
-966559478
779986603
-1300868186
569095755
-1791243425
1789130618
709029017
1164373423
1749807624
-398879954
-121266875
390538490
60328160
452019101
1787583847
596707230
-796327368
229721828
-1010318302
-62476196
-320188657
1371776395
645139802
-719821303
997676672
1530087143
175939650
-35790700
-1792216965
716924864
1417210675
-1108321722
-53061705
333797170
1111140543
-448925364
731530983
1632280024
391307782
-1099752078
1965045035
1068495654
1614037575
-534823375
258500041
84911382
1307479993
-444234517
1692974876
-789555706
-1343726181
454803316
-1708417844
30356704
1505315722
718063316
-1437789889
-835513477
-761764334
1496094282
-226080178
-646971584
1459059846
-1154986348
733875515
578371600
-451051501
1134340461
1427144163
-1734745755
2048019
-1243504297
313500975
-993384010
1521948574
-2046668390
1419864784
-1059412960
-630103961
-716942709
2146891306
2115215426
-1800618300
-367913455
-832263536
-1653453720
390765326
1636829285
-1830735182
-1298477590
-1612882901
-1889765096
-1318760621
975764438
-890816664
-109670310
-213033666
981442508
-896161397
189322360
1148765818
-36675287
-1231885016
798491558
240308924
-2095792536
-163053005
-1243658754
1219726109
-1135429436
-377546026
-1196491832
-599874292
-384952800
-1577090684
-1473008644
835823749
-294560469
-390509490
-362883324
1441908098
2043146175
-1415024267
-108809787
-1321399118
-1617631350
-470019777
-1764356896
-1226178712
271096047
-1350039282
-1738937292
-73684267
-1940856786
-1168890963
-441019737
1216332410
266247361
-1099072787
-1253571034
-2079363625
-562233591
919854704
-1493807127
-1172128408
-671249366
-588885052
352976123
1670511313
-301597646
-87096397
-1062624519
-107001769
1681610368
1564485848
-937136871
1175864210
1876422755
5821301
-991300242
364289888
2052076033
-1293838716
-1236275607
-2108036835
-2038151815
2097050123
1900699810
-191632112
792400972
-899379532
608403672
-191861209
981808888
838311580
-712220106
-1897388825
-2039694619
1318844267
-625997609
1330788765
-96411003
-465061468
596025484
-273240615
1796948918
-2110875331
-578888740
-646354660
-466753430
-863429774
-1234190516
1880939728
1245730185
2133941717
-1297785633
-86609033
-944006123
1264368297
-1275116577
-2053226713
570677391
-1084563856
270510302
-1931044043
-69221224
347611843
-971601417
12563760
-241877284
-928365983
1759794009
-1611255535
1684794667
1368111753
-807155707
-923050832
313875688
-1147441781
954413782
1213769336
1099711910
-327460196
766583746
-94942370
745722383
1229094634
543243614
312504334
-1357769976
1537422320
47306407
-936830617
484114706
1223204618
-683444994
-251611095
191606771
-1096612277
1432314484
-1345307667
1839306900
-1107026290
-1055202232
-817700523
-664003284
359245515
1001969069
1433481091
-1509905506
-1599740757
1929620175
2113525966
172237344
-1451567523
737550360
-604278093
307452444
599141802
-861333074
1356675337
592379226
-2136381370
-1849592000
-1459335048
1747781982
-2053465751
1577115650
-1619641301
-309025522
-713049954
726190837
1279294148
66006168
-1323333157
-1282455701
1384677008
488871826
516977360
1379486154
-1314491141
1528798562
364827011
-884572017
-874475194
-1465631777
623487004
1106703766
-595341706
-1526627272
664646141
1683160984
-1049469809
801624596
35927574
-1602074637
688860418
-1456287494
-388224394
342288561
401691235
1500836851
-1429635804
196994754
2034313054
441467758
-1223715281
223775884
1682731243
-1378638493
-745969917
822503589
-1057099840
-522058823
1493342973
1175975135
2125993223
312145132
-1854227134
21899652
484036177
1091750634
-233543732
1249345762
2100272329
-1170068418
434098117
-399560951
-33395796
-739009680
298926872
1293128146
2123946488
150442154
1713990467
-2002445020
-48829597
-481424994
-1885443726
930170738
-353151858
-1400982617
1341267913
1717648007
-1795631494
-716762066
1133722625
1547455621
809327931
-430419121
-307505354
250250538
1574950378
-78345029
-153501954
537113429
-1896288289
-774518049
-1778795587
-906242360
1614429471
1179062341
389048375
1694884399
1014654483
1106907962
-185569690
-1798170271
-1104911237
392859569
-764985971
-958558235
-60098143
-1387637913
196513164
811371447
1098961873
-1526765497
1072841590
-1155411894
1445533448
2146435343
-935359648
1451300305
1408974058
781061170
669727611
2085302458
-1242529799
382636288
538629221
-1092178566
-2055191036
-1948828925
-937643333
1013965967
485768668
-1737574484
1049708018
2012728002
217326669
2002962991
-1326423962
2108228013
2127848524
-622773846
1670050995
1024388220
-1640888724
1408171404
1968886852
-1775055625
-1910922345
-2013574092
-2047392984
-553702209
-2019668231
306343896
1914598700
1452938967
-2069845185
-1148287576
-1447999451
-2006260378
1221959424
1260555058
1644154765
-2138527814
1746885755
1769889288
505054544
-1550162800
-1153257341
-1754230369
-842714136
1023589522
1714277558
-204128391
-2014974553
1808052512
1956970741
-1364249210
-1474583213
153588562
645732367
2067474119
-1379058697
-1073979587
1121078207
-630013387
-1900341256
-1597569163
1562772440
-1636838432
2099943782
-1573751597
2134693054
-612510630
996409236
1180581496
2050584856
-1884648875
-1599040535
-385786351
-2146925885
1938596490
-1466946056
1749902428
251436809
-1593744932
1354392782
254931434
-1682388462
1695602109
1324417420
190347301
1685798298
-1422252336
-1175550156
-1205041516
197224164
-530583088
-1441471545
-1832572835
-900116499
-56178001
1949146766
1959269899
2038687717
68570626
-473032776
1990705041
1477369562
-806394725
151498021
-1876331889
679741622
1286643063
523556992
959520979
905411435
-1528053286
1982962323
816089889
2145180780
-1919023176
1566492629
1947194423
115315038
938378839
-306902456
-456015862
742443023
1414320433
1596304513
657859414
-1241937498
1042537758
-757825016
-917944491
856575260
1676907442
949453025
-1969797683
-1067139861
2145761507
400416874
-810114736
373531652
1327040239
-2081828505
-2068996673
212874757
1680319612
-1369103525
1412832527
-1738856789
303847680
1124756249
-1881406385
-2046606204
-2107890846
-1331593575
439250153
-967144727
-130017567
-2010686961
1224484391
-69869781
1517658677
1206305337
-31962375
-1382093556
49915123
-288868360
430698485
979555953
-454756555
427102498
635841950
-1976587692
-2121840775
-934098282
1898711784
-348268801
1186427593
806938512
1040059387
1235356534
-2062632164
-1609240003
-958305993
-1867039692
-1741258756
-296390255
1559704184
-170410214
1673944424
1680730200
835445402
-638078300
1454036219
-1844235893
2089690943
-98425763
-1947540147
300994021
-1199316785
-1593988460
-869977192
940373684
310419136
1016358224
2105781150
1033538036
-1651434474
518429312
1919859146
443884441
943947821
-1265737353
-533232747
779417643
-735287370
1177424278
411222571
-74627944
-54199809
2127194186
1353982797
-1849596091
2042531446
-1110664647
1546933369
1244264037
-273897873
1853342647
-1352000441
-133929074
-1464975580
-1419744130
-606001643
-1822614391
-1312047107
-1037299042
1889493990
1770842473
961480978
1439297714
1582574215
1103128542
1521444333
-222989484
-1407554573
1615899594
235104404
-1394208302
288994296
-2145768172
-813240123
-1994949087
1894239001
1584921277
1474552707
-296722415
-389602378
1381403440
-1143974191
-2009264190
805074282
707968477
-646105667
-229178538
494414515
-1659969016
-1199791969
1042867175
-424246056
1890637533
-1921544798
663387579
-1090283001
-518416184
1384017283
1068433334
276730301
861392899
1060690073
-426557937
1441383274
-438553489
234129428
-385815482
1292606292
-342893912
-1814814839
-1825111467
-1757517381
1784266323
929204909
-57229019
386629693
-1027465799
-1177029792
-222819773
1083195771
976714393
1353290733
-515965229
-583923971
-1788718023
1993206160
989338052
1276117330
-1322127682
733154104
-1889584827
1307604603
-1189233731
-1854068595
-1593226378
-816250231
-860080111
1358918963
1957663330
-1403535739
-1484172562
-1472068528
-1726565587
24998287
1757655606
613111883
1962607753
-1830342583
-1075222517
1527556823
-1932603282
389549685
701623716
1471951151
-1246855926
-1622554916
1273788260
1356390562
-2001088267
-563774095
-469305816
-1689815214
289457832
541327286
-730637856
145804600
1143317295
1143416671
61204832
809873770
-423803875
89408308
-1665088648
-1769154656
-225322815
995207739
-1725047487
-337405452
2029746838
-37233387
-878046791
1688376040
-2134550273
-888612440
809047698
2103661485
944598067
-347699970
1671653958
-772490590
989324149
1739280236
-2053337233
1247784474
548323977
-1978239242
-1413404332
255213410
1555653218
443517938
-2038313530
25393665
-843134689
2006653930
352886829
-346922175
-1233056456
1716823750
-1082848803
405204462
84883444
-1915731414
-123067475
1496049245
1745771294
1263046429
-2019449654
-1014687057
1049742839
-524032534
-989959480
1483031383
-1442462354
1118166090
-1044975879
-1568968744
573488014
-1991210558
1348549890
-1824261165
-999073225
-1838469558
19873451
956649536
147709200
-828760273
306409717
1946219771
-1692590404
-556917191
1072911985
-1830439294
1314702667
772767504
-200394033
-1407720451
-1412480526
1946926811
362027957
-550442626
-1449420802
938635817
1152502481
677890696
-166977786
1553509652
-1902863055
-1700249387
-843402144
883444131
452541393
892765011
113905621
-99438480
1467902325
-350619280
1360211864
223676298
469619129
627662487
1311313779
-2120881252
-323340955
574036473
864296770
8591182
743671814
679792272
-129356635
1851235562
-446246215
-91134112
1715385328
1104778819
197718089
457516031
-1112355738
-1213698350
1017673340
95643991
1712006055
-1037882335
1020551337
115497643
-2098873242
1505777771
-1305849970
-293306665
1347445854
52917124
-502762912
-1286539813
706483590
-1963586058
-137597662
-1486159207
-630671741
152629869
1831456826
689040605
-1387794851
-918290092
1740109120
1474199454
973930357
832152255
348149017
1063495555
1909120438
-969084277
1800645444
-514067032
1558246410
-157807933
104692339
1541802657
-896905968
433197125
-1865234851
535702974
-999681269
1770448292
873600722
1493406864
-934569187
-1903384496
-1973938161
-1631838548
-84185164
-2119083020
1884122195
548506030
-880669117
-870488033
-152599886
1431265664
-580891595
783141925
1033865000
-380030756
-973564130
526593351
-492847120
646231567
-464550861
2117149457
1641606166
721166334
-1107205380
558589443
1626765131
1180211054
804374343
180667507
-834562312
1390778495
-267043233
137232817
-2131712876
1610735737
1459921790
1461781356
-480163526
-193268790
-552810625
-2121862829
546393717
1376550991
-496738345
-1339151617
1863526494
-1241702446
-1101172539
204421135
-772240151
-1704575277
-318331192
-1376905580
83799162
-2142426229
-452701359
-310932561
434954174
412061997
-1750073158
1909480057
2060443320
-1996102802
1661522294
96896290
-859253478
-1604157881
-554819960
1328741468
1657333718
-1501790727
1723926840
-73637639
872873971
-199126191
-383716348
-1592673326
1485237924
-42313683
-633202987
1847480299
-203014507
549513278
295477874
774236884
-720091512
