-726042915
-1560439876
-966689393
-1819822977
1030387195
-1474843157
77549482
1071993545
1841010556
-1694551680
1464482853
1897293868
-1257430328
-1936881322
-1744629809
93308514
168339566
941977577
-697488521
-781432424
-1173978008
-207323571
-379086378
-1550450042
-1177370460
1080702561
36118444
1804561855
1568611263
-158794684
-1625380312
-171422647
-1014482925
461943558
1670758284
-284233360
-1351600397
-127274846
-727525871
392698326
-1185856459
437517612
-1220954873
-22765617
789501424
860295494
324813888
581804267
1626645638
-1429239848
-1468109394
1978984659
855547620
1129182975
-1122765493
-318720680
234184456
917726277
-1589023944
-1041815607
-734076221
1171261459
1498913833
1157560196
1979419839
1061573731
-1326242817
-934266417
-1828474428
-132435271
1565525686
11096808
937047606
1714924883
-666143872
-118922150
-521338910
-1044416609
-1278470606
-615330671
1170489337
946014700
1519098591
-1496478800
-129115813
-1123335068
-2122168382
-1138056798
595748633
-240661191
223859040
-1225344657
-327833803
-1614242273
1607126254
2138813904
1908166059
-230787847
70411503
91616004
-1423080524
-578479146
-1907084255
-973385244
-1884907703
1232452638
1577216665
-1604362187
-1143234843
2079240456
