-2017164036
-1309122047
-1028773391
-1329307629
-1628335243
719124200
92401754
-126723753
782208044
854910216
-833336338
-807514085
-482464947
-928399281
1690084731
369679290
-29029115
1773844044
-1402648469
-12147522
-258161340
503694490
1318308392
1500004978
-853856316
571040406
1539703739
-1089872458
-1591329719
778736215
1811055030
364490002
2030091049
1310100703
-477786540
-704537076
-1418138098
1515617677
-383632930
-1873690691
-1511464710
-1365311274
1187054927
-611433823
-1040920693
-1941153228
1312559931
1658659247
578034303
1142396253
1878196972
2105329833
1622511995
1327498936
1882118605
-1909568588
790107399
2133319436
-1617912053
491979819
2113721565
-1134967174
-1571058312
310814383
615034467
30978733
-1005191245
-847501694
1425960820
-2135266225
-1895138682
-478873067
-11271834
-970950722
65304974
-1945135905
-817840056
740971775
-482680287
-157078929
593724011
-1447605518
-1416347541
-701755708
-1526524893
-1583533625
1217344218
-30586916
1230253006
-1302531920
-1516525636
1411458186
693901845
-1028349224
-27799259
408677516
-552093071
-654665838
-1704070379
1809907164
-620599311
1647026645
-1057067046
1608248134
1418787385
-850760984
-629950797
-59477958
1055985357
525646937
-1789658954
-791851549
-1180884337
-286329549
1031718899
1651205495
1046101894
204807791
2072184024
1749263312
-868465952
-1406905686
899399126
713265724
1033502522
-419009256
61400388
-1122918256
363511581
-1854590024
1835204996
-2063631229
1713040332
1059680457
1012349795
-1845884360
-42083268
-1726107780
1814785733
-1587031524
694095971
349409258
2038440321
178255858
-904569675
-1274681785
-457145207
-1750003925
-677459477
1644239192
9364302
1037066362
1576283397
427717666
-2055330462
1761572008
1085258642
-2106171677
-1129363874
-654378844
567418927
-1507282107
1525934085
-276607267
-1171926196
-1613127727
-1132109143
1779458516
-210191307
1974783649
410122189
1244105708
-1847566768
506446681
1624771339
-1379161980
566040227
-295721897
-467565256
1846321735
-394973799
-2075794647
-772815419
-225635646
1982382341
-1470465985
-1769290136
218744630
724290151
-2100189727
-2018749190
940850863
220448109
-158960030
-1213560926
-307333803
-377832773
-1940756074
1855115059
914854145
1169273582
1496188288
-436646958
645808914
-1908877858
-419611056
2052474844
-536415359
1645460003
-827987573
-1106903802
1801521459
-1728796454
1094561931
1151141828
1097327502
-1964910167
-922733014
-880399121
-1048487602
1344531199
-1735040070
-1392224863
-537603943
-965928288
-1959063241
-2030181021
2064860240
-1994587552
-1310425921
1302646410
-750138713
511499566
-745192126
-446625571
1371369719
252483668
2036653173
-40284549
-475496238
-1632029444
66233355
-1991228677
-744586664
1717124597
1608657447
-1991612203
-430075960
240407991
1819949323
936610047
472436313
640098468
838381077
1048604891
1796284490
1204096912
-136819732
-860607921
-11639752
-437399933
-177931274
-394390987
-1910712913
-643540035
1003369229
-1931972362
1656185602
-917370119
263089521
1587902833
1832979550
738195702
-604375553
1598214688
2113708061
146125618
1488350371
-697693059
1297311831
-1112270856
1073725450
664186530
539008447
1898951325
-1024029028
-1081035985
-121588821
765335557
-645979479
927245167
-440348300
-1159854228
-227050015
268480445
1073483007
-1413852318
-1719785463
-1933546972
-2135344484
-1060907241
1925887212
-1968765115
-835361266
511638488
-1070320241
1650608509
-818657046
430281433
999360679
-1154581946
-1242475996
-1056569548
-446775729
1624643037
-2057235738
1301621809
-631766283
378408229
844899491
1054354376
-225852011
-1556495925
-1706435476
-400533149
-405271254
-290447190
460480386
1516956903
-873057952
-1655865745
2105863467
-212669963
1709009549
-1380705664
1951953353
-73156756
-1878528798
-564696039
1488566055
-67163342
1113981661
462200248
1283180054
468848180
-1469719807
-1650664773
1161055544
-1677828950
-2084700983
1190941510
-447274725
1708312223
1664456921
-141354390
1795238281
-1420086096
-1868224393
154354307
-1342943203
-2050075373
1847398456
-987112479
1951089689
-1516735269
-1631110658
26130857
1048913783
457451897
1475598881
13705469
-1661568707
-2071622011
-1861168149
1430111834
-1213345515
-275440706
827224394
-1088635582
-340770788
1314084687
1990943168
1959542298
-1302697222
-1702959020
2135766173
-618174892
-823086798
-656749157
1789510256
-1479125296
-1573259846
45792430
-145147461
-1726524289
1839586509
-800592623
-877673755
627494729
641241856
976278471
-440864908
-1419349200
2021880211
-476409061
-1575065477
230795189
-1684859895
223552156
-1272541104
969941370
774943483
363819880
-1836119166
-1331860952
1365104680
1030821037
-1059953399
-1022983534
-1848721457
-1782375315
-374914625
688718618
-1718027456
-971614080
-1720002801
-191799725
-2003752784
782306271
630167787
2124163560
-1104423859
-1111049186
-1182510333
-562523717
-1335699822
1341182778
-526966477
694180177
-1855863845
1521031572
490404668
983306092
1188118843
-246199235
667797430
218126329
-356363635
1676890996
1470638661
-639930324
1689777609
323083628
396329226
-1124839191
-497115240
-517381807
1537590621
-1418783899
677801257
1843515021
263865272
578845709
99491653
679570502
-736534795
1024774054
624571040
-230838997
-288828740
1798067893
341092722
-2046887056
-1165940426
82981664
-1796777402
513196310
-1915987962
2092461076
90953746
-1793642385
-700663688
1078875177
1407797126
-893349663
572444411
164933060
1160361384
250614762
-230976052
-1266339395
-1479162976
-38242717
1147682548
-921084863
310295504
1066201608
-503602828
701932536
730620967
-1846852809
437306813
1040482153
-477814345
-1938176265
-503233179
166911133
41697668
-371526340
-2047249896
-100798718
-1982104930
2009578344
2066970572
644249490
-1585840783
-1156154603
1418063416
967043892
-1824218022
1382854929
-742027898
1296571234
283122046
28674217
239139398
1222788363
199689687
1633148714
1134091430
-53892679
-1997300337
-2100659292
2074457824
647370486
1489313168
-1865580815
356527859
948895724
-1362686373
-528723979
-338182251
1992297803
1514758169
-237271002
-1743846297
1038894959
-2062175249
649765966
-11266710
-259572031
1744791190
637107599
182363569
-1771186596
1506881578
-474100057
249878872
462329076
-2855615
-1926936203
1920140980
-766795789
-1772395201
1405419708
1180817099
1583269092
880353767
-2096158171
564754694
111818004
1571204149
-473662326
839376420
367449974
-4275604
942059121
-1797575054
97211591
1354128234
1391843542
-865013960
-1403698703
-1626764478
-1147485651
1159564150
697306292
-1489396468
125588902
309801936
1808502403
154301942
-1684092238
1128942022
1928227243
121279903
-1097908027
-1047737817
397317306
1584547748
428266333
-1107727673
-1287866338
740022906
-1663276477
743595887
764756492
-332402819
1334626833
282524180
1853117602
2052995145
-938170125
7772748
219673167
-3394232
-833565775
-1627480067
667815026
317245836
517238508
1881691479
738351169
1287960543
677806247
-2058943485
-732295700
-707961577
1482321417
1889905052
-357960191
466107309
-1702786720
614924126
1098213649
163785872
-776057751
-1498298084
-1838471788
-778680009
2131950286
-1608605833
1463754761
181527285
-1835439889
687581516
-2037468831
-1648092272
-2073433371
-1395787666
1097779101
2011624211
-1621905469
2009038228
-1239810891
1254153955
-1398207202
2116274069
-1288783940
-733004273
-2088337713
-399703598
-347358144
968048364
-148676874
726525426
-1394881546
2001668577
455580226
1230804180
-1413005674
-1911929473
854713456
-1504343359
1691137028
-246265900
91107601
-1210244383
-89111376
1843104000
-489393009
1083268592
914543678
-1016124664
-660344463
1814356017
1949919848
90745578
1253021149
-1017685342
-974735837
1664421616
575941982
-814820496
-395895040
-1385814455
-1220973849
1461223853
-697169707
167882197
2072710936
1238315071
-787927652
752709183
-794317121
-833594341
-1335283302
-1135171760
2098650529
193495475
-1121135165
-1866179454
1366344057
1827818925
1350986844
1256806100
738021696
-1964268332
310997986
2091118556
-898513746
-264325293
146308138
-865666526
-1969817600
-1890807008
1403632073
686316202
906741756
1848240565
-1428755531
874981330
1459792433
1758854405
1876129580
2092196190
-66452093
-1631656019
-798106156
927372753
-1545400602
1682289770
2146431523
-766375682
-1335677335
1160247499
1426288128
-1494994979
-459788170
-1596201177
-1175007318
-23423582
1193789272
-1186526256
-1569152808
-1015382517
979837180
772221320
1386056738
619698425
-1339058949
101181747
23585951
-762356926
1279373015
-1114156850
2068677582
-1163865915
-849864572
-1412024929
-1180491335
1832123326
-1222629078
1182866862
-1465742505
-573336230
2120621097
-639548301
1899191090
-1827716211
824128605
-1417890096
-738977719
-850487261
232542114
-602424768
-495198409
-1964217067
-841765222
-670502063
2024470931
-541380067
-1571228499
-1895497905
-1268578406
-16253044
1854317649
-845318847
-1536843765
-767851941
2018286475
-436567527
-106788270
-1869277825
1296782516
-904555482
-1892878616
-1485988736
-1877217408
-215037491
-1633592839
1395979084
-1105115588
127801207
-683946938
-1724512440
754881366
1824282829
-679930292
1046146471
-1248564446
-1783643870
-1441085018
-789869825
-114487845
1554669361
1913195695
-1479106535
1619875303
1910548487
-619512725
-1296150520
-466631074
-2056700606
-902248282
1207858044
490962380
1452696187
624488029
-1972089513
-664727242
124573184
13382749
489976960
1904448347
-1394409274
-1651356118
1356138231
888425531
-3231331
-9746143
-1044415958
784065756
-1374234715
-1474811936
308190342
-1844180149
723644416
-960540699
1815256144
-796863776
147921608
-1734890123
958277556
-1259776826
316869443
2110239166
-539166178
1182487739
1285113685
-2035052737
-1664783672
-1046614509
-282236362
-1144498073
133943443
-957117183
-162832796
-1031281540
-984101093
-1448364007
832619225
-1871470914
-710352635
-76976624
920711040
-978148404
1040757658
-1928651834
-1583330075
-533606075
1035937689
-722637178
1969287980
1925360561
790956872
1158841996
223724612
-995606878
-516955700
-1708438073
469792092
-212903146
-1222489158
-1743194401
-702399595
-1008609249
-8264467
1297672312
2008944632
-1959085627
-1540576359
-1523738440
174505641
-625253845
-797621088
1551572231
1359099229
1172320495
1087287588
-277450219
1372505353
-1988807465
1191528796
-1431125984
1796098779
2016531369
-544468821
285745014
-1400474515
1267502169
-1925007634
1703125305
1195676472
-1324992663
-1299588331
-2058837918
-385436858
641624460
1036018420
-985161977
1620240683
-686236531
1167981659
724513760
-1084159179
1129710191
2089556835
-868234233
-1836430878
-494983468
-1570764278
401818879
-1271571566
-534199646
-1762796286
1408606966
-2031276163
-711727645
-1089117755
318531406
1086020582
853662700
-1100523028
1021201241
-742474864
1469803969
1519556545
-1675271324
1082781297
1249863351
-928133102
1618079222
-350441051
-1717420197
-798214840
-1381739687
1359364773
1478693522
-1684525129
-97969831
493765048
-61325055
-1039087818
-2094411957
-1583036504
1117284014
289116658
-1743636911
-1246649671
1139443431
-1431946113
-1878447653
-1352274218
-550333854
-1380974801
1206979696
-1494057715
85830565
-1799056217
1987820717
-1992769987
-1385968216
1966572974
-1575332210
1496524046
1563080888
845667912
1112622316
-2043858144
2091927965
-1899913213
-2021824698
-481122938
-199188738
-2001500784
1637830595
-912231307
-153177852
604302228
-460464777
1723439672
-1077133506
979432128
-700336411
-1932733081
-1568130876
497626911
-1895864124
1356323415
-77004130
1022589102
-482464507
-395860012
-1804976026
-281300687
1619369493
-37948659
1318847275
1846252356
157080159
-1003036977
-1340374376
-1545085265
84532244
-1772785162
746308693
259225087
2122844462
-1513586401
184997292
-1037156015
-1895219279
202833826
161905519
-1447105936
1808065075
1387654079
-1093829607
1779680802
-921917281
-1020966378
648603699
915963582
634861877
-1642273700
980616441
1183011842
1735183828
-751190197
1379384637
-1122630621
1155688827
1144552410
-336282486
-2015645148
-1311481331
-958916690
889034891
-1146200725
-140950956
1782825167
-298931027
585350800
-130922425
1738125471
1862241283
-727016072
785318799
873480711
1093676394
-56691550
722327623
1973008114
215627245
858551744
1182493187
-470130434
-178125462
-2135145591
997143315
525082993
-1587975819
136574157
-1585198071
623211625
-1675617668
1570321609
2060298103
-1370916009
-1641257174
1338938556
1171998204
1932114605
1118351888
-971808071
263595650
618233558
1555604866
-912680513
-422840640
228465766
914571711
-1499316474
-1206138874
2001108882
-1504892588
-1384005477
-210023367
-1993883934
-725561407
-1334630097
2122604315
-1555847900
1899523676
860503338
805003215
-621189468
-1346903179
-92154618
-1149034852
653260185
-159195206
1898252507
393962224
-1360221727
1763575261
1038549301
-1187820120
1077948401
978313331
1889960237
-966190194
-207686906
-1197420001
1607957943
-1834677214
-321292640
-1624808465
-1709287881
1939173533
-885238992
962631173
