-1701744860
1249229668
-941185464
-1535137763
-1384496947
296959613
-883114995
774147409
866517444
-813836942
438740172
2068569591
-1651155766
75655067
1787259245
1746763489
1779276316
405638074
1722123600
1374834363
334402292
-885207254
-1236340880
87188064
2037766485
633388120
-1299050042
1810510441
-1792665592
227824754
400839403
588025351
-25825567
828764255
200611328
627074834
-791031994
95993070
-992586543
-1015624863
-286221071
-1543158191
-300795848
1224122203
-976021772
-1819097396
265769663
-296686130
-1509798659
-150328152
584802697
331997439
-328096549
-1805710482
-1423001743
-1662011135
-1024641984
1840901201
456701555
-1957014710
1810199240
-1663913493
1891105610
1914902402
1454737466
1038156588
1848057691
-500277858
-1626752244
255062414
496055505
-1352883923
-530595028
232869517
1827627272
-1454696974
905118973
-1978637226
1373321518
-1397722702
-469567329
-1519712834
-2131245785
1977352014
293749107
-679794315
254626993
1454001939
2099329502
1298826363
1441944265
1940133968
-1903233204
-671295534
-492936372
-634314712
687344247
-1561008780
-1452697888
370293162
1450868712
1604272263
-511315692
-1275940066
700114109
-1875022642
-152175419
-1156397919
-214019155
-1631649437
-1571403068
-837692428
1340722761
-1243757918
509982389
-1678204528
1430742660
2072831848
1697814073
873509629
-1422525323
-839189123
-1874774449
-635990429
833655898
879305038
-1306375433
707894112
-1599698720
2047966431
-2120862441
-840319716
-1615979104
-1098759681
-855358814
583530907
669988333
2071040956
677596407
14336594
-1539558452
-1755180263
-2120001146
557036028
2116764483
-1917385986
108929209
1662112685
1801622998
726808431
-191979760
-1753168089
1886278222
-104512512
-672263026
1607816811
-962642756
-2050843256
1469519443
-1327148909
2094881468
2131927828
-810183030
1818344926
675944446
-1139031522
-1693120891
1217904908
1833021186
1615604223
1816917797
-1907508756
-1140598238
1722204833
2002180991
-2118681294
-1169682219
932993656
1397346747
534099342
1820448049
-2039136334
1943770687
306299385
-86125135
-1239500628
1376388365
-911694511
-1622612168
1785925544
-465908375
-666051800
-547480746
-1723193923
-683590721
1125131736
791246537
-2129936114
752631234
1040427482
-1132393403
-262403522
-137493288
-359798185
-1232175241
-2029130461
65071796
1176206079
1983853639
1125011641
1464040516
-1303872742
-1963872675
800479832
-857747762
-675402276
-1357191961
1243754537
451969877
752960508
-486109544
890040022
-1604838335
102935175
2088872435
-1316370816
1684375870
-1064439055
-2123446840
-1157795082
167447907
-1655854996
-2059940354
-885357790
-1363483753
663692924
-435593069
316023750
187647280
850707659
1526722273
821191016
-803621156
1851681849
2016358178
940971403
2037366724
1438509367
351314486
309981983
1330212590
-1859285163
1416507811
-759863751
1651004130
1096090136
-1406522916
1429027590
860080016
-1282328816
1754666181
642859005
-1175339408
-1659763414
1625176182
-1193978029
1896965355
-1368337086
1361559103
417704884
944721145
1906919420
2044446187
-316867537
-1569653750
1502995668
-75896503
1728000881
-112196566
1906321010
84997095
-500580811
-1106572449
-2022410174
1747243808
781079803
523593045
478148932
-608894375
-1507578633
540287804
587667488
159840135
885441612
1988214257
268524669
286020595
-793199239
1367326299
1087893906
578084161
-1363902957
-636483561
266978812
519602862
-723811148
-1633310121
1032934610
962982552
-546264525
-518563065
-359306250
-1748597693
-1873231339
-1015283664
900694957
749763033
-1843376574
855370657
1701280626
-521347406
402405883
-1593332533
992858118
-1264155178
1361498123
-1223713555
-912613685
2125196479
240738364
887458160
-1354167726
681969250
1060521996
-1197203309
2133578802
-993906064
-897690976
-829553590
263274523
745399512
-1574460423
34645859
1624871978
1420214673
857449317
-852141845
1472514686
-2092289899
-2101044937
-477290033
426854410
-1376014800
2045440954
122312901
-810636116
-1494656134
1072523106
352653420
-404418433
975868705
-765567420
1523958706
-998096276
-403929493
-1765512505
1682170997
-1662788601
-1470290310
-706563685
-868470676
766394008
-830153262
1825144554
723316808
-2115121802
591650328
-2025948466
119833878
-1251935845
699401756
-1676726014
-1687099418
522121845
-430136295
-841490469
193265585
-222818310
-1142581189
485737080
154333559
-2111157762
-55862432
-789886408
1327025832
-439004984
-1136153054
738720620
2093958596
-1103160606
2132276245
-771956403
-1581237947
-281871313
1940422476
1980615984
43344060
-640509373
2094977058
84858103
-1316136903
-1932439058
351735094
-415710006
1577566703
1149755930
-724682825
1818654727
561995288
555184086
-1864048671
1981435254
36912406
1018181554
-1439031866
-320197951
-1003589670
-394166196
-1932078511
635683618
1919933065
1092461099
-857901945
-1486744226
-1310061220
209074379
-713887984
-2031594255
2033010631
-918433544
1595494902
572895882
-1609823779
1927129183
-1654825813
797489081
-189999118
47403617
1111762000
-167761434
360846465
-2091690454
-1728685516
49457285
1405817936
1098062338
1425733274
-2141881721
-691023663
-1676824606
-1876210754
-1637990637
1060822219
571234122
1537656090
-1814923915
705396537
1507117137
1336727269
-256700330
1439963250
552115197
2141708764
1076987949
1637299593
664954324
-82047165
-742448907
1423439350
-2035133773
-1378260690
-1864476896
1922606965
-1010474787
-1577012484
2036967371
2135735342
501187926
-1050753500
-1853741006
980516629
-1985850766
-1583712461
-1567907739
-1714214253
390001576
1408059157
-20767429
2092582246
1483444907
-840997742
-531092089
1519872452
-509511237
1090765339
-926925175
-1853760826
-529889481
-1808186425
-1803629657
-1086354428
2111424119
1707231639
-199994020
835944316
-105627176
1255414273
-9350288
1425644983
93086231
-346820436
1969854057
-825922514
1751346914
-1483754121
1870122049
554386921
-1333132116
1981587391
1525161048
1704065640
464622528
-370783775
-1904472404
-2105215289
-1582416744
-400754435
-167169466
-780313316
-2037801617
-1688593155
-541640969
402304547
696018197
20860117
-1080463804
847898909
695058177
-365149429
-1179981922
1852065268
-101389140
209231482
1593023446
507309474
-959799268
-1965135022
1813011407
8869076
-61019202
-184240030
-1799457164
-168420150
68279161
-1149125479
-861451796
-661873024
384961279
-1827909431
-927517684
-325352430
1798688101
2140455342
420386317
-140307364
902085109
-1148568017
-1588404354
-73657120
-647974333
1729258979
-149891973
-2116917780
1462941053
-1555252266
1530954527
1166720252
1761678599
1058275724
1611570230
-1906368164
834395719
1900789317
-1911151817
718540561
-830108228
-655853950
1869654384
1734501369
1177247573
1891981255
-1431140221
-1555006671
-262025216
-1388159837
1598803984
-176743754
-699456384
802303213
-954344781
1169495886
1010239875
-2125513137
2040577585
245289640
1169662195
-77334264
989006573
-1004210238
-600207220
1539957997
1742835360
1639979402
-549853778
-1780473168
647761480
-1956309048
2033050227
140096868
363277153
-1033867718
-684849148
-1178050496
1055582290
-1602956800
-1500057048
533798050
1321238570
-1434730182
-1482434531
-165450665
500794763
-829626129
1877984939
203230233
1543863526
-493124304
-1861752971
-1231566248
-394631704
-1245241475
-1089836654
-956856771
630712371
1653559142
519233371
-714433813
1365514064
1357930869
2095981958
581909255
-864288284
-1486288821
236791667
-371949446
-568229854
390560776
1607406789
1150694517
1085470081
-308368400
-709829579
-1587637323
-579798610
-181770678
1375272866
-1729522937
339811522
-126641525
1668552043
-684103666
-1420019017
-185329228
1053264641
-263955900
-1362488808
1376483575
1334148279
-926932930
-1217195528
-1752368480
-603605284
-1494266573
279745316
969449779
-375049205
-1164340546
1085468827
-1972383536
-1219580736
-1365255454
-2016922818
-925359393
121900078
-1641447857
-505068349
-1624944664
1749671504
326638307
324460015
789402562
1725107006
-884748685
-662789116
-1502072849
1239184321
492427722
-1216075401
1282338886
-770882775
-1370230799
1732822501
400807378
-2052453795
2128524720
-1397982904
1444400122
-432670670
1600795988
-715043227
1006603233
-1904295168
461851315
695070856
-1488121329
-1903880334
1927367533
1364682867
-420984240
1602003102
-822907020
-2114636653
1508644316
-902038187
-124928563
1869754485
-1377103944
-148490565
1194688919
2049965944
-1013861541
1293716505
-1968600244
292155074
-370030189
-1902073871
1955775046
-204504457
2132623273
-432237998
-2115122555
1159602728
-965423933
-20515730
1229111983
-1807443831
1014040969
1584365929
-527671721
252861031
317906443
-1645701005
-2080382847
-1709193000
714238434
-1396673512
1241234021
616293043
-1959671148
-1571980586
142266995
-595650238
1921737789
-189365009
1774630807
1374305334
-792096662
-1093063807
-654097218
-629952294
-475015352
-1084394285
2144499863
-1546360693
1589384957
1080521200
485983645
-745977241
-1540866731
1162649978
1691115093
2073363525
1444640673
1807494071
-1077067308
500791012
1927544027
1831226352
1035078788
1495216486
553702926
1025538810
482693415
1364504574
-900380428
1464413972
1101364762
-2030677528
-1890203424
-200850188
-610495778
1797995161
-40332834
-324114917
1769941460
-835546568
1060262424
106102896
-1697916345
-1082140340
1005159802
-332553459
-1664076112
27018165
-657365095
806802515
1143532340
1791905504
1082630096
1587656003
-196689808
2112358198
-463598676
1441596944
-252017031
-139480876
1466715017
799498223
-173659106
-1268922495
-971311748
-650332110
315721327
417761756
1232376436
-437223276
1103465602
1953792981
-1146697317
-821495594
783879028
-1428370338
-1260364287
459638154
155588270
-265491871
-1956715908
1126375470
-661669783
-1426221837
1363757001
1653552252
-1057773965
1714733770
-182277898
1390051071
-996409550
1989459180
-1603077628
-1140670231
-83799319
-199415639
-637961017
1937988899
-1246921414
1847475403
-1751703535
-1681247578
-23850261
1378719243
2120035599
-1435547639
-966957076
221208261
-552671502
-1006429094
-1286770280
563985903
1093337297
-718229200
205523259
-1570520761
1618742733
-416439808
-1161276716
88094411
-1619177611
1648614575
-602321893
368585070
-36469140
434491241
507103173
-202902264
1676650825
58138544
107370757
-1728240243
1978377662
-1727971657
-894962858
319985025
1846513659
-190026000
1003373175
-1437892693
-1385175980
1313541859
845741751
-274630648
-1795440864
1791900993
1766572402
-1717272574
-849596700
-883414471
-824435238
430680546
-965475151
-1609455095
1143079418
-1800929406
-362690870
657317079
-376527880
-5070779
-1445222007
-1142947903
1844346778
1418349131
852996738
1219803953
138356747
1690551009
-1125094936
-2046721418
-1855327779
-1229729225
-216482257
-1389242224
-1821329071
-196032940
372768243
1843629642
-1733670698
-441142963
443616280
-1488958066
-746576945
1170790068
-1218039247
-267123212
-1510491751
993393743
1291662629
1745161883
745358540
423399946
-1606578161
-850652868
-930686273
-1361910483
-115541658
-510193028
-1798672559
-1248406831
-1599302050
-677106816
2125058279
2030284176
1499168908
-1227503418
-1601970000
406080123
1059684816
1405846067
-146109649
-1937479344
-974181778
-98049945
477185274
350481388
-426859138
224174936
-1396699201
-1411280642
993193862
1910267422
602098567
-1667619331
-184986779
1185512459
1666242622
739533915
-2068098702
1982333694
-845198478
543223290
862803172
-1650940168
-839631269
-396813089
250141555
1106838255
167442459
1833867813
-1270942913
-663876894
472184901
-2035748813
-82169103
-1122301139
269100451
1837993009
344297503
1318635806
2077664563
-276700489
-1260406795
1533384903
-1005544077
-239162425
-1558655472
1256225813
719350238
-957978115
-254626387
-1443979487
-710278475
88125700
-36026110
1435223494
191798530
-943792308
-1343085845
-2005172622
-262551847
1462124281
1280171721
-832950719
-817003551
503759390
-1666780505
-626374073
1031089682
-253440470
1556252573
-1620356563
-1239474497
1064290978
-657329031
-1316134914
-1567005737
-888772848
-1886536037
460153154
-1966209689
1298451515
512050463
-1951183540
-1675649182
-815256425
-1441039807
1252846800
80696228
-1097439234
-414494979
1322583736
1329682484
2144319136
1641329910
65013303
-234510903
-377778376
673012376
195325469
1943964303
-958317440
-1390508672
784772461
-1772673750
208655846
309047066
1903503660
35130363
1891667840
-1359755381
2012909435
2118689953
-1688627908
886653650
347719656
607121345
1743185243
1608209449
-1903684352
-1708143350
-301867489
1217199025
1351564072
-916325517
435647170
-314783155
-1121271636
-674342457
-444056662
-231047219
-1731159272
1520839522
1469896155
643163983
1380376006
-1737988804
-1029945939
-1069247007
-2022883912
2123319078
-1715908418
877817707
-755335513
1369949524
828834601
-1181018677
-855958181
-1917352421
-713829385
1229497921
1725942589
1608415226
-2092032811
-482973427
1908379434
1433224158
-269756153
-400795817
1130012553
-1871044703
704307100
1012046670
-2119677537
177325267
1906183395
-443912558
512457249
867864509
-900788451
-741606698
1391377162
-623113566
1355008627
1222582465
-616449361
-1795331768
-1456371670
-1019262699
