-6596215
-1210817736
897519406
-1138578635
-161291726
-1059363221
1876382905
1650638850
840570168
-440524380
-742607889
-1837482487
641192461
-329597325
-1952657116
-151299925
623726034
241803840
998452947
252262164
-1053730346
1259670655
-424001086
1966464908
597364316
1924129825
673653603
1828914188
-185213536
485453
482575997
164267028
1511346972
-497895345
2142229003
-389236805
-1844509945
-1820432688
-627997084
225433607
-1167757794
398560327
-510635877
60627070
35052965
1615662255
1250324520
-438483459
1039104944
-1967324038
-1054911801
1017118407
11414430
1426034885
1072269984
792057824
1954539238
149120716
-1357938009
246875036
-1588747755
-21762401
1992070469
-1802154638
949288471
2054149397
-613783240
187793173
-1673246284
511854849
-944981834
465142469
-1768515747
-122267741
-942676264
-619325727
359983913
2107579489
-1040120010
1828857537
1890436377
-1020872778
-1745077298
-908714814
262441891
1335968106
-1213690583
-834616927
758028910
-1361040893
1826005184
1032453388
-2022966951
899006331
-372641381
471010166
-909770815
1679804722
-1131778246
705166634
-1054971901
-540315866
779527865
180458146
31299391
471064672
-1469261266
494406169
-1388896929
1602251953
442739285
1557967455
-756567721
-1730280034
-407816593
-29796629
1730162093
1960532632
1942607462
-1961764554
-1920642756
-1060240272
-64105676
-214594746
-1167833036
-1998949367
1976549766
-1913446520
-826785436
-1658873778
213082780
955990499
1251840955
-1910345882
908013426
397094409
814954507
2076505894
-289869276
-684075249
1924373264
-1227411257
1351094670
-1864928193
1041894321
-1693963304
-1621200078
1131972397
809126277
-924300171
-690808994
-1727877369
977532824
353190073
-1442327666
-14492367
2013525870
-579118736
1696976654
-1602633967
-1773014969
-1199621615
-1055742493
675574054
557352612
-2090986518
630871531
1853149023
-2014640119
452059293
459823683
-980552022
746819333
-1884663862
2146212072
198101962
196141935
2026003469
-1112416
1333631853
-1926522127
1661319979
744432922
-1748686979
-985776694
-444555897
1176158036
-1715161674
-1037798449
220688602
1664714812
24769400
-1715372622
-416572894
2032238490
-918240547
2104393350
-2087888165
-327007956
2117223694
-1767548542
-708160148
-1181507054
1950201298
1347758084
327902436
-438943636
-645206937
-1309045799
1076607973
1868228929
1669830037
-748789317
1394507488
780138658
1780316927
915249178
634867074
1549932559
-1393464388
150810143
388853613
-1943011560
-1974494683
972005101
226007082
-1503192505
136282864
-900121303
1629582942
-990299075
-230248067
1321288380
-565214660
-54936294
1350759791
-440559401
-922697925
494054434
892984703
-1038836681
-361798392
350812060
541363084
914383273
-1535859780
-467620099
-241420811
381894352
-958990511
1470153542
1362946603
1718983462
241548882
-175642199
-119970687
502353216
1705707474
-1120238478
-95153850
960432213
-31994722
1854649893
-794916075
3055104
1713244085
-2017328414
820128362
973805636
-806395400
351937553
1961458296
-957878319
-1261542115
-1099894214
1860937530
1687478917
-45389335
1483180340
794310856
2048536117
1722135966
216205953
5418987
-361286740
1142717105
800825848
-1384982541
-1300642317
797094079
-293293916
1113055687
-2044417582
707000258
-2112732692
1021942844
-1803548266
-180880769
-587321613
-771465814
-451485419
-1694170046
1003590721
973173436
-2062506513
-961954355
-1902281310
-11065720
-1828278250
1536247181
-1424495538
1235793887
-1935071601
-300673265
805346122
-61878299
2017424505
805008818
1088628237
-303149597
1246530126
-322679140
-360549019
1211137115
1834970984
-572930575
1586730651
1624572764
-1952651321
-305208510
-148086571
-930010088
-1625869807
-1507716797
1772915899
1723681203
466952665
-1534303039
-198303139
-618767523
2092571171
1854529234
-101424812
-153142366
529837095
-1696129459
824084262
1813836032
-1263411627
-1795935108
-1739188241
764343225
1605328793
-1430023920
747015484
-955417365
1378298592
1389836628
791056186
-112905507
963862233
-1123172699
-1954997233
1745405594
1735478783
-1446795231
-22068857
1487296196
-2028533033
-264944737
1782140147
-1917867103
-786500490
225972702
-1558145715
-855531398
-1220475066
-148749824
53560224
-1396158940
-2052458999
1663692856
2068692390
-637351202
1994149660
-655549502
1337693874
803378014
-1775750656
2028898323
-1982584112
143651109
-995469034
954400082
1954629674
513667610
2089515945
-882009082
-1131378004
-401750697
38095922
-173983729
-2123477525
1634373949
-1807575338
1263005402
1619220802
-159115571
-1702607822
1028746448
1266592318
1474278970
-1571994533
-690252274
1787232571
761047225
561227296
743474779
-320465842
1627489180
571825809
1213209686
662277222
766924958
1716749508
-1429568529
-967561043
-972028032
-1533082154
1259631640
-658774989
-1400466220
-867298000
-2062216261
-1302898226
834247192
-270410485
-1489454611
-1138187717
-872209658
1658336053
-1445790364
2048915592
2127203369
-1268951532
1414383398
14971062
-2062666061
-1561463317
271211651
-2128188263
850666893
-1623585188
1890882629
883555075
547280816
1788695597
127380261
192251169
1770320819
1200241486
763849599
-948736476
106928292
-862922470
-1708680119
2023459107
1378641946
-176478499
-628692159
1570998591
-755130998
-1920178026
958514789
1266929671
-1692154151
-1970684931
-2135631704
-888127970
-1109265869
-1240591417
594419170
-574952933
1490445594
-502521049
-444153337
-1148132944
-749784895
1921318296
-734052453
719280397
6502298
-643666215
1675260261
1072819334
1830647853
-1731178695
1338739554
926996594
177320235
-782215148
-1021956356
-1334817962
-1584483645
-1913111396
1394544252
854603331
-1273761485
-608040228
404673468
-1742848132
351612065
-212657926
1129332255
-1597916325
426787371
96338620
-955405371
-1496068236
-1205437893
1988655949
933331451
1996760058
-1641289696
394655551
-271570703
-108214431
-2097893670
1545892563
-1587966290
1710106693
672218932
-288827272
-350526137
1666599306
656925464
-525546607
-480473010
772052163
950741534
461888379
6124937
-1020399913
229772133
1483367118
-1563417372
922415841
1481625766
-1194289439
680954791
-579569832
-1390993786
173575059
-1185667349
1708179824
-1756058070
-1829884087
-2059146934
-1579808066
1833143312
518816562
2023376853
-2027078366
591786013
-1931242543
767992394
1086982368
-632618255
-1616448068
1583774342
-2126792432
255534210
-549401951
418393912
-166958536
-590772248
1889637001
1866608087
-427129033
2007185525
983911776
866045909
-139284380
199285768
1636479156
762074900
1907257590
455198370
276919741
680770969
-1950456155
-234081479
-272563299
-1999614849
1739374481
1532474828
1156119015
-118673875
-531680669
1262762679
394354533
873295819
-580004687
1504782152
1418230037
1206789617
-455707737
-668110959
-1638363787
-2116441951
1656378082
-1919765121
-1978656768
670964343
216954271
1598735659
-1790234377
1296609054
-1551575532
-1031798160
916794724
1242195206
-1749602531
-630285380
1835383643
1992435283
646069275
-434792917
19725955
-1414298344
-1327852775
-1679554863
-576294700
783320772
1850899759
1861225815
1216514977
1139815132
-2103807701
1812620232
91454681
-1640834838
1757156461
1859819436
1156148361
-1190116939
445244945
1029521494
-1425074524
2103132081
1169946707
-1814116742
223329542
-565620040
-724280273
438472962
834385334
-842771718
-2039733432
1963961121
-449767061
-1841866958
-600564726
1547253671
-410888623
1065830938
1375906834
-1993718377
1076669196
-1694833888
788163788
348248566
-1764962819
-1109592486
-445944227
241517285
-1197456189
1205817270
-2083830588
-962852878
-599379965
1072926069
1077822267
-66450518
-824537236
-206393895
1525582307
1005695602
-1649196555
1103315996
135514527
-810474858
-1498003863
-29783900
-2091326913
1279979938
582287396
938195061
-109396255
-1455697168
565216286
1986557927
1557009555
-572253310
-1129893336
-387699560
605022013
-1310380271
-1546903946
2051900067
717158589
1245719141
-1626534051
-720858863
-1652914605
1006919399
-1982590116
1154699663
-574293953
-1825475724
-2042760352
-1102225567
1297049513
1650081395
-674298557
-53988970
-740483392
-2100122327
239346325
-274447235
-233015516
788810827
-290076769
-1680677289
834976392
-433437228
673160868
458988365
-2044794477
2070865945
683604842
-1354806108
-1575383801
-1888351718
-270595336
-2029865170
-1201277660
-874454758
332512160
1204604163
2032110414
-1304618128
1111531839
-1029898639
1164188141
1652184223
-1578018365
686333488
1984835220
2029401764
-724748819
1479398618
-1741620636
-1497310065
263465559
721278873
-1626909518
1752189525
1067404472
-1209575903
1140704231
-938275357
1897357671
-809151519
-132534104
1132682614
1548238109
612753524
-1820448970
849168169
-851312898
985621341
904973078
-1511012913
-1719310630
-1969066253
-1572347660
128569091
1913179055
457264794
-711683389
2063707772
1740076658
-49953741
845861417
1264992933
-1337629426
-1732204331
1926921498
-911282580
-1370637908
122053820
-1228691262
-478653351
-2108532171
-45714815
-1704315224
220802787
1318552596
658203019
-657778672
-755246594
-1237428160
-1389098043
-931667040
1981702648
346923897
-2062683503
384016709
1506028421
361260753
-154929413
-1084886953
-31356648
459662445
1895031089
-160961542
-1107635853
-1401473907
1727032115
-482315832
737528705
-1803376951
1155318470
-1426346324
-1871346845
-1017285732
-1666599250
-754706928
-994714424
445678118
127664923
48310074
761099905
1415398957
109474147
123905267
1796322132
774109796
-1772503311
-564845719
335674383
-931349776
-1839759491
-581496746
1528598240
1147749415
676621949
1983093088
1911582692
-1893901926
424272858
295376066
107302653
-650634923
-1203937306
1013370924
-424970521
-1289175196
1048601230
1578133992
1364400525
1260232089
1035600331
786634813
379293081
-377205875
-1991314594
-1678802152
-1744809655
-468823325
-1462501956
204542951
487777929
-1264722989
-1081998266
-2015502392
1846402109
1437736422
1080173244
-154628125
1316919517
555981054
-413430797
122547219
1109965383
477911705
1538531270
-1161958453
85925583
1345901398
-466621366
-1731563209
-1422136421
-1325268809
1862995525
394531489
1675764782
2075782951
1405920479
1796183574
713598785
725604415
162057370
633668424
339191001
1633771844
772986239
1897099190
-1692474987
-4014604
-1283446631
798157066
83647304
165657473
-1418751833
-1419763263
1550852807
-891029539
-1882203636
393462800
433291011
-1321678536
572259850
-916353274
-2097762983
-1299473978
1228033327
-1190551059
-1953901784
771210181
-582005490
931699190
-13962076
-1020593730
317472050
-2074515948
1935410409
-1794349302
1825339215
-1452935897
-1203674285
-790547305
2055478971
-219012515
-1673897460
6524396
-1904880869
824083413
225079781
-772029846
1542216289
1551302532
1046720361
1317813972
-1630505483
-2405796
227478831
1548032784
-1983228110
508409258
-1158559888
1778139182
1889625875
-48828737
-87864104
-355243351
-1566288595
7574738
-969873248
650480877
-2029084192
2095761700
1542027740
-699836903
452990921
1069227365
-1327707119
231661829
-252843910
2143126614
-197171958
1975177094
-1145282451
-1410062161
-1449337877
2095142384
1865115189
267734594
1976569222
-1297614116
-1288750859
-692018849
-514211347
1528631082
594682390
-2070964102
-1459382457
1992303177
-556593612
1712835595
1984316903
1101461173
-1082113704
-1447008075
281514394
-1101088063
579639916
1002053546
-357204928
1621199254
282139115
318454093
-938898019
-957056901
2043912151
1226288664
-1239923600
-1732070314
-813230864
604465599
1920861381
-993102990
-297241822
-1788142443
800855943
974700417
-893427394
-1325252817
-1611821224
-940745755
-964667923
839593030
-1406851419
-1731179478
-407276064
1869640929
-293442828
-69288233
252879180
-1758145869
656263552
822960230
-327392107
-725525311
-1915727610
986339983
389070921
701489735
1037384929
1663665100
-1176241073
1759875036
-2121228972
2458393
-1722615201
2029011668
-1918389978
-370611204
1816116148
98250469
676119668
599692996
264506880
404077068
-982931262
209238293
-722627680
-145640783
393288274
1779597987
605395729
-647216119
-665803079
910705212
-493192799
1875332283
1401022638
-484550900
1070030185
-1852900410
-892130011
252670492
-653079942
1388435361
1215092124
1159654427
61552469
2089784227
-2095445069
1704211297
-1395884895
-435857499
-1422878206
-319777232
-758117353
-767271451
-539165146
1073802556
1905599168
-1779823828
-1688926179
-234821011
-1392678302
371123507
432315091
752750562
-1894924745
-1691088062
-269655556
-939224263
1275725536
890049818
481005860
-2147438323
1490968984
-82936811
-1726021629
1021523135
-694745428
-1842941302
391723030
2130720889
-1144282326
202132854
1684424554
1032544624
-2114315816
-1188371368
-108041030
-1593500568
-333979800
1699777371
1058271420
-1331650947
744515049
-1945465926
-108674889
-301814241
1692027775
-549437857
1203543641
-499812259
1333018710
1728720078
-2094270266
967702119
322295763
392158273
-1667972364
1879287629
-1425032948
-449534189
617470773
1858314764
999940730
-1153546143
-638396395
1641300939
-1362758419
-1524236819
636636773
1601109601
-2106148417
-1198562234
-1452153705
503974683
-129148852
-1402048219
1989134156
-1746664005
-2062553439
1389899802
-1754377429
914338754
