-1205493735
-50301817
807842971
1321214507
1190583945
1135514024
-480542525
-2025246976
2124600585
278830486
1851356296
779249426
1769010951
-2048147
-418721584
1614702380
1752463294
1689169931
-1434365401
-358206035
144610931
-1184150778
-504225635
613760670
-1426920710
1012251359
212228590
1453358342
-1693092225
-1715030921
-429418012
-839490179
1151499394
390165953
-394124039
1137337854
-2143524829
822705080
955029823
609750785
-583253601
1367942035
-1447081596
-842581559
-1867155430
-169563337
1629726384
167493626
-2042231906
-1462221587
1904630642
-1812948882
1865950051
599208533
-1990394341
1122463048
-1727316912
944577177
-1954906935
-1464664248
-1848796223
-188608540
1392224199
1307830880
-150396278
2142566421
-1031307724
-729505913
1201740860
768036016
204808418
-825579570
-1038104922
907044372
-2010935425
124814512
-1814671970
-1885485581
-2115136518
-647183955
974798593
-91679491
-756645857
2037386009
-1843938569
176408542
2125635972
689790512
-849353605
1917034347
-1818718296
118269550
1036998170
2117761047
1712765016
-305570787
-1830772998
79109291
-1575301548
-855377873
-516223971
1765019701
1106181683
1682329933
1401831911
863273793
231411075
-488098257
634350045
677308486
87410739
-553461458
32831663
2106055523
-817536971
1509351703
-1147514760
1347899723
-1097620641
1040331585
-20659389
-639811204
-207279214
1386203872
-778585647
940195766
-221188835
373109148
-782368104
391362731
2074593123
276196701
623545615
68339186
1571945402
-238913688
196285736
-597177023
1397927574
1904709807
1126925086
1633443547
-436218138
590350180
-384760976
-1818228921
-117489731
323830222
-1321198804
-1529608126
-1480622027
-1604312480
-677299088
1294281973
-1527902833
-1128589049
443260717
892480874
-1780888673
962819523
-2068422098
-2127538884
79937382
1511837817
1175205976
-81305202
1521862656
1243781638
875963955
-1439118786
-393117248
-188667241
-1800006744
326494809
-846743655
-1237262025
598881804
-519324720
-1857354049
-1783945047
-90270115
633477740
-2007590771
-1743096457
2046965706
3654143
-1429465431
-272395958
-209083784
-1843168293
-386253467
-1929918596
-865020285
1467363208
1573892200
54839019
-1200952510
515951280
227800461
-238007024
-1832001841
-1560529826
1350220298
-1453658545
321739205
-301940889
725861844
-1254715504
-67671221
-841101273
-564379326
473064717
-1991081647
1293527408
-199479056
-1673033107
1957437721
32281792
1258638309
485394450
979117049
1510594993
-1617522696
-105424466
-625443746
-1430505291
882522223
1312999964
-1154365676
-1757225727
-1895171352
-548063123
-959370045
1555495369
369077884
-1213720000
1811175356
1116833454
1978056992
-1012871338
-1884519947
74174324
981802831
711498340
1106370386
-1408447752
1673032165
1850397483
-1456674778
1568697696
523163214
1861985733
-1012185096
-652908140
204502239
-1078267070
-894536567
1945179628
-536766077
-1234425997
18755861
1991272489
800797337
-1862985723
-674659879
-578274135
-101590499
-926727984
-1497050155
2110151894
358731013
2054680945
-551789357
1823996127
1549300973
-827244523
-436340825
-216954709
-1661310987
-907094632
-1561460553
1497319433
2131690218
1643046606
-774965571
-607862229
-1897332317
1339092767
129754059
1044717652
-191514195
-988741544
-80620913
-684380208
1962072874
-146293824
1963250648
-657239259
-1176183819
-1060616086
-1939777448
-854535545
1978036490
1274469065
-1394416981
618348432
1472969253
-1446534775
-556444265
-957620176
1679426472
712977308
-549035371
1378768097
-1006681407
2143984530
-1948197744
1529802271
1828892619
-640205779
-974916884
236217623
-767941899
-344569292
1143249097
112192414
-1637476575
-1261238393
1713872008
-915814556
-267356402
504261491
1313289101
1904209001
-1008166728
1551172679
-1363214778
-160478545
-665253122
993582631
1772472428
-491273424
-168158843
618824479
-2037610103
-1263142894
-447862052
38365307
-168924743
374172696
-1855759136
269835605
185978548
80782683
-1429732510
-506474898
-1395215093
1060915002
888532230
849670977
-1396778575
1756714895
-1942842771
2103588949
-278890564
1066017571
-786394218
-801080622
-1889231251
-923241117
337717121
-220337833
-1537318035
116594515
-882220523
-692806134
371750233
-1840526910
-308186045
-644332049
-366292352
-1740230978
-1240053142
-1617532547
-914446357
1105942090
-2119160580
188361326
1774361757
1824318030
577849186
166562518
-690877157
48362958
1701919005
-1019244169
-306840786
-875076770
-1567812307
242736979
1095677414
-1857040683
-133336139
-2024437119
-73302558
898086464
627669471
-362786236
2074454479
1411159577
-916980739
-1743749031
-1826549971
733322425
1993219568
-578614385
-1965313191
-2134925046
-1533209139
1588907933
-512816953
2137346176
-766053187
1117318703
41237646
671598665
1698470436
1779150146
-1390323671
-989131326
661992708
2028234417
579943291
1041046061
217184163
293494030
2042016531
-1160417887
-496574100
-1338406475
549793457
179723585
-303316206
-1024346082
-421143543
989368496
-865672965
695960179
751577542
-209952060
487905243
1427899234
-1679755567
-884729479
-610818146
-420916941
307950034
978659623
-885978998
1968117276
587132150
-91359497
-1721078108
416537044
1907042803
552652435
-1783668909
1827721317
1987895880
-2084831460
478477635
-862502330
1754238921
-625847455
1515449996
136044968
-1555449510
-1653188276
1902641426
-2064539376
774064122
-619828065
-1692716754
1545789221
-754079741
-187909920
-1286080883
1813052363
-1822016849
1496884882
167312216
-1980781969
1121967070
-1873254491
88777109
-1057843804
-1822916587
1431181102
1716845260
1568221167
677129929
1084563546
282793453
-85094946
493280478
106881184
1885783920
-657898146
1259006826
1374337333
-1350152258
-545075634
221925053
1544111045
1490256847
1313689679
609001893
-362701217
-390964205
1875659229
-750999315
696976048
-1120989802
-1419076445
-1405351129
-541320077
2101481822
606440202
-1453047637
-1552624856
-196952553
-107906286
-1774714913
-712082685
-810067982
1709675109
1343793591
342466855
658225865
-381124695
-1543013761
632284947
371589766
-1739455211
927105752
278110556
1998771653
1877612614
-490099457
1792945564
1769551544
1258007379
-1478995371
-88525910
943717963
504263454
421799195
-2060564981
1942840712
1633959661
-92638596
1629197735
525025595
-639912648
1784742096
-1760318273
903926745
344033732
670043678
-1819712226
378362269
364282096
913257187
-922186354
-1713589517
-1268657074
144125201
-682691955
1397870874
1896664181
-1963534502
-1725907392
1341704452
-113400812
1746522285
-923901016
776777856
-298514358
234067968
454134035
-1078220390
-2070754763
-1426448304
-825645612
869646401
-1919183415
646389989
-730314955
-1361478102
-333266462
600286682
-81252180
-618964748
733515163
1291166940
-798373043
-1661772147
1240358624
1578080817
1598199936
1437516755
-192424383
-687967748
479501299
-1179043458
-712455159
-1789247041
-1673662255
-217306308
-1669494129
1241683488
562036276
-919581411
2086394315
1187469551
1916862167
-1509942479
-735006677
950768487
783405071
1075851118
-944268121
1276874931
688733179
1410109911
422985234
-167500620
583348986
1625843419
-1597547597
928062209
-255481763
-1188061190
468087572
-197848529
1320945245
658543278
-1413099751
-1241692335
-993170097
-726820472
1862696019
2035815874
-1827327467
1604658072
84586134
-1675808991
-303542313
96523794
462449608
1897058204
1014087923
1567794221
600543228
-702844303
-66653391
961610062
1277630
-2048144718
1423100731
1626444133
-2018896464
-366934968
-211227829
-871105641
-1738099627
1502318905
-172347098
-455818467
-1620480724
-519895251
1946066760
247089771
-408439808
-1487154899
-1497881248
-1192467308
140844414
1734326702
-717947906
-1408689940
-1010826233
1496748238
-80771190
101678318
-542956089
-1212386596
-1953171848
-1962686368
-1360359418
437744414
1901792953
360581045
1587243966
1723248333
-1327440268
696717489
-1057783956
-1090450332
199050229
-63070893
1729002027
2056923929
848920805
-705187602
-550740995
-225950037
1046826171
422751128
-226128020
1341002590
-32171406
-1595494456
-1488025519
-340273597
-1926068868
-1426571718
-1823081485
-1395966531
2089949685
1506618390
-20576685
-1656897985
-1367282660
-1598531760
1447153861
218986330
-722488578
1816247633
756977090
-1240144650
338188915
797366231
1561320956
-1582178081
-1275707314
-45521895
-980618573
18659459
-2097639217
-1543440338
2075459911
-1242277127
-816220580
983960238
1758387213
760275781
-996405136
1580421273
-85408667
754844378
-220305965
1749325175
-1780823541
-862777249
-1878276597
-469208639
1681869742
-1825128778
709840402
-634616961
1427795134
1664663609
2078114888
2093092145
-450718582
-829695418
-2044248149
-1282203917
-2027337079
-1227936515
754404932
-700535333
1732576247
-784485560
203394788
-168542811
89241251
650592027
-76451312
-888274798
-161004281
-754551300
-1610017223
626168204
-1891493992
-1107586619
-156142800
2123738254
1821079391
2091641256
345721048
-1996388030
-1229685303
-666728588
-1995979492
-1429685269
-1494241862
575556886
522392867
-627392380
-1761441305
-1417777567
-94743102
691246121
-1217807260
-1593425135
-1673816270
117506230
736076668
-1075989235
-1197086718
2002681517
-1627498560
-1264333077
1861917518
2140328285
-2018279582
1732062905
-1671414223
885571903
533562051
-1566547718
1195044983
2079234210
-11602359
-1881249809
1443173527
1593722507
497962358
-409603305
-957445409
1995066326
-1644877002
-488371465
-782767119
1586091680
-703339657
751645981
-777882003
597733352
-638385666
-79276958
-1574657041
-842670221
-250221960
733268336
1285462331
297150961
-1891703345
-1506699388
2106123703
1087229277
246821055
1297322355
961234457
976691113
-1160061016
-1979657487
1511022176
1007809433
-54678619
-1006106095
-557408505
-1196300306
1324547292
1162237191
271436152
-179305273
852149783
-1775847371
-1428961345
107891524
-1124989548
328495204
1004194687
1894914924
-1955922152
-1874221743
-1920079832
669291600
-2147056823
1241006188
-1352098710
202789488
1918490685
1583541211
-695664924
1591095388
131209038
-1990689340
-20217312
-1983844962
-381742033
451171276
88769475
497672151
-532864700
1495950042
-1981080832
1207636519
-712620755
2072903455
-1841046962
720205522
-660032093
-114384806
-205424550
1474301727
53062535
1672881752
1891144765
505359747
972612664
-1658297926
592644337
-774162945
696935460
203154682
-314932223
-1591705402
-802074975
-239050321
-1026993280
-443006174
145745661
546772496
-1750753477
737452695
-1449259309
-1106899274
-1338343119
-748136888
1720243616
741818533
449163587
1118599833
-222106219
-1321156724
-85477337
857570069
1292310958
1822659660
1058004386
-1750976878
1133177090
-251463754
-688110090
-1432436333
1798394717
-1379011176
-652610920
-697931028
124914443
-944653318
1763154469
2092361388
-461137930
525015717
263818135
1174455094
1738772467
-403573020
1781272755
652184753
725188696
752990094
955581381
-479837535
1128684753
363720003
1803324559
-1693776938
-1151629453
1143126772
-2010105730
256316548
1332856337
-1448820055
-238886369
-2136038733
-1381386034
421304958
-348185648
1821764825
1837409779
1354108398
-1245113926
1318039236
582856450
1820045139
-1085794562
392886461
-1546075381
-1671725651
402608686
-48966422
2013127229
-1918262623
2040544510
-299606284
-368277825
1979878597
1004071739
-2028064279
289162944
-742528486
-66368261
1088835682
660407244
1261979353
1324998677
1839590120
1125792609
273765490
252282067
-572741485
1456098498
-723968815
931097062
-122989069
-1819555830
-1887001118
1746748313
450895412
-1040180605
-1346975401
1139622473
-30756228
387198008
-1864743768
-1254982636
794887063
-1455635768
-1721350821
2122956240
-1910279722
714456445
1149957509
1636955967
-340158669
2075164316
136826000
-181225856
15667129
718214654
1101899837
738879175
-1656101854
-116457249
18543084
-1644870064
-1955956031
333419253
423515163
825837456
-1191234910
843930820
-2077178836
2146587054
-1431040785
611132208
583001194
-1071803343
-1205270379
1690713171
-1584528819
1868161529
1870664742
-1186634352
-549636867
710821747
1841150464
406742760
1347379220
-91795449
-280630609
-1751902325
1472011944
-990990635
-59733617
-1115449422
1793186439
495468193
-406347850
-989277269
-1401187388
2029686027
-2143594224
1218421813
-916382606
-258448125
-273272886
-561635315
-1569076049
-1740370821
1883105780
-421924152
1320022756
-849598115
1702120801
-1758212893
1563919434
593330622
-1206604335
-33472232
-517025361
1441008468
-1422280367
-1425104142
-1700313991
1399389733
-1979111710
397916835
-1267963925
1606606465
639183705
424632853
-1213218138
71807538
-172107643
951803710
-50576269
79746289
-475346282
-331149384
2076986431
-1889329126
1631045564
1768208784
611027558
32856483
-1067633138
762221917
715014964
-1032184246
476548013
-506075756
-686049881
491895565
1722752297
-434655461
-1568560518
-518280737
1771302434
1637082907
-767332514
-2132367976
-2049742798
898443802
1601618570
179931436
2135432202
-1216065464
746943094
-630297057
746713306
-1748471016
301118946
-226705864
984049142
1686714386
-271613924
-1796854668
1257687734
1883403495
426333571
-1857697475
1934135453
-1875541819
1064526918
-1321228837
-43902020
-837433620
-1700665999
1568848683
603632984
1012100737
-240383446
-1703540851
1716159690
667429794
438892855
-1614473182
-434785626
-1053323846
2013307074
-795905737
-1901848033
2119524117
2071027808
-1371436549
-1892143958
572123574
775409487
1834307448
-140645408
-262851224
91628287
