844662148
1540481813
-1297924181
907726812
-234464047
1770224729
253925603
1480902134
1139101611
-1914318875
-1461100059
90549886
-524003668
1315984303
217256143
-895746291
526490627
-634860726
-1143063536
1680096273
-973170572
-1888142689
-1706120953
1735429273
-995459933
722325469
-1961942806
1124415343
-453809518
1305409709
-863948823
-638100117
2008236904
645600938
992424594
-252934906
1505037684
-1988196592
-1057532553
156158765
138163824
1119875506
-1293128947
1045613911
793196041
-810413263
-2043429930
-1414946599
553342110
1098610282
1520776386
-662017160
138385992
-883175120
992319442
1751413055
-1268176358
1874720827
1818792703
-700208237
1631292841
-2115985825
-1719475879
2113879428
1906554062
-370191616
1914362482
2146064741
1287433642
-1727499323
1376261116
-969577570
1209620714
-1455159925
-1541867088
1471585983
675192395
-1097160548
-608206991
1068371161
1693312352
1338711072
2043957681
1183527433
848811666
760218834
-1716377581
-100764588
-1052006296
2136926967
-471785902
-1678060358
469204233
1443144588
-2069612704
1576607109
1293063166
117610686
1429827282
1091510753
-1609411525
-413948513
-658572166
1367532209
-40406433
1500936470
-139022763
380284063
-78596294
-922307562
-1588953945
-1553431691
-1939527024
-1894959343
637779044
-106926421
-1810913764
604197551
1591251922
-2131854528
2117211351
-1408512069
-1953917589
1339721421
-2126060935
983564893
1854121223
1947543510
511401791
69098638
421038906
1395279715
-1339679761
-1467272249
1260575482
-1899282482
2021163545
1521200635
1397755269
-2019846945
1249586334
-1666315832
999684225
-192374507
-94845834
-820922904
1577517668
-328887226
-1477220947
-1028330515
-2088060651
-385138838
1543295150
-1156267475
-1909018925
2144512434
-2071335997
-584587014
-1235369642
-399451425
-1768007461
1762363158
975843123
-1615214894
1857364878
-2076382875
1576607620
270952030
924306270
-292423196
-168525881
-1453127323
1613049408
416133593
-1043178490
1416115746
415111002
-2016609460
1752110392
-51271230
1009088012
-1105480267
1013586407
-2058596806
-1560379084
-2037853706
1799554322
833435988
2129873582
407615883
938428244
890308873
-130906343
1203533055
918470213
-641453802
-1046770208
-1597815391
-1662525921
-391508535
542889336
-1455708553
-260419164
-1386098661
-701403162
-1663965069
939603007
-809134333
515525508
681696740
302795369
1446070792
678444035
642795823
1583995982
1959004440
225316787
734003902
-1018095953
1571308952
-1088801535
1092553271
-497609207
1922816188
-828918719
-233376015
1913061367
-239949033
-1297710674
-1414562909
999804628
1138999669
-1633129554
1445523806
-1497320540
1285145320
772811097
-201318980
-1571343820
-1417851872
-673952452
-726947751
1433426815
-1908366336
383262809
1572270978
-1133458862
211395949
-2099730062
1189432364
-1374861773
-1106251160
1233937542
1363387688
1744318591
1158857822
-444043621
1555976595
-1072291886
2116742590
-261740098
1597207186
534138282
1112727756
466656584
710020159
435272270
-1312305228
-640608670
1579218398
1906191084
-1773913630
-333001526
201857363
-344955391
-104498544
-588410922
-857098792
-33861123
-956093280
1955839929
-1149199894
418372134
1943566251
1247811332
1846773892
-2024030789
-246637991
30148720
-1361232497
451128669
-1712765454
536851674
76268952
-1531487574
-1696424139
1577631118
-1020191549
2076466731
2021521512
909473479
891963647
-929622161
1063360688
697450102
-1037999238
1151789943
-1270274910
-434177214
-744340137
1857914196
926907417
1529808848
-1979659362
-1359020785
3678537
-1211756989
1288365684
1829963976
368016660
-622290938
2129651595
5086241
-1231383396
2147440072
1936311259
-1766352420
-2124151784
1171809224
1925987473
-1967227966
1094537963
-171831726
-1343675577
442242246
-764873486
1307499144
1626877302
1811272042
-577598179
789239653
1990462248
1195711074
-2104474303
-723092737
843429105
-913261194
323047211
-1516531701
-206428897
-1365671764
-1985289481
-707463258
1015935024
-115719259
-457814365
1546273618
241004676
-388082873
1376250590
1829530430
1488943443
930534300
1519388966
2094081225
1101776096
-1581095943
-671863023
-767648439
963482094
1376280930
-1946144023
1372691719
1252402291
-291804372
-567014018
-451651954
589962635
-368243228
-1350798024
-906205659
1481105071
1580644463
-562981269
11191704
1194617894
-923115662
274234607
-766461890
1010795195
-1562414349
-2116484370
648606520
-934882129
316082752
-14460673
-1364949514
384541169
834431503
-77759628
920602367
-527622260
30755046
-203282193
594004208
473784928
-1259899459
-1839190469
-727508027
-1223835372
1018152161
578952024
-1294672297
1516953930
-1210030310
162772439
-816290779
839902228
-947187952
-1290027928
1746924374
-560241241
-2009233174
1412812721
1608212222
2068333646
90023991
-1461611424
-1418231392
787964577
-558125039
897147523
1354521587
-103360266
1042323839
1137972758
1642585065
-725202410
-2029003749
37410013
863997932
1029656371
-1538614028
1385487732
745785962
-1669058791
-417568843
-1315392604
424868243
-1262070620
-497560058
2062761463
-235653279
1159280753
-127153871
-716527475
-504605224
308130264
-815785463
-116645584
-7279729
-1835212007
18014983
-598687578
394339438
-292997932
134072501
-1239993017
-203138376
474944702
459072590
953483982
2064301131
-1859753070
-821611354
-516199565
1495040038
-1196360124
1709357383
-1623632328
-666341332
-918475140
-941843492
1711588995
1252707111
501730882
-2014311469
-1718896404
1966195470
1642003189
-766726083
-1252689576
-1017832566
668152705
274191351
400213574
1959439542
300621264
-1907249137
1458328936
951701030
948023168
387610719
2065993077
-779358677
-1131565609
-735506818
-1562736323
-107423404
1391245555
1954512601
-707151875
668038710
1987532357
-1148736484
-746410252
1551104368
-484004288
-763048746
-1037107146
1694553577
200012108
-1561551013
1509632703
743959899
-1570465791
-674924564
1001846730
-1806056171
-1298795887
106204437
-1189533
-371145988
-1467106428
-1388698026
1593712187
1856157394
694985131
-623931131
-347140421
1724593082
-2009399986
712310642
-819771557
102989307
-935910233
-1833191861
159769651
-89845500
1162875796
104541250
-962178607
-459275857
-411673977
-458883092
-1059072179
258916553
295209152
-2086803476
-2048447077
893714898
-1732278850
-317456048
141146144
222284288
-32338446
905257018
-418434425
548989833
-556677451
1236797123
797435860
-1136627422
986815868
-1604475365
1549715128
1438825922
1945134666
1523699188
-1343756505
210396331
312667493
-1482887648
-2095491801
-717685334
-1270091700
-306327944
1571108075
-742229604
-1965182489
126640384
-1031171040
2083175220
1904483840
838144584
716930181
2021488636
1929981938
1064188948
601365441
1937024409
1267503263
-25025
2082477168
-1279133870
-1153261657
-1295121957
-1397863298
-1607192621
-1434559531
672885405
-1071854408
-1992733907
462216925
248412792
199198112
1825228064
-1675599804
-1264981113
-1899623040
1457618845
1903424415
1577534511
1418898369
-966587003
-1489996289
-902420092
514213244
1699898807
-1129423189
-1756105749
-643432623
-148225463
498558735
384133633
1090037879
-1310216172
1319517685
-566835781
-129547500
430936693
-1762543118
-1914411058
1779252687
-1000202414
-1810612446
498130257
-973458782
1041995611
9915415
-2046616673
-2085601548
1104264850
-619290098
548542082
596068582
-30287604
646691939
762385549
1756284397
-1764020232
-1687385274
-847092280
-1416833376
693002976
-1488869969
-1400086382
-237843502
-2086008529
298116750
-1278818109
1353476323
1708222450
173713735
1064633616
1844475731
-1943912478
1916934493
-1358707021
1150189463
564852642
374229356
73860939
937343791
1327670852
-1851439780
-104890112
-298413064
-268910063
-1860070445
991757546
-562740034
-1880459383
-1480205589
-1348119629
1264676629
2112351400
1333369893
935156858
-68568472
1291056234
-1186907236
1733101050
367513682
-1655900527
-728578435
1511253483
1797671468
-1747578971
1233923254
1049070248
1801413606
2141433148
-857284115
-266716399
49514522
33499771
835721651
1850953906
-2106324642
543764700
1552683769
152080420
1611635929
1515905329
-599906622
1037706163
783510040
167905512
-1852404198
-458679232
-1869822942
674555791
-1363012794
-166028183
-1866145847
345917594
1241981500
-670559770
-1542382782
-940903068
591326293
1243554101
1447537400
2060305267
-2079288512
949626745
1037156252
1312801536
-423653575
-2115733857
1506900352
-1548332619
1589494907
453226434
1180908837
1600198072
1548024819
-1739464752
1221016850
1327375592
138588981
2057978477
-994489113
-151856027
186415027
1726271255
839537073
1673276501
1988247851
-1399130998
-1225792642
-1229890587
-739803295
-336451995
-2051804108
2088798606
227725070
-691068659
2092404638
-1317246055
1119848984
-1298200624
458819783
1975981284
1196140290
-2095988403
108996747
-790773274
-132146267
1710437908
1234186602
-1482296849
103102240
1258771849
-2051748705
-480489292
-310532340
-1566112499
-155962256
785003531
2096503796
152722782
-877121593
439267826
1304281347
764336702
-803425534
-1584098603
2086075135
-263298990
-564643322
1025418256
-1259789706
-825868979
-2109263974
-748147023
-2051592906
1799063117
-1980369423
598709891
-304940287
872183940
-508926840
-732076729
996948353
-1464549349
-492384462
316294724
-1349184647
1719978322
1898834544
801814018
-1538908355
1255833579
-1225776890
1995401809
1879982179
-1811144504
-1736429878
-2007648624
1081241787
-1013186094
-269085505
292778027
466396283
588674077
700758625
343807845
481836478
-2014763959
-1137192894
453331031
1728955183
1319476523
-1957378091
718583863
-396964351
1763102891
724759689
161628893
1992188706
-827602193
-141809127
22072451
-1861145681
305656760
-1853330398
-1546060852
-744210263
1697350156
-908295435
-9105401
271613417
-580057579
-1501787730
-910338124
-182742959
-2111361719
-1113536123
-2026435770
-494455996
-211016502
-856918429
-458256342
873615703
-1832763890
1483415736
-455448569
482278472
-305940030
1662185611
1061703751
-1574211538
-97133333
1992752594
707941846
746296818
43627598
1169578499
-1627659990
338934013
628828690
396992234
368770690
505177138
384389539
-325445955
1497785969
-1437427170
-1530065448
269144429
-868414819
-1373184914
-226396841
-1488110786
-965530940
1134605985
-1201432264
1163921561
283981312
-2069643266
927306216
-1968141536
1683029067
-1777448761
1208677967
1794360323
-365300668
-1208408403
-1418518219
-1865562223
862296370
381899911
-814225183
55789073
205071689
470505790
-588403453
1171934675
-646829012
2053351948
1669062355
-1806919039
870832563
-240223259
567502713
511641018
-598026003
1474345012
-1770352465
-1858671392
-1548867736
1102252234
-2133044316
1019191345
-658286417
1673735955
-1396493789
2088709908
1205407251
-1911088502
440794612
-98884171
-269310290
-854166930
1135555202
649269203
-1514378332
-1960409419
1078838461
113235160
-925909844
-2141201343
1219005761
-1098628823
-1670446898
1100204113
-1938050889
1324110015
1745444718
2018234170
-545674629
-1703014666
710051208
1372830293
-448799361
551034789
-742720708
-822437573
-1584869522
1114064238
-556151411
273031727
-1784385004
1052604758
-283078555
-166255141
1910578940
1133143959
1547631836
-655029697
1326852442
-1579260492
992718777
1461813478
-64280021
-933349938
1360776248
1224010842
730163866
-1264637130
822839053
-1600706343
-688451419
-1052212157
-1642734168
45067336
-1939738112
-1290793628
-1141244485
803418471
737816889
-1451925128
-267312904
1101292101
20121884
-1300210852
-270540513
1530934774
-1155372456
-1745056571
-207992777
-916064892
919490402
-1980445104
2057445659
-638182366
127986329
1523530967
1786465335
-1427994969
1315902122
1989883910
1982471315
748529210
-2142334667
-836225491
-659816175
-230839735
-500156496
-527072937
830143986
-1303128642
2131484299
-2139606630
839957150
-1899531404
1789571733
364247216
1063659428
185015783
218002589
-133655866
-289865474
-1378202069
-1346728100
688320660
-1716473702
-2109184481
1942890386
-1664192851
797988117
1353296354
1823246958
1731702295
-272895799
-2125865852
-968647118
1579672094
699598089
474706944
1448491287
-112679068
1208163755
1911920746
-1259699603
-1451378627
-489090874
1116103268
1071301126
1611731513
-201328964
273026262
899236308
738418945
1703485050
-382792227
824059345
1819787878
1984463358
-498447613
-1090494946
655308727
-133857511
-1524769615
-534177937
964253778
1660409973
1920996577
463687077
-742057603
-1926937894
1963441431
620717244
1985331062
1924399788
-210911343
568126438
1879919560
-1702142536
667135933
-1381306632
8322271
-119347921
648406506
-254707195
336704222
-1142039567
1086792258
1853698888
1713589680
-1377813233
-1130435849
-1401934010
1555781725
257894027
1021516221
147415860
1802278302
1179036769
-435663753
350640533
1290420658
46880714
-1869861580
-1466364633
365895026
-1600268609
2055718236
-1071247873
-2073979229
1595645883
-667463642
-1474472717
302096779
1795132869
-335003571
778201399
279058374
-1179535187
2056613122
-1646347190
-2106019751
42339733
956602915
1822646290
-1456675577
422407091
1807208365
1491958597
1702844643
-157988524
863515759
2060656651
501781542
-2035407581
-681091072
-1265342239
-884528830
173098922
-1117825037
887553984
463640374
2030213401
943238216
458257278
92896548
-959213754
250701605
285605747
803664672
-2089256971
-936983611
118401374
-745268150
-1326341288
-1241587537
-1630611062
581453342
1983787736
1186914603
-890056404
1322985738
-39415786
-1055051279
1444913935
1366433344
713609260
-936975069
2032702066
90857165
812746551
1955223934
-301925328
-1256218646
-1997549543
-1618435893
-981389791
1087348882
1731955835
-101557862
647418048
-1605338028
-189718256
2125197362
1541392141
-245835926
932590113
-1216316733
-1422350156
303446025
718218308
-1815501603
1068907119
381624570
-379230866
1575378469
1947437224
-1382825624
-801455572
-975093691
1880393825
-929477124
-1958327507
1212342308
-654876072
76109606
1585155843
790330967
973917285
841986237
-716886998
2081606358
1496454439
-402211125
-628621496
-1677479950
1500366303
-292865119
246706614
1922390150
-157679973
-541209808
-977294273
631367020
1175842966
853143451
875999782
-665942477
-467002658
-1112591609
87664749
-205526770
-765383369
511875765
1800260948
-1701759474
852604223
-2127841453
265872415
-740095597
-1921844782
1501685390
1761679644
-298114560
425306287
1633917419
-1881628188
-1731939155
845101659
-487934249
-781410848
1980538401
1853960261
-453090308
-926745841
626254208
-881618646
-1834756139
-1102355707
1380330306
-290175046
1635056772
2130932790
-1651946715
388188028
1522334947
-1966158988
-1368008348
-251814930
438832856
-762863178
1989704489
710395375
-973795604
-1152056806
1436449343
1091963745
2087502110
2048908332
122135563
1109892362
-1974744331
1473279592
-266165316
-290212166
-1559643436
294782205
-931640383
892738995
1203286161
1475504339
-769817989
75145540
1625193287
-1198499121
-1389705676
-79855177
-1268694933
-798324907
-1408009138
1127276908
-1884356579
352738830
-662274113
1334158405
-1998026048
1758304746
52732604
806904133
1162722252
-412236440
2142312372
-1991685517
2024934882
1106591508
288028031
-7327996
-560079840
-1004699055
-193049897
1665924024
1664214198
-588597160
-1871809274
660561283
-2060984135
818206080
-1388139039
-1843238288
-1264302793
-1028733249
30999796
-1370786622
-247823990
1501852528
-1655490562
-1225823140
-1647948047
-1519347882
802430623
-1596165534
-1345198756
-849889056
1492884815
1922532127
1667901830
1946533806
188371858
1836079656
549398601
901771091
1324710249
464319682
-2013236435
1622493788
-2096717813
1275090560
-1228262847
-907828847
-659928619
-543787984
-93257938
749196154
-1565815426
1077504247
-1060643448
1368653860
30029966
-441296453
-958602137
563000613
373040400
-1228232000
668888374
-387295780
-1358842234
1635281813
