1326665655
1069765337
1400876976
2007481066
1219809912
1060838861
1030140879
-1575414052
400748815
829230206
-611052099
1494661468
766866698
514748823
-1680699524
277198864
312228888
-416994561
686710471
-981691284
-1096584757
1550471754
-1032675718
-1738398908
-786751073
-1799159693
764957232
442161570
1721197882
-780855096
-1498937299
-1048735015
-271666443
-1884729563
-222743170
-1924783143
-802156390
-995435164
583577694
-716353595
2019765871
-1637311469
1691479260
481489346
864071283
522351208
-332603463
1042313234
-2047796249
2053722481
841788310
1410780256
516249359
-1723388273
-1592165298
-123935396
1346599225
-1362644700
-664652640
999800202
1720677630
1416726411
-1215770095
2036325207
604436167
2060162888
-132732144
-658237843
240929170
1141406848
1947462490
165373511
-168541194
27659435
139457184
453805575
1724350820
1618333831
-159483546
684425607
793209775
-597776049
-1928880083
-335904851
1389091021
-579398356
-676901676
-337879549
169230559
370853612
114981434
1616703878
-1581002642
-2070575887
-891331032
-1185152835
1415043831
-1238858901
-336098962
-1260041459
-1340313175
-472994359
854156875
-233754293
-1196481940
1048023916
481343761
-705768558
216802085
934800285
-1591474423
1284618327
-1135973064
-261495615
1884227475
-1351987014
-1226863282
-676941109
-1012890734
-1263407586
2037001047
1025904881
688670470
1730673915
-1624338734
1906813601
1562904825
2061998322
-1100962997
-2116706378
1481928095
-252064223
-2054471387
-1823565850
-2140043592
-2135286856
-1591951719
326703487
2125493817
560466892
-331543298
-743893166
1846155050
-660999061
-946739638
-1455691281
-50540335
-2131610129
-673591592
1910384658
582088720
12159639
-1651576981
1735529052
1053647627
-1491715245
1246694258
1665435205
-634383603
2042711518
1893078925
682208337
-534701908
-778567662
-315804593
-1694902911
-1998711254
-75946889
-192409275
628767756
1925645342
-1044171748
728169527
-867919026
-1804657582
-222221910
-46915411
-956574976
-233369873
-1499366987
251050932
139135401
-491592233
1165212757
1595885537
1125122644
1709193810
6216693
-1826888298
1592301955
-1420320533
-1844781718
-1198226557
-1662608029
-1347522660
-162097849
-1071477904
430732608
1475101224
1109581422
-1706027208
-949466054
-3546936
-1904073238
-773393896
1061860153
598043913
-801873924
-262673879
-227480034
-107874060
-1840989581
-561564117
-854958022
447147119
-1843421120
-976030845
2130955267
555080930
-1311972791
-285933434
2063227396
-1898726628
862132605
2125575927
-1310483691
-972260488
-1534683608
1062816462
-285804084
375823419
-887656312
1782174011
-13086925
1116614208
-1705537889
1769747433
-104165702
-1361755178
587903818
566662278
-1255359121
238152168
1319103122
-1885150077
-655185812
-1396699297
1452599105
2135995672
-559018353
-663748925
1933125048
982877066
2127835504
-1208988120
1761601535
395249072
1924596111
-1754502841
-152215779
-2118174029
-1838655027
816257514
-727935574
197280788
1204878877
982168205
-534712414
1083853555
783044987
29278018
1558139771
-1216481907
-827001060
2053988565
296243320
-1864748794
1767756518
291550767
-1625434561
922768232
1245060386
306378751
1426346409
2097535467
1338932591
944908950
-154647847
48973686
367026425
-2004710894
1920901263
-478943387
1473773547
-434563906
1261935806
-428836724
-1879783903
-1887840327
-186605989
-841284484
976950050
1585177044
1181451383
1698850564
1722647885
-263257920
1941866127
367544826
-890026927
-887247767
1162954274
1054644539
1542717154
-447232868
-460266108
193835759
-1421242455
842597615
191772658
485808145
233995643
-1024961823
-2146017563
-168124114
-1599092019
-1044690369
-452499285
-1557693588
-164902809
-805590071
1052230706
-1267699251
-223420584
-1002270187
1814076967
103859893
-1677556183
978817204
-873956545
2019893673
1903285589
62923154
-1779653677
155538777
-354783497
604898466
364721330
-1901723169
-1380471355
1405187514
126413106
-1067739319
-1220718788
-495035205
1261630088
1902935124
2050362653
2074205172
-232886183
-1099408006
-1045571049
-1455955769
820010640
-375986129
95860165
-1087989107
-540930959
1733326438
-250459174
90176438
822833390
-646484390
-1132866918
-767055563
-340922311
-204383606
299949195
-1065485286
1901946522
1743453700
-1499000468
455539072
-642872190
1499654374
578290278
-70359896
-2052126753
-1498787551
685215105
-1015525530
1641856689
-1410059392
407667801
-1753232197
212287196
2064056552
-486372848
1088137667
-822128832
-1020961823
349658246
1132155089
-1608122874
-2071549356
-380175161
-1444136232
-1087520708
-484409450
879585989
-375745780
146110116
-116514140
-1177819066
1678110920
1871604680
-369904464
2087384863
2070760369
-1870946478
-225526820
544310946
1946390044
2101998234
176035396
-245562284
-1880069716
-1486484865
1986500930
-1278393373
41374271
1863187065
1849811180
-1995279786
-1478966517
-947254034
-1829956639
-1312126843
1914712579
-1413923643
799907653
2143219916
1632851327
-1376570311
1271410441
-854961157
-1113743333
-1140136721
-22124945
-1835417200
1583159006
-1990587063
-1306518323
-375675097
-1348213345
-697352452
1771905680
-979219663
588535203
-1250084129
1908396675
-546914588
-281867637
-1119635962
886633297
-1519092878
-1146771092
-149496817
1353297224
399842941
-946713025
-382983493
1671469151
1767307721
-1950977157
-240631104
-1697962374
1132489266
168964096
-766285348
-1795363349
-185783839
1131343671
-1114244563
935499836
1945244090
1708590966
-323917121
533625131
2083978776
-1736060248
441326950
887689717
-1665283396
405679404
-1800389170
-380631849
2009635330
200244990
-1250755120
-502121263
-561980587
-433081580
-1161116922
1235242412
-1436302108
-1223507702
1698961825
1001672766
93336725
-424760064
-1778483079
1915010797
878521401
-710598206
29319781
1097471601
1432313089
-1044772566
103469260
-1311293731
343373361
-2087663934
-1120611460
67174623
283781907
-1322256211
-1732812358
-1546581178
18752557
-259661114
2051430553
-1434104636
799756213
-1138366455
1394344591
-861624843
942294340
488224305
-1567751100
1778268063
1441378506
1562838947
-2145140051
1800982843
-1097140030
261431178
1852085849
1875657652
1986433958
25912386
-1106943990
1259773038
-1930706781
1356119033
1669485191
182160521
2058786704
-1771466861
1957365168
853311590
1341301788
1809618894
225715923
-199480471
-288391097
-1511728985
-1396483523
684231680
-1183833581
486633211
-1742790126
1928506340
-208351110
1574573168
-109715872
516661406
-692391006
-674660971
30161522
1049792589
-1418906545
925693511
-942367902
-958939482
-2026791272
1290199127
259417073
1769268795
-349520931
-617088919
-261807718
1021010431
-144975881
-1544714978
190117604
1482484488
953148849
1394660469
-665135368
-316936553
-119163273
782674798
-1696831886
-1029914539
150698317
-2095870992
-916679301
-1648284449
719238402
1982067947
-1498462441
-41144188
-1157287516
1906704577
1743755707
-895232435
686196022
-1544288799
1681499426
1633911613
185939872
-505012811
1507967328
-1833881127
1664201190
1947907518
233876278
1777099241
-1866437475
1423216380
1062017448
1316339840
-728755815
246337426
-1133471539
1371196474
1744012523
-1655829846
437173733
-2019493435
-2032203510
1648321174
536021168
1256201377
1362555471
-811259593
550176253
1905530923
-1181639258
-631070046
-1898477696
608836823
1838521986
2087636479
-1009187607
860747196
-1992796143
-1743759180
-80184783
524298837
967865777
-733798461
1538217782
1262876805
707983009
-1549147280
-423209847
-189764901
-1832337157
-2005593817
-1850982009
369626903
603320289
-355350629
1499668390
-1908469523
1607160054
-83723982
357768976
144948488
2106443024
1047842975
876105845
-1018580911
-274302933
-1774273584
-1722212323
-2143275152
2001347744
-274284277
-129962436
2119213714
1031067029
-218496429
1696290953
543658348
1085988023
473207568
1015154961
192445312
306638630
-903412754
5774919
-1713702753
359177649
906905861
-1653899168
-183136850
1804966979
-1925095879
-1606043683
1543635372
1307806876
-756396573
-467986072
-1082949901
-1532542909
-420053584
106978020
591856829
1048683962
1539597769
-2122586689
155905258
-1603152653
1406342708
1921612425
-1896707585
782692099
-971362695
1048312266
311894385
-1732000491
2029464456
592602639
-380123612
1378974368
453455833
802321222
1874712365
1186830044
-585979435
-1601423541
358885087
1837316465
849509492
-1861234750
-1153757691
-806984079
774671910
-1250488025
618917739
-1151099512
-1270881801
670208802
1816326051
1113927794
1291230957
-1859473889
1930290437
-1116533588
511093172
909786654
-1794391049
1915284590
-324029316
-49135929
1059588973
-609606953
1410328866
-848128832
800191923
-1207339158
-1261006451
-90859453
-1420332694
445564088
-314678694
-1921960726
-857200945
1798000223
2016365499
1648997069
-1276310205
-1157037518
1455551644
1937734862
-337292026
-332392263
1121797127
1346533426
734112070
1241630939
-1697080120
1701495156
-12382632
-1057094951
-1215058093
1113580117
175300676
-2127206786
-1977678362
-1863002825
649966983
-1893209964
1914613482
-827299413
1637034515
1575213978
-591222370
-1923162552
-234301798
-1170190413
-339281674
-1052589122
505346059
-45548064
-827883328
1778941226
355044188
178336369
-1403907831
1107358123
1405673866
570845880
-1419557954
2052932404
-754389027
141728256
1755386005
1550753443
804184176
-1058453059
-1188021459
-1131775726
120628976
-1510340348
238026612
-463155603
-632644189
-1766465732
-197550008
766981445
602107564
1803335190
-1594377120
1009048546
2041499020
-1813844294
367234413
1001964190
771998956
-1774283198
1064596860
-245577872
1264819353
-563155605
1978695325
-914532665
-1132815409
-2090322039
-1764577079
2146882968
1005857721
1161364667
1839620608
-391702342
1158684216
1323133792
-1887116110
-892437135
-1199629085
1132979401
123025503
-2146339001
-1930918834
-984694481
12820609
61122338
2145136527
514352871
-287226455
-1808085101
-417925123
-1475358508
-944093977
-856868245
321449275
986578972
-902639250
-875797612
133728628
-931375843
-1251849096
1498414365
93218279
2141127586
1521317735
398106774
-1740033114
-1342826927
1682908204
771146141
-749601639
-2011777688
185665516
465024440
1596256457
1623565480
770479072
-167582363
411255771
1688677520
-681183108
284326512
-832119079
996664014
619820755
-2033967229
-136779208
-372963854
-824744903
1650173187
-115837930
991060068
822772777
-846553319
1116649154
-532224360
-912483223
787173646
2145567617
-1955036033
637134700
-517047845
2052494735
-264057280
1330923766
866178560
-877407901
-249853913
-155817723
-626627948
380548151
-900515363
343087343
1547103645
50984903
-1666236199
-213686585
1766317985
-1892766120
-428993002
-408419579
1590045308
-2104009989
-916604154
1447615589
1351244148
-1935816174
716669382
1649939983
1406123658
1177513491
-185359214
1168882679
510138642
1256473740
-268803974
831773062
829067654
-1691318426
-1740667050
-811018630
1924538006
-1507217811
615562486
1462255114
1837934466
-1445231345
86889374
1546933324
554530732
-2051909533
-1027212367
1420631515
-794110104
-548699795
2003548843
-2137014860
1344265750
1464717216
1736236372
-860664480
-1356279437
100636579
1939527986
566793048
2056365611
375941719
-1608298178
-931906652
1431532978
-416761831
1214231003
1464956612
-558695085
-367926204
1769871363
2057642708
1860139656
-1557295879
-472582205
-1868045590
2075293836
-1114961118
1930835432
173000898
-1742314705
-1944686925
925739258
316175517
874705640
1462532914
-221104791
-1429024923
345753136
819161209
294648070
74695445
250526733
1505258426
948255156
141268311
-617290772
1955482820
-1301083298
-486160274
-653125965
1281985412
-1134698197
-622090667
-960721642
24828365
1393130992
1809963560
-1682503894
1045491035
375322598
1115405251
-1119004361
584510996
-1920810084
-1203424856
1938584017
-640351087
676067887
1821265189
258747689
369937629
-668119369
-1961753418
1467124128
-983322244
-961321212
-513560409
612176285
791245486
1103334281
-1801114115
1171689119
-22454796
1493230232
-993932393
-947103339
-1055327789
997042895
-1081580145
559406189
1977559511
1002514642
1187074789
212211946
-1772417318
-2076033991
1862469982
1049643194
-1895684218
729927628
2077399977
-734663993
-350128873
961517805
-154438204
1176097229
1459988581
-1577657771
-715392099
1730742316
1175100193
-1535631869
2036002300
-1758749442
726833502
-632284560
2123610527
-2083738004
1089093459
-1549060346
-928639834
-932690627
1244000095
619209683
-210268623
2023937455
1330783308
1766144121
-616827833
1035434378
1117791191
1303940713
1107538937
-1750648975
-724773520
-442496432
-435316793
189066106
-2087206595
473450704
-2012510143
1639884033
1761377124
1629397619
828388081
-2030137927
1484849033
1586936540
1784003448
1196076547
-66076523
-1388490945
1303108342
-80993662
2080141497
-2055931886
1943933359
-1071933714
-1438726734
-630140412
1667813098
-436594135
132037966
-1869856210
-2040614116
-902127729
1900160558
-1881257592
-150122426
319930769
-222072628
-269870179
-947712870
-1807312507
-1493824321
-113906558
-1598157980
-1516715850
2071778878
145500676
-1067040728
895274690
77289442
-1103457248
-445444090
-634263259
-621615953
1063643319
-1220598426
-641189872
1449709140
-1631578495
-1785505328
-505850753
1430469553
-979752126
-1520707045
-1192164470
1667130266
489320764
-750196535
-1212820742
1261711322
-353210396
-1915821391
2118544158
1837927546
414696408
688875998
1027189215
1028450115
1579024911
1668274871
-1944265966
-1086217344
1478433362
-415273121
959226381
-903576056
-1669141270
521254238
-1531287428
365911418
-867301478
1436039552
259614325
-1850053942
-886391345
554733053
319526857
1591365116
-1035005931
604638938
685257372
-1880523984
1452611277
2073626766
1639609143
694516701
1386406940
-331143961
179360028
-263683999
39457062
1296777774
211939674
1611400632
462842492
-2084497271
281930275
-1777757301
-2067370030
-434417248
1574415259
1578817133
-1151362315
1416164995
-1816419854
-1834313120
1708892667
177297355
-725228364
897345949
-1911871301
-270019585
132876127
-1903635564
-1671588481
1271603256
185589557
128491569
-360383240
-1738672378
1257755219
-1230408864
1322801522
350310805
138052611
-1475697453
2034598216
-2028564725
-442502579
457789442
835162265
-1064161740
1515411667
1519313011
1181596219
1347288417
-2108134178
-1962566085
927577071
-1001134964
386909875
1699413699
-530828842
-515330624
965217323
-558907953
-1475795676
-1070567497
505327746
1483866812
721728018
1010597572
-1647551122
1511921160
1212485913
218957811
-1834591885
1678142231
-1886072996
1137621614
-1545633931
1049362996
-551280027
893330210
-2027381874
-822319403
-684768492
-1641505119
-1694940894
-346370525
1371210707
-1651440311
1145531951
-1480713800
1321735694
-169577050
1808109545
-230309207
-2039434526
-2028478188
1747172485
306442439
-915694829
-1521140056
1028273749
1415266850
1890230851
2088601681
1498450964
741541582
-1250281119
652928569
1884678787
-1253247767
-135615393
798993520
764703540
1538496731
-1063057625
2075463372
-1689080667
-1293351457
-389491249
-962154742
838033295
32606915
1973892106
390490424
-778734208
-1227985173
-1049436190
-1711930793
-1229280089
-159843429
-701480029
-965042885
176501998
-2001840780
-157570278
1855461814
-1618376114
-455022017
843257855
1960886773
-298639267
-1616087319
1090808239
1258809897
2089792299
-1569330738
1712966685
-1429445015
-1505865393
-1313823431
-1626758646
511310550
-1619233988
-707336661
913202804
474950143
-1826835496
1203458907
-119668405
-1794701945
-1277690289
-692717442
-1166005398
-1482889979
-282901213
781136328
-1050870332
-1655036117
-540993913
-2144384079
-1570883618
-1348706007
2045223405
1933695740
-2137044612
1455726675
1464402653
-865595148
-1354740833
-710499839
1070916872
998608888
-256174930
1490625974
-1712859747
1952941114
-487007246
-1279869565
1930286554
834536643
945430599
-2014265171
1187185381
2069627066
-1026963952
1586250893
334915291
1832008932
-636510101
-197443657
-1849669847
-2135022226
-1994008155
629291870
-654408677
-1225951254
580382448
-1824704778
-392241742
-251393641
1227436883
1008509467
