-1605714884
-1183686297
1771630201
1964838174
1415188142
354759062
-1865199285
-914192907
895913360
1208408754
1084353890
-1167524099
78220754
-1080101862
1598779118
-240473021
1030165967
1790239169
838828550
-1409117090
1036722131
-1292386714
-2052046133
294758339
-470155043
-838978297
407899085
-1999799976
-671483995
1541799319
2058569389
1414097990
-1862785056
975302894
-181656830
562326291
332105153
-696195072
-370124928
-1628275729
96236995
-932783535
246894935
-1961179571
-1849678683
1473572776
-1795066408
-1692934731
-1547510858
712276226
-866166178
-850303528
-2054367918
161744073
-300280213
1260610532
394352044
-2000354747
-200535023
-2103914215
-584053812
-470046638
-1618214254
363086492
1319960283
1417286483
255971146
664451723
1143180190
462081638
2111293645
1365374545
-1789053376
-400671783
1844990028
-1979396550
-482519981
-287207205
-1272267460
-512394679
-239152360
-98740106
1932023608
1601097801
2115083774
-133910084
1433176614
1575145249
1514760552
-1291993792
-1789806439
-1904866452
384296371
-1426133560
-566341514
-1704144567
782802551
-1331417024
-1015282215
493358958
-1835726324
1431969520
-1634904007
446521219
1875610959
1596765169
-1384921655
186040237
-305367131
-978702627
1939558689
658231656
-1882440897
-685628987
-1002029795
-1884311143
1975149983
-1114384025
-1247927547
-961823261
1453399131
-534866784
-1505900818
1689312056
502866465
1945714463
-1101443489
-823258701
1154131962
-836852901
266386742
-1135308379
2117299922
-1204402234
-128787252
-1522633235
292486455
-1357812926
1505030487
-2112956531
973466977
-1164520236
-125443696
75957881
1570084722
-1519424873
13218965
1458961328
-1779328002
426820594
-1095464433
1361336464
2054492876
1541548813
-1236635497
2117109606
-999202338
-1786003072
-625230251
-1783377596
755302574
893828173
-124006422
-1765638889
109358010
-1144984816
-544583281
1105611768
-1387934654
999620212
1187346046
-1856772414
323033168
-453230103
1050526352
697372900
-1141854472
-680149869
-1792390617
-909462409
1513960673
688516485
1629916237
259464082
-1920879357
160536366
-925807843
-1915622691
-1662629455
1138314771
-1774844319
1015329124
1976422874
904052414
-1530856324
-1566039635
185808523
-132129035
932697482
1098336267
-1281948489
-1869382097
-1020306235
-1915792844
-2023334086
763750723
960031786
103529489
2010156315
-483158686
-360157605
2105013717
-128931823
-473495993
826153671
-1223895215
1216687944
-1337039956
1284329479
-1363053435
-1832418716
393245183
-919850869
-161732743
730958022
-1297358251
68019573
422175566
-603977459
-534303329
1925426116
-196139889
-1717275425
1422290715
1946095541
-137948468
-1212076824
1671426572
762444389
-1237670039
372736290
71263916
15693242
-2111640141
958329175
-1280118175
595217028
-498683853
1836151267
878481199
-65217314
-942332089
330348734
1362456174
-398988582
-630948627
86300345
2044220092
2108428636
724842978
2073338120
-662497996
723270470
-830410773
1650241280
1770965471
1506107093
1756870001
-86904800
1340159850
-984994486
-1288878509
19471957
-892234215
1385666764
1910889975
1122799737
-1423586821
569463948
-1221058910
-526503651
1030523999
662942506
-1545168375
1237032327
1531721862
600475479
-403648728
-1321815811
-1432014951
670231226
185971025
282394692
736233437
-732426473
823069831
1745684835
-1212220636
2123988398
1982749452
1327504300
1131759750
1540057313
-898047944
362560508
-137462447
-2144865256
350887051
-731805375
-680601283
-88959512
1935732486
1123738940
-907722268
-424871822
1059911606
-422451833
117602672
13564937
-1888022640
-993898279
-1478456171
153731095
-887559804
185707657
1545513921
112711232
1478832331
-418144688
694477714
-853867577
161659012
-1626593710
-1534695288
36320561
-653094786
309130591
634415611
1173915687
444732247
1889231733
813604943
656969632
1550270917
-1925133687
791546469
-1259522497
-912851149
16730502
129601108
-364125447
1082786703
-897502314
393441624
-515259398
-1860266398
1987686303
1349114634
-488086583
-296589536
-913224689
1351866321
-1871450967
-1387194687
1436650204
-140013928
-1108885950
-873904496
1749985734
-1087267391
978598273
1732460610
-62969121
-1517235368
-327489861
-1781429431
740614476
116962443
-175875560
-567999638
2143520333
718309465
1006991918
2094220428
-212002182
1860950410
-54522644
-1623752749
28088142
-529226786
249867961
-993849875
874231017
992911497
492476380
1309954731
-999765999
-432118307
2146685981
1700775379
-356647815
-1055502775
-725954388
2015376692
1267429190
-959030655
1425040450
1539347449
495578574
-1987345666
-518015610
1866656578
-1704698718
-863097687
1176478641
-267567120
-404616498
-1928940334
-1875929740
-1321303616
877426014
1016744039
-875048424
813356955
1399799588
-206472607
605276391
-230695637
-633773895
-1041412735
1422846666
1204200881
-504179520
-881416900
1042479667
1518508053
560612465
-1944104461
-2108623556
581531710
-1900906411
-720688026
1549532688
-400412253
-415264434
168490090
-910170742
217921314
984632794
-533076262
489896987
796036112
1452269464
-1291174197
-1526788880
-1936799088
-350153462
788272642
729065299
-445007064
-1425286245
83712170
1303124560
-992587375
-36545052
-30883775
1782335132
-1184554291
528695850
-1199240749
-649614670
470788223
2071121195
-1580934293
927419711
51635574
2082270490
807079109
1856989632
-1351794806
-68259610
-1707194552
1612694376
-1240423765
-1982599230
1374826802
931906118
1633632566
626074849
-1491363819
-1260077401
-644577910
1221313409
1338527361
-1567416648
-232191781
-1444870357
585806082
-105829776
2137891653
659391544
1528038988
-2050704980
-1606489820
-832373609
-478662988
1440948379
-723342942
-1618985780
-415738142
-1308819877
1126580880
-306494149
1889116613
1187369444
1911414138
-1842461786
-425198138
-1819969243
-1328420363
593240307
-1558931137
-1990197652
2087283002
1831446322
1663216174
-1920837622
-2102075656
1110737887
-1536393947
1701379638
-1912145051
-1407079837
-327811195
-664831183
-49982827
-2112824608
-677299989
1101420971
-1926449905
-1963241171
-1670617111
-845212315
-269877859
-643833825
1781052920
1882452502
-770611101
-788595446
-640436563
-1247028078
-410269901
-812810361
732767787
-1351042519
45229855
1953306998
-1748657447
1586547277
-448414897
-1452946618
-765845933
-221643145
159064339
1984682099
-1986272859
-55022518
695030075
1127350352
12746934
-1543553545
1807602342
-1098907898
-1489336062
420857059
1248657944
-2029937956
967391115
-1250389369
240026449
-259866184
1754898961
-1705460840
-215273638
1875999461
1832304512
-1973835417
669193249
692498709
1387856809
1225792905
670521672
-1081927510
-228228556
-251966534
-1173545415
1461564976
-882389803
-1998901762
-562584195
332777774
-1901133634
701855497
1793679694
1689394974
-1400260780
1661781728
173061482
-762047816
-1522282972
996410815
48136745
-1067140234
-1161545192
1768032573
-41825071
2036797780
-967288347
-1580734547
587536681
-509474600
-155354169
1773051335
548358219
973204305
-1638888848
-1087968632
34803902
1308651363
-1151920835
1705018710
-1797954620
1872188866
-1277941845
1342968422
518280175
1211731516
-1097948152
-1006798494
1159549178
1724590333
2065044845
-1924496827
-520434475
-1018128370
1441672427
989584521
1288609281
630326558
64511491
-1826294652
277852958
1819787141
-759804325
-2053555441
1519840193
1555105413
-285799249
465290088
-384816501
-1635339310
1697399557
-1877976231
-408816522
1892649556
1736693796
-1727823463
1243558258
-636211926
-1179274170
1775296113
-1371807184
-1790115086
-1833132788
1086726818
880205628
-310081209
1840012465
-174428027
-923273903
1196219530
1231464578
-1418677388
1363342056
1352628197
-1928103283
43878760
1217755921
329937293
-195505512
1018143459
-1144082042
1467922246
-2053565867
868465936
-602074115
1992757036
356411602
-1424254424
-1499458370
-924327761
1586299190
-595485674
1542474356
-781973026
1541204138
-1569135267
-1101379257
342050025
-1866997868
-992730055
-1513785047
-503651872
661031434
-1437897724
1577155951
-593372991
-1942244475
-1739865893
1019871652
-297437264
-89941548
817969537
-1048969318
-888917624
-706186412
-1639523454
-1905995071
-857190254
-1191402402
-667576933
1683795131
-1454075501
-1464969217
1002306649
-1856815313
1265691403
2041540590
-338776833
-1535463716
-1895430980
857210810
-1455195476
-1306909711
18490216
1572390723
771213757
-1867871332
-2020963105
-604610454
974699887
-1526374687
2064164920
473764876
163191753
-2051505492
2006081118
1957202475
-1954870344
-1020291800
-755925298
-394671762
-1909059205
-594265007
793128094
-492226101
-175510207
223103432
761042880
-343302526
-2118172657
1981138917
-2016508280
-1790166196
-1586947353
-869383150
1358263147
-880437036
1214045222
1643375190
582632200
265657446
-1166016723
205801008
-2070161812
-1597184283
1336984132
935705766
-501875311
-346771710
1257817786
-561638500
640060968
1232964266
814157648
-97936791
2017895064
-152249408
1977680086
1586218919
-133544635
1114100748
-1131394794
-2056560566
2130250773
-2005515150
-343027727
-87458829
-128554961
201763686
-1123543352
-1673266554
1555607045
-1566558561
-1490703843
1630093049
-1346758252
-1454986230
1028295033
-1634974865
-520138006
1358917121
1047636367
-1082303867
1266890472
-182055236
-627444575
-688049686
-422582199
2108827399
1331195170
-1132139980
-2117505822
1668768821
-1198041444
374822898
2116967211
-1887174316
-526087981
-1417887235
859266045
1079058337
1747931435
59486483
352748701
1388032574
-570915258
24552613
-98317064
-1460408030
1157476849
566214895
-665573840
167544656
823293248
15780425
1525478743
1211232331
-1956017418
239534525
245233273
132495560
1556155435
-446187816
365415391
1470142117
-1342448856
-504651067
2098576786
-581333991
-399746923
-1780719465
779447581
-2044753363
1320339157
-232745243
15696279
-74037653
1532231601
176727707
-1701802016
729692116
1599299635
1744237327
1723974442
-1534398698
132452052
524031826
728041915
-1605747202
972816345
1139842248
838912496
655483435
1539922937
-2128935173
881025924
-1475303676
1568222531
1862944939
1994850578
-1342491925
85095998
-1011222999
-1534951976
-1684278350
-685828271
1788266724
559702973
1813044813
-1054726555
1859078212
-1046395500
1744369097
-1574331192
163949494
61798818
1384041852
1261600596
49629703
-2143651747
-2041808258
1390732496
1626286581
-802266250
-1303861161
-2137031019
-1992914941
1966897434
-943471367
-400521356
-1073781363
-1325631629
-2001242128
2073312470
1046377755
-1156107148
808048855
-1414576603
513472505
-1985679914
-1175906034
385724011
1346920710
-1143859875
552309929
-1594534857
-640233268
240000351
2146139818
149222343
1889976017
-1220802170
-980116365
516370275
77423660
-996882476
-938621835
-2104280570
905755482
141006311
168760365
-669317052
-719640238
-1302006146
-1051651759
270609255
-524016682
-1578828997
1647323718
-984696102
-355702517
-144578902
-1843181100
1129574346
536452171
-194221439
1364947484
369383178
1107713082
-844167639
114135752
-1880507082
-578214377
2011842940
-263778684
-1848166117
-1424647596
1999372240
222340014
-1581778858
-262867353
1528792884
-1507152823
-1804881350
-2075404318
1819662329
-30873290
1597826294
-825189183
1917321331
-370979675
530268407
1201075458
-1153492736
108296136
-1115232629
40532347
1501099081
651550665
1421826502
897276903
-506392632
2142555646
-2070720343
691897409
-475428727
-795168933
73187199
143372117
-1647830988
-1459198169
629589898
-926588269
1536646730
1203476723
-374248481
632801573
341637549
-43508282
-832491378
294571588
-805751194
1896814749
-1780021243
789383367
1926058914
1470914066
-116444491
-115454980
-1598970370
-931519654
82572533
935457211
-1514857980
795748468
-839170265
-1131990601
-957097228
1193464222
1412752408
430381591
241902022
2108941323
-729785940
-210961084
-561221521
-1403135533
434700218
-1789433596
766688611
1126826283
-1780483787
-664208696
-893365413
-1746871595
1765450635
-138304191
324299095
1025469401
161355857
1359887160
-311183642
1795389045
-1494309601
-119188577
40863909
296603217
-597402184
-1928996126
1267407108
370752502
-279696274
1759307138
580333904
515351425
-456194876
-922904603
-1514645780
-835820909
-181461932
160380775
1175193826
581310859
1673874931
-547178316
-2128227942
649155575
-279508206
-1532862632
-979029784
688964679
4161383
-702332265
1471259211
835913411
1628228299
109693817
859456371
-2135351362
-929270427
-2047901655
-1414865149
430450955
1195934216
147435647
731930520
58974896
-437730598
-860497957
-2025656566
458562265
2072138805
1053411380
-510900751
-1537597169
398025169
2052256368
69529450
-321996631
-357066206
701587445
317424923
169623170
-2122583042
1269838207
-739956877
1559885292
-1783715198
302430004
-91834826
-99569437
-866217162
-708151819
1715113272
1832142725
767242863
-1014256138
2013186408
2004390593
590426612
928724624
909400592
982441550
-2021319196
2014430037
410477146
-919337505
400722902
-987896220
-69357803
-867782252
194252866
645882879
-494910279
161506739
343582238
-1444172966
-67024472
1145264535
-1029608244
1266714805
-938487626
-2145760792
-1816862669
-1591253844
1946109931
-39405044
-1712132310
-14900019
1772130183
-959620900
-6581219
-2026634901
736558405
-591954790
37737450
-726932303
1707331556
-1430525405
-1094236404
2028939001
-1924737310
1924160352
434278650
-1815757730
-927247734
-953648894
-1423742511
-1603655793
962875441
-1623311506
693706288
1375913446
1340868283
415950580
-413488798
-1705293640
-36833436
146216775
1465241026
-693374994
490460861
679185961
-900935845
-1795073580
846823923
458471781
534951118
2058419248
648840279
-130145278
1647325816
-428631402
14676249
1056327349
1213834195
-394244613
650483031
-1864995945
-482298083
-577244793
-808860074
-1706583785
-1070420170
949618862
312430606
-380585935
807296974
-29789567
331171819
154495455
485181375
-386367936
580962257
-450347056
-1942131274
-1376176844
272684385
-467973033
629662489
380104123
1262680442
1358249381
1930039588
-1793885276
-1436333054
-736069573
812790869
841454012
-1687488538
416081049
-2136888822
-1691146071
1228700510
949249083
-323619737
544079605
1445800053
1857888709
1396938877
1976403565
-447239736
-1873530756
-1914815832
1537921708
-972320883
990785272
1323015480
851467506
-734385961
-243080937
938829138
807383353
-1207882473
-80480971
910674456
120346762
-1854408218
-652318567
-144076281
-1565879156
1156344064
664354609
-1606679903
-272252835
-1022852461
-2093251966
-2032687541
-405050716
271224762
1403960281
1743064183
1561689318
-87207613
-1947050554
-1560352763
-1817246695
1786142392
2129121482
1538076646
996437622
1132261789
-800712881
-1285609982
-750169453
-665083659
2022653144
-1765513124
592122800
1533268235
1704002680
474181746
323549008
1406262126
-878867832
609101033
1696563211
-1683147972
88067475
-1522835095
1854808482
1087375779
1660637845
-984180538
-289693100
-282708315
2045073509
-45812385
579779951
1961585178
-103199122
-185492533
-1068115159
-408098565
1911653029
-1943473231
261222831
-497853732
1997028022
-1876616458
-1033510018
-172135494
-1684755328
1858856734
-59969806
1857832439
-2055566909
-645850901
1406141212
30353569
345641752
-1300912566
-291828264
1057725946
391767585
-360235409
-724527331
729028148
138607360
-1588499394
1758150038
1222044284
73041164
121895660
-933107598
1047268409
-865293630
950567142
-885210505
1258808469
-1623832327
-1296354063
-485076387
-2111952837
-292866727
-1348898414
1652900953
1731699554
-243682291
-720729425
-2086618889
-466992630
1749226679
1263393142
-358994644
1972557958
1208789668
-1100799363
-1635430485
587493433
-1565813696
-1678722519
1832343415
-715580252
-568261172
1413286740
464302009
-1983079265
109316941
-1545116630
1811746003
-330740762
-1083116089
1080438099
30621364
47458519
-1763317845
1494150998
937383021
-1081281927
1844917389
-1949382084
-1861294844
-1031560512
2067630105
1711293299
817926536
284477710
1921714247
-1456108043
-1696263067
-1869444867
1821632205
261927081
1766945273
865616219
-1022749227
-1776996599
-72671642
-1044177035
-1317858320
-1452992508
-728748887
1529488024
-738589879
1651875621
371907307
1217680340
-1292926947
291349491
-1283387369
-2120993277
1053551210
