1363019190
619408616
1439470882
968273899
-133050296
-752138678
-282798174
-1008860728
361472936
-1870349979
-1273736034
-1760014781
-1867472168
1617273058
-19529403
-1839043788
77643775
-1330930852
1062417192
1290789908
689775212
506794767
733978581
-747361584
134244569
1397656782
184758981
1401782751
713182195
1529967162
-1420763785
-1305742442
-21732071
661179184
999802332
1285548730
675159396
-1740399997
829322997
983646295
-1959130905
398709227
1827534778
995676879
1970745911
-369880772
-756224963
1166277173
-310044115
1568515290
-362207985
1282043355
2014932970
1459320683
-1645199134
-707498199
1875559707
-1877087538
-339852177
834162096
-1190411651
-864105396
156454042
-1875666818
1359388835
675534861
-1481654573
1993707699
431024374
597786573
-1636262978
-1467633324
-999570691
-1053366065
876337173
-55943074
-955952673
-1084795631
-1960386611
-1075765986
-1858869723
-454792256
-637556873
2077933503
2062288835
2090865902
458420201
-1308385756
444505176
1427364993
-1227841507
-2033669640
1551674804
177672302
1962498392
1053285378
456299675
-1814295001
1238280590
88834237
1482984392
1124102994
1382645764
-782943705
772992820
-459070022
-915355593
-1921594663
447523735
-952211830
-509325572
1677983319
1316659759
506684600
-229747224
1309295273
-344521537
-120061250
1638955249
-1523595478
-630198822
1840169871
1403439700
2019898527
-1870349984
1610355400
-1861859142
242373258
1124196681
-1721017306
-51768426
957820352
-40410463
-1247173064
-2106261040
-1795124167
-2078150957
1778558037
-708608345
1466432039
234843433
308835279
-131870510
-148628407
-1318350702
-1625458584
-664195095
-2056195200
-1175878234
901450756
-158315517
1879756194
1636564199
1019671968
-600691809
1134665613
977081674
1974786946
-609451065
-932780929
-2042893579
223356082
-1665864078
-70672731
1444793928
-1453458008
-394353879
1335446769
1258120993
-351374266
804296174
-1593710032
-1520285604
1271848712
-706469800
1180715355
-384845928
-998308999
742562050
-1290837204
-342774464
690860008
-1084588762
-1455134476
-78950199
1419295835
1428885636
-48713557
-818252488
569878212
1760532360
373149256
-1059595801
945241714
-1004433493
-926323117
431240071
-197127478
-1480881640
-1102330441
-370261656
1640536374
687639699
-2009290020
1537110776
-2050015652
2122718358
-252138507
-31923832
-400042350
-340961092
709408406
1252958806
-582278766
1383711843
-721148792
665040071
-607234710
-1353537141
1711686112
1839141107
-741088075
1980118276
1320001614
875469415
335934479
-186404664
1269615538
-1286538459
-1950469435
710181029
-380029964
-426530065
-469366068
1643496735
1377722388
1651746500
-464167948
569297043
-678904193
1251187883
1134900829
2120129183
-373512540
1732415406
1976518697
-2122482239
-1050452025
-1761986519
1066005107
-1850406082
1449214229
1697424452
467417470
1438396740
658849527
1328340157
1944323121
-1477284014
865302954
443978218
-1199808829
2013787351
-1827561201
-1051388674
-336022350
-1430878695
-1890238017
-1809178230
-1543162376
-450278568
-1337897118
-1298580665
777089
-353374670
-115244991
1759814674
847298263
-1673811639
-1478013416
118828599
-1301300962
1827352098
1005957168
-1319735567
-774865593
903120208
-886709587
2005210417
-1681546880
-955626287
-1149186268
-1115330402
-2025960470
-2050230089
-1412568464
-220973859
-1380354418
1772550666
-1781425210
-1775983343
-26935664
-1001852948
1076003077
503436197
-222170459
-1260304642
-1138875310
831722056
-291842878
-319624446
-1812269340
-2129777095
-122698987
1465708226
780051739
-464309052
1464319032
1030442543
-692250665
1407286283
-1022004572
254750412
1739962119
-49417207
-154049693
-26197428
1256833408
-1973484588
-103668727
209661818
-815804913
-1401784543
1795628004
223028568
-1187657263
-1290387443
-2025251726
-476382069
-1172043839
1367675162
-1657303789
-311653643
-1905707630
2017727351
17833471
847449507
415254974
53427587
2002400889
-2074620694
-1199653154
387321236
85889604
-600940852
2013966396
-1205687053
1660338774
71314335
-1396855898
-312361173
751273163
34150640
1564626052
-1100914301
-1112266724
-201752924
-1110969300
1380064968
1443392912
-1301296544
1531523957
1274862415
1119461105
-1256295126
232176010
1246559545
-889795709
-1725354160
1990319104
-757181192
1665884209
1670276744
-157348823
1280477714
1045860105
-585069992
-1890988630
1772752932
-1404225046
1805955767
-1248263606
936962090
-1415359364
-1126003468
-1865703667
202355197
-1584074401
-1093946665
-2002575743
-758787556
-401183066
1772015621
438453334
-1390825554
-348752506
541931944
742131252
-1612165433
427016522
380623951
675786185
374196970
1278468490
-1635605486
-640907232
-1537968690
1453812635
837534457
260617785
1454415461
-1657057463
-288982627
2042360533
-1111276519
1836991171
1061111312
-1191681648
352205400
-245597738
214539513
-1169638603
-2140635054
671292510
-531263229
-1432589491
1890177281
501231608
808324216
559903481
787525481
1934289148
659456296
-634575615
1031172897
430675626
-443993457
-51769556
1134106897
2025430690
1908768310
-1417501487
1304091772
198785945
-634403239
1246854829
764664896
302641993
-1347755319
-989248521
799166556
1819408297
-1267909612
1261146290
1512706995
-6166690
665973986
-1781043903
972850703
1299161457
604554657
-2108740800
1565395560
-268558271
-2125107612
-2109817968
91137380
-1116500038
825877256
1103679924
294617121
-1237445946
448042392
-1393399717
1998017330
953871363
-1301380366
-949388483
-744227352
85654967
1993008554
1008536105
1375194578
1226495232
-1148931283
585742687
-1846199674
-1563184049
-557562071
-889216230
-592176736
-980528873
-883302100
-975491471
1156026122
1373059264
661641355
1911816031
-1988346499
-1541402399
1993452165
-1428007904
-1999996088
-1724373330
-367835481
1877763006
-1238331568
-344325713
1387674993
1995608554
2124757591
791866803
1713419577
164269071
-1961684864
597995523
-401323697
-729373788
-850303214
122739673
-1349437599
-1524106815
-1231562116
-1790936558
-1863024863
-1911599115
-1735020392
-319686621
-1008347100
2104070742
1160158003
-1027435959
898933261
-1710068008
-2009948467
575122692
-1643040022
-1825010206
467607964
-899690043
75638749
1622425630
-2062326057
-1291173147
1741396990
-1615153776
-1380779472
-896574759
1782081919
-5959190
-1491808351
158542500
1964235025
-433851875
1516641131
-162591860
-1088134265
917321523
-367778213
-616163312
-857839176
-1216664997
-2025282994
-1047281640
1563428520
-195998139
-1523039496
-1275925394
-1607114775
1571582384
-373580064
1905223020
272046143
793302848
1806081198
941256951
927647874
-331184492
-1412239192
1740037035
520594120
-691987817
-233410950
-1107304105
-1975540798
643932438
195441461
-1313757013
2094003814
681992083
-789320807
-38713808
-241078834
1121816920
-702367081
-1013089673
219953503
-1435667762
2131067920
1794154389
417347374
-662360561
-1502568477
-984647218
1187350686
1444379832
-1396360922
1109909391
-1556132531
-1510141180
591191474
-2038600543
-327899088
1248471062
1021313508
1894888604
-1040026884
969125781
-1954906974
16296089
60441543
1922439293
1921859484
1241588779
1356441839
-1204247244
-999501868
1264899470
-1392591046
650490075
-1833942433
1668412705
-338852290
515995111
-1022574228
34897937
72062723
-1135728145
552983941
365685334
-668065562
1818591943
-1692717291
1995799523
-1238347585
1501362380
375393321
-784151271
-2008644026
159079041
-1234020742
1823938172
-1895498830
641434970
-353262165
-436385880
-136920158
-1589553192
-1217900082
-1131144827
-569622207
537080021
275522092
1802276793
496402084
1635487776
1364501573
157982046
733414773
1826335820
-2007929067
-1442914060
876748246
1030820293
-225782119
-1911837799
1804310399
106798883
-1818504304
-910768265
-1410039512
1659007682
1935418246
669823357
-2070777298
-84697710
383640845
-1888404911
718228080
-1999392982
502412365
-89865596
-982872966
1356033827
834440127
-1578859001
573814245
558061475
1259662645
1809820381
-1687733763
-882268872
-1259006179
648152849
604897956
-1071050778
-2144515579
-1028599318
-1369859211
1899069826
-1772002719
-2036026274
1375038252
995450177
1930906252
1752165571
1424465732
-1254937461
1051461900
-784959028
-165499423
537707797
-1735069926
-1534492494
798134768
-1801307090
-1868125344
-2093587791
-1803606644
477641559
-361478908
-1343408715
-1697694045
-833189351
-697023771
1879675989
-2008124967
-465247981
1656390435
671348992
-1831755861
-1759946158
1425639140
683743349
-1858818089
-385019163
1097217621
1012395896
-1779556613
-754921041
574972143
-2059503678
-2003090820
-127613058
-1835368965
1834498104
213018281
-380388260
-1871529
-496950176
-692704481
1923300901
-1824171910
1440907024
-1055407762
-1112562599
1716167604
1065792615
615248380
1455684915
-2104295494
-998482175
-126809303
912996346
-1562782878
-1528304538
933371572
-788979562
650139050
1550226626
-705285796
-43057051
-434864130
597465563
-693092150
1388902479
-870424390
301203774
-972078163
-704747497
1678873068
1330658748
469469223
2094069492
-849815457
416185364
-725543833
-148172448
894316244
1223788273
-1753420394
1267200046
-1001274990
1175680534
-69375753
1475116258
2052496929
1357290711
942926665
161064764
1529092945
2071096266
-1478968721
-1089077226
1626815873
1586510270
113755474
-2085245585
1428134685
1807165420
-328759802
-1230697530
233276776
1780847980
1524195883
-622096212
-808486533
-328608278
608513429
924959380
438377868
-315416679
1518842671
468605421
-329363853
326034535
29779995
-49553550
1196753258
-1656354191
1105767710
1926847424
166264340
-1831815240
1746485819
-7476184
1261483200
-1953585899
645451933
1817202886
2039657710
538782826
-1084969287
1827719122
358975505
-1551661542
-1463598413
907332149
493614230
939583930
-675698943
-427197089
-1062998748
-103840248
1287943502
980086359
-1283543003
973767707
-624436320
1931176467
1929173893
2081720796
-3579972
-1025014007
-1500415814
-1413517388
990377160
-1008159739
-832879357
1498226054
-1462941902
-2004787139
510900723
1835844319
229466833
-169144158
906467888
-371794324
2123896649
939521656
-1310390664
-832714580
-1150173518
-303113432
442982117
-177228315
1159678587
-81693356
-1939245967
-1184734373
-2142520692
-880116948
-1335177541
-189799489
-2115280214
135398911
312281610
-1513144602
-1008492000
-1272177899
-161836654
1389025466
763621786
302935483
265828854
-1805528203
-286823597
1689759390
-1409843186
-1012866805
1713647986
927726684
1077374953
582105063
60839601
-1922086568
-266438635
2037096154
775564608
-1317025075
-1705530083
-1424178096
-362012696
-115358427
-1973272238
1687114948
1332902258
530532747
341456078
2051900533
352042568
-439633730
-2092072523
-1352990631
290618461
-1196155096
-1073657666
1591179858
-713444022
-1035026897
-1841380879
1455506591
-1868347719
417158858
33027506
981577876
-1996884730
-1179449002
336626173
408167565
724499490
-1562911063
1486286834
-936108768
2127907515
305352295
-1308664428
-317878895
-1584215143
-1582803308
-1632075827
2091799434
1490182475
1797453930
-1669316427
-273763829
1193768962
1866477165
-143819245
1131546527
2050904508
1379315644
1106816035
-591383600
-700288860
-432532312
-1750769511
-594845733
-27868232
2112303242
-1249179163
1367154343
1162967468
1308210384
1931171513
-887023629
-1733845491
937980249
-1905716793
-1909280049
1200809130
-1041054205
1780118991
402027341
-1270986961
669981057
-463585832
-941686921
-93562607
-844404367
-169151043
-1505165437
550794673
-1136769107
847531755
68701509
-1633538885
-1730553632
2046459239
2092181220
-1621847856
-491280292
1431560470
294082768
586239076
-2016582357
1343323960
788828915
-1453743896
-1570251677
-1920790475
1853775142
-1278364630
-1513438018
1579656604
-1994039578
-510865412
1791569769
1835281512
-696848825
2051504148
-2009877988
-2069278844
-1232004568
-1258128846
-1690919318
-625574256
-1098865753
844651655
-1701586342
2084576485
1693489879
-671560107
-632738251
-618980138
1072337584
1193017042
-320005215
-898593991
-875454393
1922694738
1377407470
-1247817947
-810444482
-1313567324
-1361243217
1285464572
379536765
77856699
-878698100
269616043
-1468172255
-304213616
2071330390
2035003184
1766212532
1092082759
-257089444
319542108
-63521378
-177060464
2061820924
-543222822
-1691417380
1699910224
-1322036356
1273828975
-645955601
1516175231
675223578
-1651761022
-814250474
-651066029
-438376351
-130905889
815327166
1154558110
990971838
2099708343
1150749241
941915763
-818762926
-1579352341
-1971352914
1368802832
-846702584
704298121
282434640
1028603127
-39481878
2027596182
-733440558
183931229
1498633392
2003974925
71393818
1864144584
-2072347238
-1583060185
403294260
-58089229
-1903186305
27683037
-1811169655
-790288140
374114852
-981386326
467025232
818389152
1499630033
-1977393259
-2038938557
1401657390
-813081567
-1927176850
-1499854954
1029249561
-1542202086
1383506775
298285092
942694731
5503868
1384456582
-1713464597
-513323657
-2067325091
1587048264
1137140666
442448326
1015670261
1130101832
650250024
-1620108875
-1892989258
-108916207
-755763256
-514326467
1441035680
1633069520
598409882
-1437043405
-205777198
243489374
-313442621
1783971057
-1452239005
1242931838
-276577152
-204179914
-277954702
-366406814
879320920
1475490378
1456918907
1957371764
1585819537
675539813
-807154964
-1111060142
-652710172
353533265
-1926391305
-1629425895
-471872397
-358054834
2037931178
-789295643
-1257237510
-1007860171
374340924
2025085336
-1966992315
-1318942241
-305086552
-1533700901
1396504801
-2078408505
-1359833985
951719266
1486326550
985474797
-894024454
1798783091
326635028
886881533
-2031039410
-1470346328
1635330667
-1366605648
442659396
584680946
-114451264
-1698691214
2056026888
1663347937
790862781
676781893
395411520
1282855459
1071917385
-1700111900
848938848
2021954890
435798777
-1813699029
-1191827140
-1244023342
-2083707451
231021493
1590779614
1540178273
-622978818
2081479878
-253180007
177463888
667513983
-1934937493
-1430061986
306844266
-336800222
-1438808352
-1888762803
-383240718
-1517569418
1915036209
-484295026
-609295638
1163979950
988089635
-1646307998
163174546
-1614642725
1075363412
-26751372
625765166
-1557277859
436336032
-587297675
-1680709620
-512480105
-2087818810
1627444711
1958524357
-954720287
-1336398773
-956320457
1628517570
-252266814
1324214173
-1031354863
452568066
441905502
-388080772
418513904
852856345
-2144515795
1674886037
-1900450317
-317750661
-1459082515
-1681271697
1873974263
-1858724102
-822764583
807934602
2050318561
-203575923
-1325302245
-620820539
-166545861
-1848157614
133113982
-733713664
1210100994
9913813
-456637081
-1847030271
2064224189
91420562
-1157223163
-2106829413
1799872977
1475736760
314191559
1761001484
-2012542957
-215843025
-596869618
-1445370457
1113941663
844153052
397456931
-481697870
954075111
-1732319453
434776427
-1978648175
747446542
-1559694675
-475435047
994627619
-1483995274
-135839894
-340793181
-44416149
-1745458281
-1778448167
-566418632
-1725538701
-1203507950
-1753190778
-2129304720
-2088298132
2057198597
-167658284
670020869
-594077159
-230016095
-1983906308
-1930608063
-665364882
1501321720
-1150740651
212001273
1496956276
-598699749
-149686571
5836985
-1422718353
541263204
-1773169449
2058733888
-1821104575
63862031
1719258654
-163123154
1611512592
-1863881457
605772313
2040219387
1103552038
1882552095
-1139383960
1828919851
463074329
-9923306
608794782
1777409727
-1797704917
-1004888705
1864434504
-293129490
-1087477773
1670466920
-324189394
1348597268
247455804
-1213258886
-931948584
-210670613
-486629332
-2018617271
1905635923
-1948508424
4212136
-383612947
324124981
-1613924793
1334394359
1081270481
-1836394275
518468185
420622757
952626122
-1975968769
1947813213
-245511511
663044459
9791583
589462174
1449277641
135839895
1909230556
-1339055811
-996403139
1198398038
-12434001
355872287
18259602
-1141979412
1143773172
1895991592
-1076940335
-2065450969
1976839530
1723955624
1536740832
-745579271
122607478
89089557
1476779047
1454099013
1112893549
722426619
354771318
-1084089091
-383357422
-1867051729
-766859739
-1970443924
-2072276899
-1029944502
-1763394436
1668074448
78616702
-672951723
954042709
1796042283
-1567661023
548846017
-984730880
-621897894
-1020245774
-73012583
1959860838
-1762715802
516598882
-1513859590
-560479632
-1548442343
-1522543701
-63611198
-1091745367
1085472980
-270651374
-1879692666
-1254860255
-788402016
1600629611
419089866
1425650580
1502505346
-208553758
-1284143253
-1549618228
1193572882
510602743
-2070823072
584155459
1620363854
1051731914
-2108441439
1024375819
1242678443
2007269528
