321731403
-1588353360
-2144720342
2089957435
-2015027312
1091051721
-1030450159
2050274417
-1741766773
996708292
1539941313
-1421657432
369463107
-1341941687
-220868536
-97433942
-852853928
2046584730
-871247867
1131189778
-898271745
1243960912
-359164089
-1473975262
1950634059
-401243575
-1279910604
1672199892
1076323245
1789498336
-1830679829
-2089213650
1425067966
-760274337
64993517
1155825370
-1353494469
444427185
-574284104
-445317899
646573903
708137819
1916311732
2090243111
911349784
227400877
-348411821
1824405491
-1072312988
-1800301516
-2061561230
534290255
247204026
956603506
-1271922683
-326860169
-1687059039
-1477291568
-1132198668
408052221
773618972
-463685165
-1471925953
743516964
-1907223181
574042510
741707879
231755119
-1446213064
-1434906793
-583025904
716510580
-1211281272
2133601213
-224895262
1078616309
-708396143
-1691974215
-1455103823
-498139088
89974101
1983739426
-1794016035
-1887938443
2122702765
-1867241882
-1020294662
1172577273
1586327951
-963756426
1906491826
-1236456726
-834607981
-661979646
1321186282
1166340547
2060166834
874263782
595314723
1911806176
1712702545
-2131767581
-1938722526
871930197
-1593737603
-1059461487
-293505325
-450393350
-202014344
-111635564
1059355242
-790085686
351633268
-70653938
68032715
167837805
375600030
905957716
1005932332
-1853555182
-1029828259
-1218129949
-1184102921
1838370178
-1353178149
849328788
48883188
2124545906
-874847804
-1747713777
-1764959321
-1041110504
-539035316
-2088820355
-1319899914
612169728
-112830345
-1328855679
2076132623
209326111
-969411180
-1623573912
420125320
-1649480920
-1290724343
-636798818
-194686009
1467574814
-1063763626
-1359925661
1239289251
-1208008151
320448083
2027323839
1089300555
-678686291
1725319356
-37323341
1692810854
-1894567271
-709760785
1004789424
2131733115
1716248060
-1516951565
-1814613428
596606611
-1103924003
1791295932
-1365836237
-611184099
220922443
1707157420
605479515
377915920
2007124658
760151901
-1752552837
-1340801194
479460464
-210810467
934904509
1122379624
1698420135
-749161031
-843922510
-139828427
-190262444
-411966210
1830095237
1850234952
861584800
2095686268
-1901426061
-1829144535
909878646
-1355525363
-1289428870
480057858
205203285
1688330645
1743239760
1794181765
-1948612762
-290477174
-1508300906
-51857907
391510736
418263478
1944974413
-1622519549
-1677151669
-527789765
-1801730168
1145807490
1164868083
1359481048
63043939
-1805757122
-16842146
-2001334678
1085625395
1089860257
1330390768
-449595212
-869649154
-502272970
1133364589
102334818
578535213
1088968522
-765789489
770614090
1434851200
-607371568
670685529
-1876977419
-839591359
-1029394555
-475272213
301956958
-1136246596
-1478237612
753867416
-1254727431
550939117
-936367877
1192215669
1469754614
-951092613
-1564573459
-1847450957
1066688198
135235557
252244090
-1253685008
1628215773
-120421638
413864492
-1686415671
-1110131270
4199822
-504270220
1098624691
1503409700
-2057132182
927900550
-1109047797
222071733
-275710332
867380096
-74554774
-73959268
206909039
1978904785
-434612162
1807418781
-1701934316
-1271199528
1641488022
-2068057252
-2085383518
-1707340597
-1501705156
-2013858853
-1057750334
-1682876198
309154312
577599553
155880719
-319333997
2089027187
-1107618083
-493822267
-110146680
1898042986
460115305
832565175
689967406
-1107415196
794010514
-944649082
1861485319
-1532365130
1090548151
-52867057
759242243
-26664411
-1381052431
733446181
1631269923
1656014268
-1111396013
-790789760
2110128992
-445666592
2136108914
1405441780
-719890742
2145698977
746474023
-1220878363
888641011
-2125982382
-587685997
-290338310
1567712909
501733723
-35266461
-1533253104
329729105
415566668
-1461353388
1453502577
-1131400414
-1624795850
-1746107655
-1093161915
63631218
1647559478
1195906235
805261895
466174180
1019988817
1176305697
1843231420
-2071243981
-849248633
-1338509486
1822575265
121452881
956921634
105368023
-2095612893
629604051
1080186958
-874352988
-311084460
-1383994485
754447086
2034379352
-369327077
1833688438
1072915372
-373795389
1474316907
1029430488
-563708334
-1012430679
602258870
1162432165
-40756648
-1414583099
934772388
-1645647581
1600918717
-154223344
1215211008
1270664908
782441242
250033474
831510514
669086584
-156527629
-1369082472
1659491955
979054523
-515753904
1397268184
-593082628
2026350219
1954951819
-345789806
-860577920
-424124122
-1131030932
1676264359
-691900771
-214416078
649479794
-649518321
-1821150451
1068484901
1002412659
173044950
-943770014
28150502
-1861461145
383191399
293674738
290401460
2076469375
-1495247092
1436757263
-1151296441
1867028860
1337429940
-1642408069
1191585844
637907519
1627934455
2104671002
489162645
1229618075
1892000855
-1575808535
-635684888
-635038350
-1040122423
1613112622
-1569336009
269538815
-2065254797
1830104817
-1733341063
997411439
1965968821
1450008234
-1395185608
-817615689
1420331629
-557583045
2008876915
1865376417
2037780087
153857056
-761827643
2084919846
924130930
1446829028
821578694
1783846659
1729995209
1607800278
-546757968
1358595462
510566129
1640637692
-2089963963
-425400664
-1912555537
1360505416
204872176
-304846496
-809145571
1473103881
-1942472150
943310133
-1741480916
91918500
-1250334945
-1278875115
1620715884
1496263811
1388895632
-2050877083
224366922
1188883276
-1580938758
1680342105
-1979847654
1020638294
-763207176
389303172
-1955217897
-352417192
-1135366171
432266162
484599207
-1963321757
-2119437115
-2018237451
-914806302
-1032032751
30262373
461213949
-410243755
-27752194
-1812185152
-1462814291
-2122102526
-1729422985
1067127203
-564606742
-1470557269
-124928911
-46198380
-831999819
793418063
-34032451
812364016
-908985733
1045202676
-165108360
-2032691629
200165547
683724455
-490668089
1926564667
-154804855
605292481
1446713284
555818991
-1531921599
-157675669
-1849879373
-785995363
778121535
1718988131
-1200410504
-135233854
-1837536579
-87080705
720960077
1406703054
-472722787
-1285899662
-871919441
-1212683769
-1900584840
1668113485
-1720121703
-1573565780
-1061543178
-756530871
-1459591180
-552634274
2078120799
541327939
-369553075
1193358523
-1584677262
-665331577
-1264103736
-291231668
1707912821
306489424
107968084
-1977498976
-1939438963
-1669177457
-1591217889
-942704456
-1855869105
-207260437
486402124
-1358559835
1108534422
-1605446903
1336641763
-1873178256
1015313558
-2011646964
1681527561
-1731009991
-2044291023
1232548191
997795952
2620322
-1051777911
2091617201
-2114449904
-19607443
545686997
-2007666879
-1679502058
333113955
-936832136
-14829477
-1795121380
-1661391753
-406777521
1504345121
-1709739621
-1113910485
367981130
2093242766
-983741283
181475123
-654659522
1133598392
-822511434
1402607191
1283607800
692702804
1243889716
786425501
1600573588
-519032449
-1127577707
705132454
-1520805616
-438525509
116259129
-1776867752
1921453851
-872831177
523221080
-58972483
1190138931
-509638830
1046400821
1369581610
531283438
-1190133918
-1144861549
-1994483805
1461695126
-731093072
1517175912
1600332925
1751694075
1721533127
-731109424
100756293
1440308613
87850222
1985357892
197389024
487429768
300736497
2081528331
-411129869
-1665449508
1707573031
693340656
767304324
2134378923
-2073518159
-714868172
-997096991
426700428
-315891457
212040390
-1741743424
102612177
1831905688
-1294626639
74494887
2044986140
62004249
-1704615723
-1643959410
-1825415624
-1468344194
637751769
1726703298
180497957
1107103136
1313773919
278177291
-1020589964
1243324158
1276831865
1732946961
2041347029
-29793601
1683237724
-1301916421
-862455570
-1125139465
201822291
-273054632
-2043677587
572396841
750602742
-1305375422
-1970366880
219676428
-1972387685
-780830528
1836550851
-1932527726
-1337989365
1689767532
-417478822
2134449445
-825383304
-62274731
-2044765503
-738569677
1242994094
502788902
-695822143
-349072148
1949069193
2115438471
314652644
-1884385462
-247989082
-1129778750
2037593162
-319315119
1196713053
-378955094
-887845955
2094856088
622467310
891038904
-911857917
-493795321
1668272889
-530555786
-54819724
-1434943775
-710193101
719934239
1776023499
-631743996
-1250768553
661004167
1847038784
-1785225105
694899545
1929761080
-824635947
150776837
-842031135
-780164643
1589590768
-1859892336
-1211248393
707383524
-52566231
452346119
-1891478534
-835709602
443493989
367845395
-1454311466
-442185176
-2114216157
-1185312561
-1732464011
1597388880
-1802453227
-1607976241
837929333
1728291760
721601778
-432022428
1069371932
-1029440033
1806670730
-1883319779
99105928
623534922
772178458
1765118607
-1885643222
-1408055651
-2055676447
418046553
-1143656587
-272404889
716050675
1616954466
160510161
-34199300
756902476
-1291736476
-1966331178
-333030755
1842250535
793881006
-795886154
-1840297514
1060216208
-1686652891
1977807865
756567591
1527175224
1890530699
-2094740368
-935148314
2003061640
-210615037
-1036980381
822603875
-1135057928
1144109780
1157497612
-95214260
1705446816
-1233673619
-2023206071
-1532564909
-51018482
1318953128
1624424588
-146674163
-375266982
1225832018
1181952533
-503122147
29404024
95430379
2059323235
366555793
1418467021
-1502771287
-1262607129
-964655989
1731571460
1848654530
-2108180486
-2111848668
2059702049
1147067115
1444625937
-1537678452
1773630933
1184193307
1929861935
-256257675
264456980
-1657348460
308685722
1182664881
-1568937244
-1258910429
2020916433
-75996903
-1606530696
-278730843
-1353408068
939908273
277890173
-214736691
1007031845
140048393
1604040114
718290469
-98802329
-1031856923
-1699767618
545850706
-138049436
-1032316128
-955554243
879622555
2010721980
1624361932
1407569435
1409641900
1781704506
-625458530
-1243501787
-1604457066
-1495508078
-1232260727
1379450333
1200260377
-305474743
-65051992
1544383629
-1012488666
911241716
1975872608
-741224802
2001957790
-967678812
-1641217083
-1195140823
-2038926240
484078240
-1928900
-1000226610
1580069506
757638484
-1515525278
-524688188
-1336440099
572717962
-133997524
1907939121
-1965444914
-986670121
-1833282481
-1869949252
2143103547
1114716759
1876259042
1674399071
-1488992300
-434592356
1361033024
-920835967
1057086875
1321316067
-771413197
-643162557
779370405
-1643454072
-1643175090
1428714522
815974177
1325579707
799473561
1644173981
2058593177
1611688564
1559963251
540095135
-1657537416
2002850467
540830644
1666404224
147760843
347169196
589841937
949357248
93451083
-187837678
-164202812
754891988
1253431451
-1449408143
-1207498900
797470524
2082733517
1881710769
-1541946831
1468554197
655845674
1281044344
1184270379
1258982763
-264120526
-357078048
1352149508
-805341806
1346436577
862660458
-2108578085
-1488155723
-955367373
-2116676047
1114371435
-413185681
-256403990
942576994
275299180
-167569383
1968745358
-1157110549
2123405113
607126435
-935887179
-1953118094
474603442
59852455
-296224124
886358920
776011363
1642070971
-1207019403
2122147102
481937381
-1960853498
-1555019430
-65251785
-1544325500
-24153323
-369022303
-1374674977
1962879777
737886191
-2139763752
1355340891
-1593632678
1967663974
825264243
-474658911
-874333209
-2083232849
-878790195
1477174026
1340525126
-941888203
11322732
-1621745595
-1467633510
-1967470423
160844681
361678734
1092079824
-1998395811
1470904782
-1845228256
592501763
1324186322
388154977
138480104
-1693847775
731154575
1335203617
1179224954
1065244110
400208692
1930467630
-223449272
-1747511416
2088021966
-1940894546
-760218352
-805326069
-924260757
1322551502
-1442384746
1568713718
-888203023
-1416823801
-1169931629
-1597845842
367207211
1536617634
1111658733
937971329
1513826340
-201851523
237250087
-73981426
-1138573128
1908013839
-1861564390
1038238181
564264807
-242748248
2053019109
-2043302550
2094030188
556606973
-866906847
1963153918
-931076851
1616540900
665890393
-450006945
97922356
-249591973
-53414728
-1710457777
115472959
-1009732146
1122604292
-2051640717
1348311059
-1780261479
396965835
-837439362
1204109687
1272862666
-1979768101
1856854926
1022503070
-1407936468
-702642698
-1965375275
2079585541
918304896
1981636294
-13001604
1587792511
-1739295731
-855037938
1791716035
-1971835507
-1317972133
2033895458
266348396
-138258189
53225530
-648645992
-2084495527
-1326262137
1440991753
1291546944
17086579
604798284
149463604
-1309472688
1299993550
1934229182
-916209410
2146232803
-535056886
225172847
-1652469120
1389030564
1330340348
1869175506
-1427989520
1164245446
-217157236
-778528170
-723777242
-3578313
444397792
-2029043786
-196604324
193800980
-1483444295
1883119247
-1207967179
-771575458
1770003741
1457508146
781669376
-2107300626
444768566
-1300546373
269042237
477201062
-1781286534
-549945246
1557558623
-1916414487
693347083
2111282704
401662675
2029148492
-114835617
-1736575435
1307155520
330264205
1181376291
1846051032
1450700560
-110714429
944887644
-371317265
433354799
-1217647657
382813391
-501299472
-104124397
-869685198
-386424413
515952039
-351030533
1498542519
913838404
-487041974
-290502278
-1639884045
2098235017
-2074068278
-654281418
-1574128237
1580345368
1779350891
-1790442003
687136022
-509536503
1313104022
-2073036103
-124012349
-1929937975
-1728231955
1707914132
-1548556068
-934150848
1033518752
1543583517
-34893038
-1003878858
1666723582
263950491
1181876796
633634034
-861825202
-372602302
389483843
1558303012
95376864
-1637988427
-1544259231
147227652
-861211042
1348043980
-1764177014
-92172614
1708532327
-172917610
1721384233
-1865921792
-94369955
691453089
-780679153
-1525300731
566936958
-1962841992
-441811544
1949664660
156253233
1264562540
-919036561
-1539278987
-1546205278
-1798469993
473898659
966009619
217826192
-1670856419
551395642
1236503902
197322597
231035061
-969147882
9084658
-220803194
-214356889
-1210069386
-126120840
507004908
-823129193
-889458001
2049958220
-167826445
1066609473
-1479901158
1553797216
-1263997070
-1252940923
-1466050992
2051452767
-1835129589
-1646653082
1516501908
-188301291
1499043267
1067358414
1176178832
1564912653
-2077180460
-1161264427
393005892
-971385221
-731462975
1355873346
1838296379
1498736732
-953141589
-284641199
-1207965441
1347107547
1876901091
-860849226
862923470
-1299315722
1809114048
-958344223
618510477
-1633736351
-1571960911
-1818263932
-1168401156
-1253843542
1156404117
1046824273
-466890198
-1602131043
-1605619127
-79736312
388013867
1259394025
587449730
-689750352
1114873097
-893640445
251246045
1102931492
-1830512905
-102591158
1498148916
-831178544
-1846953524
1619990379
-1301371853
-1579443780
762234543
509509894
-1089267670
787711946
-1840759538
-1440107631
2089248292
-1643800773
207269843
1027708796
1034712631
498270071
1388689881
-867604074
-777991651
-788184819
2003125660
1503525550
1075047939
-775706633
-957146064
-352402051
840934049
321400355
490598260
1477967555
113317002
-626949586
-695577721
-1076165713
-1193429820
182990450
-1618650247
-1719350653
-144406885
-309765054
-411579067
-771212936
131462833
1349062516
-807132929
562857950
2106167130
1138996767
-1062682807
219024775
1302994470
593295525
-1687997685
-802020251
-162128194
-1317554701
728253026
-1991966606
131825395
1394767879
1550852824
1868734927
1860374548
-44553038
-397067050
-147176144
114375039
1630348958
792146518
-1746012554
-1310277510
-1262703981
1681595612
1166420381
33929539
369855733
-281200986
-1148486185
1051456869
-1556569199
408380194
-958984455
-1141537972
-1180954728
-1201452385
-204736234
1217336091
1476568042
-1462371001
1412625001
1319720125
-549262440
549343564
-1877270665
-881089734
-1539468124
-1550946206
-1515092619
-1158311605
1060324106
-471054228
-1087193370
388246319
-898232317
944493433
1647367816
1036583359
1713191304
1674668785
446786672
-269593920
734381588
1663670795
885426548
1076159096
483598510
904340354
1296483528
-1983030653
-1689325274
-925946233
-1930453013
-275234330
1236776094
-276377864
-2014888765
780460644
620878412
-208380718
-1933520378
-1369919728
-1241028483
-2032513308
-113671716
1443758115
14577116
-1210544955
244938434
-1823328241
-1857109261
-379819000
152005297
1427678675
-1608261646
1159122093
-1709507457
600357009
-979383633
-602732326
-1468237948
-1964812195
1042309358
-796873782
-1771638401
1231321175
794329825
-722656252
-1558453573
618870267
580051441
-718674736
98933869
1220811191
-1819510849
1072605926
2144878944
603344061
-808392347
-1659971480
-1642650413
636344346
-1067230464
-1911284717
701936545
1276788999
-1423804558
629135280
472992674
1966741119
-1694584732
2132277711
1281860945
216089617
1241905801
2025537207
1301001134
277954039
-21460438
1384385688
119479909
1042242150
1934513117
1170235138
1629272624
-1978209241
969758103
-273123942
1635165049
-1047924123
256699365
-693814774
-1115103422
