-1047758958
1415863262
1463880887
-1046146428
-2006917471
2094192227
-1727815254
1354950574
-1119564814
689092880
1896710032
-368526190
338135341
-491440340
-562702421
-881269088
-861518381
258294856
87670032
-1361026814
-1731055418
735906155
-201604145
311944945
847259151
497088914
-134484394
1233903428
-792791845
2096314711
2060881174
-979440311
-1117945401
1349078511
1029633126
207895256
-1992668835
-1950791847
-1462424408
543936420
-777386275
183687635
570687657
-500397612
970687295
-1112794480
-1429795251
-667120687
1962594424
972084136
1951317355
-666750111
-784960260
675193680
963789046
1846865397
887966596
-2016978358
-1698822564
1848016446
-2039211248
-2732642
938424114
-2134735099
-531748049
-1748201590
-1166855920
1580953404
530864254
-1108130890
1821120441
-168234161
1836739949
1839366827
-1356208769
1959655359
-2066037943
707690630
-1483104795
-2025819918
355233653
-51123480
-1138588027
-741903292
-1469546245
2096607792
-171734476
1555088993
-1658383805
1562227180
-1950274973
-1298105643
-993709279
104656012
-841571640
-458065692
175173396
1133465176
1239622460
1131346326
-1325861940
493235107
-2078915610
88101654
1997642732
921431616
1663899545
-416701124
-1801887215
-1555126731
-1350336389
409156456
-1820131309
1681289646
-1177310490
1148893073
-1800683894
170258484
-1749560686
-488482147
1883814035
512898334
-291457549
633077234
721295316
-1436357305
875912159
-647916980
-2007003972
-647844863
-1288237197
1005991889
-1177975025
657625928
-1068583369
-1788329118
-1451822431
-606876870
-120134528
100517171
-1783661471
-938705722
1762153493
1359635613
1126605721
68502435
891592981
604415282
811866995
-128496764
613773591
-1657935599
-627949378
-1345155959
-457938797
1363788924
1184344050
-1857627400
1431474815
1269200551
-601028751
1186053676
-379838915
378903506
-202309105
761152205
1952421812
-1281266535
-913336876
-219988927
1619918267
165944970
1479226112
-2009093791
-1573168450
203176440
-846086322
-888393617
339592091
407894286
145230205
-659298744
-1509760819
-1788935130
354054411
269866197
-1223531061
-385671333
-502675901
638842055
-1774839118
-1347052196
-413686150
682331779
-1293525983
-520574077
-307898220
-713148839
539243875
-891237595
1548774861
-1284384772
1859680467
-1330901973
-152917322
243369262
627145340
1324997857
-1123877764
1614805946
-1737535233
-1643150579
483556976
573052583
820560057
1019384387
209769410
1072078506
697382180
-295439496
614291856
-762565156
399142014
1218138580
-172296929
-515040596
-1689077337
-322174773
-1853095321
878747158
-208994225
-1600540818
1576019668
-504387308
-203567280
196377853
-1882846134
-417915563
-2037170857
1668891329
669993066
-1895277268
603155402
-2006178024
-1894452205
-1953601846
89379813
190893521
1218426667
-739447120
1992933926
-914048583
54414495
-1267585698
821994475
-1263160458
696369831
-110406576
-1387721896
1775716754
533134158
112647722
-1426616962
913817050
2048471345
-1456525775
-1142366535
-2092567575
-1926134650
-472173827
1784598873
1994339583
-42740640
1064960108
145758851
1435819286
101279792
-1025927974
1196884313
1144472887
-1791087217
-1262994034
1964596312
-688619767
-2108846535
1341345398
-1578598142
1060025770
-937942436
1337794839
1977485756
353847233
403424019
-2034266434
1151636984
286846675
1159446828
-525379077
-118888298
-1897101354
4146225
1026046799
-982906745
1037652227
1925715366
2079360292
-537311309
-665145104
1061444750
20878077
-789752803
1584585437
-339604172
-1953925139
1688450883
-359472051
1215500583
-1089363891
-1677366
1987452888
-400725115
-1796908376
-791326374
2094518591
-1800217220
1592818682
252049095
1674022593
-165687538
1072010010
-1795648912
-1563302996
-1944485869
1875009395
-1793828628
494405686
296732036
60325626
-346897950
-1228225908
1390860021
-60913829
-1663304905
-1817590485
501346403
1545404021
-430642577
1198136943
40881200
-569514488
-624861108
-2017751703
5650794
-1803759955
-35429701
1506660341
-1765125549
966829574
-1876250384
-1590411766
576132893
-24660939
-304749105
-770226605
1649176821
1472298129
-1860641651
1495834623
-403906238
-369527401
-30262377
1036535252
674259246
-1267676130
1251232178
320179850
-1051249308
-881547826
-1679593117
-1937181098
401586715
-187590958
449779344
-546804284
-677483693
-887341364
2129633895
2100380105
-1020809889
1840398601
-971052674
-248516328
-114353758
1641417717
2037272634
-1506835788
-803712099
142287825
1446007157
-978374202
1471261224
-1015028574
1891715931
161907376
-1693382401
-1620250772
991278740
1506612577
-594542976
-1818118496
-254661721
383568106
828103090
1566105042
403954333
-1902508975
1440425097
-916037458
1062623460
-740869979
276430439
1211938092
1078847862
191230034
-2122114330
-1226482430
-748969158
-1422327882
-591173420
-512976294
-1984751190
-2128565517
152216958
-553174075
-1684051019
63100166
-759472079
-1321946258
-959456026
805211160
-731827715
-1534136942
-1938662204
1477150484
246164924
-1491297745
-362504068
-174364551
-1242772398
-468591109
-2077576515
-28583311
-430188235
1932959383
-1847321117
-149563359
1473127215
971562500
-1285090217
827832385
2028729698
1613027670
1983593268
802999535
2088279181
207871654
1554250542
891202752
1228307596
-1061286324
210009007
-886474472
448297509
1909095246
-320492478
-1571965509
792313089
-1216585966
1921581108
861898147
-1734275593
-1326230437
628670584
-34840301
761615760
-115356302
-1657727029
802003180
1834811079
1786526115
1292582168
-1022411970
-1092992496
791580139
-1589223396
1049111841
-1106076517
1877812462
614480973
-302412346
66058201
-901961170
-651594248
-1789348152
508446014
-313523078
-1423956568
-381129273
-896495031
1730704291
-1671612978
-637854921
2024069313
-788048523
-1870170466
1996561013
-801239232
1705723365
940149814
-1356630245
1216364020
1290636934
-1745478907
-795038828
-1009607772
-235267774
-640166294
-1459211022
-1169688847
-486057403
237065627
-1033170946
2102259678
-1907464900
684380872
425489296
-78133870
-1353539137
-404080513
-135832543
-1706967973
478925578
1509171537
1746844830
-9019402
-2021890317
320515510
131557502
766453261
-2090254312
-1456909267
1534069526
1170093312
411529047
25890727
273727531
2053591784
1304924290
1075482661
-965533239
-1289076520
1638776403
2100449695
-604184750
-1086257563
236999069
-1066615512
-1811664423
1832448360
-888741948
1642248270
-1690910288
-189444606
-482988945
-675723578
126931263
-1151919393
-1648557445
-273341879
886817047
-72008257
913385522
2123721912
1535656262
1510276146
-757407044
124051590
334087148
634043554
-1349468971
-972872874
-1709308658
1458000790
83657920
-937550110
541375401
785801524
1688057210
1626178591
-1437022198
-2127133944
-798179533
-1266623330
1111323484
-1191420413
-2142903559
1771228725
279417986
-1237465915
343512502
-1160088354
1773383207
462585374
-200565156
1023276766
-814261742
-706973742
1477010270
987215657
-1829923394
-568249956
1324555105
-1460549116
696435753
-147108747
180016435
1764855788
-1400997652
-2000049643
2090306300
317168310
-992583541
-1977091911
2065282226
1075200247
-1831413234
-1952250073
64097746
-1325169755
-758966832
1841847535
565346892
-2125387266
-1890071146
-555707662
1465677502
1746941864
1849223651
-1449643992
1343152101
762519833
-368858999
-1512894819
-300294833
1683251768
1464080515
1642237115
1776601941
964516676
640024322
-1894314289
602865736
194222069
-1884915259
-718695227
-1912428310
986768608
1938617005
-461215690
1465153568
2085410591
566704272
-1406261596
-71164444
929344048
-1221734068
1034071043
1393342848
1680381981
-2005739233
-1433820805
-1861502216
-964423715
1330578230
-1881230228
-693639225
-1656197638
-1020948605
-636765774
1949660878
882383731
1620134355
-410173143
-71338103
-1431685405
534373919
-1622254221
1548089475
1790782434
175263265
1838326776
1226023180
-560931670
680899626
-1036932818
-244927960
-249085443
1528987442
2102885658
2146738889
-1340824250
-265329616
1496443925
1854851905
-2120820482
1002979500
1999275987
-1818110991
-2026040495
788892305
-1295401823
78699334
1163939584
-678794937
-1419806995
-980908314
289822344
1034079233
-867033845
2130015269
147316100
821825875
851239222
-1802716227
16010319
8918022
-1575833644
1322024126
1672749549
-1295797969
-922010115
147169987
-116060117
1167530878
-1468793794
1977572198
368653828
-1986555949
-958991975
-396890379
1100291141
-388546794
176538320
-1154617243
-1682024332
2129232199
666331618
-1923614586
-775489042
1401857491
-565485099
937451640
1287660878
-589564630
581782198
1742581597
750813717
-1914062963
1535134174
-1885884593
795958919
-1655024340
980003446
-1296802412
-2031112749
682287983
1170637372
390539792
121390198
-949046381
-745513338
-2075117062
-1370949920
-1180912007
661732743
-991911470
191266390
1731119546
1330075600
821283474
951142426
-2101329410
-1369604583
22902307
576295626
-36026738
1621430082
-433121518
-1903854075
561107494
2022361748
1575907203
1934749780
-1593545457
-741342645
-2094879899
-2124318906
-805440403
-496635304
-1134794265
-1632205348
1088619221
1172389730
-198153687
1099478311
-647967198
-185081330
-1310470346
-207951057
-1222865271
1557922431
-1006358734
-1366127593
1546240745
1718257696
-887823921
-2027021954
1353705063
-414424672
656294405
842785831
1589472058
-1147811522
-561850622
689419227
2127498947
-346093242
-2109106082
-1904178803
-2073044256
-41515814
-884227694
-838475841
1002924160
360974581
1336404138
1247677733
1748055930
573680045
-675066822
804105607
2052140954
653176759
1362988174
-1293798165
-1094279427
1002789424
1674200100
297799922
-1495250530
-58427238
858207070
-1201210238
-406233552
-1102438108
-912460941
-896177755
-607099859
-2029189331
451110054
1243489712
-2115602642
-1350158838
388123579
2056362919
-360291459
-1783286777
609866405
877549791
-333940760
1632948652
-1056579453
-1845315611
-991878953
-1539888832
2022341837
-270281314
1523949729
1793299090
-1876512310
561788079
596867354
-164000010
2098111045
1144435486
1298946672
-242749042
-786119041
-1074743751
2135010103
699910090
-1764391833
371765430
-1123549759
-165755343
1024956168
-1307810021
-1820588365
310721888
499579202
1107072608
1410853076
1210571603
699877308
1683087570
-1410274776
557694179
1781911065
-410442439
1511188029
-200305777
1317188457
935044157
-311422525
-801840258
1481374177
581539845
-992943262
2119736772
-743684657
384049696
-1516685880
-1858692380
953851847
-1005735000
234157824
26720661
1859626530
1207325604
1833957642
2133501385
-365436504
1087072174
2209703
1366526954
150090124
1978196693
-1823529101
-1494401946
-1089174888
-1185677628
-1393434055
-1726315667
-944749144
-104471773
-713735038
317634809
-327984804
-1431380164
569331823
-2015310578
1551457032
50403809
-391878200
-445885374
1932301039
-1759782003
1073889108
49830016
701296561
1545524937
-1336969878
-1252789752
-593050367
-1249963311
1309861320
2138369209
661275034
791501943
1343129762
304414098
-1380986765
-2127011514
2094488318
-1676784522
1824839985
1540544745
1926551102
-1956620753
631215068
-699899698
-1761096450
1314024116
-259005483
-1494094330
1017233695
-665236562
-1154585081
535099758
-2039281884
-80105672
1533697629
1244056083
1556564668
-981882138
-878079885
31424978
732776607
525290249
-1024061553
798937151
-1608527459
1548409392
477045202
-813797432
1129540339
-1092641552
-1042066774
1963774233
869081056
1406535144
568078474
346855616
-1189324681
-1294031361
-1464094243
-1497640172
-2107979338
925719791
2048292151
1889534547
-701312296
192450055
1920291021
-2113770742
912120807
-667919060
-1386486489
56246969
764512660
763246624
-1088870637
-191322954
1995168330
-1797443578
281154780
-1180405423
106659968
69199653
1443236540
2089974584
-477950386
-1379854612
-1685099890
-714561763
1231734339
-1666715083
-1734702393
50389397
775824757
1817831373
-1701306202
713756483
-1534100776
-970487500
-581985878
-914662603
1953308627
544905632
1883838532
-1432057971
-1422318064
-616068793
-494008370
152314979
-1628598637
201646302
-79004741
71356650
964976142
-1330683556
1741213198
1870195409
618406514
747232259
-790351600
1283608555
1139195337
-1095498080
-2103039940
-1119742447
-2072409534
1923338256
864951422
-464691897
-1963775091
21035270
1967226780
1722982429
-1487101591
1595602188
-1856621836
207431255
1609592698
-1255319609
-1580194457
1047166415
810282591
774328958
1627806869
-438035046
-1002694140
242157020
-1221403318
-540174486
1649963315
-1318999051
1748248375
-275121358
-1296844175
1054727814
1497249764
-987672305
-367803897
-1187676800
-811317019
1767460198
1335780702
-1451689529
1455668555
-1281186999
1392213904
1994786870
-290721187
1789827358
282102586
-362807066
-156899448
1846985602
1551109527
-1871155536
1635381651
-486864278
-1392238902
1878168303
75558166
1821924491
-1293114502
-1206591094
-781081556
739030268
-962655324
-1110984399
213015399
-1365027048
-888755541
2024856550
-771638780
1380869288
-748553037
376400830
-1496743585
-1700711870
-1109758672
-1844154392
1470154665
-1208943125
-1212583239
892347886
-995448361
1148709891
246617122
-1366514885
-1713788707
1118858850
-374658360
-181237028
-1141955045
1658681789
870053422
1960631178
-1533955305
-703189682
-1264986936
1070406119
642525293
-1317941068
-1789315561
-113157368
2012395523
1985694743
1683560949
1608643379
-989172096
2078375567
1973793073
1486146793
1503844350
306976454
-1286868130
-461329370
1255717885
-1802317349
-506446360
-655695386
-449567589
-1664138103
-729329561
-1858194453
1317217537
127898248
1469200951
1127349437
2096501536
-789399502
-667742904
1995753458
-1336334179
1897745002
1228499506
1236135599
-141377783
-1247817543
-173852277
870185070
1800182613
-67756615
142550652
-1218591743
-903742332
-1202107978
2078518930
-2043101994
571695522
-1261161583
-358163759
-727801733
2040281844
10791911
-961546738
-789735324
-1210713488
182562419
-1451371394
-442651668
-774424721
1879133616
-1693351799
-303903079
-348857952
241120450
504783076
-412414301
997621568
-1668357226
-1138873378
-1376606281
967742087
995297607
1935162361
-1195377160
-1921400219
-154820413
1569790395
-1296710331
1219547758
1691530158
-675262778
-1412835135
-497879535
887220102
1463277094
-493648241
-1327617264
-1549190905
-2031501846
378295261
1269712683
283478480
-1586639371
-1815446236
1330818334
22799429
-1128642539
-676546899
-1152000818
1615894967
-1340074668
-1352470186
804344510
-154165566
-984877938
-306698347
450587335
-1896625674
-1223459261
2034071229
-1157350904
-1139746631
-437382738
792135808
1458672666
-1870766485
-1083769066
1588564148
263827336
-721419829
1289192291
-367041702
379526526
1856613529
-1148425997
694183643
1548224703
1021612411
-1906024018
-1317509485
-239734820
-1272697820
1949396567
945260947
-1815982430
287874994
2012800805
-398397022
1027074772
379459415
1037236626
-311441787
417839129
-1581314757
702787441
-1460981376
-275544265
-325477471
-470494394
1369443612
-730336127
1542863944
2061059537
-2130752215
-1310570098
769694227
473405676
248275718
-1261025749
448354539
-1595735146
414655007
-292354926
-138283036
549913422
1108404407
-1006277413
92418462
-52740443
1185222887
-1859523662
-797409555
-958759666
1438182885
-666476471
1300078524
-1362049032
1069013385
905999760
794644014
-2092824290
106173965
1659099811
-962297851
1256962589
-1943173100
-1137766780
566745671
1413052742
-224686867
133477129
-1865729250
-1616013387
709325080
-2029348073
1052605952
1962669218
-1709618424
2032076816
-1024860657
-5850634
-808370646
1071630985
2110954177
349294113
2059627045
-2069480896
1360970435
-369422550
-1949496733
-1814677171
-270579430
143829767
301828560
1766700694
875415691
1045440814
567709409
1025860488
-899049155
-1831470741
-508410920
1188729091
796794012
1644076020
1494179653
-1576704107
-1327012993
-330582342
1047965903
-230822166
1893241484
-576672767
547763764
1996855427
-1455839013
720864818
-1746273139
-1951252058
-1419211559
56118512
-599043626
498262165
-1291615378
-2075650200
549653166
-195735294
1036088674
526807021
1663295578
-340266047
-1950439684
-1421550397
943598351
-1475799617
1760216555
-1913806278
1007582320
568414770
-1011912342
961286654
-1159930283
-1884986351
-1665884002
-772146259
1783282125
498014919
-367359166
-1524952406
1823058534
381969954
1675032709
1932025136
-1378500181
996060561
1096685618
1226506409
57802477
800319118
-2002957807
-125370560
1930297158
-241820071
500201357
1596701365
-207083046
-145397018
-1591680106
-796307345
-848307104
-350521577
-863595320
-1519967529
115301344
1509367341
1347665356
1462313955
-1048736323
1178716796
-1587296258
-1802062608
-283919114
1903135582
794682448
1955540948
-769396824
