-1544920359
1102316359
1439289037
1632949642
-1891671680
883692752
1167184443
1867869534
-672203680
1983011386
364197169
1226133898
-1807944793
-320971896
14229127
-198780625
337646892
-1385915684
1454629268
402412643
1026524850
-1106752652
516365336
-1003381179
329511022
570229719
386092635
1343503441
-320713786
-1460347062
877285781
616406773
-216114597
569033353
1782075536
-868722844
2113866057
1157609395
2079401612
-1906157911
-1576057683
-1707240059
1529497698
-187987458
1282015079
-243243574
-209216533
317810781
1639478048
2112569106
-1595678303
-1926412969
59104398
476349858
1300468871
1203010853
895236086
-1277114454
-876911546
-177811972
1079099890
1728227517
1266789784
-1927777627
266813556
-1677094787
1374983401
-255143348
1116952586
-915402603
-1118525637
-702555753
995586403
-969525780
-1383193271
-1618915078
1551823633
-740083434
-1905697553
1127662665
-294530161
688734734
-1893944120
1580846990
-1936734330
-722652382
25251352
-46013156
1167691851
40873774
64315628
-1401036572
-1316868436
-90976500
2030417536
-1090323194
-606470676
-1912915382
1328145888
257817515
346159883
2073466653
-260753711
1680644625
292928585
-376142442
580407024
594714854
-1696670483
1969789459
-1716646628
-1497422374
-1517493950
-752678153
-795855087
-1234447761
-916924702
1923679645
-417931947
-326548461
-1465109194
1709760137
294623574
-844572305
-296304068
2099548384
-1444410924
-1478131455
-162037877
-1591721702
-187092612
-191734552
735634324
900314869
-770204715
1477398526
1407247145
1288241836
-1603900321
179357739
-717648061
-1422278296
-878068743
-1498850824
186600191
-993020681
-1778980733
247005538
-1920082454
-1839160645
1801960131
2035227632
1473635965
1308143076
1298105996
285831175
-659001110
213754081
-616584932
256628093
1189000729
-617031149
377162182
-1924050069
1566590701
1745276867
-53575472
1825621830
-1234556982
-1788453034
1600014494
-396596944
-365060005
454122430
1188486415
1715782027
-18496624
174788404
-1380848346
-1271077937
1835987942
-827808733
950420204
-1752759651
1817962474
-1537037977
-732707435
-1437748972
1892152063
1866343862
480967137
1950311778
408852062
-330371490
815899845
-3731299
1514970718
465319216
-105089974
1737875410
-456175627
659259836
84923060
-689997218
-1538626946
1157990846
1087916005
-1427418756
1343619515
275487959
1491930371
330487071
2093052958
2028705663
-78268840
342729218
-1684471485
-861171399
527832954
-915800836
-1072708415
581286409
-70138453
-1616826472
1166547234
-1180689629
-895820670
-916678172
252749615
34811620
-631904054
-616985207
659334512
1657635845
-669573719
-1691924964
-719189006
978444301
1383806980
-1193569614
-1573863350
-1127181049
1505801250
1240466617
1858207194
-1619788171
-259245681
1956820997
604995154
-1060939388
-198352574
5441577
1169565305
1516137600
-655934975
1803798280
-165659859
-1517833847
1360146180
1639041195
-1544592728
286914695
-618449704
-1058613165
-1204881916
1071756379
-1929486202
-320967982
849045248
-2128517290
-256291596
-1525505514
584302084
-2054429970
-1168903542
2036168198
-1760136094
-529117522
-1120611048
-415033712
-1417990434
-894490002
765438966
230152962
1672420464
1770438596
-1540626324
1065702041
1834089799
342406842
-374161836
-493401513
-1636952559
757973440
-1887268098
1706220569
1248170873
-968387356
740292179
1671879400
1951670769
-1520919488
-1900377540
-1675218802
-1869890127
65807794
-855737276
1685192812
1270873854
-1977945646
240219515
-838687861
-1914476881
1530093600
-552328035
-1933848080
1290694380
440117885
-2073049484
-1037464269
1761633337
-1365777444
-1077325702
889757778
-1547285838
1602530873
376054209
758565058
1091851160
-491594807
-1870111209
-1990992697
845326091
-161517710
-388540572
-1642167547
312903192
-2063159171
-445994665
-852734123
671942902
-2021112439
-2109936831
1514559708
497876365
2105379522
1330977856
162569562
-191256009
1910675283
-426496608
1060357567
-1843889975
-549083624
1239830397
1126572035
1549258196
431478168
-668343380
-1456872906
405114919
418738994
-2606373
-1859908906
84419736
-236239467
-124092426
793801312
1644487171
388074101
1253537228
428663337
-1333050989
-1695769734
1525476082
-1086438291
1420578623
1741581948
1293027303
-70237784
2117738135
1651729645
1980619640
1124130596
2112047040
275259030
142592357
-1355877677
-132468547
105726854
1294843717
-2047115170
2111579887
-1825998522
1529238438
872108925
1700957406
-607586479
298005368
2117561225
-1024679879
-1810010430
-493190742
-1123021746
-671507429
1686649167
2033454357
2030012453
1983331215
-1457257611
1547796633
603395906
-1360076714
-389913099
2120675717
-354332598
-1067982361
598024830
1033072700
-1887758807
-737064778
-431884373
1304395540
-865267935
-1654294087
232472623
1759613825
832370981
-820079065
44486990
-1471740558
2119135079
1339724674
685755534
360845562
-416811730
-449163304
-1229498194
553897523
681466349
574039621
1944286679
1015235422
-799159663
-543242309
399139089
901838159
1785930778
-1888658427
-1472447753
491297287
-1351263379
-1061540088
-74193490
1791545762
-131330457
443248203
557010451
-1213003405
-152726987
-1557546310
836670515
1062464877
2012156642
357864102
-641939713
1807158212
-155805647
977590288
-1224988864
112103123
-2058878036
1497036583
-2055002680
1216491840
-2058134532
-265654002
-1862889238
1884737629
1174141307
2003619553
1307616555
-141410095
-711628793
1770143993
-2134117063
-812299913
1668026905
1034317423
1730174235
-1704990587
-385545963
1264859359
-801147735
22169328
-1927184670
2126215278
-2082392769
1669266959
847758525
2081944589
1275643565
623481726
-497228982
-242673154
724871025
777408324
-1963515924
-1147257705
-378756057
1023332408
-1044184235
-1606199483
351490624
-623836512
-1906723488
1563860947
-1383595534
747920666
-2021604835
-764450836
-25076881
-1129609281
-709321683
525538014
735583065
-2132356732
-1283428272
-1810029664
-608394636
4069348
1187716668
-1683249387
1489587356
-582024005
-896898384
-47087982
-477183238
-2132359563
-537739577
-1922806115
2086059378
-357783961
107677841
601101816
-1160976545
796205436
-62811937
930525405
-939205758
723216148
-1837639074
894553226
-347116746
-784768472
142925286
-1982722305
1925227753
586461361
-1559349228
-1996065019
-395620921
-1835455158
126753813
1071855730
1148043959
-568332525
803545028
-1591764821
490173578
-1572084775
288634103
393645930
707621745
-151820173
2051826710
-179687487
-465060432
-861895826
751246316
1797659999
-1012382319
-366500372
-776787263
329093648
-741875046
-663808312
-2064665433
-272255094
-656104959
-1314952194
974109460
475355493
2082482783
966243914
-130676303
276771691
1333012132
1443250958
-1325228944
-584294382
-1836192693
-2026825608
1990709988
1771088710
-2063478578
1703383011
-808516404
-647312022
-2074484134
97038974
1918454768
769577632
-326436922
69221419
1904383792
1543057992
-1701426239
-2141820759
-440771879
-674407737
1791825739
-1739788556
-706317766
1225438601
697229158
-1664758037
402261623
1645176648
900885004
-317270733
1930661532
-986689395
-1034645917
-751371941
1425161460
1768034935
-372812753
12646976
1220832667
-270066758
988807
827907251
1129704018
73597418
537042379
-1650970536
297670546
-537679111
1442735316
494878416
1629183715
-755692802
225082733
1218939162
552233581
-937657801
911591426
1599485750
1935476175
-1025185967
-1654623593
139681291
285063215
-1424659994
89846523
-833273974
1680501649
1270872390
111013948
52226322
-1363036820
1303268217
-1888301219
676582422
503551098
1880039556
304863046
-49255172
-1352681521
647396843
604381179
-1126063032
1912120109
-1503158665
719241489
1218440697
-716946282
-481846727
174584668
-867937486
-89665759
-385611058
-752739859
-705922531
527822609
-1175900189
-1054349765
-1287862260
999533347
-1898489861
1310460831
-1447034400
-2139519194
675254639
1534735877
1056313006
-242500655
1028384694
544487392
733593759
1662883792
-268979994
1537188702
-826292201
-1507762657
908111738
-1941486883
1768895768
-188271205
417467477
-1669913444
997599977
493026774
-2129236729
1393634741
-1568429582
-971367126
-2115065266
933455946
-692481047
576166928
-178328866
-677871362
804802099
-736747086
301737572
-655480921
911713924
-1946901058
-218082104
824461121
523689416
1963191164
-372519501
-1697429211
-360186555
294132258
-1331782576
-528033927
-1483154944
-171243930
279759701
1532875498
-1344378272
-1429143211
1583148356
-1631096936
-143830511
-309641117
-172989203
1942007122
672450603
-985648446
46740024
745840387
-1279313006
1855150071
-948353247
-531286677
-1492231777
-1927582807
-486299390
535396625
-329360641
1158609595
351789592
837394295
733395675
-428034659
2073331519
1880082319
871152697
1694897119
1638258176
344533358
782131617
2003311878
-1952338227
-530016961
32684803
-2105054557
1477603210
-752345735
-1971933736
1366407072
2021028431
-2107234220
-2093245562
-1877438243
231879788
48079992
1691322888
1588460282
1536125357
929060087
-2097368370
-2000346762
1545830366
1804953725
-1481073695
-1293524231
1637635729
2108542918
629743434
2087145197
-1462096098
1466107727
1328022708
1196189778
-1121314582
-626243505
-1013706416
1308869074
-1687921172
-1394518808
-2025278984
1948567315
1407628141
-490646630
1396941718
-179124404
570045198
-1673040393
1527922119
-1322969830
2041667599
933111452
1922450362
1573965716
-615858995
840800863
2093768542
-1031952228
-2132233076
-732946235
1423747772
787496056
1899486583
-709099594
-2074088544
2110377632
-1549216028
-1511512461
-1958058625
-498696231
-1317845029
-1795349561
-644389484
-1084206718
-840187432
-1094530180
-555815605
-1915844051
957254608
567164688
1655774947
-37859472
482187633
1773882793
942231630
-1315272451
1481650862
-1853399227
-102438821
637952240
2063011706
30629685
-542610922
697234792
1818225618
1094015435
-1631628690
298717016
-1607477247
-1172717230
935963672
486601375
1285277983
-1119908290
1383366067
-206333099
-623170086
1893314212
1875408429
1733426279
-1851225224
773028075
-1869841564
-1921641627
2059429660
1079842244
-1796210928
2112021914
1821310791
-1765796521
1602960863
-544621987
1698797985
-1093950530
-704525087
1224222374
2088265977
631967926
125180198
1197653475
1495420810
-974086509
-1027424860
-1100383220
-1847852672
-221655948
-1772563618
-1359987468
-1413461062
720474040
-806314045
1312216290
-1775271216
-905432912
2100053331
-2063491488
-705667498
88063637
1847745160
1516015954
-546519966
197611196
-1178563853
-1282394295
-84850357
55474952
-1873500508
75567385
251553715
1084085151
881640399
-1373159000
-1339640632
-757581857
-1792715093
-1789554168
1004901574
-1195095405
864445341
-1826104
-1332857921
-776178335
603926422
-1564189049
-1876244834
1926705031
90313400
1976107465
-752854935
331381702
-1246211777
-481932275
-1309956155
-1864838755
1390419614
526102046
-1886398273
1220339130
778383080
1308199337
1217920713
-711129683
-704218511
-456468977
-1726430463
906099422
610408373
-1068253572
-1355830599
567489
-1855303817
1595116856
-1689140685
1157421639
785731373
-477530051
1821618092
1557066391
65740187
-203349240
-248417637
543651069
-601115203
1963256243
1530680122
-1835624414
1065446377
-199145149
1119471173
2022529149
-1085144779
1720056127
-2115614463
2142289417
1006831893
-1585018239
1375435135
-831567560
1487701320
-2084200625
2131291937
-70534361
956226549
-1938616147
-463235235
-1798329070
2114948112
1823905004
287808192
1934338825
-2079177726
-1325024378
-1585115594
225560036
1262108297
-1128443347
-1236274040
-1657614221
-2091251236
390301473
-187673563
135642106
-1835655918
679042241
-1789434588
-3946533
1977671619
2140619365
2079005577
268138645
1010632687
888792682
-475426362
-1824028179
-164793826
-769550963
1335498629
-1544138647
-7874615
-327697540
-1028003676
-1784594939
-313391112
-1668065110
-2123444095
-866419167
1772586540
-1645313694
543833462
-1936073544
1327477630
-410240481
2091616423
-1051366185
839575047
1177503002
2113435130
-2012372405
-1436609918
297252131
-1794166682
1533399708
1939008560
-1169794636
-1589295503
-261795526
1378918139
740448322
-226792717
-1222599946
2144831454
206472918
478543391
-1861925709
-1477013629
-2004788260
883335875
-865492644
-1476457683
-318011589
1219716046
429675288
-680900648
-949581659
-1639174637
-1195426884
-2065030243
-35268817
-951606708
75268225
683628891
-1181061597
1401717600
593204470
-21601645
539087637
-534952728
-1419280072
-420080748
-719918796
997162479
1899419487
-1848027689
-814995999
411124729
1467550779
-1161845588
-748946811
1622848070
1983129407
374747157
2132117407
818553175
1142488509
1150667249
1276701979
1116590769
-268210861
-1680866980
-1030239254
1309021408
-534820443
-1293414315
-1000092466
1635197886
1585574219
-1015382110
-1019330443
1972521204
328449549
192980208
-1208406839
2045903041
-1130118067
1596677949
638278534
-1465047302
-206334524
-511527558
-1757528564
1233219665
875559792
51264363
238402166
-564808743
438753997
1000628434
-1845545494
1876478153
635025986
-1514336565
1507225650
-771097473
-946890530
-2138687623
1277428875
-104569656
-964686525
1623145442
-1885166659
506892894
350019554
1498041367
1188387691
1740924849
564040808
-508484200
902463148
1634277354
-1173645705
-1664297995
-573832231
-1903455700
-2009530983
580278200
1935109032
1033362716
1547639921
-2145364094
902071673
-2083248477
1389055795
-1911013517
-291265296
-653227022
-396640939
2066707151
1582374083
-432218682
1678312070
-894209059
-725282092
685761773
982315743
-1968822766
914620802
857729799
158658135
102076015
-687506885
-1262187631
912357244
-1165707737
1496055125
-1986653921
-1373896352
-1070754940
-1262355682
-1258364184
2120689872
788405514
1922912817
773310087
1392299212
-1011815716
-1723080950
1653602816
762362418
864291422
-415174435
1584294400
-404365637
806807579
782546850
314148968
1324300075
841118697
-1620836492
-1981315316
1859448004
927785803
-953168613
1053883063
1460229627
-678644203
570535911
-839112078
1260441198
2007294294
1773329599
-373846267
-2040882668
310264945
-444504455
-1411496258
1022904245
-1463759731
-599775381
-326532752
-125548899
256961071
-492621759
1201547454
1358930828
-1468252892
65261584
-1806284647
402268400
-890594653
51677611
635042822
2065112661
-753479245
271485493
-1561075164
1421148956
1516556746
-93883145
1227448173
-1433132950
-132048970
-218654605
893333308
1186283107
-1894808384
1969610937
-994637426
-445167464
737018894
-1779426568
1230725388
-662778435
816947785
1358650967
1438285128
1600734879
730528639
417443333
-1614645945
-1325836204
-1574362295
-1221646194
1506004543
-1870101069
125856560
615667824
2050540192
-681704442
1724689228
-1779926546
-2079623848
122791678
1339879726
143116835
1274385747
1998395367
-1456424705
-529058983
137901377
271371292
172823784
-408687973
-963454053
-1125814596
-1775081804
1914360456
-1924329754
1416212893
1363251124
-1210796183
-812260807
20429184
426359523
889305222
531711485
1102354822
-1721359031
831615669
-761061132
-667971101
1248168099
1719320627
-2054916740
1649280464
1089145923
471802294
-1800464621
694967494
-1538072523
1850942658
-860834787
-846249240
979560099
-1856611525
616445925
641989824
-202240134
-996493253
-1502820127
2139472429
1530350156
-303798747
-955914439
-810986340
-1040502153
-834115078
673214346
-1246804874
334879111
606185450
-1082096154
-1066362407
-497789992
1853431086
-706958049
1713427593
519564160
282551060
-1320776123
467367720
-1162142357
1195560795
1859794028
-2052943451
2540742
1116652992
-532758351
-745079054
-977004383
1247153880
-793781633
411716089
115236815
1564690464
49766414
-208310832
-783188208
1189593426
1781734188
-111221462
-516897422
-443393287
2059042368
1164819729
2044959475
-1751303609
590654858
-678519087
-1240730261
-943561178
-1204856657
1747649847
1852094376
-260791924
1384851572
801247483
704929498
1614485267
1260045513
1823846522
441623089
-1847350840
1478342410
-426373465
-1463424828
608763714
-1676628864
574651715
1852291508
-744057098
-1260331731
-1111077300
-882013551
1262912202
-1758946616
-2124197710
-1574596613
251237607
116870150
320005200
-1169329012
25433811
-1626908645
265148697
-219997707
1832279486
610846335
929729938
-153237402
-1081487333
-137390347
-1447296897
-1757384653
84947058
-1423895096
874760673
282845620
1502364020
2043392087
-644468961
1478631276
-35121329
-1054274092
55494274
1742351980
1009691203
-1008570296
-915972634
-2104096519
636714613
1816895961
392829102
1086494572
351040771
1445524047
-451741448
809751385
-2060510632
-593950508
-1912322031
621639923
-708573760
-182219269
2004128299
910879407
-61333954
1098510851
-1877726899
-1213256922
-1661151075
1988612955
-405576822
1689260351
-328875324
1162135913
840042613
-369223028
-1960644530
-1601071226
-1068260909
582778868
943529050
394726477
-1659133038
-1055690605
-91122530
356323605
1364172538
-554658083
-1348910654
41201083
1772942625
-1436005367
-584621845
1526203556
-1732068188
996941228
392282773
-466646271
-608711021
-1263433309
1040032421
-191102636
271593133
1508774966
