-594433885
-1683649826
-819233777
-195335522
201545910
-709425814
-1765272247
465561528
-143282354
1162577155
-1228749675
1587328595
-1075698082
1437334458
-1910272823
-1675278766
-1027885691
-753950856
1179104991
-1918549153
-494626669
-596899793
-1282316772
-108330940
1746631244
-1972601518
-1690711436
1935459193
292161387
126625414
2083099948
400410877
-197448215
-321514599
-2133748799
-1549726360
-1952478082
2005487539
-1959291640
-1617611199
1739249256
1963881418
-385221482
1005988749
1656565610
663710811
1573824609
-1278855513
288867351
1834575446
-345502553
-1296450986
-122936752
-616818855
1333111310
-2103584740
1586107914
1838732577
750993932
-1661757748
-1807217068
-670617540
-1924371064
1459510879
1010716312
664536579
-107972159
-2095194874
1194160160
1799044551
390901614
792242562
1391261660
-416570038
1248946215
-830589261
-1756953503
816291953
-2121755133
-1575228305
-355313611
-1835229130
1628086657
-1310033515
1592542281
-1451846429
-1048002133
148222817
67647174
133418876
-1453182344
-1307404800
513995276
1976632956
-164893326
2036087399
1032040438
1776579012
306759832
447337823
-1948928669
1866084816
-1029038204
442307556
2034833906
1328772651
495938256
1057581232
-2146318324
-187885787
-2019726922
-1091952879
-930612954
-834038078
2131476982
-567916797
-1935822265
-171590412
2133998076
-2057384326
244384968
234767117
1068298561
1660181502
1585125210
-1442823570
-2082391311
1782038141
-170378419
1541757572
2293453
59835996
-819621361
1935131125
324322386
1557568462
1182074610
-945178859
618318875
-221321623
-157245135
370082718
-245638269
1768708598
1775399476
-365000800
1800445582
-251855736
-744053742
1370292150
-1458781176
-125584945
-343839656
-823035270
-1493485586
-1979508819
655025928
-420007622
209264653
-102359030
325000676
-341329941
709983977
942511076
-274677780
1123268701
-1114267425
232045481
1233210660
-1261458256
-1364412531
1950509256
-1942373735
1511869702
-1120450703
1691352197
-795159898
-1596873607
1678330832
1958316044
-376646285
-1171062449
-146262824
459758025
-2016797250
1577661548
803742728
-13464586
1243139549
2085475335
-980022577
1288398965
-788281085
-1785629280
148017011
948024799
643005633
-1943661775
1826348084
-199474724
1837842128
-730984541
-901595983
-789693260
1538802445
-1397584253
-1444303479
-106022362
506162628
467342069
-755842492
1132194680
1636271664
-1114924568
2131461492
1992222415
421629250
684565387
1037317911
542773184
-2109129567
129753086
-1810756289
1330935078
-202640910
-1175489715
-1942856972
-2083407819
694454873
-1008139111
-1516322471
-1086238513
1936650814
-90239849
633392908
-330480874
744385875
-1627515074
-1298812462
1552292417
-786310442
-1061229380
697884276
-1689043789
-1752073709
-1111370327
-791227677
1586228553
1748366124
2052943486
-1452845406
-1903260173
-294606820
-1560101304
-727655068
-1359939706
1776914937
2139063448
-1907560460
-415368497
-5820807
1732440765
1077919572
1709268714
746144182
-73907148
355681833
1201991892
1705472053
-468850081
1139317846
-650741697
-463407836
-914931851
110649573
1196926373
-1938097949
-798886726
-270180818
1389776288
467618757
1807200239
-1944925134
-1602452105
-1645901546
1322748938
493999431
-670206725
149743200
-1023774422
-871350022
559739284
86848234
426801092
-51615440
685586070
-166081663
1114950434
1116790158
-1092661543
1410958970
1245232910
-1438885606
1131938695
1325587446
715001034
601943586
1573151799
855363175
-1155306686
-1567650724
1164327995
-2058266797
-1056573820
-191675058
163711285
-1378722728
449649263
2027025136
2030913264
-277450641
-1818364758
-398580594
1523917932
-1596398220
521036248
-1333758477
-1147996614
-158010907
-1795216887
-2034453309
-1167787510
1058533097
-1316487053
951679016
743915394
1699410580
1182222945
-1913188687
319933008
-1379579287
-1919753878
-1683167626
1149124994
1833802272
870728934
74634111
927514644
2005377704
-1975652706
-1731340186
172268234
101250414
-1128874302
-147958470
-201904320
720312287
-1237077217
-1972911962
286789695
-1699357908
-2072289904
1804095313
1442259793
-810226612
2132921781
-1451676280
1554940822
-1701322682
-319102493
-1539952870
571424216
-23838544
1471951706
-50980477
177551837
1649761394
-1430974019
-158667700
-526392067
1338892495
-1237958210
-2083271759
-621645325
563838630
-601197800
328233347
660062711
-2069291020
-873750078
-209696688
1316178699
-729779812
191944289
-692742976
-58093675
1216595306
229833213
916934977
346028845
609587285
685682935
1645387750
1224554680
-1505556220
2111074618
-1301875060
-217033291
131836563
-589871183
-1903793858
1314277078
1463263126
-1403125512
978695898
591045074
1191926109
-2046711467
2083388404
23699577
-523839623
-1916823575
-2047070215
1641464072
-1696373889
-663455454
1576587415
-115566658
241878283
-1697051533
-324772004
-1878022737
-34655737
1503693127
1901827485
1537689815
-1243906259
686022450
648049305
-738387599
-428387127
-469482135
1902348253
-715896695
-613192765
-1964847756
-714397719
-1692412976
-1886513444
-185471711
-1163109613
756523695
1025547319
1501639611
-1639727445
-1093017442
711598875
-973955460
-1006980513
2090281141
41236983
831275071
-1255704607
1344099970
-842975067
445657209
-2055395130
1786646557
-794230029
1416623466
-800414031
1019960698
1024782174
982506894
-420091472
120971518
-912402912
-647889830
-1636609819
377324884
774081644
-941113820
1397676392
358528128
221859831
-1994111134
81223532
-1078760397
-2031163718
-17231082
509234592
-1734294687
749041398
294225033
-1688183081
-1449216752
722164600
1993957430
2143442410
2125546611
-1622509538
-114991095
410439644
-1710797257
1395184281
-1498130743
-2073521089
396663579
-1315736717
-1630365999
-1615394857
-1509816378
369611603
1284542470
2109252988
-605563436
-1781507968
-1678190332
825336132
728988209
-1102272349
1359026074
615455200
-1350861654
935776976
331119736
-921076666
412695745
-991783482
-359807450
-594084464
1799991232
868501110
-729678024
436293412
-1106023408
-874439999
-1831048257
1069543700
-156133942
-633152378
-1267770878
772458182
-1121419122
-1037743909
-689649042
1722733015
-1532880237
2037620633
1020601034
-1515636932
1631417599
1813063454
716791982
680194730
-656540295
1044359245
-1951826123
-1126573001
-658752261
-366795047
-1330707471
-372644799
860041196
-560834109
1300162335
-1175213682
1323469677
2052565024
1391282971
1817955764
-1607498766
-419516897
-710887658
-344937541
-583866091
-1652126134
-1515075323
2061128960
-1235440986
-166620404
-1522560292
-464324516
-1467868410
-30481293
-942663941
914102148
-1144159563
1742951989
634886120
956772018
1121638696
-228421128
-566710465
1171174021
-2069448993
-189128243
-163946522
-1729722331
-1733176137
918822653
-695167100
544824234
537701500
-1915778808
-320416973
-1027966787
1159990978
-1933014806
-735847565
982124928
-262094348
1401627808
-577189022
2095308715
641302189
984557289
163370793
-535876617
1568136518
-658227375
1127908793
1812449214
1868957871
132226666
-903196233
671085795
-928757118
115118684
715253172
1566816239
1170392149
883812256
1216243617
-2085277572
-877860273
-557444600
499353473
1546359765
649695997
411853314
-665828000
376745438
353087590
54905372
1514513027
-1282208719
-149092772
-2040268597
2106241504
785463178
1695379988
1896204903
1369226192
-781934748
-1645832455
-763472007
1116825858
-236905501
1219298492
155722553
1276913843
-683136524
2064984751
1511927377
449267227
-2037561934
809741395
-1672678937
195322154
-1961162997
-530191569
-1192655142
247414388
-713366365
1768479203
-256017078
1977164392
1090240760
-287216517
1822042206
245509064
1079092678
1419459080
-575774144
-1593220780
1273713067
-512285843
-2086269844
244541128
-1990165490
-393407626
-318058454
439553289
2082861885
-635360210
399631192
1978778
-2099054379
908981617
612029805
-573791916
882212966
-1135976257
-1042306886
-755633578
57226326
701216339
-2095662095
1212057913
-1426103035
2087763827
-406108181
-426558072
186926642
920961545
2054780325
909529455
-120578404
-1841421965
-1018736501
1031254193
-65450516
-175785834
704911609
-1472353569
-1129952046
-409910983
1114356478
1378000070
1165822829
-112436081
1801743714
-2143339223
788484591
-1271852779
1892203754
-1526693713
-390461568
1399443870
-810514471
1524844830
-1230535837
858022315
-347099718
-102804535
-857519017
1111370496
-2069268644
435034951
1003481663
65525875
-37487842
-1028546459
-342512124
-1972942330
-1174994580
1879723613
-1293184070
1459369528
1822829961
1688890951
9020161
-698545000
-2039583090
-1582768689
-1699319379
-1165562470
-1697973070
-604242649
-1957188439
1123339181
2109105866
-1176434625
1929890584
2029980044
-1374653421
-1044164813
-1590603844
-261740076
517594671
-1518730747
-2074985317
18899926
-1830606995
-555056245
1116773599
145437102
77336909
25720746
-1443673859
-1147196524
1116043074
1175191748
-1491056358
760595569
1218417081
-297148305
867465641
139836341
2085283162
1705013094
945706584
-1472964505
-625843571
-500719420
1562382124
-639188611
909736255
-1560181650
-1044689942
190842733
-1513020187
1275854033
1267417529
-1945259261
1707291840
-703882291
-1288175868
646835572
1018385507
-814556432
-34074203
504862132
1703516274
1818764006
834923327
1488836356
1878168491
132142640
472950762
-264366898
693975082
315282196
383654677
1319124916
-1608578840
212279508
482231976
2145314790
-1511301244
-2119451614
-281370519
793616563
-699217339
1630058194
-878851680
1674152290
1305200223
1917329105
2121178364
304680770
-1374266763
-1728487339
-707545417
-149078784
1239438687
-806086826
1273289465
1510484792
-475515604
-1164835780
-1606295943
-1234082227
523827818
-251193383
1134359914
989486461
-369529948
1450822296
1516276884
1346514735
-923955925
32322294
-2089348928
1095329423
1139888409
1544654642
-272807848
-824476068
-392182893
-735627712
68035407
697122048
2093627213
-261413886
895558974
255606240
-1802029486
-230452039
-362623537
-1158857739
-2087109883
-287939655
1921033054
-307498597
1990817122
823796060
-170343460
-1645698647
-564977527
1175327800
773267447
771530177
1667247229
-170616428
-1404517257
1530945000
-1595916248
405707031
-45099541
716373336
1292851106
260964290
-1675025788
-941870956
1427210930
1591768607
-388075968
-1014036291
2060289940
1385350586
1259265354
600119332
143158780
-664755760
-509009760
-651244513
931149403
445368134
755583222
462360608
-2048638624
760260572
-1486461990
-523923965
-1049744447
2015237282
1335510808
-1395908698
1455825466
-1837589590
1980771935
-1071561282
520745429
365530366
961351459
-1486702616
-1937876884
-1528505644
-917584187
796418558
-1578739348
-821016320
-584218895
652305068
1970576091
-502685783
-2026036152
1404690242
1292308123
-1942956737
1738681150
-399916853
1436380143
-388602964
-299311292
559525469
134167870
872234185
409634856
-787687246
-259095017
-1545399789
-1288719940
1557359351
-2070919819
1821959069
1405370806
1488106724
872699971
-1742665144
-639858730
-1151507956
12222497
1931948338
-1829196722
-1058581899
-1712680344
-692456852
-282714019
-1148852117
-1687022741
-1984623889
-489360068
967237520
-382090752
2080790991
2087796030
1253376312
-966142146
1508318896
751754034
428034547
-717488505
952511353
-1183292405
835474538
2074495432
842464584
-1646790974
1321016686
-1693800961
503640229
-1103417733
-1872792242
1103795197
852034809
471962342
237613672
626469229
-950803648
-1202246936
1665038594
-1236165100
1445272573
-481094279
-1908364198
1859184985
172216430
-244560689
810343675
1227174920
-1050920191
217380796
1307232337
-742776238
-2058827002
-965808812
1994308991
289749528
-295385179
17977042
-1311888
-1015158424
-1015960047
168385467
1897290796
644936007
314031869
-1991056317
-1258102420
-883345232
765292367
-1368457744
133953135
-1207677988
-1686589421
-2029003139
1209498382
1130957764
-1390919247
-45940480
-1723208690
763056612
-1213036958
455407950
1628650677
-5272512
-1228240928
376740254
1395078559
-112355925
-1334631332
1686130284
-1673761583
1189236294
1902352053
-382544737
2001349390
1796454471
1037028838
-659378707
-2060529047
-116155141
-869644353
1549399934
-868378085
-1171718643
521954007
-1610447153
499889046
1082709768
-1487053888
-436440871
-524145447
-1237650663
-69244548
1287872369
-1699011578
1599068953
-1571967696
1676237041
-1970921423
125378507
-95622889
-1141645800
-665279622
744850529
-1097059655
-1588428242
917326429
-1403597499
-2024663973
-345742997
-869987256
-1686161643
-884616775
-1745610343
937652589
1863375342
-2089040910
401090808
-535309863
986283244
1969684675
627038049
989000133
1634311665
1732362487
-2074931795
-1234596052
-366104154
-270452194
-1622294697
1880732829
156032959
-125771908
-532297121
1303504209
804306818
1582054980
1813279089
-996772224
-850536311
-634525434
1678431302
-562910737
1992092614
-1831000475
-2035611062
-1121428019
1546733767
-1769253108
1560658815
342517184
828945210
976045793
-1613327456
528146745
1056283827
-1016341125
343362441
2001216271
1494005421
1124786642
1617233109
-1648886197
-2129977138
-2025077451
-1332231223
-275084223
-96815249
733849984
714593136
616218591
1588479579
357242509
-297123834
1444174409
-1905810475
-513207574
-1692396647
1117525156
899020767
-1387097140
1474967789
-461368527
-1361398855
158758980
-196204384
1486091678
-2006450776
1290634160
-336214898
821893272
1186174200
-533656717
-1873345162
-261563228
-1046121918
-2069738520
-57254179
358614575
-908482574
1392351379
1909521714
-1696101661
-2029959421
-724313191
1867137586
-2049941445
518409228
-1613227918
197796749
840769369
-632104832
-1938430500
1781551049
-486698474
-631489487
-1895754990
1696218470
927825243
-107572458
1662905405
-357005245
-981123922
566098765
1325716010
-858635968
1239417615
-340875422
-281339586
-1212476381
-1721445115
223695057
377906086
1877698495
1639747571
-338309431
-1468077358
-1623729070
-1584360785
-1480731342
-226989021
1117244463
-1932338348
1911955441
1572908258
-163532132
621391447
-1165717910
-1834104460
-640246531
1824922328
1784017734
-454704181
-540014031
-1743916998
1869519990
2045510944
70114363
-1762199307
1263327094
1385744094
-175226843
-1925542230
1849226710
-1310091551
715894816
1181080439
468882933
920218335
-1949862928
465329292
-2031930353
115472166
-980335738
-2077787650
721045370
850345095
-267128850
820463579
685207596
-643202670
2051618411
140887165
690714752
-1165415678
-1334500897
-187750365
-545181895
-898947205
-896819600
-1691936323
-1758765626
1303154
787030888
45866246
-853188921
-646319509
-1764649123
-1453994536
-91744048
-846137750
-2085170543
-1215120197
-1525849748
518018723
410674075
398590142
439880803
-1812407181
-151750074
1099911818
-162059457
-459844205
1648630968
454542515
-1761656563
208778890
671812310
1843752273
-1325633952
-1030786973
-403049497
17011919
-1871914598
-1796936288
1345839735
1780907522
-1360865426
1458924142
142213757
1677663101
-1419602016
-557999079
-347134528
-796637662
-1291363825
1482480577
393521781
947931388
-1151832076
-1642477490
2017503277
1598740044
-1055486612
179999649
-293107987
2139404769
-2083639501
-1493668085
-249469794
-1389634388
-402384719
-1822897406
-1617564505
800288147
-2086851013
1294884369
280724952
87376773
-1703727214
1127163664
2088827529
328125646
-2145642834
-349446507
2045181698
1452089259
2013404865
-1303868502
1252080157
-261029855
-1840859274
719138751
1529656362
-850596086
-87365511
1914748386
581160978
1196201583
-866391749
187683116
930493118
991307549
-726994698
807655038
799882425
1701542770
715358959
-1543070355
315357715
-281406601
-400311558
1555661946
987999368
1218854451
1716411971
1504097414
1617187810
-7404482
-1327057846
-830070908
-1295853413
265136020
1839361071
-2014890384
-1249592122
1280101547
-1604447697
1691060863
-1478789330
1296081094
-1192961682
-1397895785
1928846527
-1165323893
1791278582
1595139584
182467620
-1763153453
1874084607
-1065219748
1293553585
976742337
-2120265360
-74444076
1377986947
471146517
1455749797
-1153333100
-658604570
766198465
11019123
-254540680
-1897926666
-554396483
-902735000
977204231
158254216
-1306545385
578839639
-2099584097
-452649142
1822257997
-1664078317
-598357774
-607703512
431748318
-357021063
1182597296
1245964017
-1813465058
-1857872461
800912261
1022458682
-1594044854
318787259
566335046
1805821570
-1466730789
1169112094
-56477338
-1635763562
178044446
1905621250
-1162454098
-1696297417
1432547588
-682518934
1322808365
-1943227911
1448278582
-12927817
1370941292
-1351774355
-582681492
929159537
-534602778
121198210
939769343
1532060999
-145890890
-662446809
-257508932
653592148
1810211218
1635439925
1312549114
753046179
689571575
2031156364
-377775378
332543733
72030629
-800478341
1477569853
128697793
610335310
1195664741
1437514194
-1670679941
-1205946742
-169980000
-741995023
-1937736423
-1472600051
347714208
888700556
1433178578
-1208970470
769255764
-2135167531
1418912040
1954150458
-704355633
877827604
-2020461528
-1337570007
2147326507
950496697
-680165136
-1915973359
-1161615190
2122594485
12239730
1038413818
-1169009123
1963383556
-471327114
849439103
1771883401
