1867669940
-911262570
1892034669
-632612213
-879891020
1016288310
-1587536577
1939445335
-132649171
859458761
1579029672
464325699
1752285594
-1290988115
880467882
478466092
2136651486
433271330
-233606516
-286671196
281750920
-1974711233
-318656842
1890126597
-1600895144
-841252054
838821599
140860104
-1973025790
2145183875
91423081
1577959959
-1546271695
600891680
-1967563509
-135301729
-904169266
34626815
-736699472
1448101291
1004274305
-1166534024
1072936862
-1882376594
1874560375
1218996402
1806042842
144296351
584758630
1297751383
1531842763
-1955476149
-1156686387
1528869259
-680535523
-975649818
1875946112
2113714713
-1505817880
1063205282
1591735395
1805725423
-834628848
911710979
645338741
-1585367604
-1137200914
283730099
-2092462320
82011191
495599151
285910162
-199364242
1804774578
-861772036
-774540271
2090691439
1217686319
-57528485
1982821312
1141334936
-1026669373
916417236
-519067612
953185119
-486682983
-307951017
1746368462
-703315547
-1508954072
-1029643171
519125672
688783747
1744778408
-778871988
-1640502639
-892102328
-850886719
-532117985
1490077996
2045621698
-2069702267
1475919686
-1747382539
-1471722051
-1680423520
-114770486
-858327148
-1064085048
-808003122
84909236
1694416757
854574142
225675148
-1689553745
-867080552
-545729148
202722578
-1676448788
358894757
384868495
-2110488193
-123707323
1342044739
-908971096
1527066710
-613183580
514173865
1163956595
-1321158615
-88808794
-2029490060
-121784788
996024467
509132154
1408234683
-1709822668
-1792713878
-195593457
112478048
-642647348
681108789
-1522600338
986919336
-696000993
-671844132
-855062941
1173156878
970731397
1530317470
-39448733
-1576043437
1047846661
546799174
1549537193
2100717785
-1235200228
2007616673
1058720161
1618439473
733824956
-1509979094
-1918275446
-659035150
-2052219497
-249065209
-1709540522
188864972
-1104205412
-1742890952
-827096620
660291036
-2108113727
-2064567795
59983888
1147462465
1701231619
1103912921
1042455545
-684060690
1009676458
2044319972
-1643976380
-86747967
1648335057
1108748965
150448016
483642069
-126878683
1058416688
-545913141
-1749200365
-2046490387
-562012947
1750629843
-1748654833
-160711351
-1667336566
1508515680
-1659283951
1705992382
994499122
-1151870688
-1526789776
31707633
-424814338
2043937059
-1422753498
-272601934
967915435
1251661177
-743682655
1492438076
-1926759027
-2066951655
1005795287
-745476678
-672416060
1576927491
-1622034276
795768589
-286272084
-1599625047
-1541729993
1897997772
823017369
1855716491
-1496262350
-1513051508
-1871114044
-1317948384
330503537
415134816
-1489325185
1775741948
357706885
-564252509
-1273076048
1797190958
1616596033
974127860
1425911676
743175914
-682814322
-151537279
-637095358
166037095
1565236091
-1034124920
-1638226230
-1782376182
-2094522728
313581595
-593306690
-1031179068
1713501571
1377497891
-1657930408
-644382025
-1842636349
1246838438
906924892
572205087
-1965565996
572557900
802089545
-115324561
-1547666046
1328780062
2044582858
1122655162
2088311162
1761449361
-1541723534
-1475663788
171286557
-936053821
908158121
-223369543
-210368105
-782533628
1414955744
885395628
-846906064
-190442601
1034663179
-1540451165
-911548959
443402680
243798864
1901742690
-1512780758
-311388447
-723442180
1288850917
1802924322
1271417928
-901809994
56304770
749283023
-253593684
1503440118
486985807
-1803923017
-30654639
65781687
-204851776
-1459028041
-2116978103
-973900182
1481684884
-2049040366
454985972
271460142
-770495246
1745332428
-955731511
-589213634
1885705679
87047481
492373589
-590171478
1065431442
-2005784112
-2077092733
-416816054
-322511879
2084424004
1281943582
-531067665
1120916541
2107156181
967712916
-1511341350
-1767812492
-2089029150
-1509155076
1815362161
1438224182
1382946499
1963692122
-2016264913
-688709245
-102985515
673175585
825596892
-1197091101
-478656043
537992952
1019154430
859466191
-1909974415
-164492863
-2000961394
987281999
-615890916
-1467261738
2069421551
1529769188
1194777633
1711804309
10520859
1338381223
981651451
793809950
721517087
1212499377
698583778
1454135131
-1157228087
-60143427
-1719034711
-1993556672
737608350
-2046283508
-1831788089
1440030035
1852841233
-506815608
528768178
-1062763666
-1498494222
-663198164
1113460851
-4835132
903009828
1811876514
1597927542
-204056287
582162067
470187821
1415494050
-1248855947
-343800988
-144195127
-402863959
-575890286
-1534221459
1759408527
-1611054688
1066209076
2099876070
-1880090018
1568152785
377211970
-1182202783
965351095
121416912
784437331
-2110121225
-931058711
1467445707
462801779
-1487746109
-1825815443
1179471398
-597885915
1634943124
184937619
516223047
2051225260
-322402851
-204049059
-1186953811
-1285464954
2104870384
-1415388758
-1703474361
243255352
-528907413
431686038
1631702787
175206737
864519922
-66887648
1707603620
573492392
-2136509410
-1942100210
719003608
864546023
-218941004
-1780589299
334851465
1572448077
2010108185
774251035
410687091
-1884700498
1454244101
370462249
484624630
-414554433
-267905161
108107259
2106554413
1692760464
-164835608
-1945396653
-898144706
-1038849704
246862531
-611482291
-405241869
-315511688
-1785489645
-215803380
-1007460983
2069696954
-646744194
854956694
-1380090680
-1795394855
2024296817
644753404
-2118875053
2000063301
-736686692
-981761858
1506689089
-1468139738
-550253407
-519388820
153475051
-1155621215
-548951289
2126056336
1421925639
-1088417445
481972340
-2017577269
-841810955
-386689477
-1106723301
-1402015683
1082733912
210563955
1354109042
-1430852566
2044352745
955331263
807020584
416419290
1885591943
1597433327
2143120982
1754638783
-1388884335
-1515737181
-1104140300
1762215389
-890358152
-60091307
-1321268082
505445478
2023673487
689887133
743314486
1063117988
749081637
-1170118225
-1061310276
406922779
1978155733
-560518873
97379868
1323342318
308962331
-1342472952
-994707913
1345396353
-449002454
412814082
-572615738
-997916321
-321429507
-1784377869
1217908875
-1812651170
596025516
-11398993
-1367131448
670415617
-23595008
1946456324
444456436
-544581347
601567817
390614776
928848556
480449470
285643118
-1774695340
411863527
359070538
1389954372
622575717
1556766574
969817575
-1682500317
-964656127
1025703818
-1221550822
1882476215
1052883400
1327741950
-2037179984
885280275
-1072023893
608693303
-1177945632
2011935499
2136370866
-1323117375
87199153
1090164674
1748101625
1744572925
303715737
-1444979583
-1096251909
196835857
522153830
-465969974
-800848110
2086447647
573599073
465854892
-504185282
-1661881672
-1315963984
598271321
1014777637
666867603
-1063061508
112098293
-680156582
-160000391
-258613421
76805552
1759916001
1311992195
777041486
782896662
316886514
-266995576
1425985398
873512101
276865021
-1962070576
-253619229
1478523551
1825522158
691986956
1333768742
1824625186
1233546161
-26340470
850286440
-1140798859
-1684780808
-1271866204
-1980999982
1632765348
-1568798405
-940909191
-85564625
-790191282
409103360
-1936192289
360562384
1803992252
199380316
-490789737
1260848560
-1933996490
661059257
715267266
57210327
-1594187375
-2106181672
2067163796
-237708798
2004782604
-431977447
-623511993
-1958184317
937648477
513134586
1614085201
-1427916698
-2057959931
-1204729123
-2110239272
286930645
1467431660
-1525280499
-418732955
-85215555
-1293946839
599851522
495385816
315885744
-1999758048
-158996764
1928932763
179157261
-864001071
968979789
-1718277094
1137760861
-27781777
-1042138541
-719800974
-1419144704
-1640076240
-370757179
-1710076312
-493335800
-784134557
-1341190733
-461123940
-1767394460
121056966
1030058547
1665526525
-1547507904
627695129
-710432414
32863103
-296194388
283075054
1279890345
1653225483
1660744059
-576281405
-1728587711
-1253914441
-60111507
931992402
-428434952
-1064336073
694794896
732068646
1647326260
911912850
859621858
-2029797775
1434731576
-5081576
-18249157
-813928164
1546093222
2125801618
2055704425
184333088
1357459780
-403764037
1778653084
1289870356
1144725762
1935443439
-425153788
1491454982
975541307
-382041054
2021233080
-1267599987
-937393861
-755339757
309019609
-1521453794
-85985023
-1404175680
-1464059913
-511260258
951694917
-695030244
1974645682
-322239943
1797658811
-1054085890
315916964
901608817
1765740697
-556409763
1034467198
891180409
-96223657
971669434
-1116611728
-321407548
1783614133
456510173
1565601742
-785787432
1893841666
-2020828477
573171184
483444071
1891354010
-752498218
-945458855
-556288609
123660975
502518622
-2111285222
1463782336
-1609018036
-584009161
110699896
-337409809
-1214953321
993339076
-758029620
-1436542134
-1586356906
-623972317
-1398097238
-882037701
-1518529613
-1378188127
-1206343099
1902018577
-424805053
52815216
1893819666
730987212
-1235221692
-1663358569
948883114
-54731209
996871462
-1575240663
526036724
1736856892
-225539252
592759225
-1788377981
-1662066573
-864572909
-194473716
-355886788
1743353851
432615698
156207888
-151372485
42235533
522949283
-1265656307
361319414
541958606
-422580318
35049498
1820286883
947774435
-1975970956
2146053329
1529173719
1580108362
-624317365
-1611607482
336334959
-1230823960
-1580776537
909007156
-42368589
718284893
225819423
-1673589639
504269495
720927391
-1327017631
-1726241852
-624218876
-155203386
1801024374
709981580
-976418696
-1565872348
-893985206
-1120447421
2088649322
586249368
-10759061
-898200885
1185495825
-1408491997
901868561
1338158120
-1605913307
1085515707
1635858781
2048010871
1277842374
-461539745
-193799963
1364519199
1476367005
-1896654997
683220592
751124037
1494195265
643539245
-173216771
-1480386683
2121573083
-796243785
1240462602
837826014
669884172
877461750
147976722
-717245203
-370960115
-1802389757
-1562965930
-1994763939
370663448
1351090105
148269536
903619229
1995691014
1861438086
-1961594428
789035988
1071195448
-1477644922
-768884567
1607854097
-1050956101
1823629005
718085511
478705095
322719399
-636670204
2140544689
-1504066185
562979015
1151834422
-2118459626
122294190
-991445122
813284332
440353731
1235654194
1360359144
1655230326
2118161835
-197774216
1087198783
1223880075
1637381034
-1833303208
-378033281
-262717932
1076781255
1378354179
-424610483
257137988
-1881312583
-202308044
-875575532
1812860651
-1490557780
-1560134235
-1597531279
-447638772
139104836
1262893764
1635021008
866856876
-1730240799
-1334822234
-1460597673
-1083358228
-1403531995
-1911029189
-1873541374
-1507035046
-7189838
-388253501
-1622275826
-810884989
764081208
2040558977
803592091
609952204
1569281454
-933137235
1798641804
267301761
296938206
1586046894
-976031567
1174375470
-160209881
550409352
-1110974424
-1625894867
1201533822
-1052460910
1404600576
240604544
-68688459
-1427053971
-206894050
1831604448
446499839
1410873137
161859684
-943210474
-562906701
-1966876952
-2120038385
608462216
191257168
-1023519681
-1019766688
1946577174
-522132543
1464103802
236308350
-1796181466
-1792497439
-456235864
1332962458
1798459133
1337937984
-973738728
-675750316
776895824
769782567
676410379
-1513888932
-644405222
1262332121
1365321386
266676572
857517744
-515177957
2133698361
1421426197
1226115346
-437831433
286849933
1566230216
1852087683
-1108731716
-1680396613
-1452355114
1214667610
1994646088
-2129831406
-764272982
597307162
-333533048
317196618
1220050902
-1883364416
1655906624
624373244
1073593212
-683162276
-1355266553
-745449899
897158639
-1216833309
1234379157
-840492282
-195120487
1453440322
-1058392767
1980430462
-1983441122
-1294464586
2131092164
-1069480101
-1534223167
362495322
1873716802
304957469
2058882054
-972549119
-366580597
766408220
1931091609
-1806281658
-1461024355
-1415670341
-1727741074
-1679742240
-222293139
877769182
-949812952
-32938182
-1612405530
-1002537831
-1562895682
1965452610
-346436303
432260905
-309798308
-1665929087
316780343
1354302759
-1519114618
674745451
2091357539
-1868083462
1172129155
238849527
1207401900
510367629
-1618185480
-848133518
-216800814
-1596323519
550546386
1624399760
-1150730265
-1257914843
1333253225
-2118526780
-212654320
961496932
1117822178
1571534289
564055180
-510674946
1520158676
-1646117217
120810741
-1981995333
1883813677
1383862354
-821494330
1673583451
-2051841193
519614360
-1474694371
42375953
1433936022
-1690604478
-796582463
-1446000590
1205065395
-1063228906
-387914395
1024215337
-1987211554
119071458
-15637715
572943022
-1672447024
2013328852
-1526259598
617492791
2010898480
-189622263
568622530
1839451566
-1713342665
-1828816285
660866602
1749559651
1975075734
-1427310434
-1036373322
-1470775997
-5773162
-1128897115
-1898880456
-1632425910
1595601281
84101410
-1402533560
299120950
-1694061760
-1921359277
-746758516
-1818927236
-1463847867
28017700
973408057
-1716996225
592357034
432250489
869697497
-649386497
-181829478
644319434
1766554958
929773263
-356274449
685269493
-62660074
450015946
-538092004
-245524146
1977869264
-2122374905
-1903758003
1495135483
286985470
-1536907445
-518856756
-984471169
533579531
-1466303041
-1588590426
2102449811
1585870992
1101228514
-527569778
-727909060
220447698
-646056768
655713792
-350403815
1447930255
-546615196
1343199145
-1858889987
-1143761927
160571530
-1710843643
1221724861
-273576446
1452120729
1739704650
287503946
1218128602
1581428943
460975236
-1524123647
835641781
1677737149
1883207425
-1475172799
-388177455
-1303192330
1706011374
1230374462
758686391
441219587
-602182591
-1347740652
1427944640
931833497
227339994
-1024350177
1841075674
122048269
1309123300
435774857
-1976004980
-697668601
-1515191423
407658019
1501813559
-531190667
-1823528026
-232118408
934127005
-1194439997
1585468738
-145662689
-1493069145
-958234296
85239461
1630923857
-377690014
1605063171
-786697697
-199752518
258052170
496539014
-1161344024
626573971
2088794571
-1085242063
-1119577537
-1717115408
-1486282492
1991259299
1979745236
-1402000554
-1270596147
550874734
-1532075926
614537616
-721690885
1516414985
910954424
714234050
-642550302
-224263926
1481759376
1020782270
-1414097381
-2077654636
-241384893
395164822
573402502
1161071629
-1096555966
-402998927
-1756219246
-1131694572
74434568
1997006498
1054029499
1821932722
1406461239
1021274358
-1631526060
-1534883889
-1964998655
813216589
-601852282
573518054
662291913
337432171
926347928
-1631108868
-97590263
-2058958321
169951599
-1917183539
1698712438
267496261
-1835915688
-2105622968
8028513
1688628216
2111244293
-808554946
-930012321
-625877045
-1865361707
-365967019
-424410836
-166489560
1553896280
52211010
-1254002484
1748234648
9124114
-1058323657
1862746354
880893013
-894889603
758509721
297135525
1543037469
-1499417772
654647029
1883241249
-577188024
-975556082
1119424308
1763285755
1929925916
-1718926936
-421450738
1022033799
1235280736
-291679577
907120572
1317667197
-172292306
-653596067
2040443121
993393626
-102112499
-1065108630
53635850
1952121347
-1024617410
-1357167995
179099011
-254815184
-858384042
1690168188
-839475539
1825846791
2069204492
1399128697
9559453
743148423
-807808940
-1195248250
1947307879
-1811292121
-1326259540
2124261970
1349464972
-473449410
-1727225932
1538321461
1723415472
884173989
-1009282300
394737265
1225540240
-690184038
-349828295
-1790091590
997473842
-1809743385
1119861073
-410917897
-1854791331
1223490
671052088
-1315642038
649437259
867541239
993255330
1356989773
-832435044
1751363524
-1091221221
-61948513
2117106830
1081955843
-500193700
1434183326
-1053773461
-41379058
1438757343
-534677643
1947038018
-606930722
1669774004
-669531560
-1177532455
-1575633931
-475377515
-855527154
2003559137
-1574568578
1937907000
-406862417
-451707541
-861430863
1478196964
1913381807
165219995
-1756572548
1936701511
270148890
1467166618
-1314757025
-1358247547
-2028257248
1688661201
1778539415
-1759623532
507592916
-1277102509
558228350
-2034581818
-626025680
-62069862
-764355023
2122287527
-2050238116
-177176971
-99090829
1673137416
-1728812497
-885241535
-1444108848
602591323
-1778953227
836875350
1307041541
-784862911
-923086989
1355986628
1010834078
-726020767
-81391833
576044607
501977569
1963455867
-847726893
1549019735
1026257898
658095548
-1658599620
-558315797
-524664553
-1114285
1319043631
253163999
-1090914139
-2044010684
-958264636
2141886476
-618333029
-1676431749
1389938150
-62155400
-2125541402
-146262237
-1465991406
1240466630
-1288695099
481037112
1954911582
-267773456
-242523801
932292698
-1314474820
-1648942030
-1968244527
-1153268508
318824319
-1299205303
1081165317
626154045
-215593954
590896093
1564787552
-1607712659
361257784
265670458
48351299
-1256362253
-1178981928
-1786889658
1405824757
-854935851
1456702457
-2031280209
-304286520
1547373047
-810419380
459153763
1029847161
1098032048
409871928
1204186437
1612856028
-264264038
1714899745
1441513757
1688880568
1527923625
-316146708
-1856816689
-1777034001
2026356350
2009753027
720462287
-2048205342
-2081365251
1647008021
354955988
-1765510893
1435615260
-1832432160
-650707253
-1054346741
983677950
1317857330
-1056214002
