8151784
-8648882
1433162584
-713465314
1525688334
-1895825506
-1201055796
1093109098
-1092808985
-1946402416
-366525599
-1546423714
51568345
-2698861
-140355460
1052554752
100026722
243935716
-1322790923
-1093045896
-1416000677
-357237620
574399993
1080061736
887578240
-1517313908
1630130480
-1271466753
-674431185
44998229
-1779283935
-1883707377
-1948759441
-906162307
635009237
-1482222244
1384855604
1104201136
1239881402
930132982
-1628031520
-492475164
1446994634
1271559241
1765745933
-987030320
1542803948
-1814646606
2027094665
1160252830
-110217830
1413976918
1331460513
1333027806
1690618563
1159546159
796518306
2052212670
1779684081
1110407783
282170268
2094250872
191798190
970125288
130752105
-1356667637
466622500
-790581709
371289837
-1181171923
-407932669
23995761
1659936414
1993958783
1064513191
383940295
555199046
-1125355518
-538287751
-133792018
-1711412473
1706758601
-981111660
-1552779774
-716661857
-1614483728
-696363348
630536345
-1676874259
-1753752116
146457899
2126417431
1406104756
-1482291357
-1473247844
-598278081
-1687558755
-413590754
1010026828
-133883891
771520386
-2080863812
866809646
992547780
1453351145
2074344330
-1817298945
-1709872574
-152749362
201487824
1616388265
-1174687846
-1837413467
1222239118
-33087764
1944760036
134807198
-2100693656
-518616005
-810300082
709495594
1556122846
883985123
542837367
-1585770307
91039423
-1115254414
-1844039172
-1275286827
341571807
-721631146
-1659563438
1782923579
263763719
-2097472060
-376058667
367597705
-616287444
845231066
241537825
2046060267
-234402588
1548258567
-1809881696
-1806995159
-1241455595
-1827497302
41920356
-2139032604
-1431059729
905351673
-1153656009
-858563297
-1537952997
-1835193564
-1539236369
1443207681
-727174604
-2104054087
1395143173
-825197352
-610109066
2019161417
-1834143640
938868577
1137953972
692141388
-777145713
-19929786
-187284337
1776548673
-1080587827
1036485351
2006026212
-1501886439
216946664
-1128485795
1820076166
-2081500715
-851862293
457052347
1112119084
1845850733
996494907
-740981354
1055842989
237031668
-542356761
449775303
-455625110
710619384
533020996
-1811321234
-37204982
819123246
-1132471879
1456220474
1669350508
-1931767218
1686715095
344812264
1996331993
-841512132
1609317036
-1672960247
159264121
-1681560
206754136
-2017635833
-380536312
1605130870
-464281376
250228329
-411851319
-1301668832
-1519409598
-1197888939
-855252550
213240667
-1240373304
-1726475946
-1740131320
581390264
-1608502111
-1032546721
1794626501
1852411149
-1831908947
1882880528
-1086682153
-2077639340
-1065750633
-744500937
-678504141
-427293486
-1059396056
2029760409
-2126858165
456828027
637448410
1412283121
1781159365
-1094226284
1077254316
599616056
-1295706516
-296918630
-867993804
437744934
1962322539
-1181577886
1951964922
1840527352
-1831231560
-64444799
-1186958078
1817841524
-732682291
750578669
-353923158
257618217
-1295055715
2077115108
1193569974
1994179579
-398864187
961457420
1892360361
-2060436258
437196546
-1989968677
415590742
2033337313
-1388450589
902425656
-1670496843
-1947196050
-872020801
161216866
1359522042
1787237328
-164730136
-359944688
1360490211
-574898956
-1781636576
2070492378
-1763967151
89061491
979571531
-768974633
-2070376678
2044776911
1885602918
-437220474
1218079261
763589372
137595575
703851761
-1110519146
-2060209374
-748180410
252301839
49676722
1820675489
-298113909
1089295722
1470963045
-584252075
196968552
-1396146687
1220622203
-839698406
-1722514088
502655087
-1848989203
-868374894
143677417
1389452875
-1439603595
-1056476123
-126413465
1206910930
-592445596
-368401591
411292889
1920918467
1131718579
-1035038205
1927299889
890327434
-1654900649
377698988
-1071690050
-485099104
-877325096
2043231480
-1607297563
-1464020943
-658728668
-1425870028
700157199
227372542
-1226624352
-1446307890
2104791013
294132612
-720341377
1894891290
-1367518790
95021662
501336407
-1020745389
-853974711
-884047641
-999068687
-1449905953
-1624853601
-1871676381
971833696
864442582
729639514
57904094
-116923820
1996341188
-1026995949
1446096149
1096208815
-1965393234
1686146584
-541645163
-126097832
1113005139
-123526562
1152330722
1559412303
1702128819
-1037544267
1916619353
31608578
1340773588
162567229
1948124312
1053484766
-1608858941
1601429016
-139771875
1041904680
-1918334504
-37957024
-1207473875
-1678220020
-1139637442
97231963
-696487690
-532761354
-854199629
922442221
1665796599
1824062240
-2128514165
-1095299506
-655309153
-254210453
97972729
779365372
-1396834764
1595675251
-606243695
247583217
624335862
1540293085
-230196728
-355674088
-1875035004
1507920370
-1361383618
-1044699395
-1984807555
508005233
1406402942
842553028
-32332951
1180751008
-846442236
1270401372
-846923302
520087716
1896105919
127382516
-1458466354
-1717770222
-1612408745
92785581
-675954089
1355476677
-345364112
974490000
-908587139
1036876529
-32575184
-160089663
-1449305245
1010086264
-538540801
-1379513867
-1141013081
-1895230596
-1412603507
1889045281
1534598415
-226199244
1609969432
-1961403789
1882195809
383739395
2068874734
-2146835067
-2076228719
-1181283898
-1225197775
-1307116080
1283598881
-1811840147
-2019926566
279850846
-1205088316
1967864012
-1700480001
-1512108349
980119109
-1538173005
649996376
-1182600627
327481255
-260385733
1511428095
-1548973446
1346189196
418543714
747589751
1335102890
429663962
-1397106470
1530129902
-1066538219
-1173465701
-1791605987
-695113274
-1106953986
-1978101980
-850003772
-1169293999
-1227730392
1147083897
-1703064551
1111178460
601446025
821315823
122712554
-1405557010
-2027715779
821562643
-1939333984
-1629559855
-480143939
533529546
1028404367
1464416593
695512656
-859501127
-1980677746
1690891971
578708928
829048550
-1817552438
870931785
1508903505
-1817234785
826976727
-1150760877
907818990
849035674
1448012295
-1447486872
-162709595
-1917381027
-2053614337
-527191515
-1768549803
-1915868192
-20450426
-1972819066
2059051686
-154025360
920801696
-751472284
1172828728
-519883051
114356443
1069867838
-339526114
826943414
2111310824
-1140878533
64683661
2013072700
-127107220
-23338897
-503599664
2024351478
-1774261224
-1897270947
1200982655
1053877244
1510893047
343790268
2071972079
-916051626
-1540995834
680935037
-1187452948
1664621214
-1433408759
1920618253
-1366614875
-136165149
2033881756
-1159159081
-780727833
-2059047984
-1645708409
-346639348
-675924338
-9434867
1087506519
-1268291418
1481242423
174042596
820289833
938221225
1705164602
678010663
-1836290104
1848883371
-1221129001
-542891183
-145405702
-1197511017
857760942
-1030239509
-861907178
-726833491
1992822900
-1156424911
1030838746
388324044
2014614755
-680837387
-533753989
-283914765
-903605518
-1255956030
845388540
1610913285
950995014
1707776323
-348324925
-1565147700
-1091427609
-424673051
1463741032
-410516673
-1045095369
1870064571
354266832
1317172743
-2098213089
-1857892190
-623721606
1376975423
267255178
1581831333
595548696
-468864133
870676758
977328034
1612322145
1678351371
-134634743
231221037
660474917
-212284287
-639469695
193067956
-365008479
-775997585
-2095278097
333456354
1921203988
-1225597580
2129332421
-1103068600
1315527313
605863290
1019909742
-1179500230
-1083689193
-1908275912
-763226754
1333780727
-1730258466
-353286658
469365290
1942586380
378908915
2080879025
1790493434
-1085465095
1209452295
-501308397
1250546364
-1892653036
-2049253246
795999303
2142098876
645578925
500848094
1662257812
1279606321
925587570
787857203
-699656600
-240720903
-2135272939
-1953643251
2018033824
-296946807
-308692949
-1937331579
1998571014
-2060625890
-1556779689
1815209103
749266458
-151907016
239041191
225006223
-631639531
-2082913464
-100114371
-741544910
1025919018
-984898649
-75936719
1338833019
432291598
1538523082
-784311370
959980060
652166587
-284112972
555567739
1453718791
-974800017
1784456107
541013075
613142851
-1467104262
1921117486
277499159
223526659
823958585
-598195419
145142474
-643592205
842019549
1097510234
-1759003138
1317915093
-662501007
1815610151
2083353719
729077324
1780392346
-1048147599
-690486771
1829196792
317782687
-662766636
-956343338
-1036917566
-486677717
1574073631
371159428
-314569352
648880978
443673346
244027658
-1552745829
1514324689
1804939526
872538245
-1182843273
-1499533415
-1019562308
786567770
-1193288588
1530349710
1965585721
1775810459
-1711393364
-2146201461
1745469377
-1023224658
1729342141
-290189911
1942809537
1269013552
614663903
1919424705
-1323367422
-1899989994
62195768
335520046
-1592591588
-980047595
-1461413522
-1037391657
1927614760
-216501181
519868542
461765740
1336041656
736179966
-709753140
-645616658
864536331
-1876750068
572759674
-1604712587
-1435853955
1342452995
-126400260
805315629
-1565464004
-1174626581
-1183489300
-911004255
1350968896
-183037663
-1114031846
1140459323
-732658052
-263554178
-570668313
-1311178229
-2091220399
-354406217
1275256274
-1470911801
-2101927613
440241670
403027539
1278145554
62853614
-1917978358
1855850983
691355905
924302394
-483108885
-1057620372
-397274150
-902511923
1731815361
1070680750
-755800802
-72898623
912168246
-1608070079
2088429257
2105051286
856898409
1952261776
912898007
616179050
-2113639147
1003077430
898976778
-369449113
-1755468814
-198005876
-1638102038
-766125444
491991642
-1677106302
1740665101
-1006318002
2027205424
-383955534
162767512
110236273
-439241731
199391410
-567749115
-1382481454
-278469285
-866511447
-1499465690
-1872113288
-337764970
-1737521116
-1251057048
-799844757
-2032084593
1165369130
989765724
-1779517709
-807966749
-1398748275
1611172211
1524136709
-1519574451
-569481342
1586148105
1007005690
1137989960
748315508
811237028
-660925566
-1477782024
-1488262124
-1414510468
-988317225
661066
-516760140
-932611522
-1442716875
-2107857063
-282126123
336758284
-2090929016
1514422803
-649327618
459738568
-633813145
2029162012
219776718
1444330130
650069313
-1693405454
-1543493036
1099008142
792101333
-730857647
504171166
688294634
1095485671
494968536
-337816177
984378399
-1748937936
1257289195
1117590261
362491510
1491850901
1084330971
145314267
-514658099
175924636
877529924
-1852352742
419675034
2143572507
873443510
-1838702282
-1171875280
-2142763215
-2019106921
2076497254
548963393
944836218
-1287411385
-576984588
41671587
-209800067
231477893
-832822841
632128086
1566048361
-713145584
-1912427202
1525075142
886633217
714312593
-620821442
766891084
-517979949
846423480
440028558
-1341526534
-167642193
492032676
-1923258527
-1037416041
2056707927
-1105806457
806774068
-1882653464
-1591265933
-1626720119
1607964378
2066022193
-1035238201
-399777299
1721199828
-313403141
1946976167
1391300466
834260454
384044054
-730929751
-1099159045
-1883196954
1923971041
-596685668
-1804635279
-85256746
891633096
1211958457
181659880
1237753141
-490018291
1120046104
-873585920
975795345
915203275
813516133
-1473685363
609175905
-1154060488
1200448979
-1718032518
-1003656431
-261508822
-469610929
-1802565654
-876648099
955161308
-151600135
-733409889
1263453153
-580411663
-2141996081
-1747723361
835550961
537495736
-1656246869
-1873711596
-1870351962
872673968
1944822383
-1326277005
-1747623624
706486607
-1234275970
545687009
-1344586349
-741063169
-525213331
-558685743
-1264184541
-879399320
-372465670
1241587441
1673004531
1257415668
1386169660
1109323334
-322704907
343932815
584701468
-1319270251
1804094627
1293989294
431127043
195789829
-1185348666
-849650029
-1637525548
-562470911
2075284884
-697041202
-1851732452
507259747
-414315008
-1795189754
864057992
301066446
1038357838
-610457095
-991116137
-715303590
1296391141
-1329808448
911990671
-1914374793
-233230488
-635673257
608991156
-430207990
-193835770
1948821853
312573623
-508141604
837960977
-755708137
2122959725
-434638028
1971782605
-1572037446
571834560
1054609857
825725834
984674793
4616170
-1749264194
2016570357
-299563396
1401416159
-621634224
-1751063894
835342722
-967986166
-894380751
-655847156
-861578103
-312404932
-375626349
-1187200167
-389675236
2019436513
947190846
-168868616
514981516
374536820
-957524229
-2079252971
1805151731
1972703028
-2059494091
166270575
-708695435
-705080809
-2124075044
-221310608
807526345
1457890303
1082135436
1196988285
-1709440777
-294488533
280647918
900997263
-1412005534
-280614673
-2068306082
-1646922750
-1512269303
1195057575
754404814
200454572
-454877431
2088553449
-1607631383
-1359947727
2084448614
-1596524039
-408119942
-113517418
1801525514
1857443969
41392655
2113447699
-523357428
-267392639
-549893415
474253612
1735090230
139508356
-2064159530
-752549630
1988480961
248924691
577516849
1818222054
1898349154
444813422
111244776
534288942
-1158282871
1745608569
-1593872209
227081804
-1207056665
1322192372
1035695124
-285712101
-1510336463
-490495505
1404085987
997595516
-1760077020
-1067422084
-1804622389
-1852771039
312616392
-1732224859
486004545
93243560
327257847
600651680
-547907165
-985371413
977765152
-751041471
-1046564959
-1226850922
-329572024
1591217071
-1084191016
-2026214151
-151165871
1614944602
1052406975
1315291422
-786916225
1025756204
-1968478778
596413982
919567671
-1842967810
818576059
-582352464
231260937
-503264179
-1437982608
-697756670
92321263
568567085
-167957093
-102125109
2075790294
-1296182403
1962734332
23458721
-692326562
-1133988005
-1277318715
-1211959673
-844943650
-1205407782
-1320098763
213789130
1189664682
975408882
1860953221
-1113512436
1587593623
-518252361
331480584
-1988927072
1561775807
1598996942
-253664115
614618649
-2087066751
594125084
1069747719
244181789
1957681867
-1966159681
1352960623
-1007666562
-19006822
860650049
214758889
-1728773750
1508224194
-391648758
-1926469339
1850102690
-1643282454
1833715223
316115976
-359046647
-804604710
-1806240791
-757649782
1872719101
983555065
-1722467905
-874640415
-2098449909
-1387706608
-1768503546
-1326113825
1252289439
1301828436
1631309840
-363784552
1339831770
-211103838
-782454524
-1148580281
1320578216
121373452
-1340847083
-560446607
601052944
-777971821
-1139435786
-746088630
548287438
1675291958
-1291318387
-402309032
1382972190
1199806763
1231941606
-1778277034
-1179981350
117314924
-544036502
2010808922
-1830180409
900916340
1865322320
1092598841
-1333122261
-1098076854
911274066
524781098
1819968418
81007550
-1879556188
-1278427735
-605854159
1874481394
-187982559
-1149460323
-32307045
-1344909285
1978150087
191316412
2074118643
-674212983
199749989
356015918
-398021006
-357276188
-1536221550
-923500688
579732618
-81519689
-68676127
-1284474757
2102118202
1394895154
-2031778990
1436009764
-1988357725
1422692395
707087626
855133381
542324700
350710374
1755728454
877691165
1321949441
-639069163
1609430413
256308852
-357532014
799750817
851086885
759224835
1719590137
-1417112662
-449749817
1790896785
1116473708
-1733279668
-1570762859
1157551969
-1473431307
-494067548
-1797037749
253307211
203021518
-962241646
183795637
1622284840
2037067762
957128383
1547822432
-1865023885
-2087810576
-764683551
-1123050860
234890540
210340609
1964113981
-781839999
987058687
-1689488035
1001750381
-606727753
67712421
213927881
1623626339
-255105317
695765130
-284988044
-1934716499
-1060157801
-1728599120
-635365629
-866592262
-1665752622
-957353006
-105082646
-1943665188
231200033
-1780219188
-1460983043
-1909293105
749104252
-1399467206
1108116806
1776660601
864742964
-1995482530
-249932264
-1236316877
909631780
-948378554
-1662648988
1428982471
-2088992218
-189362643
-1672775350
835139707
-1138172728
-2139585759
2093387763
964495182
-648135872
2130697958
1229996701
-337804927
459415964
-1835771110
-2143822345
-231639464
-1983297475
-1782240615
-838059090
304537121
1630751109
743548706
400492871
562592373
-1993935153
-818105030
-646633425
-2120698179
824871071
-212336048
697596688
-65303305
-1372447206
-1362984671
953201765
-1970048326
70401976
-2086156195
188611152
-974024073
-1974773449
1531197322
-863407190
708433153
1440636626
235669033
224727644
1923055438
-1859513933
1125228822
-1439355156
-1884854145
1209243557
-878052812
314820954
-701952995
817125901
-1626100152
1118208813
1138228389
1618108442
382739749
1598138056
412318278
151492667
1168904201
-1541156863
-1823329816
1177535697
459729479
-568653325
-1436784528
-1409548251
1136615461
438138387
-387508670
-767161444
1000652807
-1674784639
-867780858
715972137
1085004236
2096981408
-1592208977
1462183426
2011689079
413027560
-651199303
1053798806
-936467950
2112486650
2113561265
-1067781187
1658317262
1533250804
-455275782
216274737
863608943
462829318
1268411085
229856572
1831870182
1985081413
-285605247
1401324467
284944191
913910206
1967852300
-1191178718
-1630111811
851513038
-575768631
1534053960
-1734431678
-335096655
1146671227
-932415547
622809588
854716247
-1349965935
585861905
-260517602
-104579202
1090695339
-1427045456
2019627347
-1145664004
-659899556
248460707
-1002767400
-363796388
-1228597711
2139262497
1027162179
-1340886355
-1956307470
-499373178
-136954017
935297685
-1387659993
317292683
1881489490
97982380
-1061101603
-575244616
203379713
-539491065
-1081073751
-1284848618
-598701389
526114834
832220141
-1386584025
577789940
538773666
454767193
-190020582
1488617659
66543177
357223349
1027277370
1787514831
816740076
-1723911972
-1585397592
-921318299
