491191270
-345165306
-152613939
1614781156
705157354
-1840627198
-1492789957
-405800760
-314531926
-2109089420
1231464923
1601750007
1607860288
2099127058
-1732209277
973342663
1134394042
1993256025
164040724
-631945875
983533013
-1603862774
1146080221
-494605170
-1534140917
879812052
332940864
736250133
179781840
-2104944558
155270806
1657141830
-1375332329
-925291977
881866575
1026311955
66312731
1345264071
937780574
-357571666
775758171
1292913032
1859563987
1425210463
-1698250523
-2068106951
-716787255
-905078377
1559779543
467087875
-1193756543
-998919868
-1668468958
886110702
1855023055
1447459174
-812429167
-1059771754
1162175156
-1106128927
-900907511
-1220397283
-1553070516
1656736661
-265639406
-1752847005
-1240052502
-1079129429
-1320088939
-404201868
-1123008639
461345329
-1200291097
1141905986
-389703355
-2144709911
-1185814011
1731523219
-570654319
-1427462307
823980321
-1955382980
1712553994
1012129591
-467292579
142781839
348524293
-1799869489
-1095888939
-1817277167
-507678683
-1794211324
-2027947293
410090352
-498620600
427050318
-1788404835
1070822835
-1597456476
-306835437
1520019618
1138181298
-1843871956
1194077498
-981262570
791159497
256044088
1592563454
-1739572502
-1357936440
440486244
-1793224956
835432288
-507095507
1218014135
-548330578
-2054200370
1018415252
359534344
159594161
1787181217
-1470106002
-672461668
953735396
-1302947676
436650225
-785934316
-237432997
-686925182
1343451471
2146756229
-1094429260
1793898121
1721529642
1473094632
657551792
-793815888
-293999034
1820121780
2104192005
1435743963
873007487
-732352055
-1317682575
1368294236
-849784578
-916740976
-900126958
-95521859
698379687
-1406723745
1571578100
-1564939332
950275029
1569225249
-1334697493
-18187114
-812591287
827142965
-2070026845
77977736
-592395681
1925725335
-1323356683
901773970
-471724926
-566488771
-797724549
-1514109315
1976810465
81934531
-1196013210
970564895
589528674
-1582348471
1227474830
1523245278
-842783274
-310610021
-241441334
930530930
-1647103122
-533838957
1357776257
1965772270
1719084654
-2080268613
1456897665
-1407627264
180847136
1990178614
-2100914161
-1015575689
-1118126326
-214802209
-2079424706
1569849093
-2044355742
934383282
-1759916412
1087281990
-988119359
1480883818
1177844361
-2084794112
-743512809
337082988
-1963902910
936624044
257426655
-1716431389
-582504386
618530869
-1972427629
1541539627
1209144127
-1503885313
587289440
-971635598
-1258888180
-254345174
-2028635875
1299203740
-180024699
2133060887
-1490095751
-1245243801
-1760197640
2073825834
-1585305996
1958610896
-412662606
-15434287
1572068880
-1678129228
2039511
-1817818683
-380424377
873504697
-450968971
-1409574001
1674138175
782554222
1262693079
-1790072498
-1669742660
759447984
273419543
-1162361161
-763341867
242932048
-525132810
138395228
-1574803478
691791858
1368601839
-1959527632
-1545398316
580928567
1848429193
-2004597175
-1820711330
-1992963042
-1818877971
-1597891352
-1259326220
-1375808345
1996171703
-121511242
1125794458
1141272505
1958357008
-39422896
-673602017
-27743164
904351228
1068817925
1126496145
-277072726
1469254128
283523806
758226163
-1216549030
-522992729
1594490846
559738413
1550681534
-481483979
1974155146
1710171203
-415238825
-621005477
-2045808214
-272529462
-634155227
380698909
-1680970927
594842262
1092159819
1209229970
-554847461
930740408
1284736755
161103610
291229110
1711393959
445102703
-1078368747
962240162
-1558629700
-581401184
1509668018
-1927210692
-583247901
60996763
-1778103163
1643675128
-2071683185
958393992
181073214
177842157
-105431826
561141965
1259666134
-372035946
-637031586
-182818708
1282219307
1070161878
-777733602
-1040683607
955409614
1571640892
-1654775992
-238852624
1065283868
1977134984
1176225278
-66584588
-2077944949
1896851310
-155235357
1288781339
1142049861
1434688153
1503355341
-1890690280
-1462961158
1833711090
1697907640
-1159736103
-793059598
-2001873375
1404419069
-1557151324
-1154767519
1223154515
214001090
-275262596
503594238
716043581
554508980
1968811465
-1747148842
672901985
573732851
290746679
741031004
-517888624
1510786638
-2094226978
-852079931
-1419741009
-611675728
327797666
-902519918
526187453
2114407385
996116700
-57873555
1563846932
1667929680
963497785
1320888377
-2033790994
1000681367
-813783326
-816704668
-996500949
217251744
-257576995
-1542537858
-1900795312
315422592
1328028082
1632261903
501011922
1827453026
-1443237551
578761380
-1634418795
930035133
-785913550
777212971
2143770286
205702857
1414725566
1961632128
-1920828048
1608538926
282437613
661915719
1061854374
521586430
-1535092689
1827941628
176563996
346708453
-1873435760
-1875806393
-1205907100
184169887
1653358870
1029541780
-920452650
721426345
44017005
-1436442141
1024474328
-1911125445
-1952574779
177338844
1845203294
1312600180
2053980923
66505765
-690075212
139338199
900534262
575127800
530670715
-535262987
-1653490093
1870468079
-1527735824
-1096812180
-930755004
1957846306
1340207476
41824527
-444762443
1296324467
658680647
-262653850
1306799792
450115623
-903708009
1361647192
-881923839
-797938759
1967295417
1020758822
1352918556
-825504790
1402811061
-1401420133
-1844232129
1483318044
1771118088
670780801
21599699
1010176224
848361892
2048754263
1230534167
-865623091
383151675
-2106555072
476476415
-134202221
-1044985668
-342368451
-1938619559
605064783
1847334429
444312734
1570276402
-1069363168
-846350501
765147829
1876500599
-312052743
-614485570
1627344077
539582430
1577055928
-649052319
-556319654
238392838
-1384309385
-1051761679
-1647613839
747474653
601830434
-1851487820
-809326471
632560961
1857167690
694315725
-444615133
-1740214295
-1908382921
-1554396483
-665402729
1095323782
-1402910141
-1312832467
1116383983
199799077
-96467867
-456872214
-2082177048
-69719082
290409996
-1096490448
1779389654
-1186375534
-1031349203
1082971946
1852672472
89595225
725930911
960393145
-457439923
-904700773
1375658406
419259764
1915424902
-1269389864
1267976652
-1306188561
-891565124
357026954
-439911177
-349529792
791440708
411797826
1233194424
-1846498370
304922625
2020247824
-922544672
-780239860
171414809
-1254191321
-1060347559
512922709
-213574422
1197313217
-833097166
629054936
2069191487
1153684288
-1278168581
-2140448345
462498494
-466828139
-1405197230
-388177494
1739817893
677094885
771141309
-1639221782
942930357
-1236502423
-1435088454
-836412916
1304864109
1914633365
-1603031275
-1680701670
-447419269
1728856956
-1069688456
-1315228279
1037426031
-925273486
948889928
31359863
883167921
2134940914
-601636178
320256819
-195407691
-1074603838
1541863667
486342146
-853585044
1080356949
-1886479600
-1443473632
-287539459
-1614129297
-864963195
-368018684
492988340
-642234866
-1051484823
2088023784
-13015750
86318472
-1288677182
-40119160
957064454
-401179664
1542895638
-67766743
-1267109869
814916030
-170789567
778415836
-1056991277
-2054156882
627960713
-2011309309
-341623197
1491628776
-927056657
1885732116
-1516933633
201485664
260176071
1656824477
-30133321
-700999553
1682085771
959419783
-1460260509
338881539
1495687147
-1895572066
1328077523
-2065857757
551258407
-79178160
1194906187
690893301
-899502431
1312218292
1790908462
1385336084
64252077
-1038198322
285540856
502155133
765927083
-314168047
-2007225231
-2120742215
-222861736
-1130972380
-1798906593
-242668223
-358185888
1573561576
21006075
-798495971
1497883191
-1873384774
-1447205272
-1268120371
1343196456
-1508868107
972253280
1585965165
184619693
-1538747718
1332596976
-279525101
-1430303231
-1952117773
-1886366491
-647870341
-1907164428
755633044
1531288263
-1555786010
-1035525635
-63085277
358635270
910568766
-854085227
-1439735686
-579504269
389842302
-1277175614
-1593294133
1382617585
15824208
1526396657
-1349065755
2102332011
1339231991
1847866632
-1195584587
-1176787960
273034350
533601211
1245238286
212824477
972294353
1093450527
-856118612
1284331875
1158515708
956446588
203919221
960536553
1225075825
266784614
398375682
-1394332084
-789935234
1388490510
-810428066
-1852078172
-2036256865
-1329519403
1982424333
-236903999
1709048096
-1905652958
-1915146673
194319638
-663917306
-184059020
-1784573275
-1322100747
-1728163280
1229659834
948840596
-666896132
-1899225928
-1618497822
-1590893656
192351439
-1253788770
-1140294225
1701115067
-1720892666
627907751
1280971983
346352247
18830953
898759298
2012496684
-1179396584
-71971750
2097105197
-320394366
-2081851274
-107890798
525139094
1026697265
1968028482
1331065360
-1148951163
75798611
341834383
830505549
-2126741320
-2120881647
759882388
-110551117
1862898767
1128494642
525460912
-1197929904
1820245866
1165492468
-997093715
2118429126
-2067374064
1976169503
-201575608
-1040799866
-675253422
-2131057066
-200226063
1963817021
618943408
38945711
-127799858
1308854413
-15369798
-1988547706
1088372741
-339672832
-1989074182
1411962766
2016660794
-1615768263
-48954607
1276878888
313530454
-1572466068
1966957343
-1471942153
1230955402
-2110545649
-1944366232
533252275
-1185942381
172748241
95015731
-1496415426
236214591
530984395
416486133
1039164660
-1810108369
688009717
950351023
381704262
1146894813
206110170
-1855443309
-1494759798
983872992
1324586383
-1503874067
-1042441973
-2088415121
893138657
-1492760511
1406318439
2045748259
428700109
-1671372625
1354209050
1074009088
-1796877260
-1987790945
491958357
906494389
1495145678
-29280615
2139679764
781362210
-362075809
2137135732
-1418305681
-1009630693
1163138089
232797618
-1912149969
-408693397
887633057
510752042
413367971
458447387
-511183003
-2080240921
897732788
-1132769804
1582219628
1406853968
-1368065481
1457398849
-1856286081
802670728
-1041142142
-948129319
1427593959
-598616041
1221027649
1339610459
-1518978969
-1433850167
599616650
562290619
-819065236
1201860310
2020461102
-838041347
393063810
-1979775933
-244513199
-833077951
331677194
620448647
1950919996
-1431261698
-1021517271
-462422416
1501988465
1653412754
1962328835
2139851591
1153009407
2091186937
721108265
-462276046
-163375848
-1654588452
-1788698545
1701332185
1521250528
-544550194
1010382402
-1550629812
1307399815
829316049
825001240
-859170524
-256758375
733032734
-1766981464
2142810600
-1945806444
-1086393819
-452272324
-837856335
702840762
-2130413870
-1814035067
-1513404145
-1467754968
-1793821935
1498168783
-752805074
-544288728
1534348948
-1481494923
-1704019660
-1009337406
527971539
1241432982
253637101
1943348376
-2088656556
-1132462072
533193642
-143585293
375647276
547580300
1265452645
-858561000
300325572
-609057725
-174869463
1007164640
1528133856
924258657
-644295760
-789645433
1770700253
-887618273
-1760523955
1339551683
719307321
1721460726
1133941260
1515494424
2134182232
1183356681
1216097559
-1198971030
-1014324347
959027170
643594075
-1663259181
-2102514634
614560609
2083020138
361894583
-703338348
-294073360
2095400866
1724883988
21285433
77669115
-714611569
-114483426
753097274
-1990032993
-2079935091
2051336714
-437923736
447641760
-707378767
1732155178
-1161569581
1166977952
1236996842
2048263481
1329256847
1326734222
-1883512478
-356273928
-533491014
680633436
-322924247
-1969222663
276865724
742154740
-1903106539
-341513030
350039248
-588910484
-1951395357
-741512204
-704147516
108149623
-2065661791
-1878670539
1263280892
-1469329121
-454195376
-2027814740
1385185212
1606020016
890165444
-43277245
1429084837
458794743
-1290541873
-373065229
-1896468096
-918367060
2026079646
1062618450
1186156858
130032684
-474046622
666374768
1910143023
1799459178
1090164274
1914912740
1474304170
1830899495
-523059665
1658164769
-650084436
-348479391
-419550744
307691533
182543340
1184978184
1185512192
-2061846316
743366943
-1610097161
751474958
2040857336
1857446777
-1780601823
-1950453052
-613630804
530990962
-501035253
-643879598
-1538169502
767635917
-1753020807
1354982924
1660119202
-2097126443
-839009428
-172135862
1388691997
-1206874135
-905407413
1245415823
9260802
1393095227
-42624929
1184425452
2087936143
1098166740
1380652676
-150968666
-1894358038
-157102629
-1801010403
-755388138
-765676752
2075204373
1423982920
-1588442160
-830807090
-2096425553
2108590930
-455913465
-1059052016
-312636613
240578157
2052476207
-1026520585
512516344
-702313056
886194916
-107070130
-2042103210
-808804354
-98314998
-1042689
498336696
1615781402
-1444798924
261424034
-1704352389
-2005609799
281265225
-1287051434
1127965494
1097859785
1563308900
415942868
-1128191165
807805074
516104956
-85304896
-1625859458
1972747819
1633601861
-1709035454
195278924
970011438
507207893
1039648213
-446714146
685091246
571794569
993103710
1616331703
814843497
-546167384
-938884480
-1174367125
-1796431814
249995337
-516449234
2080889768
-992478512
-1099779598
-567411583
1516782202
428996772
-1419897214
-645436469
-1133903414
-626575320
-1052586160
-511386389
1117952039
84381756
196925587
-1392131870
446437320
-1660297243
-1600827133
-659210330
-409677615
-374299328
1015412672
261204534
924376021
908890036
-686021517
-424642066
1682655388
1824096614
286301618
527593756
-36899547
-1899645967
1977348521
-897535790
76239086
823784534
1537553653
-769337347
-39743374
1656039985
639847379
-2128904266
-350546702
-511926738
-1612242567
-48125737
-418509704
201700282
1946644931
-2022510895
-1368289768
1658128892
-426964718
-495479875
-981289352
-1598408698
914923121
138328496
-1430222701
-391210937
2007608312
-1974313646
1874761401
1662048068
-1396709003
1983374769
-192235559
-75613817
-418951864
2076794194
1533168898
254135511
-1313294451
-1329551223
1261951783
-2139031384
207072128
-1735439094
2018639138
1142956501
987216669
-701325633
660140539
2045859212
926583047
-128096805
-122139799
575811465
787580074
1414353454
76447896
-2053279866
761054371
-1573662789
-222533332
989327857
-2039307426
-1669394297
1396892805
388497375
1194459648
-355901517
-1724042940
427633216
-1891936888
520229324
313178382
176038996
1309336112
281323106
1629705359
24465757
554748185
-720900393
-272806974
1917581718
-1802908634
1754812024
-920873362
-139503005
-1983517657
-1351784495
-367582989
1970931145
548947258
186436412
-1580066490
-804305633
-92418707
-1263502661
-336033735
-1510116603
-1522607704
-2092869881
-1528055041
-988315499
1235848393
1981991400
1993490671
2055543256
1971426576
1752056263
-512589432
290200956
-274474050
-913157503
-2112737612
2077055939
-1767699720
745705341
73668433
500814013
1040977392
1642230528
-299754004
1168428472
-1917849787
-1525225793
-863414321
489342455
-196953686
-162577995
2043320381
-1293176157
-1854587194
45076279
149023739
1397965310
2108287067
626340676
-60045038
1796752862
1422063529
-162971615
1496774355
-511699624
1485494036
628560165
-1010929125
-1895180870
-1273142780
-1018855727
-2002333224
-1529815361
1589856012
-1554235357
1477373899
1916055037
807331917
-645313237
-1036265073
-1672995423
-342073828
-503228706
-1776005671
611373663
1141669858
1586456617
266357248
1421546659
611129156
1324680265
38104000
267749644
1449042307
-1124247975
-1941886150
216759322
-68533468
1104889388
1947087166
374060325
926994899
-342653348
1886539213
-1623915376
-498722684
-1951338589
-1090071847
1715536191
-548816422
-1651327639
-1369090226
-1049056955
1988187340
-813072483
-936434091
-1138370078
1726861189
-135211577
428203734
-684731732
-141562740
1539393374
-1930426561
-589285365
-43086299
-1208562346
923572612
1691437289
-1506587658
1608376573
-64697498
-476234838
-62374164
-249420793
-1344563466
787609178
-1028905121
-392759833
640599900
1764464165
308302195
-1453094305
99978708
852195851
1403378626
12670298
893707001
-1555512109
-394902473
-1542135815
-1612564410
-250443200
1845321532
-1290380565
-747553320
1500191618
-1902568169
-1656716799
1955709048
-146331921
1195753873
1846650112
535749593
-204300558
2023977432
269740473
-1567539939
786996291
-148095834
2019498839
433688989
-118837416
-838860639
1687657207
94518761
1027036442
1847448837
-1181530755
1918994701
71729884
1463343231
168190629
1845979158
695106952
-774862244
405270872
217413076
-1581092837
1645416930
-1805785792
1964516064
-1835043502
579999742
318187934
269771232
2123630757
-1959192802
1828879706
183325705
-107408780
-964803232
162430043
1304017381
290653056
2058714348
126904857
-1053217706
109360028
1509869213
-587951761
-157982246
826603427
1187015398
-717992523
-2019818481
1025712812
-281629453
742068494
-8267399
343271036
1587647502
1646590973
101205891
1171474236
-1204066492
2088163902
1558868163
-748186005
-1784103096
572037331
34042754
-859002603
-230862186
3705180
1007914106
-530465468
612294619
1909393067
1139941857
-63454537
-905848173
-1897967977
-1367934298
-676529455
1028767219
1024173328
1097672186
-1056037932
-598660598
-1780476812
-811182319
-1388141746
496774946
-1986502880
1790818601
1575773139
-415667348
1952118344
1248165835
-2084873749
1586290395
-517207541
1489418064
1245701198
994679119
-1099364671
1173297574
1736866638
-1555192074
894309271
1103162195
-8756332
2116411119
1531733598
815080634
-1061922802
-1431472081
1636925599
184576925
557145895
1511491752
1294772722
-1859149597
-1931657415
938398375
-507430001
106497690
1617905215
-931494787
969511205
84623934
1508858063
1019006561
-1428704534
-369901765
-1790149562
-1087737195
1953369331
-733334096
-1980936124
747156422
1457244101
-643344011
-838456485
726746552
1647154731
317257055
-1628975358
1741825058
-50525111
1764095682
2096162511
1312388054
-1930046479
416886070
767280869
1008456228
545870388
1452393118
-2101011030
-1023035776
-1614900676
937733990
-1654682435
193907298
446007641
1565175563
-1919722201
-1368368275
-749598631
-95782689
130597583
-846312493
1131671067
-385400562
672031539
-604756745
140996454
-515389989
1756697429
1069428819
-363755530
-1584763601
-535494414
-704595301
-385226536
-1895877036
-975193351
-851581662
-627771401
-1081572355
514182458
1495050621
-259672843
-2089811319
594404190
1746531173
-942106817
-611504504
-1499027689
-602475295
643152219
409943933
-425996905
1328945316
