-1214383984
-173674092
-28446524
2074271876
-1581587643
-1098046225
662750580
-400279114
-1435051214
1574538532
-1119729846
-2021065447
1140009100
1755935737
-472602425
199927912
-202044649
-1311628001
2021542166
-1094864039
-1047610641
2117425575
-1084052368
697117235
1917923716
356345524
-1605888320
1178394020
2095251174
560014194
-733369207
127810512
1641590594
-47465914
-1408221689
1129391789
-1368423253
-665593529
-215342956
-1951704179
2140375326
154203628
2075966029
553009148
1789279424
1217697797
-2075089931
-1510201397
1024156777
-1678188561
170099992
-505714580
-808076187
1666497538
863571571
1369886080
38114168
536445262
-250169709
885015214
-664301022
-807085177
1252793531
-1068251466
1262629413
271403069
698627594
1042676677
-505107900
14586191
-285628195
-1706366710
110252620
805239457
1701509746
-1349598840
-713964713
-1479731444
1209103053
-190594002
-86558641
-657360746
1479006942
-775583452
45478577
710848482
-100894493
1085493351
557623187
-422752535
1255927563
-1662507625
710752487
1399382762
1048109148
17886479
-750764287
-1713497697
1546551253
-701649354
-374790570
-1186363983
1505390038
-2117292268
1649927558
-1291209108
-471038016
1889744168
-1262383205
980326070
479301080
716242807
810108563
831211325
-1983397008
458804712
-776515045
-2146506769
-1539642040
1135184335
-1488691555
1448871087
-1044950479
-54991929
1382754428
-1369597627
-1906728461
749304516
-2129455202
1302677
-1969494416
402907239
-540373206
1220698899
1709040392
464195220
-1527777902
72087670
2114553407
-1087757759
1158985939
-673140565
601510301
1822584720
-2083138821
-420685812
2052643797
-1065467104
236557035
242715345
1032442153
1887298720
1130016094
856853446
1919030796
-1258705244
933550633
23351870
-553127928
1905086395
929530308
-999259322
948132065
-250771264
-444121336
-2041427426
-1602363397
1424686192
593443130
-2090908700
1825881592
523887677
1307548231
-203361646
969277093
-641745311
2072421713
1895689002
279700758
2028292405
-1912196758
1296773935
1992814095
-126066750
1740606622
1678868823
-1546578779
-416380008
-402912458
1524192637
-183550684
1298292702
-1729575109
-2104747044
436726323
313717162
-16755655
1336397690
22978614
-889847406
443902788
1457901537
1775082227
-1904039293
30266175
1686953492
1111603575
708028880
705497435
1538356417
-277953478
-675441522
1489137118
1059516338
-1159761535
-1348301282
-951650011
-82364791
1641466883
-661498870
1488108779
324918956
395239375
-442584299
500348363
1260320893
-1598369428
-90588788
-1343508221
752942030
602981185
-579585310
614419066
1123321748
906112311
-1714915205
-1089190140
-177477414
-1064334692
1646658503
-858534173
-1064329993
-24214966
-697225837
-740209520
-1680063741
-1404572408
1224316571
-475335748
2036969606
281370159
1511044451
1204630673
929176946
-67366256
-1256037050
1518575420
-601121965
-1585616491
-1612786993
-649725009
-1588245564
693324965
-1255777977
12097955
-58914268
1513171149
-1218632306
839064796
1199144074
931683996
433435182
-619624016
-580927499
1301892173
1147039916
1903531465
-407166009
-1953999317
-940559327
752714025
-775903116
2047906097
-1254084342
-1098646674
2108634486
-1159466000
248620635
-150054569
908638852
-1822215755
1162904537
1476697734
-1453346814
-1017797654
-1077960279
702422919
2042079930
-1611930180
1721392419
1470611472
2117007052
-757201410
-625824021
98128266
1204973027
-819956916
-1684926910
1598281167
-136577879
112789107
-1498106471
828025397
-1490056324
-772813040
-1638130585
-1263149365
1257324129
1303217782
-181487045
-674480670
237715512
-409744171
-257399020
-456669233
-450327247
-394685289
549448944
-1069570322
-1081249666
-1011326963
-1805934942
-506535960
965585226
-648202934
293079016
-1456520647
1043032809
1830448207
-1165948228
-1225499412
1667869776
-234505368
831454698
1601862569
1225751238
905979348
-1421958942
1431957489
1111573467
358330539
-957089585
-152098137
-1659876711
-97713668
113601256
-1265866287
-261112839
-1326100939
-1756518395
1123155616
-1409149288
-533514297
-998752908
2079748013
1562958250
1747944713
356900621
773323653
-1796493522
-163262371
46317187
-1354416281
1642825059
1764726417
-1757772804
-675084725
-337032326
619071367
-816137244
1676772390
-491829876
-363905769
1085132286
1863549292
1269246925
472169523
-1931095621
1516124886
1733724418
-592092085
1494209487
-1698629275
1033767984
305246451
-2143461120
1899996837
607109525
-149065277
-1011127744
-575938250
-1048877348
1686527102
1556796926
1312576904
-1768993141
-636543626
775967416
-801480987
-1621129537
1861257774
1555447508
1123693748
-1312016613
889772609
1398061488
919742459
-1143248386
908790401
-1897844233
1779021093
405386483
-2107715998
1644692790
-167678459
-673680275
-706497639
-1981283154
861995034
41389747
634412032
839971691
-1524049132
-2116816359
-61804100
-1599909483
475610006
1215513200
2014722464
1867581701
146316861
-2129106497
532211668
165924635
459267809
1932787762
-1880417615
1340559310
223512602
-1361133742
-2071191569
711095811
1540232966
-500468618
1733355522
-1184078557
-178047160
75572857
-1661613120
1428092903
1117272915
-763010388
1377077318
-214837131
1258575079
-1591089906
-989620964
-475626064
1489457627
-2014310470
-1731053417
614390219
-801513187
-1398282848
-523829633
2096948767
-1527864329
-317227913
1912370416
-402376641
400330643
1213405682
-334343291
-1088299960
823091904
-1050841039
-2136510286
729919612
-1446824970
841657722
498280817
1147985426
-157525097
-795323608
1998266144
1926662983
-1795342729
1503070178
-632524887
725162680
781171870
-1058875120
2037238755
1312263155
456149068
1752801163
1429344311
-610545334
264563005
-1178174573
1655260038
-2088489237
-1335185363
779394053
1743265866
-1004603603
1510497949
-2025143091
490507258
-126535636
-486717737
-275494759
-618159949
733621911
-1466980304
-491558450
-709087980
-442592825
-550630515
-758884673
378195561
75762964
1791714343
972502300
-315422454
996047460
718665874
263909544
-297598203
-539643388
-1899669510
-1506164434
914736378
1796473786
-449060944
121871285
276440390
-1042633446
1551668452
-1059978510
950714724
-130621160
1337874100
605285117
1715579279
-1748552482
-1108235163
-1381522361
-440884566
1311409632
-1541491729
1033109963
-1775164828
-2127647444
869594302
15806084
1963813271
1491506182
1165957815
960816670
-1189715727
-231440973
50912632
496829680
-720364587
1204722325
694523876
-760306904
995698051
-242141064
-1150659618
1223634759
2001665141
-1286396886
-296333741
-989840432
-671850484
1520832592
345061246
-149031877
268194924
389420407
1977004902
214658352
-1809383261
421044073
1098571435
-1007205391
1074514704
881613761
-1320062
-1685700329
-1522640894
-927924799
1213246206
567865984
124931743
2010573667
-1234839920
-1581485945
874252294
24389549
-1615024687
142983798
1263176888
-254996919
1317674110
-2011523528
72975411
-583748524
1333681346
-727629998
-1310721313
-1028521354
-403764805
-893570796
522920494
-250356686
372332087
400320523
-1797099779
894429310
-1751487555
762148537
-1000031680
179097494
-1569180204
1360865671
-800831521
-1208876532
515186047
716568058
239196122
2112118051
-1040353018
1663740197
-1031461454
955793502
610644987
318310750
-422348277
-1248401325
-2063830149
665345844
-378850675
769532612
-358335820
200481184
674587660
111063023
-1186704472
-1419116167
611121896
-1999706844
-568786896
72527917
49085877
2045535384
-874039486
2020228525
-867314147
-1574896007
-1856474506
-1169139287
269730821
1605111618
352800709
-789691395
2108612334
-850202801
-1408365676
661674090
-953202275
45107124
-848029968
-425713272
-1432978434
-362586039
384323099
-19388677
1775814469
-1063404791
1913230151
-408294683
-986679210
-979464036
894947745
1860291227
-644465561
546374193
620997776
857454234
474524642
-2126834543
1316183870
30864827
914825103
1060685937
-1313370025
623273894
1346515954
-1788877817
1586699791
1291713156
-1748590863
211698143
862266986
-1292548104
-1651688518
745388270
1802817463
409111887
-1465552669
1695936999
68326748
2100327157
400381138
-1029325363
486218969
-855353558
2015179870
68338120
-2069637370
393351158
1470259126
-108557252
-858132065
1112889434
1377788289
-1395300584
-2086642430
37248199
159777862
-2139063445
2009197110
1999772371
211929614
-1439557060
-2074557137
1008633898
1173338696
-842645862
-86192305
1572713666
-863327765
-202990351
-329343440
1583766610
-1798217247
594989983
-793959776
-1530160380
-388085853
-583364410
696269804
-266552983
138308640
106414435
279100257
1421951916
1020273891
769924511
918199311
-94183414
-426798220
-590436763
-856263984
689543297
-342245635
-345315276
-2100077944
-274297913
-216718288
-437446859
178184365
-889964163
1396236136
-427599729
529315337
-1496130140
-2103847666
430558458
2003838910
1952091983
-1384678339
1427910802
1285923979
-2101078374
792211369
-861854739
-1296510387
254062042
-1461770052
1595437679
-434636857
-578280939
759466241
586607068
1961737893
-1784150348
360322501
-1997564114
-112815683
1983246455
-112358917
1999862952
590814104
1452927912
-1685872032
1420694826
-921851599
-278552173
1433749471
-617203513
1676702972
-1060118220
1416264758
1192244884
-723050967
1670610738
1386540248
-1030277182
426627113
-2033729268
147214357
-1146011665
194305648
-1275607151
1885139063
-1223532872
-1063790467
1025617045
-937227665
-1735858542
771971607
2107459553
-1272717263
-1328169766
-1859052584
309710699
-1983666213
-30337239
-1957296145
-1883191610
-136988708
1305295341
-438937824
-500174373
-2017553005
-2018636747
-1420822001
1438858969
-1806317002
-1404726069
1644942014
-1353000087
269853173
-1984777081
814383700
-432477914
-60475042
511750626
82431776
-2021292724
-1716814589
110848457
942401244
1340020654
-778043559
1175796147
-684064459
-382984979
87607522
-1181157643
-1055906166
1283645414
2078443150
1731430228
739778292
206493292
346208862
-1329205541
815123846
-1188915913
1369035339
-316021009
2070379477
-685732069
1297434981
1797280416
-545203782
299111292
-306170050
717366337
-1246775978
-604553215
-1400704632
1419872314
-1247432874
-1220945529
1720230908
1515350299
-1858965641
2028486744
-831782275
-940662539
1062083916
-225381476
-1241876099
-1030001691
-1202970306
347756558
1812955295
1918562288
1401582036
-2069776909
-872418402
-1362235882
-244190923
-2145934776
1558680940
339144865
1457561322
186468154
1873355166
-1722709315
1365156327
-1255587877
-1668050938
480607565
1644916427
-1355678958
1269132961
-2111384325
1212190310
-1962485294
781284787
-1921952367
414959740
1600158861
1077262896
-352401785
-486885688
1973679083
476652126
-392366884
-930216893
1306249399
1528365239
1549893161
-372581211
371527449
887814419
-1499023118
2091208747
-1946289910
-1539992570
-1468117441
-1645826149
851876867
-1520163706
-642033558
245310597
1654382071
1140909009
1501502267
-1209923126
-1463829116
-1415283
793815345
-506410910
1983998308
1726469680
-629601758
-252691367
231398185
-1004438111
1994569478
-503257574
-576657111
-1489391585
-212566258
-783127569
37618614
169610082
835529211
-1827721273
264180114
-1252553217
558263214
-1232798406
-1478680671
-2126897392
1970994426
2067534794
-156903456
1814719507
783609281
66982252
1288696725
-1893252846
-1771666370
-167607994
-2102911800
2116140804
782319006
965677752
493220593
-44428173
-1482439722
-1984578400
-780130574
1832688734
-1460605776
985354458
-1701715385
1303873376
-672197083
777339909
1540550011
-1897958639
1446015986
1788194188
-1505277475
-2126802005
444211813
-1874279452
-1562234253
1920488432
1118376567
1610045714
841201711
-708210869
1458643743
1039539056
-2022216352
540265013
-1847329820
-568222033
906347
-1031402278
-1854767948
-614239969
-900627014
1262765051
1693767412
1847378221
1874084083
1146899477
410166232
-346597587
899636589
-1048704317
-1759147021
1835394906
118902239
1586575968
-876194799
2041118746
-1773065382
407489520
501048132
-1497491323
1065384824
-1920597184
-45279684
-156073176
-78993963
-718294709
-639798308
-1842591483
598133950
-871616290
1089869577
-535351074
-1480590040
377293183
-1859362364
696546994
1992747492
-1242735477
-1088860806
1733293959
-985160177
247890078
-1706333030
-687483542
1878790862
1149792054
1096741224
581949364
694875195
2085152922
2056179216
1675758478
-1875975782
-1666813448
1068450302
-103651146
1908376783
-1553296947
1521707116
-188776830
-1135944428
1726541449
-1478190020
-358191835
1356036326
970929010
-1106524921
310947632
-1868309696
913563591
-130424459
-125405348
628523019
506487849
1507746510
1981458054
-709545004
-1816841674
-1985008175
-1827561990
-584469825
-1381195145
1137661124
-844860941
430228155
1533793403
-1797333300
112607330
-1312801546
150924611
-277925762
-87445522
-1254901101
1146116064
-1862473291
354474812
-1988437862
-1645155237
-1672917851
1490693231
-301512912
-2013191980
167412272
-1476334350
-1607985145
-619075347
-418689160
1924173172
2071134231
-569104536
-267906892
-1395267020
-1491894131
142267918
698355015
805965694
1848584963
846219218
-1343260402
-1934212492
-1194494734
-565270218
928495353
-362196463
1587859044
-1034935570
419475677
1598190699
1427501037
-1719123262
-881371001
165033015
-793144357
-1785688392
847947283
-331992430
410259116
-70736271
-1312184449
-1039351554
-280659264
-1674799405
-1474660998
-884369494
172256079
-624278552
1242243458
1223502837
480008860
302583045
1627058477
1985243957
726157162
-1585115346
-2008319291
1732173235
1490367919
762423736
749631258
-303729158
1711244935
1804413232
-39953260
-1793552303
700013419
-2031502213
727521159
-1530927484
559380642
829298750
-977964085
-343966742
-2088412425
456289407
-1099887734
-1024408156
2105046187
-754675572
1866321755
353342242
753255853
1118341403
1524333456
1970174699
-1313062136
-1424438094
370839243
264163228
1004126620
2069621321
-1950640681
-344694479
437737488
-1111787987
-271130444
34442883
-1805292538
1837261094
-782109453
-687052015
1098833552
-2128142884
2078888260
-1640628990
-985789469
606615670
-840280499
-1032267926
-1642753462
-1222097789
1654810812
-1909680948
970593373
239093021
1575329951
1349514719
-1020695950
-884083893
-824141326
730048661
2089744210
-25852249
-791790983
-1990460584
-2075388881
-1335565248
-1209827120
1451491478
782682069
174086081
1916842176
-1408178561
-468697824
1174354642
567832787
-1744009459
1872211117
-603902275
-97342167
-1800768444
-1338659372
-452277163
-721792116
-636812101
-1480121643
-1029509613
1201814722
-1333517222
1548629072
-793249663
1818154787
-358617756
243470330
-1836661542
-25729430
-1568846409
52780686
-281865742
-422908721
-1371587502
-837114624
754687827
1049760084
788218648
1987380472
1542608552
354981727
1566597331
1547767934
1556293471
-1354876024
-1017411718
-340744975
463108233
1534593460
1787771574
2015625533
-1931062013
-2021097374
-255323486
603032396
2008790491
978720068
-1242552622
1121974460
-1034187029
288157457
2124391831
-464662829
1323925962
7465113
-2088166528
305950127
723540709
1629106457
1290022690
858004161
-202457880
-729014832
1105319196
-254165380
-2018992542
-1513946926
459358293
371607880
220233127
31004955
-1899163001
976942013
-1379569928
2025320422
1853657345
2083311117
1125214433
299939647
275571112
1683313344
1717924578
373521879
920818750
-1793265497
1948752465
-936031209
-1463551002
-745553910
-237973122
990019191
-1786700569
426497827
-1864950505
-2053377777
1113993904
-1990463024
-1874676786
-1397567379
293736987
-368549757
981660728
-243260503
-182850571
-1730973060
-2029890312
548561847
-633850946
11915066
-1119440100
164410364
-1988317524
-1878887634
1012769478
1206423587
992997109
-534690895
53126671
-494664912
1929166670
1875537464
791113255
1158921172
1020674734
-1841559866
-1383822656
1873908227
800705623
1602656673
-1063572564
-1212853821
-2006469610
-895179704
-1752770364
-1383145657
-1642157368
81537443
29901836
-753530820
169431840
-232204932
-1556047340
1542821473
1078338216
1264608046
-135859040
-1373866147
2024656645
-1213580389
-661662837
1266224588
-1786983554
1929281123
356040679
368050074
-571958593
1106242129
-1949794967
-339667564
-1435371303
1866946841
-162107900
-1298005956
2006000012
1160692288
2014448595
1677727196
-1058425143
-48957093
-837968581
978804189
-856159375
240294779
2008909648
-6390440
2013386339
1462493159
1278206583
-995338003
-1590652491
223494155
-887737011
578125779
777783872
499395249
905279943
223130672
2121261921
-2028456338
-1402023782
1228088491
1874793214
-668694690
1490388701
-1711658178
-213607993
-557163501
1181569515
-742283952
536935358
1924724170
-84548210
1165703426
1050164472
1434079199
-2668455
2026642377
-1119066460
1062165122
1855228500
-1507054020
330094668
914926763
1986052574
1253736750
-2079135397
1214505290
-133401905
606902271
1401462494
642061251
1883227100
666827823
2000583054
1000812441
-933747137
1482880563
360816654
-1349187736
-2105125993
1204715403
1332996464
-886544616
1748223500
2060501524
484150269
1017877839
679808694
1553905818
477656117
667744295
-1841254849
1005634737
-441874412
1578881313
-1900522554
1627606468
-200516970
587220056
617391622
1645854062
-949611651
-1563418887
1644296887
-968594168
1640795985
-1731915534
-2044813260
-383821694
1207106472
1253068265
-1976459939
659073654
1810723751
-23934609
-1872032834
799765882
-1644994360
-855604619
-719491088
179056309
-387931171
1453887998
-590236609
-217465420
-1917728172
-2101153514
1036888460
-2044775042
-1841835077
1388325378
252129909
2002750181
1074023302
-995727176
-1451459406
-962208738
-1185498352
608870033
-1785991999
1066016148
1860220895
1934339388
-1435721787
-1701625864
-1027206612
1403047157
747808683
622666652
1200809889
803971575
383280526
458878209
-1791386012
-86919889
1408804444
1983614638
-1362686892
-2102901711
142304697
2123078723
-107262319
-336028561
-755934429
-62604595
651826497
-887982681
662222166
-425573798
-2119342191
-1639645283
1447536625
1938810064
1965171706
514758410
-106975399
-982749702
-350895931
941512148
810987228
162525411
1193349328
679604862
1297173785
53933671
484708498
-1341283615
1142698656
-319192826
-2066546853
-1275922916
-1115156779
-1492256261
-840611616
-917055032
788956953
-716874868
-1316289801
-863617424
-1161530326
766454947
-1705639010
-1536422081
-681569846
-1289150050
-1190145215
1128427771
2061501598
369587810
-809107652
-1230734286
-1619371431
1612731830
-890597219
-104536398
-1341593575
1800790477
2118036271
1071730749
-1610962160
1063236132
1914280115
-1974393219
-311947417
1045289614
1845412976
-1073064907
1978286430
1011666828
-342267154
-1016778823
775154871
265468898
1901920765
-2121507681
1668025940
