956762440
-1345530383
1014087728
-1441894592
343696534
657080004
1277785498
1488502923
1049836645
1024426014
-342109181
-286401473
957003840
-781557909
-348319434
739079622
-624669319
-166916058
-2076904709
825032011
-1270911193
-1825849970
897198269
326509197
-1093551502
1086094234
1024924524
-1351995146
259990285
640733993
-435071068
-822699796
-225844220
-172008067
-1889864177
-164087194
-1475725129
-1863900438
617063942
311444673
-530963931
-1472352054
645217918
-561594413
-2128495507
70523571
-676202207
1881412160
1570039954
-695313685
-1301759045
137107724
-1640280450
-267663844
1505629143
-1673878415
312998729
1651934787
1947125929
-1788187149
-1844043846
-1875160850
-1406458066
103603120
-1422609651
-16135002
-1715966830
-309713668
-138215946
907106729
458486481
-1855542227
-2109976090
963981788
1219101599
904110514
1525772428
-1093790721
963409292
2059289706
315778974
1631514146
2117302115
32658227
-1391205160
-100320425
68496851
437879744
1376208452
-607844184
-915994799
1951077039
-986912068
1046205771
65399356
1037811930
989628077
1577370131
1018208577
-1416637972
-1873313507
239846442
928131584
1389748279
1112906990
519360253
-590362129
-541419067
-1990430109
2044143991
-1534521986
1756543660
443972835
1409049200
1089869180
89774246
-974733059
-581592985
-2144151879
1746523104
776097452
810616943
235679723
630718738
1747526619
-1195042713
-248645163
2097307855
2085368618
793071726
1969190309
-618104802
-1945726222
-1639385195
-1683112547
-856646072
145496198
-1462614059
-449176586
-1921788941
-686824516
-1581224638
1214016512
236418927
-269902165
-1897544576
-1473779315
345860687
-1427606091
1184828534
778244752
2040036411
1101990855
-1187020991
1172930304
1782329092
-1713115425
-1536096660
-1585917182
-530831367
775311566
1424424541
391655238
-337583496
636422207
1572158737
660325296
1597798343
-1113448969
-477868021
-1531156421
2109968420
34957917
267855241
1112891418
1283182874
1018496829
-1239051015
341355295
-1926079211
121018824
391281323
-1867740832
2109880377
-963069729
-163882298
623580439
-1952733586
-860097648
-624246912
992417482
-216344897
-676906016
517326473
-265848917
-62033948
1583462858
1512083911
251459137
1219219997
-1587000696
1064079177
-261357242
-1740365248
-664457200
1628359796
165600467
237138453
-332090143
-2135177086
-1590528582
1554160097
-878065666
-1759938003
-1863153870
1208850240
-1355688646
729775270
1451226809
-1850899145
732388790
-1638361140
98994742
-325025399
731321512
-535292006
-740991907
-110881975
808682589
-1763137824
-276843690
580380336
1148157824
-983457483
-1973281375
1578103344
91742876
-1477767125
1967257907
1715165385
4811231
877119428
1450952933
-1436115558
1554489120
-1572841947
-2145977330
2109013178
-1635376094
-857687415
173804654
-1911161528
-263856871
1818630007
1813255757
1396281536
1849409390
-250031049
308760291
1926648720
-686864193
-1440554622
-641598214
1622852330
-1596267991
1480136056
92133329
794524635
282637257
-35007786
-678956989
1444796317
-1492472706
-841846937
35227688
1992259880
284475892
1428164027
1310489595
137404430
1114418398
903339542
1329210045
2084590728
703767938
-340919637
1428015128
-2083077941
1530586234
-1628351734
-698211130
-1536472160
-1496847432
377903829
-684492493
1445546035
-722347062
-2091814982
-1306120607
1712279338
230119774
1879911068
-1218698997
-1216178951
293127945
1469583379
990968589
-1366240908
-2121869501
-1266133994
2068332290
1286638757
-1904624970
780903671
-1294079442
913892575
1976987319
2013540750
1491390622
-1631116782
215740436
-2018287943
-330557555
878291553
-206940657
-497688573
1735881226
1062022129
-23979606
1444685730
336331734
-983429116
2071596325
-920297049
-1628565870
-876770491
-1959868475
-338530704
227134745
876273509
710314454
-752250784
1111761194
-1466523162
1475402993
-1109737262
-1399457974
465973
670659714
-889200566
1277134056
1500649726
1681527428
-474794515
1932444865
648131260
-1949338482
-347475406
1996936582
-790694002
-1214149357
-861427494
1626087099
-1099794863
-682652443
-1191512547
-2066522143
-268957462
1393852667
-461192411
-808448553
1567911907
-600733581
-201400897
2067833468
-1292856519
-759765287
-932849841
1350419097
608664691
1700099753
1101356805
-1514447362
890330614
1920352274
1003588430
-166122006
-2056832105
1097742332
2004534924
1322399151
-874510222
-1283429556
1160336136
-2007946858
165760505
1589713510
-663184857
1307172863
-160780209
-1257207565
-1204045093
-1604964148
1713693654
2139915748
699927388
-1206458624
-1024333818
1866723253
-57048552
-876631902
717593472
-1360545546
1058028008
1027537127
-1704264350
1659449606
214271363
1856092303
1045147612
103650593
-2092284361
-52180849
378834947
-42259043
-2105050667
1146467055
376141541
-2092663952
181744620
-398885387
-1533577251
-457557515
65762874
213323139
1480470567
-1470809873
-215770017
426423997
997063606
-1718267187
-1950855468
701950446
542516036
1573061423
740110618
-500427092
1519081387
1716871593
-681132234
-1335349703
-1261957517
393643206
1280183900
-1241421781
-629304405
1480364366
-1142725399
-1285149361
-863771396
-1899103797
-1145184874
2127973579
-696014342
420196938
1101367786
1639440258
-392766019
2059689054
1419298800
1556905403
458358192
-652234903
803520298
-489575676
1966133672
-1876844258
-1810614075
1281465428
343875896
521736769
502744845
-1114129297
-1987646909
-1144650831
-1724288990
-1337027954
659746001
1044354984
958615532
-83693762
653107238
-110992576
2055202123
1187152776
-957225712
1762907192
-1402143085
608847441
-926676607
1630514936
-295601865
-1545909244
1394536796
-775886638
-13940541
-1298992019
-267749229
125264522
-565020401
-444755224
877169
241190679
-831676495
-2073496390
381577780
285151915
1053257907
-152147522
-1694676770
54625777
-58955131
1937912643
542491724
-274134635
1915931956
1691385140
-56878201
-374847992
-788639524
864961914
-302816167
316404612
-1876668581
1952896413
1600368163
-1515051442
-1953737401
957657777
909049325
2005113658
619990561
-348182673
-1653508161
-2108241804
-1715552310
-2052862815
562710830
1807529596
1638189365
-1230654525
-1903154887
-1766595214
-117647267
-590211097
1978499413
-1971469677
1055017849
1820637401
1550685125
-1944620541
1268347247
332678274
1287992111
1808724172
-917594747
1905357457
-1472798868
947508006
-804896162
-475417001
1755011999
-966581512
-1468053469
1793633010
-904588920
-2057690465
-1205333505
-467558995
1078318618
-945555475
-178657583
-2088969562
1212408650
1731101555
1444262173
473604017
-1090249943
931325955
-1615312318
-134751876
-524490700
1037731440
852215026
-492892429
-1977200917
-1784581737
-159487267
1307713254
632358047
-757227870
1788830127
-1623215128
1444388752
-1113434741
1619798845
-1784573320
-1169542089
1311483359
-1703316230
1565468006
1978004447
-927603772
-130749777
392293487
-1301307271
-421433027
1076166763
52408618
1503717809
-759998549
-2044270665
-658987480
1971717948
-918063722
-1355144178
1940247637
556409971
22103213
1273787019
1991670436
-916033243
-1479246837
-1552942876
-744406037
-1034884184
-1404104005
695267222
-304580853
1476737073
-1323145602
140458849
-1431403181
-2108483227
-845051189
-332158473
164272933
394485295
822543382
-973093393
-1631381798
-1407362860
-252415147
34764287
1638795746
2040804163
-146606657
1080744810
383133744
2112140465
-1307362090
1557537719
-138098220
752962661
-1166499161
-1062452829
666362600
1106474448
2047524432
250265943
-844819024
-2036938272
308100291
732703709
-866565379
1740853653
-1827274296
216903120
5651665
1661070803
1347802440
1132197203
-1861845176
1002367098
-609738553
-1963230396
1241060277
1695285939
1911718194
781167536
-2024406517
-1924885363
1495609562
-1612209784
417199230
85692871
-1527149120
665741717
-1899105943
734300143
-1424211950
868745385
-970305679
-882513493
1492436213
144933142
-1132312597
-1525400746
-401317499
-1031916700
-663762054
1736111310
-1502428647
-654674371
-231899908
407973003
-1119958581
640201132
-1462307161
335896564
-395422153
-1454388858
-2088387218
1106046189
-1029702783
1889911591
868189865
-621211468
-1064436579
-889154974
516994036
515669997
-712899638
-695057998
1475881302
-609620998
1663917918
-482154060
200794533
-1524299376
-213793079
-781308967
1240458537
-1450906489
-194843693
1878074454
1000310400
482331888
2127125544
-372177056
-1971123776
929401196
-210536683
328326549
-1912464926
-1911588165
323582868
232264637
1128640605
-2000589677
778433157
1701237169
798118673
-1658794062
117700926
-214414182
-2073179034
-1893435082
2074685509
294422623
-408567371
-483359956
-1992732069
-945931176
-2101425178
800531046
-2080524355
-864759993
-1146489255
-2068806256
-695514715
1564843655
-1642543095
1774784901
991275542
-62520187
1470511855
1380355806
1466340313
351457903
-1416804956
-57008948
1100789442
32059692
1124850505
1016986919
-1673161673
28843403
-1206155862
-1210348090
1335500786
-1160711234
118947233
1143407376
333326597
640728585
997615032
-677136429
-228667618
734214837
306318098
1461528148
126650380
907791691
2088095882
1775099558
1567717761
1143983870
1385015324
-1049686465
-494064871
-92212632
-1156202877
-1073713977
-903162725
1356705401
916405540
-345923021
148360317
1372120235
-1910192598
1590917650
-437003603
66664058
66588401
621312039
-1968344178
-931938797
-989578073
-1345215945
458760000
-271770037
919004976
636326691
-768896732
-229171758
136046154
-112383176
375272351
-256884312
-300528398
-1182633531
7744541
-7464241
1692612357
-1002210323
-1059579048
1240611649
1029262633
-902533953
273358297
-2088434140
-324918547
-439819645
396218558
684773179
-1701260498
-1640077994
-66036034
130743712
-1890877763
-692671751
-1511794326
-675273297
-2034003650
-1567505435
363815605
-812429755
1712517202
-510294622
673180342
730846506
-69043976
-1854880168
1993311659
605071051
-1281331408
-201441883
-735207871
-1690911444
590595040
462692017
-264140783
-1659626980
-100444933
-1913995392
145045102
38777001
1399753696
2079711623
665721693
479850966
-1463353857
1588686721
-1315540252
1167126667
1571877826
-2019834750
-1562804601
-1624354612
264960425
-1666920372
-2061929201
-272075219
-1109729353
-604328736
1477323405
-1772903035
1975569164
160528728
1449637021
1697058273
1498889683
-942830093
-75460881
1028975803
1802582366
-476816015
577700867
2045002092
362143374
1803130785
-1447174605
1009632222
-1221906312
-1224515273
621847798
277156485
-1246241468
1465496803
-1082660254
-143504497
2113810776
593641886
981363954
-481327783
489724086
-1618257338
-1488973431
526440997
-1566420318
714984045
208140727
-1011549430
1264401288
-166288275
637745722
1804041771
-1406152421
-1895342913
250213830
1774017579
575984833
-578042228
928571400
-207138592
-385339347
432719236
493972712
1690112838
1366491213
1869596911
-621334514
1103075509
-325916057
1624794113
-1677381464
-572532906
-1973477506
-2095933583
1289631081
208321491
-122703366
-931291060
1571245268
-1538111923
2106728839
984113158
34346425
-2080963949
1577075004
170242513
885033983
1779715983
-107160576
499138865
1808555428
1071983107
1617673001
2130490832
-20444158
801009269
-290393243
-244168562
-202089133
632735336
-1216504867
-898689572
815325815
-1664895796
103699351
1876869450
-593586956
355890614
1417820443
1170161245
1697108285
1761256787
-197707687
-640101723
-1372114634
-1046224358
-1300049207
-1154767601
881527543
192339520
-1483946540
517369463
-1494509616
-496135055
-1769786510
-1805705343
-1517942900
-1711434820
37105939
8359849
785318906
-782068018
-794631997
-1658484329
-536123224
597613154
-743147384
678873271
-1404685583
-1081743624
1090771982
-526468087
1667690042
-667041340
1673833605
-1607130571
881598584
-454182679
496562890
-194391326
-419333388
-32424218
-84752444
2081638727
2086785874
1935182160
943562512
981648385
955328719
224913089
2088703968
-740684249
490420681
-1637744624
-826705888
1070351771
-507023996
1245214914
1398289881
1416901282
-1149561302
-1082023233
1083257562
1652556983
290410259
-632735416
-1439986028
-811890533
-628098233
2000508712
-523816378
1493117872
1546496064
-1510466519
617511769
798711943
872700147
-1338395191
-68311028
113064119
513113361
1223540525
394390099
511854576
919836809
-1810748330
355222780
1245652047
-327000238
-146459502
-2033019116
-2124605453
-325695130
-719130572
1327200648
342415311
1412096785
-2098029177
286774030
-1588243519
-497590933
732872959
-275298747
647164900
1537024802
-1670212431
1087561243
2110576417
-618367620
-2012579068
-269771666
1243801356
-1900587621
17590440
-1385115915
1271977197
44776963
1186494919
-1795404191
-1314958309
653160537
-2010044805
-1104081985
-1736563312
242604909
-1499608449
491425823
2021312698
-761995910
-389975000
-651013510
-583998065
1016620716
-591712619
-1392900144
-468794397
-443334687
-1639695579
1189630353
-1785109507
1726052787
1679027753
-1036554691
494996583
1237665718
-1923603750
410767438
286286084
1910492157
-1817412979
-1499283627
-1718790296
1500288739
-437658844
-304650398
1237621859
927915783
399171783
-2069955928
1215119071
-362039912
1224292052
-1906128543
94090219
-1413694766
-1495069677
27882479
-178747369
893064903
1727469102
-441541821
1709199873
1736096354
769185887
-2128956542
-229131728
-288740184
587604331
462609637
-736646112
-349476799
-1165888306
2096293600
1248003229
-524382921
-962047177
763486598
-342339244
-260084996
-1634625994
-1265376981
956790182
-2017253711
-123514061
-1525557174
-1732491073
-671907419
-1604847198
1267379113
-1811119897
-1009155045
-114974604
-973151046
667451415
-861826993
-1845512496
1422566980
684971471
1927225787
477531138
-735590590
1726188070
-2022261610
1395843763
-1325647861
-865237470
-507981411
-1665465510
-532212302
1337306441
-1285514732
340918770
-1732178001
43678840
1557540879
-1567020307
-529857602
-427015694
-733780243
-1381577880
-1508903929
-1388887365
-855693275
-742078305
-1217545346
505045287
986404932
3979938
-1307958132
717822125
966625334
-843153848
888161775
-1741626624
-9767229
-1589022108
1726761437
-1473815968
1039443548
-1303391178
93979503
218606892
924355352
-2075201756
-134416835
779826876
-84339464
1385042857
27178053
-68005523
-1801676174
-211711603
194688528
605009404
-742758611
-1804734122
1171067159
161086487
1904440072
-398735106
-2050248606
-1951657935
1318126944
1714554853
162001777
420917909
-905721710
-1005976055
-1947150496
1265783741
-914222658
-230808973
860622405
-1098784284
258760910
1998052596
-864114468
696015834
1284201654
-853977327
1076115046
584858902
-722808836
1690923067
-807567667
-105834735
-1463195269
-2035748541
934165259
-765400111
1119700323
-1282770164
-640454707
-1383326269
1068073603
1592667265
64114259
933234894
-333355062
1134375881
-1390821479
-1814980444
1100602890
-573522247
-1198588485
-1225101222
479347199
989003402
1426055061
459831098
-269888880
-1262472501
184269481
2002312920
-249086124
-277287016
-214040763
-640354718
1909201751
-1607068916
1977873125
-432513220
-1691994083
-58581517
1918446805
1796044492
414002406
-161291324
1350351130
-295302767
-115700173
2067383757
-415562350
-39607430
-2075158136
797961648
1777794394
-1442573963
1275287924
-1454949619
1591670383
58452037
-211778098
-67118976
-1829743209
296887448
778740800
-1005737010
-818475903
-1936902056
829828361
1784157530
-603695573
-873260735
460830718
-2110672163
-458599037
1180902579
-5605935
954014037
922778193
-919999288
-1001490027
1615772222
1875824723
-128171351
-1992059263
-1425315841
-1770218327
-909635043
709744115
-385471065
1228991859
-1713446302
1914489272
609709528
-1646657608
1166479424
-184598902
1003650307
-1682268279
-855763622
1354830553
1478372053
1911219814
1808232647
-1027000882
1497886448
-1496581153
-1656159008
-227929460
370191581
1086635134
510590555
1136061368
648889153
920087268
-541157224
-1688933573
-1717282225
-1518416079
-639610054
-974722490
-1374280322
1093888169
1981771002
-1843448426
-900592517
585078163
1977989047
2071122424
-613847201
1301534052
85465552
-1457650417
162396708
-1908766435
-1935060810
702686805
-637715627
-1742940688
1644021948
618724447
60977669
1778421289
504667697
595208804
1102235393
566314060
437722032
1397977599
1951884616
-574296967
-1221506635
1660734771
1975264699
919515160
-89431181
1663935664
-24067568
800642993
-26917659
1655219796
-227163380
1305014043
1850877475
-1884815372
-57827855
1642039256
111425526
-812907941
-889342668
-2097726017
-650316370
-2136837998
-1397608334
-612572709
888160306
-1971519647
1114824613
1598353299
-613050793
-743323371
981900690
-712986614
-725352843
-2142717564
1074128261
190296008
-2058717897
516240974
-338390976
-1762628967
-1321208397
-1024751771
1480977456
-1979887179
392392378
1633010638
686662882
1821478945
708131184
-169589080
1230187957
391328084
-583473890
-984485779
778347471
-1386836452
1164405830
-1879787401
316758868
1414079426
233252599
-986230074
-171734059
189806956
765464163
-1394545152
1177800710
2019686338
1687692718
1225543096
1242066100
-416950572
1785535496
704627954
-981626123
1574143547
1325235197
271308006
200479136
1515565949
-593167349
-1867615228
-313579009
-563588426
630506612
-904576712
1634565059
851463539
889830998
-503765137
234634295
-1580942367
-558874632
-1800260264
-359060296
675286054
732277349
-1358254738
774046820
804371470
310234175
851743286
508248338
726632682
935009740
171258565
1254069121
-716228172
-209311147
829324165
-1627301165
-905943177
-379471185
-995750088
-1401625797
-1487935507
341742873
1611033659
-1332126731
1321516649
1328211529
488022543
1962260598
-1012877577
1887872960
1906924309
-162139931
1791823809
57120613
2081177240
985093577
-1247947597
866948178
1547497233
1207560962
-201535134
-1779862296
444147877
1683488253
-935903959
668052008
215204849
-1140561117
2092402069
140067909
2010161418
-127711599
-324609278
-2012664716
1436925631
-61350898
1376281477
-58939385
1423966752
-1050789319
-929417203
852195513
-1911655869
-1714045694
-1159295036
84225611
-2130777019
-112899237
1890696634
-602440369
960729999
1522089006
697820357
1120055107
661160538
719722128
1316455842
-321093663
750091892
1857724727
1853115231
424868788
1926215235
-1698761431
-1288717827
845558766
457951754
189106102
-510942384
1336466296
1300276587
1414422440
-1557887446
1573200203
519040300
827058616
-420463688
1644452862
-1130298051
-335798206
2001704747
-1737663841
-703073543
1166015036
665312154
607547077
-715022420
554063204
226700326
545620965
-280805547
-1291923528
1468357214
340383716
-1825382484
-837008341
1635038949
-190830354
-2003082394
129359509
1718405202
-420778875
-431067722
43055850
-1823798185
333013980
-1641348585
-653442130
-1983633628
-399793819
707255368
-1320172632
