2064572195
1793666227
36453427
-1161301425
96789432
-1028410568
1830087007
-564687900
-981533846
-1173755724
-852581576
-571490367
1678106497
-1638058897
475252083
644370116
-140263912
-961817632
522172335
1223852552
1998573276
435636763
1684969946
495413622
2002251796
74306184
-1157573934
-2099056734
-1670869024
-2085893419
1937139023
1056691924
-1600952891
-548059091
-1716506881
961934179
-1491484568
-1164489815
1893955058
-259180727
960981913
539183622
-1148295112
-1420991756
-2076740973
-1540425064
1782739400
-1814859942
1991000705
-1842503297
203656354
424871247
1005121860
-1516812009
139063096
-1653893606
1259449459
157654708
572898570
1920854341
645239971
1077241487
-623207025
1802253236
-1014724377
1383512826
-796697253
-212071432
-11032934
-804943141
-1733558915
-1515008028
349929819
707201879
-1353525975
1358581601
-1659414696
-243265331
-978867818
-337325954
-1745041969
342065925
-37101527
1468317899
2027930066
1142382761
-785043757
1983752166
1567545674
-828242445
-2137100618
-1724305578
-587202499
362326695
-470256370
394548119
814116435
612584260
1249056334
-408546699
-2050338667
33124725
1120188297
-1077794147
-624733320
551456717
-1372515821
-697319312
-1132246758
-1168382796
1657146728
949287962
942567371
-257877861
-177089717
1947596003
2018712782
-179041418
-1994161614
1429634500
902483807
1345029483
-681958943
-1166825667
-580194312
28819143
379305556
965937765
594264015
118944561
378064097
-168611518
-2033173341
-1803324383
1843281822
-1391873958
-629015368
-913576302
519760639
-2018458230
1669351200
832428021
-1180491325
-1498443755
464645179
-778750359
-150492399
-200985089
-1814191488
-24889303
-1245481250
1647348380
759491452
-1508356539
1490400401
607324771
-1600535270
-450249067
81014760
1437024263
885500709
-799153942
1407981596
523232968
-1735611125
-1399620731
-1979345597
1376148997
-26764317
-1269566772
1757466613
1120158230
523015345
335233082
-1253486798
-252887464
-454989080
1525933207
-1436102526
863726728
966244143
209930601
-1375666594
872535380
1427279464
-1049213527
347973838
1327359535
-1268636435
-456869446
-826842029
-483790748
-125836772
725513878
-272321786
1789920622
1352247317
-1732058038
-223994880
-935476091
-362589246
128457636
-889989892
170847612
-2102281961
-2146605271
-1408638405
1611517130
2064818074
941645644
1438372007
226874597
1917420325
1125848541
-1735954885
-103417642
-305062677
-432732993
479208609
58039305
368965816
1478996958
-1356670436
-2022167707
1298045564
-1534899617
-65241944
-261573732
-1162217463
1193180952
-1853121698
-1843918653
-338343141
1219533889
-293096931
1550668580
37126041
-1688499604
-1598092442
-537782957
1655226906
-942205262
-1327080312
-389021826
1755116202
-1186076626
-750551044
1502094345
-271056948
1645205679
-1589710318
-2096078502
-1384288829
-985357144
293467084
-1518529296
-576418291
-1794824597
532772873
-2010485830
277556015
1743818902
719601381
-1011227738
979414200
-1598661683
-1340816545
-798109065
785446783
-2073764951
1292754749
-1447688741
-2044293586
-455627025
299583788
-1453469508
1901049348
-492798204
1139101994
-2097341994
613065685
7848608
-1982759128
944979849
1782117718
1760196546
-1334052886
-1035213584
1352333975
1758791907
-1624781774
-1646592975
842503119
-1114975890
-767388132
-1596022250
163424095
529331566
-1560672053
1997184732
-747080687
296386697
1957189189
46833739
-264223840
1267662892
1913032603
121995526
342180220
1701055751
291660621
-126013148
1353349581
-1149405252
50781675
1781273598
-2143075144
-867234606
1037963519
1052370762
-1390042654
-1016716305
2118894634
-1431337112
1613252658
420507206
144675980
800204027
-326406694
2063382605
-847305111
-2122072132
1928826006
-575040845
26168585
-1861223798
-152197578
482416273
-861057826
-899048252
-1755787942
-570410785
1182243820
-1945217829
-274139524
700145961
-2013805467
1963692066
1188779316
-409389183
322260371
-436700184
1834273206
12049847
999542522
-748256312
-1246289250
-2076178489
56398269
1084940606
136460015
-886265966
502686784
-1392963459
-1495393191
540352465
1767146510
-1007731072
1467743674
-46976442
1448067581
1798505567
-2008066586
255663411
-584366960
298714083
-421205
692034575
-474444644
148846940
937321487
1365950327
1805951021
-785443151
-1023984677
-1820340126
-1548582999
729922487
-455032484
406696601
-1673180874
1801707462
-1721418392
-1005815195
417246809
-219922294
-546094433
-740284023
-614686753
-764106218
-1012918798
1381353330
218846207
-1739920322
-901145751
-7518036
-1286665536
1196118309
1617152800
1198913944
-1409600360
-334796524
-1875250542
-76914596
-1499275435
538263437
-1926478311
-1068250598
1049136448
494947743
-1292466507
22869859
1787943551
-2139701892
1251262476
-339829778
1074107579
-23932088
78078641
-1448630908
-1205786366
-831942861
1602764456
468614718
570199021
559209673
-1571413463
-2091401741
-402522107
1877009288
1045766308
1712455403
-1263444382
-1016771406
291358213
-70399529
331138453
109875813
2130033208
903073029
-720973113
2014882792
-1236231953
803918543
-2065118943
-262821049
-635436638
1308765012
-1297527954
-408936415
2013668311
1219263850
-781022209
1282298815
-1326560349
-356371758
-1147070769
-962022807
1170420336
-1270746195
573741542
638514676
355670015
486073647
-55685119
1596777887
1672341424
-471621742
-950603406
-1355104480
-154538495
30674764
-1877979323
-1603101448
-721427884
905426307
1818295460
-1490719217
-1837676300
748485568
-2036684164
-1318104452
-139955879
1531809507
-205907617
554987939
2133431467
1950283094
-1858484820
1846320516
1766905988
-713436027
1075884524
-506112174
-1095943686
1496029581
-1823935617
218564931
-1712020260
597522739
-126884489
1931708838
119913274
1669790487
811345347
1767979833
75501866
-769555416
-1601978225
-577282372
316530889
751146074
1516187115
262498753
-500794752
-382620778
943457706
-1292339514
608236936
1126566386
-550728308
1013916293
1365435567
620740386
-270563937
-1274189175
336532315
-1196376787
-151136543
1861705988
1439993551
-98966941
1734477866
-431830561
807305133
-89706867
-547906232
261944595
-899049541
-1487038618
1548665963
1589865015
-381937687
-2121453494
-1605175869
-274515623
1535750802
2119276845
-1604753049
1641809168
-822292990
87419086
879134584
346102225
-483202248
435193387
-1328040314
-1228659071
-1601030932
595502391
1829841969
1465543244
221936338
1932417737
1302701075
958819252
1240735008
-744391720
419963101
-620917524
-31216562
-1581073435
-63562817
-1023274649
2096185628
-1823883592
583714317
1191143595
-750858023
-1627254450
2043822367
-2101357974
905511393
-170639855
-1732382600
-82858030
922895462
-1882230711
-1102493143
-1298917853
-458214541
560290514
-768554633
702510722
-254836178
-235842033
1452468155
1871212301
547551581
-792794850
787300233
-457959122
1268140330
-2007813556
-1926873580
533096756
-895110358
-1543511349
1094059729
-1493142753
1795674267
150847906
201813337
1895671994
1001847021
-440931868
-1940641389
-562141969
726404227
1590704164
1657645586
2030000214
-1435195462
1828231975
1679173819
1099082510
-211090903
-935052325
556000682
-337057840
1081474602
-263278456
-471684011
-2105211839
-153342823
1002876741
75892466
-1401415034
1897711835
-255003732
1715520534
353806365
-1091702494
1097812945
238858910
878863851
61841134
1603469423
1610069970
1170279824
2029462486
-517927836
886678470
1942593538
-355520888
1132058463
69756931
-611909287
1921293325
1532848087
-894004121
-802685465
1939380561
-271564738
-1593688503
-687731573
1626659042
575953782
-1590118944
-598908346
-1895374600
-799998845
922070500
-1470747890
-1909213772
-268745342
1725610357
1011350498
-127573076
1773980122
1720075324
1651888670
-930599257
-449540176
-1136695088
-380488688
-1008375644
-238930784
1931364698
124798666
-5884639
1431447977
47107707
-1289753287
1890106521
-870499736
-1014632340
113525878
-847866803
1081922440
-174068121
1831145820
-237806009
1310243960
-85977019
1810953049
-985209445
-2033567649
-1280242073
-1347456887
1115044592
1692123724
2135858138
146747136
1213437246
-1928603470
11570870
1978527591
6617816
506235922
94384838
469572809
-891423059
1671480569
668488301
725550511
977853898
-1634503379
-2086018617
-1834610071
-381654750
2127833123
446543886
-345994066
360884113
-1022908749
-1121060034
112249959
1756531742
-1215127026
456663548
-765796921
816684160
-2020632081
2037559219
201192606
1135576035
-1702858224
-2126508288
977354991
-1344958997
1333750495
1374301775
824244415
774917624
45773169
-320290106
-1373525201
-1347291476
1463745206
-191998623
1459433677
-1842600535
-1664360978
-1953071523
717081894
1970808735
-356392356
-1496190246
-1485744737
-518981499
899871800
-422360901
-18386556
286688293
1998271721
-800484144
-2138355871
992340702
-1467065741
350504759
1050291088
1340788389
819401261
1450043903
519971859
-636883892
-695379272
142714381
1160533411
-834304762
-737933012
-1659260349
-1345016311
1606442026
1350364563
728961246
875650987
-1370731209
-166311270
296042271
-1231420823
670940696
1156289669
1712503597
-1243124311
-83005016
2098113379
1086424121
1651679152
-39420297
-778173309
871954659
-1958066637
114716110
311392038
-1720404005
-2116043731
582076144
269394037
1817339595
-1759145741
606046882
-725019980
702186356
1109847173
1826775790
326222776
-224222441
683697446
-258045149
443051670
-729168875
-862447059
1443345439
-1777804131
-1695181351
1107044381
173172943
-638498427
-1212032267
556517875
1119401719
1120818919
717310347
1979759551
1855594542
674120432
-1044279826
1127461494
-289728724
1606702673
-2047192184
-959447803
-207057592
1285602681
-1209436163
-367549783
-494382021
477118726
-971191152
-1722117507
1156012073
505057656
1217137093
1834530900
295892450
-280159705
791402824
1894779593
-1961168540
-1259630730
428677645
-1873484141
1169019044
1010740297
-1259748681
-1541125347
1901698701
55366324
674432573
663014485
-965256632
-179338252
147496651
-1501278780
-2010671426
-1879841886
952853221
1311627998
-1016394150
105101861
-144471854
-743165798
541732627
1643620968
-2029700041
146984005
1595597481
583700172
844655105
-506424429
-1759242450
678506848
1646454408
-1116968457
-506278969
-27733169
-2113252879
1110263604
-1230199373
-880658535
-496673069
-512449742
-2073538164
200680710
-1064804580
-1060418795
995374285
-542403754
1867725622
-1752304757
2025337748
-1551435844
-310036635
-1541399451
-899182936
-409115507
1623010162
-1070524055
1367612860
-782405580
559091853
1745376357
-1547408908
-336914583
-1633547921
713759879
-1348309847
605752994
589842623
-268462356
569439849
-1286785335
-967542346
699769974
649200193
-2077415122
-315715835
-1242050335
-1410827971
-782561602
92543989
-818700520
-1614534097
2137929333
1998494672
208258757
338622895
-723116271
-1911796865
1894528806
481201763
2058741767
-1234536076
58258215
-2130838144
442588602
1068134345
-300016980
-1560855664
-362670870
-516399959
-498813651
-509848203
704530794
-419570450
1543836040
1099740589
170030101
-1481634549
1858129681
-1523385897
342477826
997409836
1613489134
-1732502411
-1953421578
1163713947
1873753250
-542050574
-195891942
-1744980891
-2086367002
135749607
1516377069
44447037
-308991553
1234200985
-1775938437
1153378975
933287116
-1438808890
-466415409
-56580296
-1195003680
-1886483552
1252105381
167948932
421855184
-1833502439
1229380964
-809919559
-1545909875
933810273
339572042
-1356196125
1053760628
1448605868
2058677736
268404816
-1287979292
-118419144
-1300916783
-93248979
15492625
-1025834610
-1848113778
1342748784
997901847
-1005925881
-1988395052
-1062703367
-1185476782
-828024687
-1677352712
-709188109
-1983566612
-496802381
132714914
-1773549440
1842763958
904371662
-1395117888
41148821
982800443
-2106090844
-144447298
-1115153631
888862482
-292785890
1217799155
-497382540
-732016012
-1078470839
408589406
-12782370
1790036493
-1733876063
528466577
1288788887
-1794332138
-1260536174
-2075813908
919967198
1996939939
1431604027
-1576151026
2119514723
-1571200967
1875162228
-1793704567
2074185961
-19736157
-96487150
761998804
440756519
-160749819
-1374193047
2075998341
-64685073
-749963727
1815936018
1857213887
290994834
1934291001
577035245
1123227624
-766496639
-625433532
128763497
582829215
-4302025
-2129867867
-1586664702
-1230206739
1371479126
2041756457
1637397771
-2021245766
875997712
2076579248
-4436819
-1947965055
-1822285368
-1178135554
1488757807
-1418360761
-1214996232
-5573166
-1747118730
799386312
1278380117
-2024148936
1642976207
1175749619
1518030128
-756208357
1774237164
-679541863
1322548510
-434851810
932322348
-319129248
89053147
-969526101
-2078050529
-926256387
1917363051
-397190837
-1743179191
1190775202
1151245953
1708567608
-251263196
1332908724
-99666652
-1957925584
-1951794069
1456990144
1384766352
-1090185077
-1366583915
-2011186769
106869594
1458376591
-1116342625
370811705
-1411326250
-842665469
1439629326
-185143657
89138876
-979141375
-781932748
1605452412
-1778067959
1633092368
-243200335
-816534971
-1742540766
93442417
1124672316
-1718751890
-657971905
1714951865
778158243
741173832
-503699194
-1713168737
1192469264
-1553471512
1439780726
-1909786857
2145822861
1409160034
-1078619130
-1069755745
1555113673
1346509879
356675341
1069857751
195057948
578167819
-87548572
1132883543
-1198839096
393573787
-710459831
-1872074564
774955393
-582633747
590211974
-1837003772
2002349102
-1186166072
728477649
-858596325
887446001
-1262922394
1592000374
-2048117323
-1841840796
1249515623
-1034086605
-1117254306
2000977958
202217993
662922594
1059556303
-483267947
2029276054
1643635037
1696701314
1411671004
-1163615459
-1595804387
-308495481
616017455
-469836700
-343679708
1924311960
-1239866539
-1299753700
-304438627
375014763
-1159023258
275642454
-1488907328
-47900857
-1420904490
-606311114
-1432396165
782472154
1106818225
-647234331
-601411250
1849420616
1293931047
-2143329332
2117502582
-143859321
1358138443
1028391422
-604406451
-1372113431
-1409562857
1411456757
-2029656592
217935866
-1663468365
221459584
1672569634
-1110235765
-1267889162
127694076
1083000431
-1959653874
-1413518548
1436745921
1853983380
-325290204
173392666
1265139423
1655869469
2082074228
-1806748098
1294863626
1609793616
-1024183106
-1482041254
1641200338
625048137
65523247
-636741069
904004630
-1209930138
-2007186442
-1538642538
-1494548806
1149291492
-495883497
1393501595
-449826921
1498506442
132793470
-322873555
-162841933
503262213
-273200554
674086345
-1788943695
-882265644
-705675621
-704747387
2015693707
1056539238
-1372664083
1824273235
986559613
-1039021376
-481910361
1817989254
712973636
-939726876
-355950544
2136893077
-694777208
-1443871697
-1681911152
344475167
1858887061
463873794
-1477615546
1637383215
659911505
-372090204
648776280
-1793506112
-12124566
1755368551
1038791338
2014421379
-1474211634
163285768
-1585757037
-404055841
-222738336
-1052260517
-1333095763
-1313152712
83841768
-165692633
1441463788
1116437619
-526500534
-1651926450
-1227949583
-397670470
190530042
604631601
-29392224
-1655323780
-893121873
-705553582
-687089937
1757976503
-1538352810
1899077946
595168513
-1593993095
752503881
1627112604
1188647794
-151073117
-1782550080
960527289
-2104101900
1252804848
1972772487
1577751814
-208114918
1261615413
-1633141775
1070260237
792013171
-956816919
945160460
1135771792
897831387
-43558936
33377045
-1128476685
-616298228
-62169997
-1720743634
1496019163
881273467
234345339
-1155715251
255686929
1149236833
-41149922
-762256265
-48966228
-212431593
-1082998415
1706221614
1498107247
1240484774
639070592
803220264
-1645558417
1249926558
1105819794
1516812097
-1936544775
-1800464346
-262042959
-1849523535
-1295077966
-629968300
-1004178072
-1594934655
1061230846
278605503
-1328755762
1383403578
1971688357
548637265
-613036349
522368736
-170457420
-1429371807
1049236857
1776401182
-1731337055
1773540352
-687424970
-598103358
1832529329
-320086382
1016336215
-849756310
-1200695650
1310802848
2146771095
1193672831
-695569037
364040685
622298257
1411387491
-895264581
-949519930
-74431869
722671845
-461673254
1079054494
1910165588
-588412163
1824691130
-1392969255
24866007
1797957045
3429033
91097320
1014389329
198768740
2135423616
-1736052587
1537326392
-1521855454
-101143032
-1040854113
2037392189
-1152589705
664595098
-989148535
-1305610612
-1718335659
270235397
1493463726
-2121506478
636824648
-129639245
2040584857
-101161601
-1870372117
889114382
-678797421
-186307380
-489776995
-1303042785
-162705284
2015155455
24405365
321014136
-645633570
597376110
130152562
-851098540
-1505198273
833262273
1788400375
1820443644
-236919370
271692282
712329077
-1264793749
-1871219776
-895450182
-1564430487
415682356
-1620301229
-806947140
-2109961079
1962784931
-1676551373
1269254310
-329119431
336504611
-1973526395
-2053330944
559189059
1686282207
1152268705
37450372
-1195551801
-968442966
-547053268
1948291991
382815088
747311907
-970035100
-1288059113
1495372264
-379467500
-1640012867
-1394031529
1307206029
2103039770
-1639541587
-1543531161
-744796060
988250251
-1689240380
-1332437352
714021710
-1641640045
2123896318
-1835984322
-1348964232
1939914912
-995038116
-289076041
913075480
-24838145
1872442544
-1854409556
-699743659
-698196537
-189940552
1931328406
-1395739258
-398205963
-237975441
-531912060
-1848414305
87587544
1019031710
897672986
1460228071
1931814831
1609979576
1175862492
1300313582
-1300991600
491717095
1943746220
-162662722
-435017590
-1305052830
654757009
-122982064
828328718
-1878233087
872884665
1797125697
-1012079222
126850322
-1960554816
-722209083
-527251370
593747565
-1934912462
-440455461
-631162925
132833221
-1879944882
133807810
-432342319
-1485192383
-1676301555
-1369512021
-766022863
1184741194
1262079842
2143707055
-1128108853
366536102
611000514
2127327491
-571838831
1246709701
-110619162
-1736419223
-1666524684
1853615195
-1664953906
-84568343
1669567622
-998473170
1849014281
2032937664
-426477600
1040858160
653689139
-1869683815
-1308761147
-803970352
579310527
1283868154
1320537735
1650599564
1111467254
-376327680
317913001
-1008302134
-423893441
1379909967
-1320804155
1808426984
1123107488
679088195
-661426000
1121851281
886403204
1143465579
631006427
-1436223918
-1881089090
1483633206
1458369787
-1186793620
1513532366
-1307800594
470076652
-1866653717
1716546145
-692374554
314556626
1669026295
887033374
-967098385
277798785
-1786054295
1835756959
-28578800
-767178978
1342664097
207380157
1556955765
-1554636794
671489174
-1297545712
151817895
-1500683794
-1951280338
585243317
1940410365
-1257814198
-1688095025
-1062919599
-295936174
1984533235
-869415883
-147265194
-950125577
2091125763
659285893
1648540549
16561131
221893635
2057175458
-730324813
-678077623
1774680904
1015705279
