-120020128
-1437298730
-452722950
-1525366059
-231621361
323322168
-1854286579
1357337484
-1167779782
-1839012139
1622243986
422582078
-829891481
-1519386748
-2078942757
-1287409867
-549204566
1474776324
479704802
-1636409418
1786486127
-1150087305
735344562
500775578
-1651440777
-1045593072
-382300411
503766813
-782900448
2082069259
14642478
-144973067
552206568
1893865693
-188409031
-1641793370
-462484429
-1829415251
-227810224
1359488788
1884094796
-169535998
-2092519073
-140990887
-573823063
-258499652
21953275
8664536
-765841294
-1462729144
1192195455
-705003630
-64734908
66065167
-1469392008
-1336517448
352827185
2052900654
-2112193982
1082855296
-1132950005
34762604
527852786
105563707
-300230686
487369576
47411574
648657831
-1716313910
1894938642
-756980741
-798848895
1106778849
969633116
20311182
269843038
654118543
1893638960
1104632581
-500825157
2124188431
-563711580
-614191840
511088978
2109676334
801341547
-777856278
-311127889
1624375891
-141764210
-1290304155
48944129
1685996990
-2004749476
200502117
724270901
1777370644
1933501855
-141801284
1737341504
1208380698
266485264
734528407
423519420
79606721
-1680398325
-104117209
-1841862986
479528034
-1209148538
-754969981
-317015355
-666682039
1461159743
-1015875892
-1293187745
-2131372169
-1044764108
1087707025
-1703883417
261715363
937693272
-1973296523
1706207753
163831682
-319953277
1740557071
2008807882
1847258440
-1131046487
1172638737
1826092762
1866475373
-1282706098
-813443413
-1692123988
-546300236
-1492241095
474715185
-1916464440
1953546344
-406192537
1182342650
59969759
-749065496
385446722
-1711140981
-940150753
-1032206746
956782355
53581557
-2095735351
491234795
-236817228
-443062405
-759045377
-1620937571
-65225591
-31411593
686175714
1074164548
805948847
1850559101
-337016868
1538804234
312499830
-118401856
-1699273415
103068290
-668649459
-451531596
-2043348484
-1899872789
-203572869
-543990283
1712902128
131251124
-814541354
-1440556954
1418385916
-1120533437
-1450262098
-314457443
-736812869
1196960753
650888137
996249214
-2092653492
-761175463
161471765
1174615077
844777318
1567490514
949664730
-1701791991
-1363748946
-369519815
-1786204626
-2090378915
-695285940
-955266573
-1091991634
331817401
1260874683
1040366641
788770410
159553273
1504237024
-963257482
65438497
1200871013
-1079208098
-1098813099
1093572781
-680892398
-1436350168
-232086401
1922133696
-568887929
1789781847
-1285010947
341681104
-323729758
-1624746436
-101906759
410505807
-759617348
604087481
192120130
-1037333217
1270424587
-1592696884
1750189007
480980805
-631692472
-1780446356
1877261956
-1500482852
379548049
-489876328
529922548
-883227829
2273936
-215363412
-78597658
973700794
1131264219
1468964341
525643868
-1732470079
929029789
649165192
2108756176
-132423582
-374881162
1197121103
-1382976576
1764406073
1257282208
-1802305180
-1943247251
1421449201
976771154
-280117343
1456079582
2141646330
1162315112
-339586953
927337515
-899903368
-928417213
364286462
1491143415
-1356393858
638466541
1398080078
644361789
-1177515397
-353547647
-618874356
-185338800
-833085196
2094215113
1950219335
66707484
738678387
-1690735576
1519349636
-731005263
-121555777
1248013242
2104841239
-1720499966
-2055807156
1974926777
-590001228
636022249
-613402892
1555054626
1170638405
-1222528915
-506559257
571023768
2069325821
1454540359
647651552
862477703
465501356
126751394
504186521
-1226041717
283233364
1442847011
1088065153
1570599699
-1451825923
985081128
-1908228693
1819205697
1066610117
522903891
-2080939768
723590932
-1892788422
-1986927799
-75175976
1065975753
613809387
-528355402
-1638190755
2121658237
-50803652
1854012052
-840646190
1162263
192726138
1954899885
799527578
-2038943132
-1594825681
-1816375458
896250300
-1605338494
341563318
194825116
1511007375
689985154
-1263633135
1690669372
-1133788751
-2084985015
1224364281
-728082066
-849250755
-218047562
-772204234
1686036362
-324228548
-125260279
246702129
714962703
-1008289701
1902236546
2079364550
1702002151
-1740657442
-29130168
1005119839
1327902447
-2070970411
-149163636
-148491970
106076343
-435929460
-110741522
1493988121
-9716603
1090836551
-292213729
543154667
1625037216
2032632366
-88527929
-1095015160
1145579722
-1852447098
92335272
1862270066
-1383101427
-366439647
-820790270
1399166571
-1270155590
1680235287
-1320824775
894118475
-1158540882
1328258998
579702965
-1536349037
-3874857
-293030730
-987039735
2114367553
2068342518
-1062874191
-1604291498
-137180827
115253414
401494737
363784689
-1675033356
-1744963684
-1632890166
519879747
-1127675429
-368257745
-665364469
1856635120
-1634289833
-299236582
-630291665
-1777188549
1925796995
2104681857
1076649145
1948151209
1596302642
333762865
-1364531199
-762320925
-1207699458
1208418860
896266600
1607976672
-782204512
-1973488029
18861010
-1696876221
-1320838782
-1081528123
1997926741
-264492543
-1966822510
216836216
508197677
1002801990
1722544985
-1029740443
582919411
1190194073
997479499
-2122898694
-1611018482
1156987197
29614944
1789443626
-881609623
-399190054
-208210461
1795562424
377472870
-1847759779
317376905
790208949
744286737
-2045639908
-1629349436
1666402119
2072769945
-1704987588
621622873
-59561557
-1530739461
-993449386
352612144
211414396
-1929857281
1825091416
-266540694
1361539124
-161162392
-1340562519
2062365112
554995187
-317374618
-1598159984
1809326058
-1426260097
843713871
725671638
1982455750
-1042639732
1295414158
155051689
-574868709
-1883025860
1534363355
1072199106
-522960619
-351265304
-157772884
-371034422
-1103264047
1147816992
170103530
-767439623
1103805747
-6698000
-1126451736
-101637376
-90257417
-707854747
1166884240
-350993367
1244463622
-1295603121
-995815202
-1913232453
-1442743542
1859071047
-583416174
2055927458
-27854268
849486579
-1875962335
-688913585
-980821348
393616264
-966073364
820710365
-36432903
1507852944
1926388915
1145566836
-726661678
-514564884
1698223180
-862742542
-1828399355
-594244324
-472818801
-1138637625
-937918745
894740670
877609364
115936288
-797914213
-685071788
670102560
-1950580409
1854798247
1872743242
-244059301
470693705
117354692
-481693130
1890045127
-1477750056
150370805
912367969
1346457965
-1014180237
1301086938
-627097211
-554796200
333876419
-2091007419
8463576
935245383
1380955464
-1482370547
-1145520567
-822444131
183981876
-1032908254
295536904
-1161784932
-1466933610
-1774130975
-1184340916
1903037906
-675289157
1173894314
-924686512
1312447186
-2137367343
-2099035474
1499361693
-37312217
438454732
441442061
-2138768497
1005343621
-1383724404
-2106404321
-1427248367
-1189835198
-1693993153
-1279697135
1677488298
-216589820
-615714044
1654364084
187510973
-1555763782
-1282768688
-669017711
-1824047860
-1541469233
1809433237
-777320384
-1612406147
-595003747
-1153136992
750868729
-1580232927
-2025228257
519423810
-1239235733
-1359129487
-1146900245
-406568782
1453910988
-4142630
1241358942
1295384881
2021366321
1013044090
489203736
-2056628369
-569830626
618664236
1630770346
-1605778643
382920033
-461178430
-1426758258
2016529443
769212699
1681516176
1794818647
1565319971
1467755550
-1108159695
-1167082712
-2128301699
441132926
674682245
1547860586
-2013300059
1420892770
684167672
-413999687
-612404205
1374918170
-152489974
-212981218
1610954602
-388380810
-692546806
-1072345213
1657058012
-20928171
111532836
-897618077
-74564660
942099580
52916894
-1338926400
-1723619404
-1525200728
1530538846
1918892890
218861384
-1317360923
-964218705
-740565987
-1798103077
11662624
1548800324
756368602
869342978
1708262139
-1395432068
-2014438086
230884470
941287392
-1781017113
1084754670
-1849209282
-2101994920
990479880
1477803819
-1975094515
1088127133
-612784292
1489610581
-1030875416
291648109
-606717797
1686779130
-422025717
-1212480480
1484469565
469840129
-1162626547
-643813635
-1075267265
2010926626
1247604034
-1046041912
764484902
-345346407
-2015297440
1821576351
-1700901309
-861974251
-352258460
-1021509883
511567673
-1083139850
1696402102
-387340481
-940061508
-234969672
-417684085
-583627810
2039173787
925822377
411742858
-13381475
1426795775
1434767330
-611566159
681958252
-751783436
996217204
440498810
441693900
-1738330327
-1214285344
-815032007
-1740061347
1752717299
151864013
-1776021817
1430624949
-2080436329
933908212
-2098187676
1176833394
-84536376
324164702
-187279911
347592338
-1629205650
-1282759215
770292701
-1360375295
-1050624600
-284973177
976556217
-1339214733
-1602980588
-299500767
1078020398
156453491
-1742679219
1711046363
837880726
-1817996100
-67561291
1329413119
-985200824
2013287879
-177855373
-480919394
355458625
-1476860763
1192734911
376889470
-1597078273
1302681870
1150717788
-1528360626
240401584
-1652005703
1243589222
-1969105376
-77886580
-56300051
891800909
-2118259177
-1034954882
-373670057
-1251706335
91961951
-656308471
-1804410594
959860495
-1602973859
-786379671
-444633292
-350896085
-1149180633
64454392
-531103505
-395630225
731028278
291284691
2146694615
155680003
-962935974
748854973
1416707009
1006834110
-312367123
619376707
1705075228
1679578604
1235550539
1536773663
-150729078
-1593284015
-1075868031
-414101279
1377543858
-331093650
2049246531
-1709123125
1568818004
-1374527742
-390558429
540229629
2129805469
-1841351725
-55363072
94874577
-1512636484
-501542483
-864863812
-689486712
-936399436
-1826815062
1206102321
1434326053
232203123
842978996
-549960604
-1639725671
736178980
-1080000952
-1330158085
986685727
1810822848
1417052540
1558186476
839215849
-1084165141
990098498
1524680567
-398522372
1432824061
-1516322578
489682517
-915337897
308041566
-490191371
-2040237263
2095488346
802889494
1096715255
-864962729
-1793902746
1020313507
-1924655106
-1688127573
79650240
-994405875
1656659464
-338805029
-138463814
-2106027976
-1862789182
-469190952
1051756052
787512696
1820590998
1075221889
758101919
-1956477846
-1836118041
470999201
1590279203
604593665
144684699
-1058767589
988479362
-1364372001
1820495065
-600425117
-1855338724
-1418543131
-1505408237
-1388518608
978101109
-1314802931
512479558
1869547631
441702421
1336810870
1048226688
639509370
1154932143
-1432058432
405199522
-820045175
-1997184379
-1232007783
-1355618969
-1834739096
-1909625590
1824229784
-583174748
1515234410
-1587641144
1458356809
759563729
481036189
-2124675708
-39964024
-126852409
1537587518
1202651295
-1288251630
1171785163
-937279377
155865278
495772504
1789954762
-1732335321
-235289683
437088150
-1476344090
40088169
-2038464896
-714574812
1276789553
-182375496
-488570885
1857070604
2009538487
173880777
1452762419
1422133468
507814593
-1444259206
-1251158924
-456439364
1002502232
1028829187
1007366757
652949442
1685513736
-1294632086
-1864465046
-333124220
-1897236763
662177340
1731177289
-350846994
1920328659
-664691847
-1316862705
-1038662058
-1601815551
851828687
1535835444
1229459405
115052981
773847307
-775844867
1071700408
874032974
-239847220
1860443681
-762651746
841652359
-210420103
1693974959
-2043741118
1137728504
1321518196
699252014
-661781516
1074788578
-2074637169
-2083719931
393814051
-1611834069
1560747966
1655620381
232164407
-729497689
1859343630
-535599932
-871926883
-436610408
553702358
-1979030828
-318676701
851561080
-782170837
343054356
-876687483
-219835147
1822632088
973715933
2060431174
-1338532804
-581599218
710493952
1661728196
-2091482502
-734476519
-834076441
-201881210
-1443085921
-1208522412
1056789241
428351448
230718308
-713741281
1948929091
1559420826
-278837873
-66895986
-966127788
-365896365
34993781
-2062554460
-508568473
-1220098932
2023994816
-861387072
165616071
-565362085
-2094803598
2056633943
-1574961553
-721615555
1827157801
-1035451677
620872432
-1789237719
1575633316
1029271066
-1307280233
1615466209
-285922683
-125566365
-207419698
1972973962
2072287320
682524293
-153641278
-1298586241
-463675181
744405153
404493638
1511488865
1249011551
-1730694046
-147801354
-2089227662
-284565545
679618674
-2138871137
-1806794461
-1538033266
894658351
503469534
1294086890
492779158
-1259495778
-1757644794
11571545
-2056719553
1483711391
-1185164473
-2121060756
1767825886
-560350110
-1717314549
-1094701534
-2089976113
-414179815
-622807389
1350098254
-74956612
-1294265874
1708796706
-695574098
1368819998
1758459191
950498185
-882845892
1247844611
2039318760
1861175332
-1231130940
-942633454
-857127863
804376114
-1427283530
-1680364596
273850088
1827687627
-19083459
-746031852
562857424
358665214
-721037681
570055152
1215066106
-862322119
2109178502
1888746897
1695663619
277230573
155015792
-391817072
268407071
-659429006
-1631736798
1225472890
-1045584563
-621437145
-974527661
237630862
-1094337844
357028829
-896761306
-484105276
-1064031540
-583591563
-1918529784
1293347857
360399721
1264716743
1635748796
1416177897
1857251028
1312641477
842287539
-1315485435
1586588114
1372982495
196751264
1237837670
3138922
742480553
-1358445492
1897488280
-1511034918
-1236284229
308581030
-731061701
990703818
539359961
1792785181
1060097471
751600836
130650962
1463141938
-748990610
-727014430
-1631285844
1831111752
652120239
367820744
-1443470463
1218791102
36172936
-117191468
-440044637
826940991
-473552540
-976655724
-949947514
-497169832
-1386081514
1708498808
-1008332065
1189680714
-220278499
-1720460344
776025480
1657495329
-847420119
-551864361
1993238438
-611033340
381009373
1714692473
-1572179955
-539043377
-783341097
1166470321
1255679202
-1613693218
-681675028
-1422509137
1945364097
1314952235
-1318043209
1122202104
325674145
910573211
-1702217387
2110432998
-67235402
-529761388
-32089239
1401342803
80013462
-2124668974
1282894950
390801
-264869793
-655265925
2033594380
-280949092
-227415402
-1329454224
917186098
-1597423726
1690023827
323874789
1996541894
-1217333662
2006809885
-442998733
-1918451694
2071810756
-1287320752
-2023482388
-1358037440
-618118040
420969415
-1590367952
1930132256
-318060686
1882007286
62849086
1623564071
1435104292
46992343
-138443699
-1512164166
-623323684
189042120
816002460
-1378209108
1171012929
-1662866253
-1390563128
-555930875
937230777
-1196680337
-1339764900
-706321915
1669883421
-691021723
-135725650
-484847256
184915120
-1002820490
-660825624
-1904239638
2101503564
-1323420644
-1553354652
-1421298419
-1719080739
-2144577841
404138301
189776152
38951187
1085165737
-1362117854
-1703317149
1591968595
-1775783348
-2003552403
1778901202
-728121362
547617539
1428423540
-1557613410
730791572
-1614171865
-1640312035
507381083
28218634
173808835
-1632896841
1709069365
448513307
-1840543622
566943240
-1450700675
-1905906229
353250472
968456866
-926322332
244816850
-1225119544
-621323398
1684383749
854191432
-251973867
1579225018
1141681576
166395036
-1601911181
1735986901
1556820548
-1061173558
1280067214
-338662436
581726021
219627724
-882642365
-1124668912
1465901712
-277835695
1912788031
-901822793
1146172867
331324332
1574650341
-1122120653
-792668735
2008425743
496773237
-877362609
-2142241171
1873208568
-900233111
344035292
1952136884
-1201973270
1883947810
-57040516
-1498761007
76297056
-315908412
1445030333
-558914868
-1690847746
-286841763
1414958697
1073400642
-670021879
-1662141364
-425093349
-1458559380
334567705
1912220896
846180629
-1720211623
-1194995
-1963499713
-741581743
-1389631106
1567427134
-75297144
-270510635
1586196080
940457206
-1077295812
625759051
653882351
236712995
2019216601
300639184
-39344602
1363545415
-178719801
-1903031797
-606981584
914892210
-1923658376
1490838402
1514929374
952173555
-1887481654
-1461259992
-1244593737
13804683
-1299187537
-93137607
-630120897
-1888887324
-115619057
128948810
1388694908
-1291333759
157673964
-722348133
-1312188491
-1479110539
-1164143929
-1992341841
-565167492
-1988767463
-1942900670
1292770846
1770704111
1216570361
-1258790394
1075758505
787702842
-1720786418
1891147494
-701220977
128973919
-1083777486
-1973922492
836805406
-2043369159
-803120176
-657740365
-639556468
-454470723
-1423409958
1676956637
-237197817
-2078832765
745511680
917629351
-804831734
883496068
1568948254
-219936622
-814965007
-695695067
-2047757835
490763620
-541496369
2130757748
-509278947
-1075418618
-393968001
-309772112
-1903498438
-1916659280
1284942584
-801077746
-2139115411
-1671310526
-222303259
-2060495430
1060969485
940598773
1253041269
780813595
343484567
1293855794
-163662993
650682715
-1943812382
-1954520895
-1881009272
-104119514
-1662967658
1434362406
-2031409928
-625583439
247533023
-377173945
517913674
919435261
1225503324
540176466
1107511923
617698140
1359377757
-987241763
1432138278
1783831092
-1575761586
-1599063986
1996463718
225002498
-2034010515
-54599812
1009462876
-1787939935
-1852810045
-286496106
-332330390
1764829388
-832315056
1165542979
1965110911
411452897
-1027179896
1293369099
-1599064659
-894784025
-2060972034
313194740
-400338184
-1094844718
1126310239
2103491952
1182278511
-2015187963
-700389215
-50510986
2109314433
-139789033
1442835323
1275418094
-255450744
126923993
1870245911
1339522129
-890245206
1368499352
655460613
-1205532272
471402209
418099102
827960435
229815605
-1887774377
-1701379329
1709640347
874980040
-966147594
1908770193
-1008232581
1848638323
1280984895
-1415920581
-597230645
212631016
-948488357
-1900028302
880337196
-1827231614
108327279
-1012189439
-1052815971
592601514
-96505804
430697736
607568434
-207863172
2112219590
-2025496250
-560393978
-792205399
301996219
-1436071014
-1706877327
-946344802
-1074363786
718480582
-1533476490
-268962587
643321533
784853110
1067923327
-1903990837
-16874359
202994560
-428417205
-901135805
459653149
-2039938451
-1502204121
-1469340918
145012314
42505272
1345690203
-616958709
200743248
-412404395
1087199719
-650978300
-2009484776
-90147084
-1706668945
667830120
-986856480
1903793798
-677617294
2026262407
-2144924602
81467776
530580418
883278060
875099370
-324673186
-1537263824
86604293
179096126
-590414870
-1038721658
2074574601
1603537823
300790717
-1405888839
-981932011
2137467049
293315846
-134680481
-1601041000
674381766
-478487927
-1644832674
793155313
-1873366520
1676818154
1967490790
-1980936362
-1799249863
-1963938260
1078580128
-906894089
-832264913
-1513352333
569846311
-232720798
-556834461
-329744623
1875022262
1574769193
1251847108
1562480831
-163840989
-89027391
-816350263
-1669393878
-930476020
1470255277
-1231232828
-1208828495
-459546033
-907670310
994679422
836054381
1513640639
1772774733
2078353151
-449563023
827981843
1096288763
-1722984020
-148556718
801244961
-1597581321
-1090072681
-1108211479
1973092685
1781557458
-1151347438
-542124969
145290811
1387377726
689934469
-986011319
337261771
1242736628
-1339783551
1015136636
