-1763796191
386348178
673199740
1192618409
-1196185617
-853687079
-161310732
-657607298
-182073346
-1393640181
323651897
-1245999449
1984938940
-1363580838
-1743652515
1185985984
714131348
1970200467
1996480008
749457554
2008660919
915046287
2012142306
-926808153
642896927
-1151937809
915176248
-1509693152
256220368
-534060281
-1625300519
-95607611
1371801184
511124506
707859265
-364153507
1900099257
1211658440
1633172985
-990229697
1557078558
-908408637
-1978751683
-124384216
-176672661
-1577269559
349245918
534969423
-1589087584
270533070
696118634
-1882118986
141962399
-2090742409
1272408969
877120195
2044901172
68881871
783574441
343428367
540606038
-1778576844
-672084771
1556183420
696197036
2133633938
-858204670
2066329740
205843794
188477907
483935267
1963420144
-135178020
167144598
1760130334
-1244336545
1162676890
-1459973346
-2747257
-643474775
-108484323
1196873612
2081790155
1585332235
1960940794
-485510832
238284440
1211790788
-1896866611
-724084003
2020406908
-3149848
1238789504
-1114163556
1271904460
-1977897101
188203725
251006754
-284789817
1760829345
-766272511
587572900
2031020026
1953723515
370735361
-889894486
956335845
-277815627
12706706
-263300862
-2051774498
1379444919
1355270356
-484770057
-285399243
1593872633
-1257937137
950436802
1415254936
1033303443
2078495665
1703540033
-1929687623
-1667193580
-1615307369
699340262
-392774099
1201825937
-581480565
1360971505
-1162869353
-1353671935
-1722296563
-2012257823
-1744975099
-1905237560
-314535082
251311399
-759100263
-163882351
-1818980199
-204826595
-593668501
-1963994528
1629926283
1118194229
1837302702
-784016922
523884837
47845749
-174461424
-249902313
-2061717848
502647842
-434294937
-432663559
-1654880799
-942249541
-1728128631
1985698495
1922738606
555319081
188008570
2046906134
-1765542208
-1984337357
-1744964916
-1287799619
488815778
310622263
1854004291
181973851
1623141113
1224918038
2099383991
516544396
1560465164
93241200
284147006
1964060988
718792070
768187153
-633997943
-753005768
415597690
2047640234
2066416526
1913370626
-854203992
562356163
836889447
1680166884
1847867646
-97904656
-1396761223
765377607
851711841
-1500218814
658622681
-1836932028
1133252012
525406208
-1373278230
62525051
166334456
1993688215
-470441142
235654179
-74971874
-1846503218
-60291346
893321571
1944799865
-1849043651
1936655755
-865247521
463613936
1800957951
2000279095
-2008620908
-805392333
706877862
679262288
-1311627800
-1735530173
1544529263
-190412388
1431418620
1550850360
1370210486
5708465
1789381445
564994878
475082155
532407703
2014799194
1474158816
1509258566
1554975403
1591400462
910345096
-141015944
-774981691
-134936383
2145684038
-1624315742
1551981981
-1742470413
115609552
-1218011318
-1472374934
19968281
1189770441
-636506869
-1850677045
1312870067
637217350
-860983347
852604395
-175282274
-553803635
617537590
-811001377
-1926137690
-764633569
1519007328
-1188757679
-269908641
1140163320
-1770674740
1435180899
316028724
934411284
-1339267947
1067895501
333535680
-1018500299
-1223265816
-1532518072
310757468
1459324643
-751775821
657054510
1739596024
475526836
380838812
-364443295
108482606
1831530445
-155585740
2081976172
-1010218348
938612136
-2363540
33709033
404326225
-1850137834
520356679
-860740831
-1729884174
-1567613049
-1773069871
-1137795079
-240043650
-86432631
-1135095985
670392075
-361538873
1752070030
-1322155593
1109186579
-52882429
-882246671
-1148750750
-1189717620
-524026982
-1352449733
1736440575
674269850
717014080
-1886801503
1700716490
1302701866
-1019531194
1851040977
-1794541314
-66135465
1680434733
-1797563667
1773281672
-154641649
7305852
-293395497
-1795815172
-479711498
-1462943021
466761391
-1644982580
-534530167
655738431
1461321113
244227254
773746054
-1237262642
-141305405
1249621118
1767796363
1476190310
1605870502
-134109987
-1798717187
-927770414
-1841075317
1559042489
-1990626773
-963560163
1793080912
-500139115
987624114
-1470883805
1942483563
2036191818
-2071833310
1386417764
-1249099473
936353527
1911706337
-1076638949
1499443278
-1355751115
165755727
594061966
-45805666
1499708303
-1444007637
1771484584
-1533898977
-1983288528
-591111628
1895252676
-92163780
1726318302
-266607341
-93171765
1750441297
1350678823
1261111671
1454107008
1362466413
387344857
-580622718
1376793626
-1552836008
-1936717130
-749575325
-1640044270
633564375
869268328
-634030525
-498049474
1199477550
1455634610
-2063239835
-260347361
1489372133
836258536
752113288
809810294
-2079945009
-2109659231
-577568625
-1110087140
-2006892217
-502990166
1562317667
-895484141
1839286973
1957759549
394971672
2119696855
1510810992
1756834417
385768270
-1833835270
-2128935044
1601926132
698645465
-1650066449
1007476759
2147103224
-620107868
-28664795
-1292344041
-1727382677
-93186862
-2063156393
-1039928137
-2016466070
2065790245
-1440768222
-1276555367
137506039
-1598035549
-1162251817
-61116657
258952680
-1761850250
764137618
-755172459
-282030814
-490457837
-83319157
-1368840286
1368332295
183589534
-1580930645
1856565919
-421106900
-2004862835
-2066215838
327882807
-1796453809
-1988503157
-1210042185
905261009
-2042903673
2146757790
-1868126048
-139935654
-2119126595
1714456715
-1975472237
-1822471097
81031770
1141719416
239028572
1137482202
1131659841
-280005421
-1891089871
2068233123
595654144
1902112627
1385253891
-1010328247
-1092288191
-1863429636
879138070
2146703498
-938147450
-164964474
1416344531
-703539585
963198997
1669554816
-1310786596
2106425636
93183792
-718670894
1947504737
-346879721
-1875597687
-1251413950
-1730164815
1753875360
-1129143564
86759448
-1896434668
928670961
-2085909154
-1788259069
1992615383
-915006802
-1667748611
-1853504963
1306507943
-1185658194
-1424742200
1653838574
-1449144798
958085635
229833769
-1043776819
831020971
-845995977
1541604081
-338002675
727630205
-1067685160
2103496844
-1185069706
-564058878
-817351369
791430773
-1203736623
-1439868827
1465514092
-1827398165
-1310908024
-1914877595
-320489572
-687613723
-1500407410
-1108844180
-542233474
327896642
-1386308996
1488326367
907720730
-1529461436
837735164
1807683511
-573236269
-1715612609
1073866858
1121997136
379272872
2030335629
1319831479
1918597505
-435060042
-664203836
-630382447
-1892782868
-450466048
-749977046
20786880
170682006
694202738
-899221912
-787139117
-438799175
-360923869
1657258622
-2025270533
-559255847
-816871206
322480631
913738038
1181006100
1211642323
-1014136483
687811503
112355518
-775780669
-730941714
-2137060764
-1834312147
1941487384
255554191
-1889876727
-1420875824
-536681852
1742291200
-592713684
-1108753786
-1919507268
-2064204208
-906512231
-577991892
1721940348
-1045826669
85774591
1345287544
-1169365809
-727032877
92960210
-718414843
973753228
-1192115132
1780401011
-75203155
-988952541
-2003928134
1379342990
1935768606
-1983887463
405046623
2100326084
1973235623
-1041009968
-1623014752
-1085580407
1842078803
-1296095220
579618919
-71163058
-1509567432
419334322
-1476045937
-2145583903
-142347504
1063886673
785813652
649286420
2114281224
1603592678
-1714378102
-1005659491
383421144
-470805413
304436560
-288382404
2091939091
-1435349167
761939717
1778286882
403144895
-1908855009
1515050169
1085114257
-152648920
-1908576487
-1179900313
-1113827905
-1240081679
-1331727084
-1053870557
-997163776
-1204509589
-650997463
1888685711
-76525789
-1532403927
-954862151
-699728749
-1724858341
1993545939
748071858
1658562636
1854750177
511144250
-1232730353
-1760999100
-896884071
-499119187
14966693
-549951004
-1724603149
-41074294
242749979
-1856836058
-2011731244
-920065513
1273302329
-1721085554
-1236428
-1413657710
1700360038
929779802
1745994825
-257848954
-198707093
-2067369992
-590518555
-355589025
-961667
1060379319
1470611484
-1142858176
2039053689
1962033857
922599465
222599444
-1260991632
1111801929
842818961
-1325334045
-1094953626
1726013184
-1733152888
-1176298138
-2064004777
1467993804
1545261716
1014106588
-1408832902
-883233861
-467725456
-1120368098
-1299103544
168825141
658304050
-768922127
2007415999
1268477041
-1775607889
-1109906533
939545443
-453541334
990355230
-1329414472
-1131686267
1204509585
467363323
-518709171
1619299655
-979759483
-1306611667
401697821
744378590
-1100606208
-1110757782
-1889859781
-323014247
1257121748
598875354
-1187554336
-1778391005
1657835672
186081274
-1870791042
-1653893372
37562076
1474759619
-2036494315
771465325
1756196003
-1684424438
-1449397820
919901236
1704820242
-113357527
-926048862
-2104133092
-256391068
2003179487
-1083623218
266009690
1536212000
790260596
-1829129532
1231828564
321842830
1875972896
1090684402
127871915
-1435541914
-1345893459
1078914442
1088367483
991743947
1015095899
1218323609
1293919201
-1114868873
-2103091709
-1544813992
-1280693827
-452899530
1028413054
1891010498
-1134643016
758844824
1566203463
-107597210
-915837048
-626240799
1474601566
-712497026
-1260303246
-1239448252
1093248111
1923519039
-1292390896
-1252998576
-2037075149
469546098
899193940
-1351185494
-1076493034
1877581891
-304603700
-971363076
1401903386
-1604481960
-1165419225
-1690563283
430916090
376122149
1310630647
-2066784558
-1433174126
543658622
-792696904
509338595
950864509
-228030355
981991952
1263253681
551990784
1301956933
-1788070568
-1974052329
1723436070
-924640522
-1967905702
1943624432
300435499
-1243856477
1562668124
620920008
2139984669
-1920128655
-1011585955
-407494699
-1262557504
1506728354
-1866842978
-2041037273
1220557490
-1341455135
56629859
-900897250
-1646075953
426461918
1696484346
-1217632227
-1930678826
-1732083939
-954154756
888187772
-175708340
-658306805
1949299410
956849859
-1861453920
984789330
-550975110
-434571500
169963407
-537038739
1686603915
-1148734745
2104681417
353243774
1262880886
1585124349
-862416428
-2098412449
-1098006514
484803726
1576660784
-594485770
1925341769
628661188
835880636
-1915454003
-982379449
891532652
1867794520
1238223329
621051796
-709373718
1806479050
1312483769
-1429060439
343272302
-1986273307
921374138
350392760
569133412
1771776743
1340086201
-1138433623
-1713741008
-1702721245
1284094162
215557983
958032155
393413855
255072375
960031039
-1274375544
1271278207
-86943541
-292024079
-790647702
1595992034
-202994640
1532785512
837655289
617250315
1624895518
-1399368416
-1551252829
139356420
-546733770
-1258525018
-1024029632
-1334156802
300825750
-794413731
1594259594
792190909
2088870510
2043636862
-1424460084
1926412594
1566592467
-827964832
-654937384
842321513
1178449363
1876786681
-1187361219
-1011295323
-622171192
1457815716
-613631815
-1548428600
-303076623
1106714660
1112841196
-151087368
-2099884738
398630120
86314574
78861951
1627355498
-1402128240
1050870115
-1816805645
-2040226225
-492687185
121315116
-907847786
817303413
-2061753902
697535200
-1087025665
1915672299
-196864319
28080348
1947623673
-2024239014
-266614780
-262286889
1785861546
-511876778
890097576
-550546087
1386191607
656515831
715576642
241954669
1116536615
785125544
-1578699212
1479030165
-592077882
688951358
906685998
-234930434
-541533237
452388684
-1298086921
-1278718988
1830076412
1384575413
1421082221
-423956329
802801041
1506356609
2132387274
1973335758
-1855712489
-500977676
-1146841816
251554684
-1535111273
1340659676
-1735466938
-450458894
220121079
-1519496918
317542796
1748598948
1042335391
324550084
147735628
-1004818914
637813087
36542361
1609916234
1906601272
682475919
-318234635
-1388711042
-1751088760
-833574281
1602449430
-1129970921
-804934376
1072644593
791936766
802174147
-1619108776
-952098995
69742730
-825542867
879730005
2084643956
830652867
883513543
-167061973
-459381425
274671219
1262180297
-551555400
-90857111
-1457148933
-291656072
1518068114
811938770
-1283558045
-258482261
1391126586
215981382
1617929394
839223178
-692799855
-877982577
505693568
1303983257
819755402
-2109306585
-2036413239
1220889844
-925528800
275031072
-76332541
1477936092
-1090970230
549835592
1842505073
1058513777
-669505619
-1514481016
1827694521
1321381569
1346931922
471459724
-1838741836
482844673
63122841
-285785176
-1646517371
-1497676007
-1617674196
807190521
875767276
-2100491163
1245599158
2068398027
69255388
-977364039
830718742
-420215494
-1621234614
1903999910
1569808591
-488266725
1311778887
551015675
-33499581
2108866332
2143968592
-1883312498
2044191777
-868027607
-831853083
-330817221
-200449510
-867134191
1062260055
670943277
-1183587366
-1435228823
-303386650
-359141028
1718958390
-1877434704
2084612106
868078166
839466401
602145203
-775305967
283329857
319138532
2045887538
451184361
991072799
-1131683059
-151845436
-415089857
-1498216365
1093985704
1814212343
1375901640
-2124338075
-1981094868
-1606820165
2084447709
1073053185
1751329208
1702054399
1469272909
-182248891
-1927132674
-59608676
-483181458
1877458492
-383792257
-1311911310
2655093
-1667568220
1388167416
-1639353392
-496776953
1543651831
-1474558436
448886809
-1195468273
-978508375
353768322
-1768254557
1474225873
1715109805
-994730528
-58159646
-1074636993
323949373
-1143769991
-69652283
215617675
-30697510
943936212
1450461791
1758773245
-1623339630
-58811986
-1817729846
-1405223162
1224216961
-426958032
668997704
2128045204
-890292583
19572324
-1612768342
-1316956249
-1208572251
-1961206299
-1391560972
-1752500445
116330378
-780016170
-158729151
-299390232
-696508208
-96500460
1502702308
1009398303
-870703776
968840623
982704336
-175553834
-1890302577
1612054677
-1071612359
1512771279
1047092570
308215952
1093279610
1470906773
-356789517
-2100846478
-234991303
1464880079
1967081852
-1701894003
1847845576
358256600
-840070127
-1864896664
1112521422
2062893966
828976396
246170032
399561254
549722985
-1785440893
-1353362067
-1006208762
462295759
-582579947
-1018053515
-787264925
256566695
2092196326
1327237668
1262580116
613814060
264800487
-724983732
-827120075
1515348483
-1579323814
1268045674
893682254
375819662
1866172053
-370870757
2066880179
-1372838782
616042245
-124146738
-1133911635
-1766852426
-1123246219
-1601764679
-1297970215
-813965250
1178602384
-1872102128
665784144
93271992
134043812
-110276236
239283463
-1867729435
-1371681880
-438764887
-1212197767
1350132859
2121749376
2147389068
501277058
710005304
-120532098
-635465661
-845294450
1769460282
519180844
-97898058
1799448818
176970893
1998409800
-654559171
1766927769
1584292869
-1868772337
597883033
-1441233949
-657410738
-1636911938
-1995792856
-919426871
157692737
-1027714475
1459499348
-2058769340
-56294280
-111057507
-243461812
-1530725649
-1206483420
-1921186708
243389686
276323818
1865619485
-1897564633
-1851668700
942052610
-165276102
1929434249
-710184443
53014286
13079266
-1691585374
1239281117
397116571
-622942493
-870228959
-1682315528
-1997276981
-2070386046
651445973
-2130145572
-1929714567
-666047534
538050672
1455680701
-1601286239
-2039695799
-2132732274
-1538309835
299359487
252100495
582887157
-1910148812
-1180201995
1191169433
-531083746
-82924492
1452160177
-1760450058
-641238540
-1303526991
2145460879
-1120291224
2056168666
-884418088
611479739
61060790
-1269285645
523797886
-2023748326
1133962176
729496476
-157066925
1461028202
-1531405356
-163860163
1176209495
-574946649
1784235071
1705101633
-1961414261
420353712
-1363857371
-1292989854
-1038920468
1481064490
542941333
2137380649
1035772828
-1954985820
2106798551
-1181125963
181968738
-687480580
94915080
-1680273990
1767685460
26550272
-1638966040
1059561420
264798162
-1716271273
1142429938
1565954269
-172835914
68580002
647221677
-940869884
1154055369
851317981
-1145652414
1216179327
2139569528
1646028811
668519245
-830258693
-1848154681
-1709362414
-1448914185
1046221074
890193284
-1344042525
-1200249276
-370150636
624950720
1616407517
832332969
-1126244343
490278267
-1248172941
576468705
-1055917578
1608152478
137630219
1535776256
-1529624481
-338646995
2063185705
1148743624
-303028211
-238831940
466368972
664910906
487912209
396784674
-830327528
418273392
262448392
-982942356
-1474428620
1425849001
-894664801
-1558094316
1635898741
-1615834203
-1382288551
-2047982733
1749117115
1471983923
-33337201
-353963149
-733826021
573027847
1000211640
1697643144
265665470
-988349743
-1519589398
-645708576
1476755976
-504779638
-2115412319
1157338840
-765294340
752974864
-844999746
305830066
-559315490
-911052043
-383758639
-1908971131
2075077401
-243613293
956181146
7269748
707013731
-1524573597
-1376243764
-804369630
726851870
807890574
512464917
1011043429
1881811201
-1192484924
-857948838
-1201301959
201291511
893320013
1916434759
1617357814
-1330895290
1385042525
-1980139258
371716549
759725556
1220658091
801802573
1077027408
1342768741
194742852
-698671458
1563356088
-51833528
-651008613
37723594
1753163723
1553332
172306149
1998268598
-1831509130
-1161149811
734818211
1240527713
-118969992
-2056617684
2109377920
-1077451483
-1585658792
-1454646722
-1032691876
-209352132
777530265
1886264044
-227967064
-445146747
-795930581
-1450051524
-1729302540
-898657656
1796095011
1950746294
-548150843
1816344503
-2050508370
1775831114
878033067
-239539978
596538691
-1618430863
-84567661
-183950755
-2083696873
1242717841
1086790489
-164453572
-619098154
1564286629
2071260321
-1111785121
-1855589233
-1588895715
581665511
2103028882
1167967727
-826541310
1662461651
2057414247
-741298511
480328541
1917186513
-326995402
-1202928299
-1051297063
1597214945
-884866716
772635919
-2034028377
-783425365
-2078433304
1295544834
1021615009
-1927366955
1910908171
-1507965779
1699048113
-340235111
1395125358
-2119616347
1788675956
-1379402095
-1595221167
680168068
2135320345
-1106717227
387380753
-1575833311
1574471055
-301756857
625887730
28311040
-1893142817
1824673324
-1797968097
164778252
446888661
1857716991
-231856402
195679107
392470246
299177857
933157479
404876849
272366157
628848404
-1792541434
-556208416
-1867579274
-434048439
-892201024
-1092087538
535356832
-2094704457
1741520963
1247206880
-302042691
375839758
-201064318
-1152379049
851090844
-1952018325
-425790864
-119692607
-1053942199
1682185709
-1427319797
-615242127
1395180211
-1358268537
1916639131
1844334257
557139855
1829808919
1291662395
782429687
967083388
-1051779401
-473417064
1983933527
-783409816
297455443
313422328
-1534379463
1032128305
-474127236
-913063554
-1111213493
242476687
66727290
-1663047253
1675056824
-1511044560
264068007
-709766616
2093069721
-687195868
-294384134
148074434
482492588
1755034235
945881570
66553524
350123075
1990853420
111869268
2040188204
-1334793858
2124092984
-1524677081
1098265096
101994428
-1638456562
416529055
1309166560
-862467762
427646513
1031364422
-342346680
-622665875
1470140439
1189705218
1249137494
-2059665042
763082324
-91983260
1364451169
-1975139533
-1351806217
-979673283
-706079476
-1984868636
-142062028
-1735292553
2099669890
1429847519
192319042
-621968351
177031426
1296534764
1617275270
-261236277
-221709411
1423613877
-1145710863
1135017747
-1052050882
1598850932
1613201573
