-1268393970
878489653
-1130877360
635327858
148900694
1637870085
1145804986
846498595
1462227782
1765173304
-1437618484
-1024992983
-1192992896
-1563418847
134003689
-1990572062
134480611
-1530020110
-2142174386
1895398685
-166838443
-1183723991
1049443193
363535784
748964291
1474590537
563272647
1076180006
-1279833499
-1648755251
-1339613089
1780855077
-2069111482
-868807079
-687347633
1847154798
-283732221
-393388494
820892147
-105664609
741708242
855526896
-194430563
1493090807
1577535174
-1921481870
-1036124558
8572272
-299944112
-1440698607
985411986
2123574547
1130179336
-192614377
-1479404677
1590629511
-1934359123
1346210930
-25820242
347730154
-1501988502
-1531646044
-1295169901
1278771939
663230810
-1694751491
828294553
1979516407
1880199246
1060126988
-2098254431
196999452
764870605
1716022866
-1835659364
-1313317749
2052705115
-1033137863
-2072909966
-239634214
1526158334
-1637370044
1901800741
216630089
1996908541
-338377338
-11217866
510243675
431319787
-99673512
-1585783481
635280808
-1445692957
365827653
-1558847999
1225582577
1034358804
-186269623
2055512887
-1170757003
-628297857
520223035
-1743040181
-664726910
2068468223
505213574
-47601968
-1006036402
-1917606263
-1084629985
1179665777
1328114183
704732853
-637010510
-2073615088
-1074350553
-2024501123
773959454
-1363831503
-1003933939
-633507773
-388111324
-1168215911
1940116937
-677320936
606224218
1810458418
-1233401289
141216059
1611587685
-486768079
2027808334
894333151
331112806
736577146
274873017
-1112555216
1188542388
-254600894
658653351
904582552
-397481012
-1149056266
-1814047521
1070653757
-1308828539
1120234587
861425686
143983310
-1116634745
-1973497355
1036013700
164368511
232218877
1533700525
2136606900
-1278304175
-976343927
-463255891
1692477339
654102678
1092467064
1564903310
656715244
2069337268
144951350
-67929419
2094548138
-1294235096
1980911364
-1723915015
-972297986
-12215858
-1271186457
1181159049
1817313610
-1347819170
-1560157725
115964429
1384722301
-641081031
-2099673751
-1702401526
1489007784
-1633793434
1580973069
278337674
-1325303343
-44644138
385389435
-149699333
-1573514745
1147155951
619557803
-1220412329
1276856758
-652763321
1120989268
-712130683
-1954179268
-857215568
-7471715
-1262867458
-1772158788
1441560692
-427934694
1943046836
-1274983631
303237345
1505546230
-323557074
1444644549
308023815
1867020139
-1925930761
427002978
545267903
-154676102
799895865
29966473
-533870608
165420504
-1841164636
-768954525
914590989
658074407
210718099
1080382997
1788713185
1216024677
-1942795663
271723864
1632055438
-954352471
819082329
-696301241
408697554
1433423883
2143985148
1209213563
-1939384948
401054948
-1604093753
-437068716
-1328726146
-917469129
1362894405
-2034885479
1352571476
1008680302
-513209407
1804093507
137709797
-472815288
-517065681
457193877
240315832
-163270639
301075531
1391772528
-87405112
893506324
1494398210
-1157261852
-384459893
1334851918
-1074206703
1324701706
1255665200
-1108553885
1666878188
787155728
157837608
-159747371
1180240864
-528610668
-1972774936
670129267
1514532219
1792097846
576307692
2016820751
1671046187
-1657319320
355351294
123275123
1314073124
-1461518713
-1731595336
-209287532
-1179456121
-758917585
1132613190
-76065016
596507840
-1008667702
-764707984
-2036738891
-400190161
428381802
1809507287
601621962
-348030966
-1799054120
584081790
-2066370573
-65558144
1190215661
-67433076
-1704850232
231636514
-1990943201
-2062113201
1958465925
71801470
1953164382
-274017916
-1960477184
-827799284
42229792
-788152619
-246208809
-1325282738
2106533562
786427554
308948712
851215154
1253637618
1655644419
-843144187
175582650
1832468945
-376786675
1069363944
1472098270
491619260
1004789844
1156310628
1914141872
-830472507
-612837711
2094736861
-651648063
-906986178
2131843653
-1836865798
1439756995
-1144159345
2130740157
505759384
-169489041
-139144119
-1017711913
226884865
911712169
-745561734
-1721415901
296706397
-940765728
-319815870
702996750
-1069780888
-472496197
-281384026
942223132
2033224293
89153777
171933604
1292110708
-2073306030
514511992
-1768481402
716959137
2053154908
1887409633
-665866117
422507670
-571465324
470832386
-1365683870
1077546227
-1198731549
1405212629
-1589779223
1632876422
690727227
-925331809
-801863978
355349523
-1184077553
573032020
263181988
-2029317033
905230084
110566713
149682513
159808330
-293522456
-1636295221
-1225104266
-532640603
317361123
-1981799457
-2078882153
187682979
999033067
-1227296758
-1192124228
-1680895990
-1604560771
1920765250
-1055759040
1040804972
-1713342327
-1707643708
-147050520
-957761366
2100035501
817224760
-2015532233
774002105
-408865626
1789934099
1598289663
-1118300248
56011011
-853832643
-1026251717
628291297
154094362
1450859763
-383903204
-1091989074
1426924352
845414893
-1047758751
1921303039
1112944691
-820596285
-754693397
-1667216534
-293202213
-1421145205
771793552
-373693070
335452466
214299847
2084136751
1886397963
-873199489
1620046206
714356483
-1356394403
-93182263
176642728
57894716
446712776
-162976886
1165301454
-1533281845
1664173864
528080803
-1390298894
1982110845
-803091367
884147344
-1956435541
-462617269
543279101
1927379676
-705085804
-281133073
1567443324
-1275601961
1737614311
-920010566
1428291404
-1557562747
-1196180380
2101760164
-507923599
-1340080168
-1344775305
-339269980
1750174791
527570466
-387088999
148554306
-1365371521
-1877682236
-1777933579
436493162
1139299686
-1561791189
998289487
-1107559551
-1469025683
1847576061
-1821607391
927896509
1427549413
-918308466
-987668986
-1413962575
-67915511
-1150100840
1751764572
-1765061849
1301644609
-753837525
-162532317
1729414705
1042716837
-2010819102
-298595541
1325582978
-166152769
267144535
316955758
2135308025
323345813
-61998376
1529330362
-588972418
-1374335259
1540850522
162768275
2057329425
1246969266
-1171967571
-2074937770
-1457349088
-917635329
-1135595279
-15582303
-456576488
-223105830
878246472
-1726994702
-1475043011
-673741157
1893624268
-1288392562
-1341016642
1370919277
2130489027
-807660125
1504446211
159857933
-1171354863
1269896368
-854882230
-971501358
-994142739
2110000164
-467407759
1241359596
838694359
-308093115
1689645844
-1747948560
1431127497
470795603
-512757030
1723797651
-849241684
70477548
-1831062260
1791126453
890689037
-771166798
-1130301849
-1928571231
-1975857392
92858922
-679534286
-1961173613
835445412
855782375
700060817
-1318218119
1473446392
106833895
-1218179813
-1837948930
-1034920403
50325820
1471152810
-14611261
33139788
1925482478
757272435
-183976209
1677997177
-22793697
-108219307
1105197033
-987488152
-791489680
-1655796107
-560193436
-1165116144
-717175133
686903818
1487637659
-1185111137
-2008908415
-108126603
1724399837
1922039213
-1104133378
1903198100
613677644
1896503475
1211988890
-1614368681
-1931116575
-889799490
1423509513
159052434
313229234
-2360737
-891376106
1269436436
-1681294217
-1279106075
-1325683773
1524127993
1419218762
492791245
1680267445
575124284
-1913257555
-1535266183
53410254
-2115596400
393348049
1041233184
6826779
2021185391
-888601835
-1480114170
1470858225
1478043762
-1930664756
1290119660
-194356910
1984032995
528460099
-1667707192
-2083994988
-210550384
1726429953
649013177
1204372548
579037409
538865232
1496739380
-1395800761
1106619181
2045736188
398491267
-263179710
-1282167736
1116752474
787443056
1224176443
-1925489056
-1756111989
1673577789
-883714176
983337481
-720441342
1226513878
-170501177
1069433749
1405392450
1319142473
4943510
-522853975
-1490675476
-2063899275
23467748
981354764
1538179064
889384961
-567271168
-151543358
-1511792062
-1418780272
226506162
1728366937
717622088
27521842
861667231
142415490
-435668686
1755207965
-947076367
-151109150
2020505361
-1266349668
-1779217609
-40662998
-1761257621
-116768954
1217549193
-270247580
1861751543
-1075123597
286575855
399387024
568545188
1185613292
1409787650
913454703
-807480352
-1233779999
827653844
1056528029
1196993046
470122527
1443420172
1256007141
2072017015
618643585
2034615381
-1532550448
1755975932
643994791
-1278075655
1275826559
1861909932
2032577510
-586370360
1045379002
1193479450
-1148026754
-1147004866
-1522252216
790766385
-2009902318
38398436
-149159040
1849283123
-1159337644
1130739958
-15725792
-1010270209
-1707080705
-1479443387
-1010878628
749738898
1816576010
-808473761
-1454930118
-625170737
-443721958
-956733460
-202926564
2034440322
-207949001
-272803494
-1182304098
1715329698
103647682
-1233248580
909251234
1606183126
-908398170
1376484079
-2038089048
248501050
1357949134
-717250818
-995082654
-1686754974
-1333396266
-29608249
-33710969
480448926
-692352252
156834782
425592807
-727445377
-1084339335
43045552
-1875376193
285426842
-1932289117
-1370147349
1528875342
-1913415029
2140601333
-596052963
290977447
75349308
1441363162
1669383067
1831446217
810894951
-2099390746
-629575517
-34161940
45216601
-1762899378
-1986123323
735395101
-889134601
-2014649958
-1192448386
96441356
150870534
-1712315496
628835365
-345858012
235333286
159367315
-985754358
-1677191716
24757279
1085335237
1261166043
-1105483444
-1107237409
134277641
-444199607
-1818304765
267425987
1870410452
736803308
1623758359
1605567893
-116217754
-56749468
2018156412
-892397611
680266299
1591946176
-309791079
581995708
199486664
1159746082
1840475928
-2043449731
-2028188317
56967074
-1637094403
576028621
1544614274
1742953842
-659524614
-1416340571
-1463483097
-381258941
-94259456
-324580026
1078439067
1155426535
-46933735
883958909
451116377
40959544
-1067411852
-554792408
-1659366835
-1617650377
139400385
-994731784
-1860423874
-18634121
-975768129
1343995511
127543175
577370044
-1291223278
-2032588723
-2126545907
446971102
-960173223
-1320599106
-1898716052
1988344563
-939313024
-305658506
-1071958157
-748261972
-686356654
-991156344
906553042
-2146013441
1528717393
-1414833228
1644364305
1911124230
-1105432119
-846840856
-2057440060
692285990
1873320738
-1095920887
-249990147
290328435
103962998
485167090
427446017
-2014832301
515828067
976463036
-2103175363
350703201
-201412063
-1117120961
-971975814
-1795137389
216387030
-1992523815
1408512591
-884496226
-371965144
107990893
-1300566057
511650712
588235796
1117289902
1588486820
1401738975
-182843907
-831519075
-758160397
381556281
210503432
1273685584
-1015347424
-1205065668
1691341990
-1809113612
1126093916
-421079824
-258496655
-190348012
23689884
-1732154702
1368025148
1772120858
1438657748
-201841318
998961764
-427930346
-1349509532
-1432198240
-260003988
-1556110402
-1730751790
407391931
282929097
1155993013
-709675846
-835135414
1686390009
1311463951
-1300453374
1839673975
746094809
431961877
268208977
1969563226
-2130727368
949913924
-1237721919
1719790746
-1894218074
959164059
1628304850
-1653904294
-1672263278
-406375914
-2118872414
-559283119
1319942291
456176501
-185034662
-1389542854
539755781
782763841
-1044230421
2124557423
1224311512
-978201840
518193658
514982352
-5426012
970140167
2084912408
-2037214231
1139901695
-976491104
-1972889802
-113270957
-1668824814
-871369044
1585398103
-666450342
1015097450
1673218715
-252130169
-947514912
-312957429
406708475
-1698374901
-505996160
1103529675
-1329611458
-1563774759
-476099594
-387399460
486957247
-742795446
-589316931
1072668841
-894379769
-635615219
-1461337095
1395125990
-1490031029
1854002015
-1335415913
-1959205918
-1254869447
518010232
1508084914
167607327
665063155
-1467052216
-1512674248
-792329693
1959249499
-133941661
1323040205
-649600624
1517973905
-118091720
195342574
1347360626
-1408091975
-956240759
1337060441
-1364864040
1419451137
-1736797417
-761750612
-421781339
-668242207
-245794660
-768838836
-1092443737
-305552731
-2035396867
750849672
-2146909720
1825505576
1797907647
870075389
-803216828
-1523876127
98371514
931630139
-125149893
2108347171
1292328717
-316426584
1695970312
245064096
1386573906
-998365020
1509062898
1446754350
1589462033
690156270
-150418719
-1889819443
1332501881
1724582213
-1662552525
1575626728
1739651404
613107794
-985624880
-1325807909
-149698533
89355716
-867330181
-363265355
-1527343181
865771196
36801131
-1720387778
-1382047785
1409841260
2031769370
773350971
-60791250
1438754554
1335617884
1207546608
-256742018
-1057550679
-338948686
1177457125
1662198810
-877227206
-1941453089
230977773
2097923481
-1812076144
1707075772
-2060919965
1969824712
989224850
-281801656
1526554295
-1183675679
977976916
299905283
2124854056
1831744764
-2013877639
1297260411
1604267218
448069829
-117365038
-110829274
43038955
2055102318
-1232462517
808182130
817556297
1068019175
-1934814714
1856015386
728621095
47279436
-835099448
352550075
447411751
-1219228001
-1922906988
-451701850
-544693094
1895646647
-158156395
-984054793
-1996033537
-1096018057
-911316672
457158374
-1462350135
272176961
-1112409927
987422813
1969936485
-963672147
750072182
-805977911
-1814935429
-479505803
-1048359902
-365948876
-1637673869
1038748596
774505923
-99090797
-641760966
-1991478193
-1031642338
-1591659172
-535843003
-282513485
1022871129
-1626708388
1996612309
86548672
2096642786
1577874374
-397374339
997007876
264444815
-246708850
1921111521
-1286992596
-2080803065
-1481400329
680310463
-1591786058
1218827871
1441763178
-2025073101
-950650133
-1079555577
-171819638
1466350646
1188599052
1673912551
1291305860
366876519
1915224523
510979524
-1415262805
217062158
-1228811268
2057944809
-37739453
-1093256867
871393932
2138287106
9137564
70106616
-1848143183
7118410
1442676066
-856617802
-290956957
-639142168
-256785101
1426032809
-977534966
1026815894
1057340018
-1601280165
69011576
749080964
-45726374
-1984105382
-1157592040
-108478853
1784450390
-1557460745
706826855
-838678460
294303374
-870794166
85023396
2088116809
-1682021179
-444428424
-1498559293
1263057277
1560811361
-2061657545
1479312806
-1181753735
606319307
1867217810
1425650319
621129191
1408223993
-1269427479
-317771825
1312955171
1987478344
1941914940
735485635
1537704222
1342445454
-227454296
88237824
-1207116410
1542742639
308314160
-52881715
-298968541
2107765999
-1946740288
-164505903
-7534460
1400279881
129044591
-887626483
586413018
-641324290
1625078020
-59356405
-294327005
337286704
-1245024581
1737245527
-1328597622
120045615
1041047112
469631534
-925471987
17104724
956955932
-128133771
-1525851296
-1446922226
909504742
2096943084
1818272016
-1724342983
-784110756
-1348635741
822832875
-916053578
392937018
147722156
-1435292257
-1816400073
-1003803765
1028506897
1617743777
1966372442
2071410214
-2060294392
-1406599344
1703341049
32175739
2007018085
389188441
-2096281665
417167247
261314639
834450780
1676875775
1091723332
1272346678
-1657452848
-815972672
-353014562
-1523145468
-1998024669
-1817711588
-78283582
1228145042
1791211044
-757503543
2140944511
1485537373
673444261
2034076664
-1328835566
-18845063
-530078373
-1123624099
962244965
-285503036
-153063927
-300954482
463464217
-189531553
303272157
-2086168431
-1660031100
-437663910
1831365658
284920495
-1972993027
1044465326
-734343690
-2140743794
-765138858
1221130351
-549366331
-402632322
1804020393
-2036085439
-946453674
1197379090
1455758167
1433688075
2083739804
754995443
812663117
-86186261
915911056
1515212784
-2107093367
-1489782935
-1067927978
219718744
327407836
-1479951890
902663070
1034648971
-406496527
-2078959498
1599513932
1464592590
-135216755
-1208224636
-1632018597
1035649631
-980023016
-209121194
-215891714
-1267129399
-1897287845
2097108826
718982664
-476912775
-1140064886
2019654112
267389580
131660176
703360645
1456869392
720442568
-1298342406
-1241074342
-1548879843
-1220904642
75183038
638265358
1538646970
347415843
1221940631
2136773277
957270221
-2043667715
1501468612
-1469467074
424683874
1737379207
1696289564
-779552534
1215456993
1715258583
-1812132508
2019625247
-399600509
922972610
-1473752348
-1202619935
1952742658
-125480065
-85584585
536517377
284086160
-1387639
504079203
271847841
-1755797495
1870363594
910266153
532018422
1919346283
1268411125
-1086123107
-2001702065
496699781
199961395
-2003513096
-288734378
1862041838
177917697
566948268
79586710
-1261393352
-48007081
-1100739400
-1252656579
-1497830042
2124328461
-2084611779
1812148002
1697754266
-165862534
-1123416239
707693064
1793325842
29415006
845730323
-6810844
-1008251051
1673570049
-950001921
-1035852836
-416308056
-146092389
298729091
225697233
-1321746489
-760358922
602972626
1807584799
-1279358255
-1199178158
-1306125833
1841922275
6929539
-1121511800
-844270548
1667762429
-493928792
1582917233
-239007893
-1913798634
2055866320
-1409151353
1030031173
1323778788
-1575592896
-558503475
-1555582989
-325718612
-394483160
1337985004
661626794
-1428333304
1041331483
320021918
291893555
-746473750
872678587
-114309297
1045359546
-938278944
-1629697357
-478225919
-2109907995
-891158375
984069098
-1556414865
-1472599512
119504807
1725290740
57973
238617175
-1156656251
-1599782452
-1849602898
-623959940
-1103032100
1955901632
1213578846
924620522
-245475071
-850089812
1671614354
-43572846
962006210
-536468886
1078045062
-1385637228
1160701794
1034593672
1482441542
-943627239
-1875884575
2142287931
-1258404713
-1687200929
1786125951
-2067604844
1943450390
268790036
-1549833085
-1565622031
109366690
-1632664856
392631352
-1516518987
491567607
-531484067
1845986104
-215635397
1572268187
1364653281
50434284
-328306937
-798534916
-111802083
-128818350
1682565950
1990719450
-419480177
-358851583
290202456
2046048738
480810070
-1333571222
-1506754797
-1937177445
-385691572
-1128490913
954969770
601348997
1457602393
-1822973479
-654151866
1660499839
-1878829562
-1077137163
1540399797
-1508059543
-962334640
-1767412416
542240345
1589436681
-1854190658
193025331
-1221175966
759368498
186519221
108549376
1185251903
505221666
2037707019
-200735345
778613585
-2010104532
-1716659751
318003139
-663077151
124896406
-775911788
373731328
-294329772
1516520132
-1213329570
-1581861391
-45330276
-761752683
1766055065
-1933910906
962311154
-2125281780
-1163927107
-1860114884
-596764991
676987954
121450859
1961028000
-114300955
906270011
2116894402
11115029
-1967649260
285171175
-1215078416
1428412628
-1630912868
-1235057877
-1262655989
-581447116
1432062798
295375632
-1500684768
596781867
-620930118
-1949575206
-728379508
-438566124
-1117633124
-2050639509
864750474
-1507275343
-193759083
-690335511
-389979635
-1778824844
-1633373923
-103705954
2073645008
-1522461191
-677386569
1651880480
2050488746
-315576617
-868144793
129410225
503023910
-245510504
-2123472287
-1567037976
453000786
-790594043
-471995390
2134467216
1711557335
-1919200346
278541571
761966031
-632960438
-565598328
943710955
1879958666
1456958400
1750515520
-1663621179
-1349786872
228434087
-584239568
2063613715
49918165
1324311763
-337762808
-298433022
-692238616
1760752599
-1477192817
1013637854
-315223033
444596118
1497097123
1383100359
809427818
1406549017
1251040382
1875877029
-1349187170
1427133601
1332672314
419478617
-2104820820
-936862208
1301710230
-506449612
-1054165894
-337241564
430075898
-1304908628
-1135702928
-883056396
-1625124936
-176867764
998074206
1813791326
1597368724
146288108
