-414198635
-134688085
-549949990
-1291461189
-2041667949
-627725028
163315873
-1522790216
-355171460
-1375823246
1935829208
1585623509
910929956
1680107861
-23475095
301239214
974802067
1688063787
-2070780885
-1351383599
810914568
-951726899
119084168
1913584273
1172362049
-82892162
-1762628513
-1692854759
1952638457
251608856
1904225834
1883935427
1210111154
61961863
1804715875
-915052886
427080116
199773051
-112043485
1765553789
1468275796
969386073
1547255052
1028497814
-1572254343
-1080040590
805049705
50314058
1094158428
368036470
-1767379053
-837204606
-1443243122
666333482
596179350
-2040823670
877207103
832354136
-1023359981
-1506237399
886404540
-1828865529
-989516441
-1219471887
-1107022023
689742828
-822060276
688697559
1779102160
1599312160
1651270975
-263212539
1392348361
1391884818
1309382883
-1110827282
-1158420965
-646686274
1648915365
-1332594525
-1530802893
-223870178
475446879
-48115612
-2062371341
-77833759
1365338561
-1555525254
1347919869
-2079399334
-1180233426
-1458006973
202747440
-248062789
1025591267
1654689422
101200498
1543921538
510727262
-1482148567
1097937328
-1610734286
1200438780
-556227913
656385058
570687814
-1537912604
-234629178
795014611
-466145182
1542880292
1591453727
-90731680
-1782777909
-113398248
194619744
91246335
-495761383
-305884398
-2061568312
98404803
-1424074965
-90351049
489414225
-1263432419
-1904122534
-1258593113
-1598239996
-886574939
1176642032
-996850976
1100677256
-1032034278
-2122751269
1851696227
-670761989
722105767
-951376995
922688920
-348418556
2017426535
1376452486
-1084954642
1727922728
-348326101
684825381
-1331625914
-1982797987
-543107206
-440749829
2146191249
1099976156
1892045016
-1546996366
-955545161
-1031303621
171021387
-1661581811
-677212486
-430576198
-1879228390
-1277896737
1340381723
-1668762660
-62355496
-819242687
-875365252
340297017
1896962208
-686638402
648059782
-33482862
852884897
-951479470
418092044
1657246502
-334624548
-1753263148
-1209247120
-1229638333
608338988
1415232943
1909194053
1890650143
1804185222
1105498328
-2109116874
511493096
1286261122
219849979
-1963985627
2089168152
1500691226
771678711
1772040598
-12614642
1309312944
-1732719731
-1454944690
-1126770214
1437395029
-1567124397
-238925001
458055256
1831371080
-1439831058
-958561914
-1116931201
-93291332
799014015
842319391
573297146
1012239837
-556840099
-1045246409
1525836536
-1096966123
-812158715
-1683965381
1328722752
-1789872502
1544150094
1936255728
-1274342521
-1703559189
1086723296
1976534234
1049770501
467821164
-613469978
44385762
-1944229563
1869415438
-837389822
1394577714
-1097048004
1660982051
-813810303
961205603
692268957
-670706927
781706191
-1799704358
-2073325461
1989030229
1859250989
753760366
-1407414321
-253204789
972280224
-2129722290
-1270832085
-66623189
-1096844756
287368994
1031765870
-525831978
-278939326
1548514159
523383465
1420629715
682538102
-1652214977
859666146
1609223955
-1277818508
1760081408
-251187416
738280188
-1003098060
196270252
2054780903
1205686308
-1147155347
-1267995606
1247205245
-1515802787
1011081798
1399348723
726164493
959612913
1249452627
453494521
-330829166
-302681298
698433727
-174357309
647340854
-1038896092
-723874876
-88391460
-1400283421
1222027180
-917228189
1498417774
75897370
96121005
338756689
-1526405591
-513937148
-625400678
875536432
2002122856
1725132998
-861537218
-821105410
-1134187114
1456841241
1337019579
-1625806382
1414628558
-136730344
278449359
1839187652
1362518209
-1483862436
890628697
-1226234323
-1834056996
-61799099
-1948699621
1911078160
-1080978262
76825498
1378622401
-568113449
945906550
1659780692
-1889643486
-1835007935
106181172
-1857953866
-1934340155
-305193574
-1634220640
-1436349791
1742775205
-2036010963
-1921610073
2033155877
-295022024
507342583
1673172742
-881265573
-436321619
-2040326500
406852657
-812221583
818571381
-410037090
576963701
-1841266683
837115653
665448908
-300451232
414972343
-861045287
-47173640
-1574340000
1989059321
-281630533
2143522540
452038313
390023464
-342990779
44788893
828437852
289573344
-636365149
1725166753
111185125
409309579
-1064694627
998773470
-650452316
-1056067781
1920875220
1321950595
-2004482097
-2084777543
-1083372725
1125395004
668684437
-289914402
-6199511
1601520289
191455623
-474993120
-530588484
-867570706
1582247731
-1508123793
813031873
1886270969
1265947665
-169373887
-1627097630
-2059877024
-360619869
-431061269
-470554241
151686401
-1231353385
-1819504589
-1407791952
2090609326
932272559
548935458
786320010
-982000863
2112308771
1791933725
1491236001
-745916115
153965125
-603206346
-1985658162
1604533302
-193323610
-1807670849
-1675670734
409217507
-925760008
1432375072
756119162
565079825
-281755916
132851690
805778532
1668453386
1712456830
1189080619
145290368
-1224884234
1985268485
-685324797
-1313413317
819429265
-1387883984
-1328857737
1778404121
673760030
1082310070
-643433083
-634664383
-20953189
1112283277
-1631061897
1617538110
1297604405
487908934
758753660
-512696317
-369013507
-1087625545
1756772723
615785008
702064604
-1450643494
-2127323894
-590560365
-561678140
-791215628
-611975161
1357698032
1928529960
1819671033
-1484910107
1896002820
1950060205
-1907440082
197592994
-2141955641
-79086303
-1233567472
1321363159
-2114406926
1013665708
-1327098252
1357704712
66724288
-615735228
2011125487
439955005
-1588283913
379350118
-965452425
226601425
-1263541207
-158252542
-1878267063
-2063758199
-572338377
528041910
-257843699
1975537896
-1891162090
-318090177
-102620104
536733376
1037472469
-279475924
1185665970
2068983564
-1270163490
-1636211501
-1632663880
-1025253123
-1640405637
693141385
2034754306
1646799954
-1733892708
630876172
-2024050904
965586156
-367531049
-820817084
-360703424
1202357153
-1326448721
-1747545301
-1713563188
-789403568
-1673492712
1759185160
95568339
314100020
-1522707142
-444070174
255474509
-410170499
1185210741
-734899149
1175403715
-667664100
667314853
-300398116
1418733879
1319397342
1789954726
2003777881
71186752
-1123121732
-591987174
981701429
401183353
-619858320
1176937577
-1424981824
-704286436
-1005158837
1575681033
-670374658
-673003543
-45894075
1482202878
1701247201
85621324
-1023564459
1233421220
2082404027
1801360574
-1712792829
1271399852
-1741387539
1685858154
-279994565
1989016419
1909321700
-1664243948
-1525544094
-1601873094
992678726
-1778911178
290857134
-551930494
-801246617
583698539
871526322
-337770890
-1317722111
-1547888111
1881351480
-1953192834
553547044
-166975960
-775778222
-1037349198
330467179
-1407256448
-147098189
-818700388
-331714960
1123084819
-436419526
1741973570
-351112063
1072258479
-342130993
1908324194
-1743434093
-81501480
-481759374
919965951
360044406
-35118357
-1022330991
-149218788
-1480799670
1512144006
-944664167
1046363335
-574410703
-393973465
1444927438
290457688
-1376160443
-2053945069
805053535
39342586
-824813364
-325480072
-1309204812
1844795754
910699690
-791258923
-515978741
1760196095
1790318614
316886425
1159588162
2084442089
2126926224
287089418
890063861
-733517379
-1158052846
-542646168
-18589493
2098265648
477811589
-571081135
1171745037
526153250
-1568197514
1988064871
1053280632
719420126
-1966732535
-1874908881
307393619
-1271863136
-199736019
844840508
508025026
-1959123626
906126353
1337549452
268976988
990420907
-1809241898
-2077357775
-1260012549
137083456
-929048443
-2050190797
-832213804
1906026300
1480739650
349731764
1934091974
-1005455354
1631861441
-1707736747
1558238966
-1846221487
-389905415
1497026008
-1749286501
912298840
-541437928
-190471418
538351126
1355404906
-1516939082
26090451
194064453
-2073412695
-1514554548
-594809665
-1561322728
-480421362
1904152551
-278444418
-1375426461
-1252806737
-3033320
-157663525
-1171017227
-1388343484
1390973742
-1476041768
783980522
-727391769
-369057626
-843588326
34951229
779927834
206905826
-1966227581
519920545
1395272974
180507161
191723296
1453503376
-1962056926
703320975
1847028550
-834861661
2048366761
-1902162683
-1039580937
1764020260
-1936122384
-2067862927
-1498914935
-611765279
-1868550786
92714226
1895668617
-36663486
1340009373
-407177731
-393860132
587151006
1752390169
-2105730596
977030439
-1369383479
-413907897
1432864089
-503564432
-748255503
1641178952
90837686
361777669
1198787242
483220111
1759848927
-335965796
91589958
-1674576737
-1508988958
-1388835653
-137988758
608200729
1875741086
-1389866407
595113949
-192170763
242126266
-180191547
-1851487069
-2114582001
635978201
392202951
-850009782
-1493450011
-1841942773
2104520964
271457411
-1632064097
1859508614
-1185364570
-1440348429
-451500722
-1746434155
-207838148
1799679307
-2066412424
85984207
-122284066
-975220843
1999563732
400019084
1257005460
-2042580527
150845777
-648580459
1792917751
-1362533952
-1970074787
-1404571366
-2109037799
-1362999810
845397091
-953583384
757750689
-2085221802
591610516
220323034
317705274
-1304412847
227950569
1503100304
-815358418
-1992805616
1137675881
-651912609
-1510477235
170312027
905661607
-1833288313
498051859
-1454167815
-1034965362
1032402859
-834030327
-5980095
1240700512
247127677
-652152469
1985753841
-307807748
1684701880
709863178
-243242179
771446879
1693176147
954965364
-418875349
-1702378644
-1854303245
2135311953
395117853
2069512687
1563133088
-541353713
115422895
-337441313
2076780731
371229889
949747907
-1221299485
1794828079
-880010172
1134053849
784290071
-1028010521
-532356957
-922521693
-150042609
-487474561
-1471296068
-722009896
1839173147
1397807677
-1331360477
-787234744
1746319308
-1971669694
-671059131
-94288592
-202247241
847526140
603073232
-870921009
-960168328
1963029982
1965175378
1848054072
-701082887
1749353555
-1460695008
1773287786
883186420
-1661188881
-1902747528
2082354845
-1211194442
-1236078617
2015764970
-1127800098
39263012
1249617859
-563747853
-1640074019
1940625667
1562542929
813317098
-332849915
-198690701
606716636
1190863903
1597628365
21448124
1885349022
1013328192
-356089523
1069270092
-1159492494
1958447614
-2008312300
-341847808
601486029
433794289
370937144
28337314
2069221103
471896249
1287047085
-198952270
148533332
487266917
-619851558
843309161
877132657
1857185303
984616041
130363386
1799224732
1285324263
-1434489506
810335258
-880882613
-1954145529
917178987
-2137264190
-590535808
-2079632088
-1740266623
-769989069
1314961284
-501128164
-1421448022
-891732166
-2069516846
523786173
-129289707
-1945013323
1187393878
-1192891892
1699752306
-403804587
-138635817
275304348
788726912
-1525977948
530562736
1248209457
1218189539
-148738998
918731974
1748566435
-1283346118
-1596086133
1885067189
927328008
665246577
-553325549
-319392180
88286737
-220706733
25672437
959879739
1552427188
-1925246878
1869715697
850125578
1467805963
1569354218
1072033781
1977437261
2020396411
883874899
-669689114
-443147498
-510809320
1765399735
1693866143
-284184918
1782557256
1109376948
463973177
538650742
1755240870
-1176437630
-50141300
-550953149
1136343848
171097415
1011480822
2017251752
-1855359101
-147384151
910335322
-793015360
-723459123
1560727717
968826219
1977627677
-8274588
202877598
-591149782
430322684
-714555378
-702040903
-1637031763
528363193
-366773663
-1358492569
-1917763295
2018655365
1361773669
-1474364862
1146719761
-1819894699
-2147419017
472807197
-331028761
-1543565027
-2027622801
-1214157227
798464179
1677745725
1641449733
-630632083
-621220821
340301627
-50641552
-1617768230
-674148366
-785369421
-238787249
1044237850
-1144364260
-548327285
589064908
1683610378
-18439182
256930666
867266303
517659257
-2103523599
1362726250
-2015102321
842962423
1053751832
2057529355
-2127018849
-629842701
-182544285
-892317845
1113717734
2144141572
-852422254
-60114765
1642135071
1486799750
-879293906
-2002551852
-274226780
1383467113
-1889339443
-359828365
1856599381
846127685
-2034975340
786284065
1471912638
820562864
2110000381
1526136783
1176379000
-1986321965
-1238790439
1503230592
-1852312881
-2082589637
-2120017768
989384512
1015378085
1624571372
479162824
-57429932
1205043861
-1018111044
1830972891
2050552242
-1579164069
2030687197
-1793434068
275295411
-1848053646
-748993862
1758208068
1073179398
767450622
-799145721
-538227624
-423326488
-1345502996
1630951187
919095318
1890868881
1597080151
-520269472
-2112470624
-2110680847
-645400787
-435008908
-135833896
-1048508004
1699947282
-1491419663
-1230148386
2037267969
993969539
851687651
-1292731434
897945058
1932301630
1186560857
107172590
1098207488
751226337
209657654
-1158408034
696618005
939226065
-484878264
2073430834
882999558
-1433570723
1880924569
896157061
7179864
-1827211230
-622826491
-1865053170
1352077795
430618032
-2036456948
1838507552
456344262
-2131238291
626791657
-399046803
1876768411
1789864889
854697699
1448398283
93488618
-1390087597
-25999646
-1845012678
-1219410974
-1055950342
1714032964
-1740409819
-1468973755
184938327
1747200497
699300328
182301348
-548444135
346563500
-838420078
-504102452
1440694625
1235683500
1473650411
-1608584576
-1169260447
-1142040469
486620088
445487719
1584929087
496012989
1495614269
819989575
-1067958210
-434763741
752597506
1301497459
-1691539169
831346528
19062234
-493284222
-1831216955
-47554483
-1667888608
-2095065023
-2056131305
1938869225
1360108612
-1285984790
736067369
231844276
2014452869
-397434987
-301825122
-1450094020
584494847
533191662
-1430565561
-837787913
-582283032
-1977670617
-1756883440
-1171535021
-1740790250
-1054710480
1299690011
1511363339
-190162236
913748005
330420525
1573413308
-148152940
-714603000
1861710409
-1639045193
-1674775081
774679216
470052250
689612824
1536293388
-15322368
-1142605675
1396200471
-1454724442
570999386
1340229726
1662453662
808973586
220474198
852801131
-995001574
1909547768
1813112750
-1727132825
-2118680939
-1348191808
1193679741
-298363816
1538806276
1613139543
-1783556184
942269955
2049552093
-960409294
-1933439076
688288398
115169005
-1281321326
41088569
-671787673
1245723751
-1828086006
-1830767091
1766144356
719034175
837444670
108148933
-498369236
1111587768
1582214636
-1404833313
1035729364
-1173109189
2057499440
-961224540
-1201401908
-1620217749
1785564163
-697483947
-2037441028
1860412277
-492112124
17188260
1578682153
-120251476
394409851
922606693
-762074722
-367808172
953323418
1075310725
-1640927993
-648209731
-278127867
-788865222
-175945057
-1546306669
-1713828461
267601276
-1409780851
-1559915148
-373974442
-56691533
-1653474933
856337859
-2047818024
2114322097
-862315063
-2133754693
-886002009
396627169
1478961680
1809070535
-1103561964
-1890355520
-1592772567
-1108928241
-589655241
-147928179
725388158
1000001110
215992373
1586807612
1067213058
1371793666
1440252356
-540685649
-1675339442
-166503044
-18993425
1129422632
1779622156
-761409606
-1130397930
721333496
-948356200
-67865831
-1031788743
-1170463364
-730328093
1212912495
865679221
1305149513
-247875685
1096293216
-768949043
-967222362
-1649254264
-1957778448
500689709
-1517359046
-909037511
1057233242
-820876372
700484614
-766328353
-187145953
-928290031
1298909332
2115008120
1192389985
-204270440
603680880
263577391
635713904
-819387147
1080575959
-1971852798
179579813
-753098343
1532046510
603960485
-1799243665
-1124515789
945865141
880093605
1544069802
-1427815815
897980668
-709637168
1638362423
234539559
216600981
2121683924
-599600696
1892936008
735730826
-739507162
-1406578437
143717043
-796238575
1710544677
1402417066
-522924328
-1789831170
779086718
1152152960
413882556
-1912166792
1020908241
-441728816
1124730689
-108273681
-1691441515
506594209
1104897707
1384918861
-102889672
847543821
1384785503
1035945835
1021143433
1444121034
-150421780
620931782
1841780314
-1188689143
-1432423345
-460113294
-1799585696
9083518
647411826
-1512292275
1705366622
2120793279
1685467638
686844024
-943396990
706591442
-1844647119
1444175363
-462264305
263581696
460746106
-217448729
1707111483
-1488150289
-1735078749
-280601800
-927925414
1990832111
1655301830
-2043939942
1863224635
1561707155
1943952452
-905581836
1693989841
-1747800956
-772701174
1293426532
1813476117
-1506856047
-2025988074
182673010
-863966421
-1005944567
905041465
1509697671
128981187
1510790220
-921390818
835041183
-685850687
-115324257
434908554
105528637
-1007645664
-1005727680
2128025573
-1299936353
709154067
1808764602
-688538120
-1644257741
255782509
-1972671366
2084649207
1894495561
-419976127
2050847137
-1874930750
689699081
898694349
499328539
-695398041
1435686822
-154223469
326515951
140253163
896045779
1747331272
-883547944
-2068085942
-1271746442
1416074226
-173722091
130278587
-105495909
1547452620
-178788995
-1237159369
-412992854
367822700
-503266091
552708668
1262435292
-813651801
1172729957
-1045303346
1491443947
1922102196
178579912
-85892418
-1528714999
-1757404658
-360345596
1830975534
687407122
1982139807
-1948908326
-288024749
-280750588
-1114168038
121082718
-92389764
-901711442
-1742519640
-1218057271
-1298762669
-802379097
-1775974202
-1718794099
-772306589
860558977
-170317460
1446334633
-56201766
110441791
-1576912014
-179877058
-583131249
-1178076925
-2121399761
-921995166
-1945308091
-1069153013
-1862218909
-580738252
-1505377231
1189699550
315148118
524173616
-1044727623
-452881215
-1401913536
-39144764
347063166
1468921968
-434647573
-823887581
95355292
176882954
2112962199
841643352
891916080
639959372
-990120419
-1215527779
-2041344230
605120257
-1827632554
-1692987924
-833459453
1869855929
-1059492932
2108773590
2092994465
113891001
-726284974
-183655020
-1493554887
2124854065
638580417
443002459
81437797
-1933417036
127864003
247372276
1238038295
-1873230364
245160900
-1342324853
-998443555
1983370604
-1318018874
2120219590
-1028638362
662311219
-974631804
1367803673
287397956
687350221
-870785830
-360620712
1250719986
-1572823243
27289699
1888389773
-4685799
345758649
1737146467
1394274571
370171662
948759093
-842806041
292117699
-828094817
-778022013
-1743714517
-923666475
-2067480049
-1871958223
-331499973
-1142721430
1711668830
145527668
-709111332
-357793856
-1113996852
1084395613
1387638699
1530974853
1054005152
-829740470
1068162695
1345221225
1586295845
-328792162
1668600876
-439551762
-580889355
1755497908
204886304
-971377790
1161339257
515582224
2021826257
-1317883698
811257775
1559731415
-851964929
-594735280
-1638002386
-1358383743
1515932503
-803856089
-1856500633
1207937740
368547936
-713639635
1522329132
1139735795
1172424346
-1414843062
-663232650
835959071
2121965284
1880955399
-540439710
2087325982
930033438
1598182241
-255532675
59193938
-163844082
1756311263
1259647040
1656604651
1260512647
-142253338
-1622723619
1286665304
-695526201
-1006913716
-411708100
265195002
617491745
-631299286
-1157933760
-1066501350
722902747
682062837
-2092242867
-791541475
2083675225
315019727
-400620018
-1335067915
895652218
-1736657638
794751347
-1266578725
475045185
585769294
92683513
1404949306
1177418167
-710002420
-1907765459
540562158
-552583664
1278181235
-555078798
-695500627
-1509384436
-1591256399
1146815233
-257449531
1887998368
-238375972
1667519025
115824647
1822127061
-935096319
1214352888
-1257596157
-275292177
-673341827
-1819826767
-229928843
-731542064
-1450755957
-840770274
-956041218
-744167778
-2040545762
-1765162319
-292479466
-823152989
1899215857
1100137990
1552910912
-642291339
71657179
-332516684
1483136128
1538808918
-808388505
1495176005
