-575473355
1057725895
941153956
-1059895271
1550657298
-668843681
1270456069
-1721695931
-1160689360
1235979230
2121118338
773978417
572191743
-928542374
-1609378303
-995447865
-254077726
-33310877
-828781291
2093808287
1342907702
1062012351
1281652387
1549946584
-638449262
157961820
1851656135
1991607339
-1713299120
-2051252094
-2069786376
-1942490819
926173772
1295104839
-1222561431
1309548851
-1821909781
1136554824
167943346
-994700661
-1631329185
-796901483
831248047
718409514
1229723432
-1629363731
-976926296
708866480
-1567075363
-1433379286
1621400242
-1285952493
-617503189
2118628606
-2132418476
1370825579
-1723066338
463738335
-705749140
-1201162998
561370015
58702911
678703699
1588197583
643323965
-902501375
374308415
507778235
-1590638289
-1130446553
-1603921175
1551906244
460363673
-2127903025
1303662703
-171507223
289934606
-1359443617
-1056338054
-657942650
284195414
-618424321
-842446941
2036706793
2074349168
489138503
-1116192750
1521593124
529373658
-32123079
-634104216
1268761380
-1780825585
-699586959
-609302562
1350202370
2042587472
-371733350
1394567342
-446303335
1155616423
-273552860
422145457
1898144344
1066347048
-480924877
1695591497
-1672226984
1603717497
87294938
287863936
1574410672
-876482411
897612680
-2091685519
165092104
-1405484340
-2144748606
1006500838
-2084010132
-443631603
-666905070
-1737266366
-442630558
-987995545
-274434753
1762095265
-596260547
-1236105267
-1930400323
-2037581763
-1763237197
153343001
809328999
657755411
798712749
519350099
-1489409429
-948741435
-645093026
-51526606
-53083772
-1438783038
-415217514
216851170
138580846
988805539
-723213736
-1985663993
-2064221801
-1662181928
1537158569
-1155670015
-912963054
-140771197
-338638166
1457368689
-793529648
991457187
-1176259863
1593147900
-1271770095
1091999861
1586993907
352699470
222776855
3413270
1307957549
-1635426718
-408521187
-1667649428
-1872714269
-297666305
1489200775
832242759
80595105
1350910341
69721689
1529828802
1668171457
2076391145
1183589357
-1913564177
1913251653
1936835325
-1039769888
-687235918
-1469145114
-1914035212
562109773
1967270893
-2134818963
-46601691
536377405
264181981
243132736
-842428913
-469726371
-272939581
1020016191
556196509
957297649
1198384582
1521749712
-1093015638
-114406647
321387799
-822242760
-301678394
1650118385
-1056489642
-279470292
-269495238
505982957
1770909748
-603598425
-1298442679
1737110565
-968512936
-737146370
986170552
622143198
630009990
-218443471
1795954320
-1659943190
-1441813250
-2119094653
-910646238
-282154910
593888034
-1648508341
-1783493812
93453713
-1840703654
-1384498676
996119545
-1371538638
-272223941
-222727741
847042797
-138654754
1918163942
820106880
-1537820478
1630783167
1337977006
1018355256
1542968109
-2002199159
-976652291
-196499239
1598625413
-1968933461
260844663
1789271709
-579919482
2122227905
1226435679
1949507490
-1812628143
1402333259
804967738
2129238202
1709503415
-1241309020
607471025
298815872
502433206
-1480394964
-458088005
571574187
2076755523
-1255297081
-1184975621
-519722074
71671113
1546175883
933222246
-749874593
564311793
-1677368652
-1866450904
256258143
52372260
465167323
-1874988344
-314822118
807725389
-1001137561
-1485188471
1338639752
-1051880349
-1453112765
-812849133
-613897997
-967509210
670490321
-1087417005
-216820974
725207208
30208798
736457630
1777748055
-725645042
349882710
693549084
1892512133
360595095
176209273
2047081059
237651844
-1259879715
-857227442
-272039582
878733432
-1184139173
-949977192
451902080
1674799631
-228257746
1869331591
710393604
1843051802
-703895521
-2104073871
1486752694
-523782561
-413088543
-255103551
-949416249
-2113744724
1081470102
-295119057
-1787236371
-319652817
-1838815849
-192685263
198981330
1974406917
1988648308
194802608
1428304814
581741328
397737017
348578559
-1799827918
1505570061
1465001971
-1974629624
-820126041
2019129572
-1265763214
-2109963321
-1284868777
1312995138
2093513551
1852548348
1849734187
2038519908
-2027800528
-307038436
-1819599211
751890486
-762116790
-62865528
1510376368
-2098905188
1914725415
1556585473
-1216485724
1256587022
-301744471
1420714330
-382596785
709115498
-1894994866
-506285714
-10715871
249916933
1535887284
-1274381228
-1487380921
-1748146942
383178847
782229713
-1678172917
1127348455
-1908452166
-104456179
1765407097
-1669858708
1684045915
-1598187382
100078918
742566806
1580903051
-95945647
-972341267
-1111751932
-1192931068
-1251133843
1329324315
1741508745
184167164
530887581
772711757
1147475706
-1233690526
-897711548
-348467018
-2074071224
-2030603929
153025956
-1054712731
-1720088368
419533375
-1331890101
1490895271
302324465
1780317992
748263884
-98330711
-512762913
310512811
-622632014
-284596382
-1513631562
1223030817
-127594062
1044994479
-752055598
-747717512
-424785633
1795793855
-348543395
1446080311
-1760343134
1641600432
1031937576
880142782
-838295255
-967413894
1749846206
640467666
1111158047
1037393932
-1959947594
722263129
1446142686
1199887028
153045577
550865249
72650081
-2071073085
-628551645
-1367437210
856579646
-1201967760
-493534851
-1292923436
-451168302
489302524
-345051285
-143885622
-410982723
693112855
-606914702
-1803723744
-1088569712
1889078402
990318941
-1879876181
-1576448571
-1326455820
402368080
-1945248321
1751145711
1015223361
578323741
2129014004
874523954
603202489
180635606
-294582739
1800022516
-1289616690
-1296466270
-187628842
-903577132
-653958151
465499092
-1163554964
1211554522
-383767075
1425513785
1169564738
954308080
695167915
-1653616975
-1710111103
459363729
-723427384
-330137088
-1497950865
-1929921601
-2042127187
-1500854299
1029269492
-1911712966
1826048015
1390589548
454803034
129095662
-1480070081
217213056
-2040361900
756830892
-993821742
-1857625404
946446145
-602817507
-1830786172
1532096930
-1336171343
-1703765261
1678313049
489772195
-310569689
-836939424
-280928251
460114689
785680160
-1847652917
1903135117
-1062218374
1154920020
1303810753
1851780141
947732838
1295813435
1701251625
-1158025604
-1993879285
781094610
-980920389
-768129075
-1908632272
-1336428898
1747295923
313697752
1111542767
-1163926287
-1647186239
2026408090
-227649329
-1149437589
-1171895230
-208701319
-1908987375
-797020733
-501512267
798685866
671686474
-2085651769
182818919
-472979497
-1571732175
1562904993
-1877119375
2025785595
878082746
1793389915
862023652
-1804525936
191943523
623141028
1432622402
1494595052
2141473485
-1240783917
-68986577
1336832232
-1543856755
-467364052
-394596505
1038001090
73489220
1889418594
-51480846
-494047932
294553068
674566749
967318422
-2050052827
-1866509708
-1193115075
1308318349
-805667666
-1236672881
1655917725
1854070392
-1070527072
-936120375
538105883
-1611946349
1174606676
-24244261
-42354152
-85005015
-1026221532
594778687
571897532
1952416073
1470729
1501925125
-554451652
826705849
1305119109
-1497415961
-661674913
1582749482
-76680765
-136239973
-1408521411
1388143533
305024252
1738506088
-178945462
-1681363611
-1526796773
-1584954628
1126490258
-2142869890
-1752565597
1147613307
-1062540987
-484916131
-224908336
-1875825445
1603528054
-343527400
-1450722308
1628907630
1338267167
-224736728
-1425220028
1110092736
289841768
1318876509
-1375933845
377314722
1752098344
1266965777
-74500355
-1514727802
-1198611285
13511328
-2121460809
27874574
-1897241675
-2063557097
1520207398
-758323234
-2109771065
-178618838
1063758989
-888151879
-1958190432
-817228949
-1558385909
-970513205
-191696634
-1861967175
-1495120131
234368579
1273130181
-1846109450
1150850209
904188709
-108669448
-1977849348
-1477354757
-2113133219
1790525062
-1948308272
1604620795
-1523531754
-140628241
-166744296
-37642529
707139148
-1009839288
2119003594
-1477889322
1370199711
-162663292
1053724966
-1527517211
-726288278
2060386804
945361381
-278661106
1922188820
2137239312
-108233294
1765657262
-1420396379
-2037159561
-895545639
1355224102
-2032486244
-348443852
2141719358
-1133489218
-395241473
1499295042
-960717169
152599493
482400690
161496658
-1178360899
-2027425796
184719884
-2066775606
-1321725529
854754868
-1837241177
-1516922095
-1000800488
-1448710860
165839735
1224542473
935424499
-1073209887
-853265635
913421788
-195990099
1905900184
421685373
-702480645
1358230778
1070498014
-942087283
755218788
1231876810
1607545147
-1923036304
-1462913501
638140022
1013879138
719744962
-1347253478
-1954402506
925068437
1244220213
-794319869
-1978436906
962573895
-815719588
1153949622
652286889
1946596098
-239328826
570244519
-842327619
-1454486646
827843151
-564568141
1533186896
-90313149
-1109986638
1255007259
-235417471
-2094030129
1472966497
-142484528
2028908106
-12831749
-2108102248
-2079203088
-1779250003
2024117211
-1494818129
-153316976
-1283199955
-341778894
-606328657
542470844
-2098844033
840146200
1714366504
-697008197
-1878446463
1231958998
-174160063
-1996953194
1605641067
1594332180
-2119459312
630835931
175407939
-2003001034
-1554800596
1403507614
-324020074
-606607870
842615679
-716230208
1561378660
-823361403
-994430880
-103204493
563232091
-1483118537
-964172064
-465464836
-1075058360
-610766243
168740195
1684728507
-1420519990
-405882706
-1149703054
-344228760
-1900514488
1892304441
968211408
-307635553
-1831150300
-1049416059
-1344600886
-1052321379
44779056
-1567329543
146181587
-1269199797
1217919072
1631804030
-2068071601
-470901124
354458561
-512614558
1893888431
445419379
-325732182
660936575
684295357
575836327
789686576
-1802519908
817907768
325061833
1837805022
-1932449006
578819491
75438853
10820005
-1637997390
-896017575
1928094344
82299153
52458982
-367458075
-893701566
996432062
875718421
-382309232
-872623892
-1459106039
-1046563764
-1988438470
1975404876
-253776631
133430554
-1975086227
-2023737673
1240111808
751095482
-979363665
788551127
113975949
-518280073
-1353356265
-924525138
270938085
1199356492
1244734754
-1806310182
-1998699198
1753542090
-1612769850
1716606746
1626840410
1741744446
-313921337
-565559536
-1610568812
416539922
-134446774
-1393792952
496873399
988367731
648431527
-1796629127
-1651683100
-76420556
-661876861
-228194551
1869050822
-25698575
1118720796
-1964151338
-659111929
409117047
-1896710170
-164403661
1965066501
-1208561565
-1357025193
595371824
324406725
1165206536
-205279489
-391114210
1371882535
475671445
-63088934
2062691921
-1162960037
1334360183
-1862359831
-2053759705
1873322387
-854123524
-756052226
-413447607
-1611605766
1325833016
1504015320
262102064
1182140387
-1985823444
754923631
1772103915
-1283104699
1453217571
1574266511
593605406
-1783047577
-154502305
-1837817685
344486733
-445940009
-1845809675
1874198250
1203269978
-791422048
-1484258315
-68671098
588116556
-1942742853
1477775565
517555286
-632504751
1821532101
624084462
1057226664
1940865797
-1687975182
-1423333201
-924360108
1997477364
-641904831
-818871694
-1749016307
1656003421
-2126227983
513666821
-1079011590
1102304569
996014386
-1937085111
-167693436
-1986486661
-1149986784
558519832
-1376226959
-2004560232
1385739756
1946049892
882813745
-1106820792
280516700
955482523
1974034552
270147214
-1387701899
-1048605358
1141293324
-953893130
-438656907
-772698335
-1155034913
-137652195
-540314106
-1439208501
-1610958496
-1542546058
1386702769
-465047902
855645197
-1897012918
1972924048
-495780823
488471116
-355941888
1934118215
-709899526
-1875278213
-1557387362
1336236340
-216316182
944665157
-1157065329
-242343195
-1370029462
-1561948617
-930016090
1521136074
-828679632
-1760899438
-57656990
-386840789
-329928939
-808171166
-602879373
-490742693
1867897409
1431241167
621529981
391303214
1851268
-1955752782
-1985613797
1291089831
-1408491001
313694827
-1918715098
-1010268682
-1034150109
-349318671
-279720394
-1429110880
-656870512
1840802090
1957637480
-469914369
36499138
-1304627588
-1902150815
1860976621
1033943183
-1047726173
609055123
-806182724
-1603252972
1997466052
-1638786882
-2064312728
-451325223
-2018685246
1521845690
1126514191
-1950994637
-1591725104
1989549683
854328737
-909411095
-1271919288
-40850637
-2123620909
1445185818
120191930
1103214630
1952782168
-256918946
-1062547898
1438452507
890150739
220137002
-412658130
1415590280
-200896762
-1823942536
-554836058
-1926141232
48480975
1891668390
-859446290
-1890815289
1655368789
358481566
-99596126
-319623051
-528362498
-1488031946
-1256472496
-152138471
-1362051676
615927514
-1048174517
1699673969
-272046969
255927144
1975304126
988698424
-1975369084
192419419
-147115005
1053488368
38934151
-527078358
-318177739
1106057697
-1088496067
-267547150
-1628701181
1853647968
-292702450
-462649006
147766727
-317174700
279992906
2008099478
2050419670
-323292170
-1885722463
-1472391914
177837337
799498455
-944375592
50560480
1914696924
-1721874137
-1608671814
940993684
-1136071195
1184276787
-1794156725
-2041796977
738230472
-1392872145
-1616075965
-1715951540
2022167417
1429281589
686891194
-783593210
220044835
1925972365
-1719174369
-125623136
67113271
-348414674
-1207070610
-189577271
1566476486
189152389
-222804318
-1334076837
895656211
30589556
-1420114841
1438487556
249397348
1131777437
1557922067
753911591
1402956312
-867299361
-496967721
-362009084
-313725186
564648480
-1440724431
-579623403
-488223005
1387929677
1127873956
191053243
-1653940372
-1542653538
-2042625877
1514027033
1380682790
733733150
-827460886
1115286336
-503528485
1380006506
126397607
791075980
-1658231001
-739320136
303292791
2137309005
286100554
-1359743462
-1573733828
-1429915224
2090413118
286302468
-1679582642
639341503
-2123887348
1260140043
1201046519
2104866064
916290906
-2020927505
186699813
2094863386
-41437880
946694107
1644703066
-364610491
1909977213
691017706
1829378534
435277315
-159804036
-587324947
-312193704
-905896655
-1243349445
1815602795
-541735630
328257987
1181201910
-1236076568
597125339
-1493389664
1773224000
1238685290
-611944231
-561519925
-808927910
1849646904
329923903
-969635646
846659527
-605162267
413247331
-91670486
728622879
-1068588148
18668244
149654955
-1894050781
299025756
-1059991158
-985608935
-454473199
312929110
-1734701217
804520404
1831211322
1543114325
-2122409794
261308784
2047241937
1368935502
-565141351
808187031
1033815556
1595782617
480551328
1520978478
1867462224
-1857425424
963761839
-168937290
-1050211567
-1220170251
1257719431
-190664204
1356271704
892815353
665900736
729410772
1576263936
-1819020998
479599102
-2027427446
1673953795
-512797970
-222605982
1418892282
1283120905
2078510910
-1996474045
202975322
576781377
1170731156
956295454
-673530348
1592717684
-510867175
-1976602934
-2027938576
1501495895
-411613575
977872111
1554727026
1734764576
887111145
-234543943
1425091968
-474570661
1774531690
-1611210041
979959368
-2017176323
422258510
611526505
1533364320
-1951649351
2059852027
-404695541
-1801764562
-792773998
-111761938
67778539
-405977975
-1807386703
1968580099
-1339310574
625254816
-1600189832
-1351344654
-1445433727
-1826565606
-1028063274
-38304484
-509906775
-1522499714
592212956
701014920
-188650208
367721173
-1951147376
1520405543
489403538
950471310
780894721
-131500193
-1749392907
-1877593440
839885211
277529030
-520492032
1132059381
1987807932
1958449966
294902237
1794766854
986893958
1369010657
-1882616036
-1860494910
-1078563594
-882358739
-465870101
-1504967500
-1753915083
677483042
-441616764
-950978205
1168711470
2073616793
1956576998
316083708
1285805664
-530008456
1805645255
-1277608402
83856884
269186357
932996552
-1206315691
687500818
322442648
722716138
566859482
-79836561
-1328374844
866523200
1680558296
1416806954
-314794633
969392102
-1975024381
-1243576104
-472754288
1778926129
798323653
511552733
-1310386223
-1251514585
575739305
-1130434819
1212940006
1844931889
-1863385348
1979940658
1118854822
1841447950
2107484593
2074587839
1514879128
1255342859
1987019141
-473659516
1897767095
-878440848
1020726883
1408469140
1392904313
-565862339
-1110384376
-1261180924
800110093
2039982102
61679082
1627841029
193063908
-164809094
1294271062
1076280629
1249674355
-216078533
1099309015
1421671473
1594885686
-713752790
25233886
-680422290
736457719
1713975569
768426399
-2097791415
-344826545
1045118437
-1566561224
13513308
1452143469
1104340028
-1222492392
-666638318
884745750
-1017326852
216010398
199469437
-1449194260
1689752405
183182080
-1372058
591339762
-318726672
-851921042
-225787739
954141263
476122984
-922040458
1859711923
-1978137007
-1300451335
2098335402
-1171740291
2118658485
245187190
-306323841
1650627194
-450100444
-489730432
1176039031
943326975
-284073471
-1262167564
-102724990
585736145
-978762399
1537590693
410370977
835208188
-1973733542
1211941194
-400652596
62963682
1952225408
1483410106
1208401430
1254308246
-873291860
-558076842
198172686
-1427564950
695079423
-1231540539
2004848999
528033222
-1982073050
-64818714
209992922
612574523
-648622625
-944725758
-225393334
799470039
-1483209542
249886273
-813779415
655162042
-14566620
747913567
-629631462
-136656663
911543969
593323423
1185169367
-1228427167
-62293928
1091650303
-761305771
-1289552273
-1921122604
-1718944084
-895573723
132004158
-1631240184
-773857608
757185053
-1002224463
593074068
-804999927
-600441545
405241971
504816966
846321044
-244723272
-1293274293
1907079138
-2043759669
-417141868
-90318924
1751900197
1262469972
2033893392
-22995540
-24465401
788178938
-421846871
937801164
-383555007
-461487896
-892395468
-965723752
-1243961842
-1933821165
-1675975098
-125975272
172731188
1147459320
1223513301
1769018791
471927365
-1243818617
1479255071
-428719606
-1830292190
863027294
-871147318
-775331901
-2019419200
293077306
1093580876
-710039129
-1408102098
-1672643414
-1172562036
281541550
2029681878
-232086523
1491460041
1262532618
-951542782
1213018781
1006667195
1344170362
1621546914
882838068
2109992695
-314853665
-662932916
-1399135570
1133891991
-512721905
-1691643261
-1365262072
339909145
-1108141080
1454320955
1469081992
-1385446521
1655988136
835622044
1253785910
79760856
-959875204
1043640070
1356485258
1831614102
-2095255466
-99280299
1673685350
1080891328
2144908035
-538329243
-1437369787
1562267889
-242720644
41392600
1386989749
234413761
-753623173
-1594771434
-1832746750
-72399766
1655517009
-688015467
681949491
-182506578
314627062
-288538279
1994591546
472030968
1786736481
213142206
1046563430
1043874241
-1672225766
-1814290827
543481371
1372334901
428367116
-1355845173
-1730151483
-1587460331
706852511
1218185777
1305128458
-1485479714
-332774138
-1618299144
592332606
-285721301
124232660
-701062309
-246225636
114320727
-1626686763
-1332132670
1689582513
829327718
1939031067
1597008197
542383003
-1910858715
-383967402
1345858158
-1484036237
112463247
-2099313047
1800063043
-1078498169
-196032655
-251168967
-638275454
-2139860276
-1245917103
-1281497401
602617390
628791314
110540940
-1864658560
1131986250
1085262457
-756861506
1087405267
-963027228
979629603
1001689189
543063556
-1351661228
671857194
472434632
-203597248
-1285136187
575813844
1422626837
-1957145616
-1747786764
425547525
-1802006839
-662259375
-1521542857
349306612
77887828
-291092412
-1395111999
734878242
-867829253
-1082688670
-1830059740
-622643578
-1590067456
-737602477
971439894
-1300165876
-1329637375
-318671009
1845303671
1511542592
-178403939
1776921669
-565045102
996809286
936566621
-1427695541
2024695715
-1334231795
1654944720
-1047640682
-1413289064
-1790489660
-1257552137
-1253422149
798327323
-1479259508
-1511435549
863612309
1216867536
606073198
-1336873316
-1541750696
-674517797
-1301890162
-1155727547
-2031161370
