-1549033573
-368925373
960339763
641441266
1028724727
-270556925
-771969333
-1563346590
-1530340603
-2001220568
2117035499
1502179836
-759330649
-1908473861
-612776996
-493830094
-1632558012
1895738593
-724395519
-556947673
304800900
1278306509
1139501881
-1409373635
-1064584360
421818613
372006280
2051639276
-1219175876
1052971720
72032757
-1979527723
-174344512
1270558750
-1701972299
357702166
-1961143484
-991341903
-1120262264
248028639
-1341468670
967705291
46116962
-515590843
-1025669040
-608873152
304735822
1205250134
277954598
1926554783
-1166587249
50850157
1400055262
-281826908
486075400
354903238
-1551061957
120743664
469498589
-1907182252
662012077
583179259
1040609881
605901521
-1403510319
1850028873
1998191889
-2060186345
-1395992002
-622239781
1258190666
-798201682
2146902910
1427594728
-1614302313
-443240283
-106580646
-906360116
1692427718
-1772957275
-1067072166
519407680
320755708
-1951575486
-580240757
-536322356
-1946005985
314244244
1646254466
-1208495239
864566131
-710210298
-1909740383
1174365385
1595059847
-954140051
1169239192
1405526763
-1756981422
-2114180260
1202973998
-85993686
1348127640
-128635722
-681520575
-700109145
-424612462
922697091
491196683
-1049535417
46373069
141968391
-1756790362
-284432914
1372584273
-2146533360
1939145937
-873426708
1851732230
-1648587121
-1536097804
1675403703
926297939
-786328982
344670561
-92020006
-495395064
-1057974640
1706075868
-1585797331
808963709
1333755213
-1829203875
-1870578874
-110250501
-542699297
864083219
1838185007
1491370074
-1287976632
-1070276436
-70354599
416266730
1201412965
1979303635
2139979727
1415874966
-1837931201
1245653754
-1461273426
647338054
1103612832
43706457
-643469100
1083935365
-862774039
889415221
-447840298
-1302794140
1829113122
-1515461531
-161768393
-2043490403
-1727570093
-977630191
-2122284329
-270193670
1500237841
-1421326147
1111751081
879571447
-232155813
-1550406267
983401897
-2036799578
-1365014618
-328701271
-454816756
1650886610
-1303033803
1697453900
-211234120
1734077287
1491794094
1551455096
-1898081290
-509565680
-1100720150
2119206501
1801165157
-1859407070
1368152076
1414905083
-556985807
1744825272
101417428
-2041746284
1910052997
-360675554
-1729316555
-541975035
-242869699
966356082
-137283804
448414942
-1966237472
470623368
-511062862
575522545
-577276723
1156880142
1134084956
927856657
-1723713613
-1483016720
1015082658
-2105864677
759239238
-1767736579
1811661525
-1217507014
1806663983
1275386826
-780565195
-1496282011
-448410301
55351254
-1276384965
-630685140
-182920457
630359278
1292676914
2098555316
1245904147
-375570989
1800869899
260421632
-1791312218
-533309671
973357682
1891285361
1635244089
-140280239
2059912476
57524111
290833479
-1083185302
-351593886
-1351358711
489072364
-241914796
1396420883
-460736006
-966755109
903152357
-207047035
-624938387
1073333653
-1844613888
346746349
408477987
749346007
1149454068
1889675504
-847823725
1175877459
-1103865823
-755419783
669604913
-63441245
-520336928
-1994763059
749380595
231180410
1918904484
1582010331
2112300048
543671580
774787932
-1559528232
1399763210
-1930837745
-31228644
-654554613
-1393362961
815842834
1806411003
-1091296795
-916712742
-1685838002
1625303102
-1297662892
1496539584
1394451659
475157173
1339109720
-606295192
-1086975451
-633073307
1426612437
-1940796741
1176056958
199666535
-1379957845
580217917
-295367754
206677263
-324617725
794140635
-890766631
-1990053553
-220288277
-1350614298
1968473049
1591072093
1015384357
-1576040865
-708277636
1643717267
-1420881604
1803621749
-2104405353
-1368544617
1498797271
-335110069
-1267421828
-417820229
1113941841
-1466118403
1666910896
-1283628122
2111979400
-820387612
-725786655
-1881207245
-2140314892
1124170777
603266070
-138729831
-407949828
407335224
-205809112
-1798185781
-1114255996
-1030457498
453625456
-1557184224
-804700726
-414440300
1163914177
986759222
-1478499726
-826038780
-494347368
-473171692
586943454
1242365195
-1821710958
1619677582
-1691615805
-290274279
1672237597
889122029
-1964291336
1962721270
1779979378
1207101646
-1816290671
1425742
-418601022
1457390666
-993514964
368024175
671566767
-2088757929
-1261395574
122301776
-1930488835
1456599149
-165868703
-1156655660
774438793
1697293932
907675503
-75385776
758614649
-1512031044
-345404974
199138378
2076209076
1266238389
1280162710
-99636348
1638436244
-621351103
-1165438832
-1635267272
-1178803750
-1357539904
1241769577
-601117276
1750782178
1776007467
1109147901
-2015895096
402205719
-508690821
-946374683
-2101655699
-1617515608
1235269451
1681156434
1621680489
1714016123
86368700
433587740
1274328097
-1753654431
1069597336
-1481487590
1604544079
-2122063221
-531202631
-1062667341
250391045
420484669
1195724971
555413941
1384952306
-2023306303
-589147248
-1075308955
-1453246750
231927197
1436017732
550983894
-1231892085
1016253447
-1478680639
104150398
-1538020219
-441876327
-1864299069
706388741
-347549030
-1078568640
-1521851730
511015008
-1270637248
-186417542
-434701393
585670686
-2142959774
-312719168
-1531676382
1781247234
-501421978
1187969344
-820143309
-2097765423
-376218773
-763049522
190727367
201330283
-97855790
-1932097508
60442780
-2074039264
2070788096
712192041
-154049362
2064732988
1990346593
626080247
-1050865700
-26421277
1777105071
729452160
-1328874037
1894321188
2073357171
-1334945814
1400995082
-1613288121
-1381961780
-707583751
734598007
-2060627351
-1570794642
1290205124
-2119631648
-1285574581
441187053
-1899853909
632975341
1399440998
1122339643
1633640072
-1695494852
1989462337
-1457346705
295751971
-57467699
2022301191
-1591015737
-895339797
-494568033
1343486803
-195893520
-1484499741
919038875
249463630
-434069884
1646231514
1039531953
-541398276
632968147
631135711
1072664128
-1865874734
313646053
324634354
665339835
-125651829
654378431
1771218174
-535445624
862276155
745068005
573137670
303136043
285184676
-1249216992
-363619425
-2106524765
-607291705
-1153901183
-687506786
-1701594348
-1665215298
418280613
2068678161
1989036197
-892292152
1346517561
-2118925710
623075499
234694053
-1628689472
-1897241063
-181760249
-63477468
899741331
-1508782094
-1139412533
-194043399
-1408682711
481867120
-666959325
-1132076
-1751597928
836549569
1505527666
-887734610
609140315
-826347453
-1543366469
-994749851
1873789525
-844966859
330027074
-1940127861
735493398
1086713777
-1260448398
1696827258
982173276
-1236721702
-103571199
283999659
-1021627429
-341568431
614866769
-1993817017
161225792
265203692
-574089959
-1827586562
-1892055437
-841793367
1064757828
1465403672
-772290276
1295500000
-1596047591
1836144585
849075817
31171512
791146395
1117731272
-237064179
483047131
436103474
1368648482
-155541621
979194733
-634636662
977140810
-959263053
1124650041
508421562
-1082398859
736619629
-1966950611
-784749399
-484514012
-700020299
-234047480
-1173196884
2100044290
-1873331483
-85605807
-1926099340
-1964752913
2067335482
1983448714
829496103
705084508
1137899664
590479013
756047819
1984399833
1129424240
-2074063433
-219490837
-817702165
1238515532
1980589803
1507652724
94643234
642540296
282144696
1069053919
2079501163
1608554940
-359526058
-185988972
-339265374
-1966506056
1508912493
-261594227
-1873560725
-91629624
1944234511
-1160058566
1549728322
-1680732488
-1136047896
1717548708
1499700943
-1891896550
262389172
339193044
-1465699458
-895244986
-113018896
1830881909
49473103
-305069151
1029952468
-493913160
974202090
2023036706
-723523969
-2005220233
-1280285194
1353925650
1610373492
929786013
1012183978
-1390001390
1378814277
-285280572
-605631581
-154327454
-516596851
-2003576545
-1866930184
1821175647
1634041890
979816601
1558611339
-1900578739
-281669237
594181694
-692470879
-1152338346
-2051356497
-1446797606
878049461
1993840595
1384921039
1465572575
1855010952
-1681390903
-730087242
-1415619445
-1008597124
-631261259
718551598
228812362
1541007138
1518869644
-1308952394
1215222616
-1559697391
-10275844
1464610417
1257840810
-677344007
1327121656
-599206304
-269005810
637094647
-1368328589
-270819629
1707597712
847199018
-829955222
-1495431396
512347936
1774178693
2019945256
2052727942
-1844376463
1620815078
1838137797
-979451259
1228272931
-1019423641
-1016494865
1998508590
-1037369565
715322868
-661235476
-1460970263
-2108274862
-476284386
-196718113
1998745188
-1042094492
-2011397843
2007182665
932620746
1377316874
-498393733
-1114595374
759070260
-540852141
414080767
-855819447
-1493324193
1356954447
-1583348696
-1706217239
-749527137
1853940469
187491308
-46631970
1285563412
733308742
-1330092769
-1106640890
-883051494
-422538063
42964744
935741691
-2014885115
-587512647
-499335376
1352340817
-1681237234
2015835348
-1306169219
-950318564
1308920967
239642518
1292533632
-1611830604
1166687318
1697018895
-73242614
1773916347
1964109216
-904845456
1358690309
245489759
2042143427
-1632101132
1390433152
784448732
-1763815030
-564285443
-2025282037
-362659516
1675159195
-1357255556
208475460
-2035465854
1192201268
-1813159530
993511602
19027868
-1795741674
744225412
88087249
1477624119
1669612736
-1486749254
622806893
-1061220000
456514016
-1743539638
-1020187853
-302531960
2032117766
-1000735861
-1494685564
-391269168
-124642406
-934978827
-955611764
1324401799
-1838617840
479850575
-1231562861
1504519408
-85400487
-1278857205
1246777234
374512456
1219009948
396875760
-125273079
1537947142
1854340390
-1030157831
202855439
952646756
-1687303010
-2122731139
1214554026
-967831010
1137560444
-1861773681
562368864
903877497
-442174277
286901159
352707854
-723407482
129428428
1786388865
-137160713
409089703
1118487758
-1704825532
-2134864353
309414738
2118163452
-1622151961
-688932647
1333900052
-654004122
-1070365232
751866527
-1216015911
-989006364
1060772285
1024853025
-616896150
-878095802
-2034020889
-203225440
112176950
-1547830832
-1344593820
1559697275
2121333332
100835045
-1209208884
-1661611767
-1312289336
383281409
229431583
-514933590
-1449377020
-1307318548
-1516335130
-1123569128
364058802
825716780
1131353239
-637708286
-1726223952
-345134662
2026433853
-1823303205
653365339
660283897
1252050008
1610688238
-1300465136
752433123
-445476351
-1458942283
1029959408
-1222917755
365278034
250138219
-2075815454
166077869
-825191420
1658414048
-1980343075
629923040
997903960
-342279797
-333406873
12815761
545711419
2140569573
-450448040
-1139591280
-1751450460
-1316960268
-815094813
-1810947392
-462277568
-1259605211
-778659114
84706573
-1107916719
-929969057
-2105334752
1736709020
1721588947
938188372
35363732
124777283
1214191328
1469995801
1936326891
-843858886
189032532
80292088
1862231567
1750369555
-1073073740
-1087355
-327254634
271722727
1426529867
640976878
174198156
-1471005487
546070166
-802080873
-864990603
-1092589408
2074944737
302961638
1878023825
-1441851705
-1192310735
-435218342
-524574367
2118037400
-568479388
1853059042
-2141174934
1317065649
2107733655
119043692
674067000
535841206
-1939027769
927956923
-1251657563
984453952
-1270081606
852047741
-1553686694
1272667412
555749407
1241624220
521064854
-906674537
1086281716
-791713324
-2126558674
-1550943103
588066087
-776190587
1740852436
-953302319
-1064777088
-1477950775
1704669083
349571584
863221437
-324824631
-263702342
-971236487
283861502
988704076
1089737871
61565255
1580512611
652385168
294332391
-569103089
-784434957
-2097960867
-1347206532
250085953
-62278721
372255830
-702777922
365522826
-235574714
1048556945
541201366
1986401164
-1159897317
1971201386
160307943
127559889
1725020612
927897492
254906518
-1803987716
-2086160411
-1647499664
1344836044
618723137
-1593717602
-249028447
-2130109766
1877568022
896520752
509510624
363318045
-2045678550
-1943129626
766169356
-2121389374
651699350
1440032306
-2084663932
-2047724980
1689417298
1740077845
-1843132999
-661185483
-700606743
667054276
308356350
1861992978
863493232
-72964984
-2050001246
1421543962
-1394346316
-601087003
1456120895
-548984600
-938866766
1460801022
270009684
74496896
202198859
-453220553
-226552815
-1867055729
826564152
2079916828
397663090
1986961398
-215153606
-867260287
-97406321
-1281293431
-1544262250
450352105
-457844431
-1570907117
2002723776
1415363627
-1896953432
2052423581
1600382294
-965313198
820925403
1798465007
-1299740337
247434693
423220639
-645096361
-1976082060
-692854361
1664427084
-994430552
1765986318
199581824
-1302725747
1315692165
-815004448
-2024828644
-881392264
1714777567
-1575807657
-1109418061
-716255266
521513403
-226630657
-1108073911
-694140189
-1677078472
-1955427527
-1410711721
1713859792
1995756752
-1459536085
1225005739
985577255
987951581
1505090295
508472460
2075515127
-197767585
-952595154
1458267937
217389682
-288244740
954750854
2089045522
483966396
-1205677753
879842763
1542939759
-1944477435
557638724
168558611
-1313827631
1339387353
-800413396
724687925
-1695057986
739895734
2025093484
1718047355
-1914135471
1870412766
-625637645
8493462
187184922
394148975
-2047180883
1321922002
-992584894
-1223614288
461923658
215385994
1680548339
-307881812
-1982685885
-457507
-593271818
1530049029
-690782947
1483815585
-1358108259
-40365055
1600837359
-1600610153
441136354
1396271336
-1518712286
1546767584
-644068912
-1635841902
2138004600
-530664784
985078049
734607419
-1469604017
2133825600
1871933736
-1875995751
-1071946459
727119881
-1840932623
-661687504
-243283106
-123879122
-883557979
2135483364
-287761339
-948524231
-23102925
-2140732464
906153296
1690734858
-968527571
-505423787
-1606247001
232982283
-251899665
-1403195020
-498034457
-1423466328
787378693
1655402080
-1684667870
-191522562
-1187471410
391067470
-213816534
-889662766
294669148
-97550192
384728078
1212703684
610240670
-1725961503
-1920717083
-1029169469
767637953
-1502948094
-1848343607
1238618563
1938427090
1303818885
666169638
236202669
-902746201
1793686504
2079790132
-580356201
-1439310337
625642468
1075668417
646952500
1976380904
-464224761
-31459532
491693710
896908897
-2136087936
55671757
116905202
734342207
1138285369
733291057
-317337814
-140676780
1503065643
-48627163
-177800975
-1103719988
-134227732
-1688657255
492680099
-699712550
-1138847348
-379626520
-1152463564
1635597716
-1580031838
-444818850
-878482846
49345820
65999009
-16366342
67297326
-1335025921
912469615
-806171532
-323211129
1480500961
1692251960
-1695504767
-788652472
-2013897128
1444188030
-35964588
1541934181
1360051736
-1008183436
93617000
-764601248
-1493822127
-197365620
-747484292
1537622017
1338231636
-892254130
702203103
-104385979
355833724
1660419179
-577039379
817204118
655348555
1842588690
2016972505
-880777924
-220575021
-1202845055
1966347948
1659518995
399322967
-802552098
-583793524
-870440322
2009600049
1257807174
-2037831871
985932187
-1052443147
-1855904474
-1496869643
-466040393
-1732756522
-1234194230
1567905083
1173232132
-739302584
313610803
1884628818
-1103886455
-33088026
1863276844
385869993
135379801
-1329604202
819453599
-1323606107
-273154041
-1233511701
1886597412
-509907294
-2136436136
-2123968054
1143666394
1432286008
943016250
1451250767
-111077254
-2060069441
-642430731
-1071520783
-169752152
-558232300
1023260064
45080803
-1713552756
-993092964
1720621269
-1744482371
-1630863711
-465321336
-222564696
981570907
289510604
189793370
354815444
14388485
1894481072
1870763944
1398005559
378363088
-1687005888
2110026016
-1753966464
-67195837
-1564508011
-1621814325
376827430
331948348
1435117825
-46615915
-705236837
-506640620
806880099
777479693
-496039743
1938572289
1402430140
-623019416
-1352415332
1100808380
-1982959358
-162194997
-771785399
-1369856413
-633036492
20567753
-1526346961
1884067487
-1161253202
1323031337
994223475
1974616585
-259605058
494976749
-698124367
-2083028791
503804278
822889359
1525768424
1198674304
648678083
-463753331
-1709262156
613229159
-1095179074
1596057128
-427204669
-1552217928
22602305
-440641689
355886465
1322093132
-527851331
1784869986
-1893516010
-1968513659
-260733877
-2088283204
1829990289
-630340755
-72486656
1449824880
771844453
208035871
450971013
-2027291440
-1811150573
1596306789
-1386386715
-989936693
-1423842008
1312007074
-1853157976
-2106768786
994475370
-676752142
-1162161119
165975981
-1386427570
-1490405745
-1386273276
-1609066398
673572268
928048246
1231182139
1113873812
-891704395
523873097
1962039289
-919604484
111848228
7144567
-568847346
-1871713851
1072018867
-527912807
-402498691
200528787
-714024496
-877571041
-2024742325
-442701369
695513744
-277956053
-131754599
30565632
859194083
-1689329220
-695235595
1583696100
-539570167
-875939569
-951834900
-1979799521
689073988
-962221247
-254789149
174040235
1433221839
1958044729
2108967462
-1905610670
-2016779762
1168993988
192691265
576835952
1281853702
-1512337152
-1424751986
-1321340931
-1846924530
628624126
547365135
431976139
-841747258
200350627
-1371923843
-1323789045
2005813576
-110137394
-2107762016
-1407808491
-1953732962
-1676681281
299397601
179696999
470211955
791748278
987149853
89939182
-1110814708
804929754
615095483
-557839484
-1195463560
1160330076
-754851328
1713110458
-1670687226
126272220
1430507937
1793458902
873460215
105851915
808600729
840517663
-885994636
-709479792
48965693
1971835991
1844511425
396741167
-1254301043
734640008
-276563021
-1909039576
-2047006773
-477564157
1470283615
1449206493
-1182853807
-1152033371
763970835
1045650870
735028639
1344014428
1724569226
-1076639928
-1254305357
-2079201559
2039219034
-627479628
-1021512803
-426131226
-677128271
-561664691
940654162
933867275
-2113058240
279530877
525819583
-290150228
1026364790
35037160
-613705183
-1973361275
1979674609
-620672047
-1434583661
1939609530
293886001
-640794691
-397249816
1747632664
301492110
-893600939
-1236480326
786443936
1406361707
1677431696
1424436163
243321158
778365868
-1182001903
-1092475029
1747510006
-998557340
-2038028083
325309345
2066620631
-2147059501
-597188880
976450029
-888005678
-77112433
257082369
1770867654
-1266617259
1531320320
-37837757
-521454560
1287577171
1739759377
1297981790
752074313
-879498865
304478499
-64668097
-1769302539
452299290
1124597317
-307477189
1285252247
497132826
-203694686
-2000507782
937934833
920069580
-1503057862
1232657554
157785582
1167351499
207508180
-2029896334
-1604048465
-847004783
960815923
-583455359
-1797106205
1665369662
-2123449209
1565050630
661897307
-1724004968
1728528166
845354954
-1678132515
-636389550
-773181573
-55529733
-1320186569
-1780569455
-1567778754
537961810
1770931351
1826307755
1265310693
1678672760
787325977
464407089
36202842
-387601755
-445969758
-1452511697
-1048197139
-390061174
311976427
66034098
1779756683
1725495152
-1333630240
-370605687
-248931792
-1643612255
-809567446
-759934896
-1902602342
667096838
78184458
-824225110
32584766
-906380783
-170304920
29991885
1378372223
399810781
-884414421
-118219198
1181441309
1966100370
-679915829
1892685037
1732605419
425072910
-1815651549
-178612149
-1280918588
-924831807
-136115573
-1362080773
-1459948609
-1286381352
-1349086938
-997552001
-2020974175
485940637
-1429802632
1239352643
1344519059
-753617123
-1087506118
518432477
1019553044
1314123786
1794553713
-1851650667
115696944
1988577507
1751302076
-1622896600
979225586
861547089
1848626926
1103646409
-553092330
-134786604
-1009081124
1200188008
-1540487678
-883219298
-447404169
1506208821
1528339703
-1648505666
1284711196
1741431143
1355954051
329221249
699546666
-9605319
225866298
46380052
-1044978219
-860888268
819467173
1124975982
-786337223
-1440545869
-876254087
-419638676
2017169329
1038656676
1647707915
-1951297219
1143981930
-52509557
408902147
-113499393
251777330
-1038371380
-1034587569
1738909866
-90713963
-1523771351
783796315
906215981
1433521962
-779196792
272217214
-450733098
-206698454
1305746681
316225207
-1993183754
2043533633
-1655391496
-1752300136
1538429636
1503161512
870917614
526784641
2058393217
1102409843
-722325507
-324787951
1926325725
2137747239
896091901
-792221734
-796983655
613588367
-526479424
2024652883
