253520305
1293572503
1035773792
1617318006
1800700399
416255662
1104875781
24012947
-1847692168
-130615876
-1791849171
1233413402
1131378749
1928568879
1100846096
180105179
1834124102
-1941820269
1483786162
-1386230531
-2048409681
995657
-1898702196
-1312020794
-164115213
-1510138250
-1791673236
-735165767
-1784458900
1972489022
259617176
238433253
1715183642
630399538
1163081785
-833200517
-1780910429
-1256349434
-1987944457
-2038767454
-2049763430
2121703303
705394656
-963758969
25380099
491229643
-723667315
1591566263
1592188694
1125038505
2049753223
79643568
-1934677181
275053419
976613606
-33037388
-628947082
662686146
494864443
-687229984
-485913188
391208186
-1625922129
-663468675
2147281764
370714990
1044065900
662758550
791441993
425052477
-766113989
1490221770
675357648
-147927747
-1886305171
-25474205
1988640270
1570515247
99202047
-387294042
1547406445
2104700724
-964729352
-1836080532
-1107853138
1842892415
1166022422
1940405745
1099651121
-1626732212
1752900009
-795253013
-1689267852
2098255377
-2088167235
1449120222
1828009433
1659854834
1102016894
2002692014
1350679467
-1464739207
-1467293992
-1133649291
-1371175838
1366449285
-1965997219
-72277098
-853951706
1163097731
-354001556
-843229422
-309028975
634484700
80515470
1797568538
-80459591
1809717166
-1754433757
-303691036
2115964013
1447130301
382470973
1823809474
-1925777731
653697195
1567403467
-2032143505
-551277121
-1494668697
1230851321
1341456556
434150800
-203662365
587883223
2139395851
-1082365799
1134305033
1337174328
-727692535
-1266509805
-987578897
1629333468
-1957112990
1020907724
-883035576
776700113
-173283423
1467289642
1492187165
132030229
-161942538
-1008421520
1341691837
-193975424
-1943226805
1729649472
2142329586
-133010464
1824594072
-1431943840
-1959829131
-328830875
263183478
1274373824
-480606045
781497151
-2079593486
-1695333445
1918425711
473796229
316564388
-1563478883
-88311910
-631198632
2007083519
650693733
-529960670
1871238472
1552295913
-910727221
393954551
-1216626442
-1594788211
1825384579
1169748468
-394015495
-1503521168
-1585979197
-392046836
862174725
-1343290430
-2023312637
739037636
-983371958
473676790
853764611
1593200608
300061721
-1909553004
-1659187950
-458143647
-1663897651
-1354751155
-2015398772
-1686483026
-2090227736
605620047
-853089629
-441763056
317232251
849478619
1882776674
1942030179
-531189045
-319626220
-544899345
843904778
-301785551
-1884136
446033168
587537187
-2033962174
1672399700
-1814990608
-1430799365
23281966
-1839221741
1645674017
-232237884
-1429770899
-674830248
-1497825308
1158944389
-1720144489
586372078
1903738792
-66640303
1128135571
647392189
703803344
42666683
-735565836
-841639330
-456581447
-1228276600
-1618153825
720200176
-1763109381
-381022554
-1785974352
906250028
-486446611
-1776393891
-1661763938
1910036918
411385198
1813763267
-1745731172
-354980426
-1055425054
-310251915
-464303294
-388408665
-455402629
1868555907
1813417068
228119406
-1604845127
889786284
328215650
-956191826
597201971
-1972695350
484465976
-700932518
572240791
-162818673
938054264
-407377525
-898396434
999986289
-1876886019
-1619438701
-1154890460
-228517917
-1997572319
722660689
218471111
-2069609275
-1407766502
338503110
1767458831
-2062079972
-436937311
890110696
2043126558
-873640443
-1078381356
-262237258
-1908168057
-456436762
841081692
302837644
-1574980588
-286135833
-1442355758
-1971431753
2048541635
-1584203872
1300717662
-597014452
934465298
688379923
-1024893535
32547125
-1041174404
-1315249956
332797908
2081036428
-580071614
-788158297
-1772638159
-2121028309
-720388242
1810415841
2073786513
-30746493
-2031067628
-140978511
416559958
2115607213
1696443867
233336617
-1423577718
-789662786
627111867
-1621839176
443733832
961519198
490107911
-881919005
-1703756198
1666654107
-1934032978
-1631314636
1677004579
481067002
-734174787
-199388558
-1547206721
1202504143
-249699033
1007161617
398051688
-1363121970
-553694520
1817062380
920196123
-74602783
400840615
952958513
-1501300614
6292027
1727366011
-1829498469
-1130218509
-434386772
1547078512
1419834343
-430331102
1873077302
-1296306902
-1323683968
-1672759692
-234494751
-208761335
1123326844
-1610762996
-2011343925
495719087
988362443
1002959337
1717871490
1920379582
-1320090963
902162248
-1731898986
323966182
2103414884
-922465210
1185287528
1849810718
1099707947
-590358327
1369634888
-954587344
-819650714
-1831738463
-1895738689
1018060667
1258728474
1071005417
1545612072
-2111677452
-31140962
-1159203149
405594501
1050946413
-851738990
1227412963
1786483855
1501724954
2127957008
346150235
-900674546
-679366064
1026389537
1065933144
-1410665365
-782480242
-715142798
375021851
208633731
782796737
-1099242425
1475087563
-330776899
1949046979
-872435536
-578347623
180275806
490481700
-400404999
1550341157
-412677605
-1386254035
1298062694
1744097567
-2085932305
910478625
1816258079
248110129
-2124296658
1182838470
616465513
1321710876
1216323034
-1415032285
-648292329
2073416481
-1500876235
-1098275702
2032559679
-2111752543
-2081733481
-290772776
854155823
-2005159673
-1899582591
1395612667
-1812000351
-1098037531
635436017
1324047796
1313259566
-1485369251
24947703
-63381091
1723987456
-1214694462
-1987917176
-2029540243
-1203640884
-1104931202
6725777
-919395973
1319716350
1026965557
-2027368625
442803328
1725303093
-16225238
-253263907
169071520
-930502159
-204909343
-1449494514
-1547575893
-1579287158
-1462581754
-189060996
1805482143
574603875
-1861558131
722929633
-1198441359
1556569439
1574108442
-1541681244
-1198103028
-1168409964
-233320286
-1278054985
-784185703
-1299151554
204257105
-994656353
1092936449
166931190
-917091922
-1863882029
-1158445137
1419468323
763797500
-368417206
31610010
-2016900176
353363939
1073219919
1933313410
-2078345217
2067279951
621261719
-2072544647
1864988445
165908376
-1191812460
-218184540
-1656622026
305661923
168871947
466860866
-1741259702
-1636774457
-724584988
1501191406
1378336800
1749865779
1571746624
-1907261152
-629587589
1876871310
-1930178863
486972921
1937416075
1648545311
-1449524635
2019141183
-436947290
1226882990
-1796031550
1664238501
-1958967497
1361557611
-722805063
-1302859440
437852150
823794959
-55913355
1714600598
-1645688999
-1697676735
-1684833261
-854416888
-1522155447
-2046552774
515969143
-640158542
489719321
1478716075
1786124125
1203178912
583191475
1454823389
475901358
-1770631772
1994131988
1107147290
-1229601516
2066565974
6064633
-591900597
-1939396912
1819836252
-1315253030
-611054878
1612337098
1451553003
806011159
-1271761415
-776635927
-410278259
952929649
-407756357
262235813
-259203292
223199163
825437442
-1057505575
-191408338
1334622928
-599304638
-862512163
-1561846198
-383041593
-69749084
-599388716
-772554502
-1567928731
906529653
869249857
-617493847
1660229842
-280645183
1872344544
1838146544
394002064
1143519291
-706953037
251793684
-1891384664
294890335
1185268570
1492767955
1210478885
1114243034
1113036455
1206270815
-238114874
1560493865
-1983261071
-948235862
241251822
1577671295
798688424
-1935815452
2047625183
-47265813
-1927722582
-1631918527
629248295
-1874408006
-7969324
86945535
96741977
-1794334695
28354650
2123948199
755635712
260846847
-1692139685
396520850
1744609489
485093961
114521391
-919513682
1201803551
1987353125
1078767363
-478248062
-1779541613
-373352012
227295400
540931439
681558811
-1506402837
1705175463
1917433656
1726464546
2038403769
1590235032
-2126221373
-1582339326
-667914130
1249839539
-1414494432
1196046774
-1303938213
1496191399
642066634
-1453252396
1218566581
564587946
-1675975123
1510675385
1552458686
689481681
-1797522072
1655144453
1657066022
116057761
-456947629
-949851575
-1030148435
-762529051
-771418173
-460250625
1557670669
419559105
1017642764
1653719226
-1975139817
-502898169
-2064133177
1623648414
-1059862756
574578632
-1042618924
1676441105
256460686
-26617554
-271993950
-828827470
1959518949
872120713
2064834221
-1349777527
-1077134137
-477378650
147547208
1873101952
1950674274
2043283559
-779936100
73016082
1045271580
34330256
-1412312592
1516176961
-1845890962
1389849566
-78558678
2052753869
1452745997
511416157
-824357740
-1241150814
1205307722
1896332539
1195008483
-362888559
631221434
-821314985
-506413963
2060446531
-785551079
1454425310
-96944422
881695850
779902571
-1539730151
86697622
1482316088
-1990683293
218723135
-130212060
-563576556
2026112009
506919185
-1879850692
-610396277
-815284074
1453890791
-1051934120
741906308
1057336994
1309039109
1901058164
217990583
2105332352
-223540686
1687590422
-1391610272
641005288
646268043
1449902733
-2043446737
1491896535
-1100425836
-346983812
733554306
1898827186
249504911
565290138
1864379605
-1101080655
-1532356080
1702192818
443430264
632413306
1025661905
746243825
-405278333
863097356
1392177602
849483104
-638412793
-1568573986
-1125013404
11483566
627278470
1973494343
-1636645801
1506025779
-1333224284
-1200482784
-880026831
-1274705615
-301229283
343151271
1525867920
-1035228836
-537055751
-224103514
1604574834
-757824869
825532926
-1556863532
686326723
-368716272
226731366
1547444090
1220742199
-727119786
773137362
346963801
1726867034
1122727177
424242558
-1137003062
1328534756
1762784906
-70181451
-507487193
98892881
-1133074941
-1762954106
-228549015
580040113
-2024532056
1287919543
834001682
2003122876
475109184
1396141817
-634036915
-1294762199
267921635
-167506083
1504990546
1335282495
-1301261819
-1226642938
-610700529
-1008145493
-77271374
459747872
-1363474684
2094336660
-1528326373
1629629968
444845422
714376684
-2064164528
-543791124
-738801753
682776329
-2012034226
138998061
164415436
625270643
2118826300
519482787
1701614240
1865887487
937096177
-1981883992
-14107729
-1315432676
-89979974
192102296
490512310
443981676
-282016935
382849152
1219764545
-1808224362
-827644081
1987220501
1476397974
2043806298
1795929437
-1817173018
783499217
101627365
-184979384
897590741
721621072
1032195430
2122333149
-1743488573
1046965840
-1627441184
-1005847244
1433734794
358469080
-128241599
-574686408
-206728656
891020245
599001780
112149350
-1087803048
-1288854906
-1970060493
235869908
1116461563
-456386534
1361437023
1946198900
-2013743784
-1066331242
1114539411
1494584729
-442577623
1980085244
-1646087370
-1199632966
1738706966
659047849
-270406576
1509664374
-1483986578
2095583742
776630879
1037809368
-1269637100
-878967486
-2108112789
994471131
1900736695
1902333639
-432270760
595385392
-723888315
1148018506
144412026
74530110
-1255392352
1025042847
-1746084242
1709480041
1348597138
-1185953395
339107879
1721590166
-1573135362
-1149242122
-857464761
124635119
-2111614119
-1462772933
-1829219153
1340653027
-987574441
992925406
-1957357991
688979312
2129640424
1925748072
711357796
759008420
1995800933
1231853964
-950977936
1713604192
-376432634
535378828
37480748
715991903
1570234008
1399573467
-460531668
1916960630
1246210155
99466243
-1269730817
-223873251
1285633680
-221187640
-894438528
-321128147
-50098108
-1773426547
-913949844
1688484074
149548710
224822519
-1821540555
-1710740412
-251580496
-615137584
-997983979
2080776793
-869464988
1243645229
-958733467
-1264271810
1140149829
-434634543
1014519086
677042687
-379101176
-1076782893
1874973696
-639363613
972952971
-1251058305
-216158462
674797556
-1646332154
741588346
249984842
583188413
854186879
-317200088
581773678
274059861
-302268797
1948682321
-1719935909
1544872604
77380882
164144642
2039744868
-2002159164
1750887898
-1471875407
1010876829
-232930285
-1851848536
-1652826972
1527145578
1906722278
-858713829
1261751954
-1845580974
283335928
-1977714534
-2054617974
80289560
333648356
-534418553
558993171
1499810316
-1364197912
82591156
-96650092
734870430
-1262335765
686107158
1670705398
2071736627
-1301019712
88201655
-839167097
2054584379
-353738068
-326900239
-908134623
1629805955
737778725
290900440
807690378
480722375
-710840356
-2020411656
-2097180898
728173451
-1608738307
-1257176769
-833950805
787209770
-362957131
653203004
-618413669
1602313774
-1082631692
727331722
1014146648
2002723554
1679646580
-82849658
59273963
-50834138
2050864889
1877208903
593408998
1210198914
-2141769511
971163855
680833924
-1055026308
1210257086
-1436252035
-768572914
-863921107
-1651090262
-1495479610
-977428353
-1865845231
-1482664389
999740196
1993945451
1260526623
1268783
-466965171
-254421988
-1639908839
1273577003
-1283019352
1864338941
416162852
2027674807
-2094267140
682255931
-427691109
760702861
-1611375766
-633563224
280960287
1817951251
-1516132707
219118819
242193394
-1271486428
1893248831
-783246666
1752944261
-1118235370
70908334
1220439230
2107195471
-2111480072
-1470888465
1932712017
-1633280801
-239772645
1516575458
-542676581
-778717132
-226830125
714215607
1046331146
357701708
2122681214
-1969566048
110675692
1781304314
1181074629
-915640376
167359317
-1581229316
-1991024607
1232880514
-1554134971
-607657140
-1783318367
383130821
1296590858
-57296970
-1801869847
-1048861480
-1766391325
-1964469334
159040893
542745929
1257424614
-2031470509
2110624831
1811119395
-70366941
-1869183257
-1711137738
-181127841
603678984
1237937216
-343459184
1339549850
-1693960954
1292333484
-2051096086
-1076399608
-866672780
1862141696
-895812403
-244607064
-397070668
-1158293005
-80522116
-891542599
1500580755
-1287467352
-1053417492
-2120048276
123998709
-1419612788
-67510509
11514074
689031089
2066930274
-1890556315
1193092663
2052611513
-1900435301
1398980251
1418094664
-310567042
1167270122
738507957
-840711662
1374024850
1436011544
-1755605438
173841363
-1044981618
785340180
262338015
642764597
-269193931
1084564557
-1903143940
51415745
121309913
449060420
-2104715291
1590261905
-1339297027
742694748
49825024
148839497
-190281413
-483360012
-114378669
1866832967
336442984
34517943
-62834103
-1748145639
1797249525
-1704408270
2108352693
11370031
1652157848
2136118950
-1714766569
-993453359
-564609238
-1960536801
-402574563
-711308718
80045266
1830273733
1210274667
-1249276794
-642756765
528631153
768419486
487483248
1304469250
-1151742334
-633744242
-1837379776
-223240692
1117373937
1659368403
-1558800005
-1051556298
-1367829853
582274442
-79466629
-941952012
557356030
478255449
-1501760486
1703455775
1930862782
102888879
-845541206
10590161
1738612489
-930930608
368549159
541006483
-102757952
-1561349360
2107103151
569779898
996636439
860612830
444423986
-1497254899
-235703193
409120516
1437508965
1892383915
969231170
-434370900
531237883
252257323
367494088
-1443267931
-1277026025
174206213
-1275119560
1086172519
-27480325
-1535811537
-995717687
2029011796
-1056533755
-799372533
1018521274
826256704
-1996910628
1009235839
211460520
-774465741
772837094
-993050011
1513716255
886243181
2079982845
-413240282
-454828430
409549225
985624161
-117801055
-616313138
-585276762
-1061939729
-1938551984
1301485965
-1339947038
-1473471597
1059563693
-593360697
1838352296
58977786
-1587290670
1965217071
-600838835
1091152780
1727243615
129561115
1151946165
-641655143
-50952033
-827816220
1976100892
1352091857
-383928339
-218912401
-1393258734
388608505
1979172180
964177420
-2079842873
-1197543972
-1905597067
-696639362
1652751752
2108493183
-770188627
-130794918
885653385
1442410391
-883036554
-121050476
-1861841180
-1514101697
1482333453
981713494
1916305121
174872549
1086707541
1342462739
1335884152
-660047483
892731131
1776880092
1425625619
300421146
258277594
-702483470
-1487093609
-1721928880
-1061015137
1064458395
-13612891
1081138045
1932710064
-147119047
28987676
-1006928686
-1583524535
-448847721
13086690
1698472397
1761208808
1387812486
1958751716
2128705777
-1184581141
202601640
1102104410
1456441785
-145427082
-1056223349
-1031590833
-1276312375
-1041911910
-361509127
-1827781280
455172967
306969267
825613453
170115267
1803291176
-2073565423
-1878841463
1954212747
907404014
-149665831
2053231079
412703529
773726737
-1632411091
-719496531
1323182901
1741794011
1270147722
-1356113531
-2305170
-2061514950
-608963470
1944575884
1652611583
196486832
1150400586
-646540950
457434628
-849782643
1071403908
-2058170718
-363596213
-670157472
-1877022976
1189771818
-266354594
-756290645
195737519
-1312540611
-2103739455
-172645419
-817941127
-1217710736
1777376631
399896420
552668256
-496514301
-1250998325
1178957675
-284253211
-802319239
-910134708
982097472
1774366890
626838123
-1413214696
915343474
-820265896
792589976
1081518685
-1393606407
438945730
-1002678977
1710120221
-1435505489
1028746058
1553233840
-1808337872
-813874945
-402253437
1102183456
-1965968753
1716040155
1997760536
-1626313027
1629298126
-1890579725
-1632140565
270575618
-785539094
-643799005
223292801
1828011083
2112356676
-647249620
-965347684
1485689003
1119551213
1438579878
1065583145
-926783235
-848985820
-1869496779
1903758684
374145849
487274012
-1974967302
-1610575591
1551963144
1303483649
911468365
-1554962795
556120217
-530870979
-1725786968
434278973
-1897877067
-2036701706
592432869
823400662
2095938576
818844123
842027436
1065943781
515709410
-1866761440
-38033626
1799320144
1792041398
-1967289402
-290798346
512519748
182969986
-819857889
414123112
1550993753
1170328822
1863582097
-1826362901
-1267415564
-1387322856
495706010
-1982763076
-362767123
684689168
-1729671917
-159660060
-2051913103
-103070144
-1516993608
240699748
-1331542744
-1152309865
29114343
189955245
-962919527
-1029797337
-983572825
1266776917
-12618803
1143849204
-164833300
-255781112
-59848398
-1137737458
1922504984
-1846903876
18662594
1387395809
1088422853
-27049688
-89924764
-1102509878
1288180929
243212150
-1331110254
-525314834
2114287449
1996208950
-1493300421
1711900743
578423002
1054391446
-345136407
-823798017
-37253036
-331504176
-47025370
-798261760
76099233
-1841160989
-1486426340
31262155
946162341
1703189637
1629077371
-1664000375
597392854
1539752023
121695391
852044127
-1159314178
176529498
1823672049
-927022330
-1681884865
-1661472863
-857738868
-1122770022
-1617242793
1782764104
226046756
1058596785
42863397
-1135501660
1943269667
1318524591
433728876
1976303035
-221447916
646478423
72118741
-311877898
261717060
1706892197
1487966010
-308940012
91578790
332839132
-1660732383
-330325406
-473280009
-167687974
141529478
1332916776
-562503135
1180688306
-2105977379
-1328378522
-1902149660
1619708028
122844246
1249141952
-103742285
-34281370
611984482
-377251402
-2006510885
735821583
1973978485
1564813591
-1346723606
-892954604
1089581837
1639106743
-1395697842
-1966161430
641176819
-1967281057
-710630340
1899224557
1773268929
-255580668
2099882450
-799236679
-1748469341
-3893956
1174366847
-1667923528
32700257
881547757
-855189598
1659137276
219129244
482393671
1953408625
627122767
702575191
597101555
-1798369508
-1628438905
207866553
-1809301364
-1574970831
540902429
-960102128
2006324558
-1204330431
1588497408
-1930129639
922111500
1011310532
1155674023
1454159998
188777319
-1464414919
-2002796443
1534284191
-1760437188
1829110161
2094817280
-2038714731
-1972475298
-295900467
489229955
-866124173
-554754428
-315022619
-1819066029
-1846700338
1044809605
-877915924
-1206954113
-1502874753
485871810
-1275627408
304447324
1290628774
1387181026
1666784038
1611587921
1269101810
-931769916
918311110
1257907183
1445739040
-1385683279
18004276
-871654076
-1940246079
1966575057
-1954321184
2048836976
1526845503
1384220640
1756516206
-90980744
988633121
-2115520223
-464033640
-1462958758
-2064992371
1560859282
1501062995
363765856
-1946043890
217700960
-1978354896
-1280221511
557126295
-970520675
-986271739
573701445
-1967423032
-1564859089
-1302128692
1825391791
1403952239
-1878020085
-1786147126
-417893184
1828779601
-425515869
1260901875
1393463538
761640233
1835937693
998457228
-829660604
1609551856
-247614012
468863506
-1024048564
-791708066
-1455757501
-1335196326
1068893074
2029558960
991285776
1814373881
-722957542
1692731308
-433969243
7269093
358870850
-732810015
-1265751563
-1294059172
1459630030
2030668595
1206317981
-227241212
1663753025
-1917370474
429690714
-1277244845
1904162158
600554009
-1133800773
-497444560
-1348357299
748668710
-1481035753
-755597862
-1909006318
-1764484856
1699345344
1834418696
666566523
1365826988
462069880
1437782098
209781097
445803691
-1775902941
576666575
343186098
-316911225
1125692862
-1051386370
614766389
1685861940
1998780815
43790057
156743982
298480090
-2138034018
