1724374463
-1990406405
-1243799909
2056569983
655674734
-740232645
-2013122189
865674277
-1897547154
1713423712
1786012856
-1250766534
1675889818
-1021467884
100099892
582362159
-1849956538
1808515509
-1881637241
-1352625541
1816428674
-1286180024
157481476
-422153811
-1472190306
-1789661011
1752068056
1351702468
-912865807
1083057172
1337010289
-1344033602
-1965700906
-1989597521
-750560228
-1536474770
82631671
-767072855
224798448
1343618962
1070519501
1775673942
-1150593302
-1439103196
957524070
-1775222358
-657885095
-1368666896
1026058345
-479551761
-113654660
-690090394
-697136041
736122290
-1603021208
-1778864463
1137969939
-1152534786
-789231057
1736888583
-767031132
-483140148
-1316902338
-945437629
320871480
166991545
1290358535
-359689296
1993503339
1443729145
-949218081
-1925361370
-1827582007
1863483019
-889779160
287009883
1316599697
-1249295954
-1647671374
1306241906
1556036284
-851372653
940059998
-250242856
806826812
1508469843
-2105611004
-853575088
-1744441464
-2026501086
-1643839082
1553409355
1188336216
63532485
-183607163
-810335108
-31544659
-876474815
-617596061
-655695188
206751764
-1000429612
1982363593
-653635894
1894879018
955811368
-1811267206
212446534
-1878322590
-1311610426
1218386632
-1754608994
-13470971
36548296
-1289875658
833159992
320605818
1677634258
189852766
1553945714
1570421703
-810256829
341419284
884337399
-202056361
-1256745818
-1043840308
-1293303212
-707638531
-1031393170
1272187192
-1302976054
563107896
1762385378
395358261
-1223605659
1809414840
1631459670
-769468441
-318125491
-768453343
765850779
1753553698
1638254939
-2096748018
-1223514184
1117873163
784790255
98106200
-591922983
1587046143
1389547776
-1679435369
-1732857977
-1035245646
-995488653
1892952040
148670233
-1009079141
89876144
-594094096
-699640727
403522703
-384550797
-952835551
-1533652277
2109538988
-2036758049
-177570245
483642427
2041304184
2108823512
101113878
47747285
-2066360759
-224732527
-1679655779
1824518537
-1834628634
1814356323
1132862237
-2025704946
312988526
-55273504
1180382911
1452975638
-726622088
-515389400
-1010666413
462810564
757947771
-1104613766
183840846
-1578957478
-1280107152
1548464653
-1956419306
-415687625
774543285
-575170783
-2070967940
-1651546369
157245492
-1205649840
1853740937
-725393125
-494404156
-466369239
1759873916
484258148
2127463118
-352773122
-1515334893
686368282
1681361971
997811453
186729737
240679962
-2067805587
883601533
1206290656
-850729648
-546932492
-430200166
1584740064
-1371176343
358442978
-629076477
-1549126562
-118275123
167607257
2036789265
747573313
-1865030196
883476516
1537358364
1453073346
-1886520297
850503452
1032840202
469072754
601079921
-420449076
1056228392
782158977
-408840027
1931988952
-1356199876
-761071044
-760444998
519144602
946842586
1408233431
-1487536539
-1091795315
-1128300554
-110112148
-1425686850
-142173202
1762695098
-134951101
244434742
1061330848
1118056089
622660179
994408648
1728478543
-369992796
-928485111
1417178223
-1442165800
1096689180
-1307413177
1740155863
2092181992
-1472344249
-1260522322
-1248640682
138592483
909993351
1881264160
507597597
585273862
-722537305
566818688
1865366954
-1360498225
-826480776
-1813975621
599155073
1387124123
-794268004
-1904342772
733583386
53598097
-393805663
-1016269957
-1319140323
-1603529538
-1995487407
-966971482
1394946252
23906689
1899433543
1017685443
1010218176
171429929
-1301739835
798522596
1235405783
1677616604
1110602949
55035005
-1965450132
-63579718
628496717
2001252899
-432661559
-1236825535
-2043482617
-1120307306
844416473
-1871129358
-289241584
-658377471
1374788641
-1787831243
-1889785840
1682164607
-1389191183
715409273
1239872906
-2112187423
266550230
-547790433
1173795700
1004682670
-2089267118
-1313785448
-663484406
605411946
620484558
-1774278324
-2127937058
-1967564517
1702516175
-730437955
-511574989
-1880820216
914064744
-843218068
-1403964276
1865507523
-1364002065
-136970757
1277076863
1634724458
-55792397
206588435
348093134
-955640279
-2130405268
-1481444729
1410577079
421041666
-1762134988
712489401
488030346
-1980141104
-1945000010
-1508910020
-1379974020
-1272330616
630913252
-552117830
1552018619
665293762
-1617648274
-33986536
-352791614
-949723784
-1936991440
-691637033
1634856941
1905894924
1524745195
-769763139
2017224783
1532789903
1783863351
1779933620
1756750531
1507711807
-1493406280
-113830159
1989549889
1318646353
485045392
-988226728
-620202894
1468693233
736794644
-593571298
201851269
-844743034
634894017
-1735513680
-865294013
-1839071686
-1657805456
2009084114
-2124141983
-2054142279
1580790217
1000921611
166979860
254688312
-1936025611
-919105216
-1445642774
-1854692680
844046231
2067613599
2076663256
-156981621
1842107388
-2134058562
-1651560561
-937875177
-1949873264
834221059
-1030839790
-1192913447
-1742163309
933681477
-966633332
-87194707
686722317
693940147
9289566
1072211531
1611899903
173684725
-1708466568
-353971180
-563867174
-1200123248
-1340834583
-1687673842
-743857612
-21629042
609642936
933914669
-1475217223
-38960035
1108934132
-1860335660
1113305951
963609591
-1392890871
1250197146
2104949725
-1602054845
18329685
1147208528
2048474205
-1441770566
1630746362
1405360963
-1802835089
-2135792051
1569884917
-1199694402
-1879989439
2110199942
-573889937
-1102255150
499644429
-854334995
1523162195
1229938776
492290514
1543405484
-497351904
485571638
-1960653498
-1861516171
1267132671
1441993442
376514570
702251683
1080471831
2019949348
586906655
-439470945
1880594976
1101727775
-1055183208
-737851515
1328176694
285396625
-145672815
-1695110138
1338801135
-1623623079
-544220833
1750634895
-904627025
465582137
1489163528
1479503787
-644101062
-749930531
-724268555
-1687633499
86373770
-1104819684
-2077869339
-269264783
1891522786
-1160945796
1683784229
-1343199541
-810373342
-1860539653
-1732217091
-643388512
190967389
-367268596
-1316407699
-1735172435
859595688
1053338335
-597114087
-1886731418
1925912116
-359115291
1324511361
378832408
2036451231
1678321555
-232764044
-615626927
-2055199354
1945957733
-2136981050
-1973356161
-1994653602
-1174077147
-286731456
-230951722
358062980
-10221204
1335936472
621995383
-1195087215
-1325244823
669256481
-1605765170
-1669083149
973602529
-1331448572
743302971
-1482903368
294453622
738582448
-1484008717
-1913261651
-837759445
-897202482
202833192
-1898761817
-311628761
-1696368135
-406267800
1991398688
-1342150728
1559618669
76154690
-1086474491
639440026
1902713853
-667340242
2129662669
-1617940359
1654532938
1536087982
-1371243571
313797045
-192885967
1537964720
454948298
-753824156
1299890053
485479222
163021519
1534158748
-1728853250
-40573640
-433669567
-727481103
-1488425360
-1653333560
-947372752
-178291652
655419199
885913207
-1349608465
1892639134
1932861713
668954359
195133669
1153399748
-538865978
1593691393
-1052494683
912160875
1765547684
1962490488
190304061
-785521370
-1728594474
-973735474
1111403211
1870327903
114827031
-771901273
-886314156
-1565280613
-1692485462
645982395
1682124760
-1402101759
2079665549
588923648
-1327906655
1396019740
-1887922707
-563816185
-1133785381
-259327521
-1370727716
1104631974
1760401769
468906473
-304965312
496854486
-1085699339
1377896715
-393002993
-1852690721
-1940282039
-1425576698
775577016
890085042
-625226275
1719172504
1311330532
107467157
-943337552
1495272377
1998442590
1663873029
282535514
591055138
-684917170
1161024471
60024418
1809230862
-1602225491
1299127199
1215649484
-154186941
1814210804
-175861674
819073014
1835365971
739024150
-1418821322
-1052200028
-1182691809
-1281924176
-660145688
-325741991
1185178012
1091869055
-2028865823
982307304
-1048407335
1198097938
-1154745335
544729417
-1266497472
-759353920
-617025123
1689159088
-736678373
1386286811
-527865003
607136987
-428929958
-705954267
1219149256
663040171
-427461485
201447042
448300559
-1451046922
-1889645495
-742789137
256673705
536305819
-1584187536
482447794
1509164190
-385777962
2003183408
880202707
2011165670
2032451028
1655148777
-972315702
586660362
458605962
-1474653833
1451745401
1624000523
-294696511
98664630
-2093170340
73647235
1208968821
-1574848184
-475333378
-1363926262
1425927520
481663125
-100638034
-702198309
-667846448
-1498416366
-563553422
-136723018
-2070784063
1424275654
1153041980
1208409095
670541607
64873994
-1866472613
-543954105
-657707894
-1143087984
115622708
113914273
-2003974696
2131382437
-598610895
1028993497
-852262282
987559610
1179626488
-1989296535
-1078740585
1824161056
1805567968
1493701356
1738846673
542694930
-1217691488
1786748863
411545069
-1045803528
-350905015
1019309029
1039627006
-879605270
100807029
195047723
-2047829068
1828620914
-1073278272
1510708876
-453292815
-1755980139
-1491881609
597044438
744693661
-1748290796
-1430108017
-2025057907
-2145168458
-247248401
-340289320
-1047110642
-436559702
-94378454
1617339250
-1476019977
-92588312
590049235
1613830015
1117837254
-115292492
1410094146
1882482458
687443647
717201466
-1269324126
-39929978
-1340745453
1195196646
911131824
-1218043734
-681045186
-978066958
1892418498
1475342269
14948784
-1373119424
-1063343605
1037885757
-2131415633
-1961953943
349616157
-1123383771
-1057831813
878111253
-1639627090
-1792456610
938517682
-1969632884
1400798366
759808629
-1263995402
-586942835
-1812569800
-1162125683
235218636
-1202134690
1856114360
817983639
682937543
-1363095772
790300940
222511041
-1785732379
1205551732
-539312930
-806440148
-1066137032
-1942562519
-1258263854
478975457
-2145210168
1879618423
-1586232564
1640015364
-1080016201
-66406336
1146926324
-94444726
1056098726
1242122918
2131375933
1948438696
-31416745
-501332768
937167906
976002380
-1607069549
1998605393
1973569010
-814520112
-282908338
2041238230
1017614287
-56944979
45148936
445929823
-1823703375
2022663405
1725936757
-1796356160
1008234161
992819748
-554260129
2113859017
-156995452
-1604428128
346441163
1147240851
738790212
127603935
337543003
1738354460
-2034248074
-1559739071
-115664654
-1933800170
360067144
-1717554946
-1678832483
-1015280901
-1134652390
-1807818663
2059546544
-1070519195
627201343
-716521451
146961711
-1046895205
1567474180
1497702952
490500720
1688677742
1747776240
1796576686
1973750270
-195684282
1546635853
-56735200
1238917311
1307185271
-472913945
-766053947
1601208664
1271758809
597398803
-1165043865
173560271
-1207599466
565505266
634264394
870694770
66411333
2059715830
1087982425
286278903
-1152774088
-585819739
1499056802
1107767012
-1130939887
-782302307
-1084179452
-339918288
1756652443
1997830359
1461806119
490055978
-75318570
934174255
-1298450773
-927446374
984646483
101428515
1371210403
1926360869
1251006914
2088153563
-1006767548
-932783883
1265867977
1370596712
1593817
-932925032
-61698282
-339990448
-1211280902
1862988329
-278526281
-770219702
-2025572100
-1769002579
1669643688
-244923323
586856363
1834272190
-413689939
-743979602
-1925491402
-1153023635
-224169630
1931148786
-1896208790
-1604854172
1534610575
916291906
1332298787
1276791883
1245081025
215576469
-994462466
-607788435
894385941
-593428237
-1634419117
1737314202
-1246688170
2084016623
858050658
-879696818
1009380426
-1149209484
1363444171
-1028007150
-134255799
1849919684
-925020605
-61390046
-1933718770
-1204559170
350686340
1456238927
-1843729455
-1805320353
605310853
-465888474
-1577700716
-509653366
-2058934549
-1072594862
-549453635
1556944139
-1364397377
-1744353730
707301604
1589963481
420953696
-1768297986
2074037486
-347645541
403887802
-1295782801
1361637722
1750687597
-1046638665
1186471068
1805914586
-142747165
-1586598667
-669211549
-50801883
-236184243
315302330
-1244153000
1663692299
100809788
-601809884
607790056
-1207283767
991281989
1749520292
1316083393
1564208030
162393348
-843894099
-839810959
-1454272098
1566478947
-1019501657
-467684019
1849089733
-617915620
-409097943
980090771
127834702
265220731
199541096
1057893330
1533613125
481969256
-459688727
-1012762743
-352757413
1163658916
-113565570
72582670
210325497
276894291
1751132783
2103656369
1006244502
-6139463
540333814
518651681
1553931085
-1610791352
839036912
1453437197
-967306071
-1415550246
-1821396014
-1018115570
691430339
1399125562
-867647527
257177283
556318607
-1570520600
189524357
-1508529603
-1074239118
1074485533
-356877497
-1657934178
881384214
-203852788
-977172360
63511548
-201065086
85615466
222514317
-1008936566
-1582678684
1983197232
746244489
-1491137287
899616945
-969706593
-1751754318
-676488165
931119471
815803268
-688052089
809379018
1806801
-1278669123
1153353456
-608776441
-343831164
-1675483653
-1377087817
2122292581
-754344889
423865544
-1031419593
1861083047
-2092717631
-503939381
-878064302
1143057320
-1257179506
423859531
1268287655
1170702459
953738906
851400945
904964100
2041477074
-267657038
949078993
1251463961
1078307235
691802967
-1907830869
-1290555537
-1659263480
1329410774
-1735259027
1803263639
-2037044890
1228506261
-674350340
-854873178
1725329105
-1447310418
1246222387
66345952
2023539887
-225252671
-554466261
-1953868110
-446150757
-328380667
1933611452
1723078885
-1491081333
-665356128
434408004
-1918687471
-1104143564
673854521
368355750
-2000063665
2136401324
1454004682
692885141
-221058510
-1468525999
1642407098
795990802
1534483190
-870397207
-1619953366
-484974286
-227528966
369093642
66038414
-2074052571
1613538411
-1306346564
983996288
-1926158989
399409218
1653335644
-659149104
-407517561
1201302383
1453385154
-1371229729
632112753
-660705450
-768067930
1754089516
-39490585
-537901702
-223543233
-418662353
303498124
-1571525001
479400492
1835686245
2107894388
835404853
-1357751145
680825772
1405926631
-1969194150
1086277271
-794722352
-1098109595
1852622848
1194821334
-529564315
1805797354
-2042586712
-450796941
1342362070
-398842509
1026171501
463828521
-1253661506
1798886336
1756896636
-1822855760
2029055350
2116842842
155060419
252988771
-1874909714
1321131479
-155859480
-1215614430
558552768
385822300
744871548
1126148985
739397762
-1643497886
70428528
1748440065
-415029669
-53371715
905224135
-1945859066
-359055912
-2143415078
-292297076
-1574602134
-1971419136
585704520
424023046
1024112584
1321514917
-512803719
-1034337749
-769210405
571705596
1428368584
-1044697007
-1048853215
2117824112
100151485
52588075
1017766587
1279637170
-972546416
1705689586
1347004567
-1692893164
-345015829
1544895970
292244944
1981156631
680619764
-185616153
-356068012
-1685828030
594672010
1978572440
-1078013753
1107473716
1391770830
721373796
-1055789658
-2111724292
1756581604
-817339894
1849012399
-426765400
392442
531686222
152503168
2139697435
184961928
-1159866135
1319336062
376776484
-1526548775
-1390286144
1330145528
-1840429365
1934587851
-1764147879
-440184437
-1517996307
2044219602
-1537256310
1248923847
-1337985014
1821615938
-411832974
1140845586
-1498361507
-1036555059
-1782643795
1178762956
1626700588
-1818976951
1047754179
-1692403789
817371745
503731382
-451740448
1249921161
-155393702
1252901247
-1068667958
-1831261196
1349020156
671381248
-48207602
1055597988
1082727694
-740105144
-1493428099
1015799994
-260097341
-240061665
-1190893610
1850577000
-1534830440
-1085074614
1506669252
-1935067436
-1467193248
-70896115
-2056211958
-179571135
273128604
-1333690896
-1866864132
-830091152
1970126352
584885958
1323961392
-606439356
284214930
-1725535766
-2130542475
-1650779740
1463670052
-1744411957
225609988
-763741276
-1299132603
-327534677
1076999669
-1921441562
-1311751293
1702234787
-1589011468
-828356034
2074894677
-97749270
1639432756
-806682732
370481703
797089366
-1079247965
199754510
-154615883
-1804006623
1387700062
-686828946
-872565860
-627414544
-507685786
1240668856
-1052836819
1628266513
516187284
661275159
230478468
2130117124
-2096772406
2031692800
63929817
-1196446148
397308011
1277729687
1719406613
-1692119002
-2144514548
1783158866
-1901078616
-975548566
1367827307
640121052
266377881
-961761424
299809439
-2135132101
-1878200611
-1497554139
59370129
-1670317772
2063156205
1048320254
-1292055382
-698065939
20672914
-1286143172
-1516611123
188385748
1785716738
-2066980750
1016259207
-1104634945
1947245872
-1399240636
292624005
-1398587820
622326624
-156467088
-1523871930
291797163
-551725831
-2050531822
95932944
-1665877711
1362407838
-1451952349
477560104
1077759183
1690667135
-1383831486
681808956
141075530
-99595285
448475831
-1351933916
-1363735572
-697439703
943781556
248878537
-1917535900
448696200
1033244124
1011333221
-2102897686
-499518027
301648393
-628299028
-790668634
-903556020
944069706
1093149897
-1460662958
1863599792
1770039338
-1099760179
-778126563
-845071585
-1248950473
-83032732
-2104583214
-1476706560
-609468222
244111625
-1731946695
-387236737
90192354
1585950203
1552195261
-1664352933
-2126241345
-1860484560
1836612942
-1157134594
1754209804
-1368299382
-1885781623
738567117
-428360747
1886626888
-549280235
1500065217
-876763014
-665286722
-412476337
507440694
522680058
-2044999096
-1737925336
597305091
-440339083
1233996156
-1167678386
-112715574
-1620388117
-1229821538
442694025
2063932048
638891337
-1560770216
-291951513
372446863
1007071142
-1116832598
1012819484
599425098
540027081
-1926872289
23033250
-222554142
-1161467410
356478273
-2111555032
340463272
684600777
-248650418
175427497
-1949540110
-1495050293
-1529344214
668099034
1678866738
-1434821725
107115416
-1662006968
-871272380
-1308550905
1915644580
221533889
-662339834
1324691379
-134973085
1528131827
-1092455123
-967962703
-382052641
-2118522797
1265781078
2067876315
1626328139
203695424
1156453979
316466334
821879934
1347327079
-987096600
-999573248
-2143347042
91747688
2104133709
-950789149
-1592092645
1351839673
-1357821548
-211724406
-778083873
-1029008949
-205392938
-395527844
-1450019645
826121834
-199584054
-429705240
-1414727356
-1701786519
-420139874
-1561266903
1700517494
630938749
1041155082
518791434
-1636516808
-1724405399
-1389447263
-953352148
-1611326296
-1635674533
-1078360471
320412389
-1858942759
-1455226986
1262494126
-1560029044
1294804163
1025773904
626377746
1776749299
153691771
1632610524
-721181207
1159343668
1370592419
-1130748917
1439900355
567763120
-1766311901
-63225136
282862665
1338595156
36435224
-1525547230
-1462835636
1104007710
555941644
1030979366
634218522
-422816545
-302539672
972326284
375004948
473507906
-1398199002
1152320568
-790184323
-287774964
1639606474
981185829
-1360582508
1557732261
1105266578
-1632510586
-1141252893
-896093738
-1922413845
-1166172371
1526233049
296960211
-797239001
855604272
349706134
-56200836
1619632237
-1888620343
2070592006
-1610021665
1121563888
144459646
1905256497
-1700053247
-22782365
-1948775551
-2072755504
509655517
2066106540
1044430169
1667548194
1233642669
626527191
164867521
380881664
-588008601
-1647411379
-56614193
-679787729
-1891482998
-59732923
322317144
1793621749
-32279783
-527223943
-1683700590
-1988913682
-1556167961
-1880901091
-863881733
506289439
-531110635
278082060
-1379678342
1500269643
-1983521063
-1565142716
-1512557117
-1915624315
-995578752
620481684
650807551
1277651974
872788661
-1592743533
996749739
-81128640
-1972142077
2135505876
1573359551
1498142514
-1845386600
924303703
-1121040365
-1594903298
-1801349557
-314518975
1005652990
-251854152
2232031
2034440143
736540480
-1123090048
-367123831
470744712
-2069174239
1329790162
1045829807
-1706371150
-1214351911
1392020252
1828708594
-281862650
-988911310
1224524688
720991854
-504507994
306142059
332561723
-1817726144
421732174
596991839
995552086
-806332344
-149109046
-1762731801
1797466844
1734757679
1724970151
-87366021
738235740
-324313941
-1756069075
-1120255713
667872527
-1401229055
1786500748
-467421572
-174541267
201692363
-2077177772
1834197324
-1702669957
-8569861
-1787341270
-1704983557
-1861374936
1630443807
-947779656
1893804427
1273600218
1686373093
1540505573
-451350345
703145474
454208994
1836051782
1780557147
-1640331913
1016807054
-1341698605
-1856271342
-1329440446
-1712130157
2071116253
1902412832
-955418185
-698677178
2206271
1433625490
206604484
-148914315
976055763
-1222512220
-1887639923
-693000605
-520142296
1615242082
-556278985
-1694054384
-546126991
1327726225
838470147
-2026723140
-1080367169
1055246030
317358495
839365038
1157560690
-1752114953
2120875448
-1350757071
1133004013
-1255089973
129510867
750808799
-1615827576
-2066213684
644224349
-7691231
-1995727414
548684908
1113970944
482593013
440993495
2042037352
-1262908105
955911410
-59284697
-14731922
-14165468
-1427377016
-838700936
954671365
1014401184
900096652
1807324421
1005947053
-635941740
-1732561420
-763419656
-332528827
1027367046
-1575125026
-700254948
-77640532
218351222
981243350
98714582
852781995
-1819721237
-1027111848
-1632499371
-1304964590
1822842696
471246227
-1122482680
-1480205536
-1926161309
-489594768
82570832
