1144432143
982192285
-1921574551
261762036
-394520083
1334821921
-1398884257
-1257749694
-1890356122
239769107
-1761241265
-416620589
1194796893
-1569114498
2132329800
-1340924959
-2133425704
334827355
1513058235
1764535619
1819211272
1045277767
-1201356266
-987793849
845495174
225798518
-1606575183
-1661415483
148361695
404069863
-497467411
-371793808
-881285294
-2017544999
1002071194
-48130705
-1684805673
-1451496835
-1373093223
-436072405
2013673571
1973002220
2080214210
-326984342
-2142969238
115898970
431321351
1590593949
1186902949
-139017844
2045052889
1823106677
-838560235
1079816583
1246877130
498243003
1704272966
-942689399
-524532877
1232547168
-149504552
-713313732
-1375785065
-362182445
-1753227205
-337576663
1955856264
-822010990
-2124036167
-395808918
916246985
79845636
1789238457
768003491
-1114851596
-399784572
1612493121
-429682893
-861924130
1748665536
-1435987268
1388742309
-304769032
897120580
1861219325
-1873601172
1765431031
-2002826927
-989744253
902764239
1315048631
1157029107
1340572158
-1466036702
-1576104868
607070546
1620962577
-1233509322
1016583098
-1788650169
1958466137
252022802
-757571594
485868338
674201262
-434632990
158836845
2011098122
1830288808
-1100599505
2074534868
140244917
-328901275
-78605488
-654148705
885558937
-1420629368
-209008865
-594751066
1227251826
-1854232444
1545778416
-153273338
295517285
-781088231
-1082440257
1374182213
358356565
-422564322
2102188200
-210424135
-151745162
1082401921
1794194843
1990495017
-1093679073
1904344972
1835542351
1126619060
2129967331
347125097
1541163126
-1676266255
-230350623
1735071208
-1589604301
120156759
634905435
-260286338
-1591723576
-1185516065
1718386309
-1807153520
-30170220
507574759
794607007
-98187791
-470343365
-1908619943
-1590757307
-1494104151
782253350
-1720139252
-1791200507
908254968
1101077806
1482331498
251966770
1892517018
61931155
929603410
-67115017
-99399093
2068577586
580551486
-1521511762
-167345524
118200823
-1765367896
1020151922
-1950736217
-44256113
1785010089
-1376511246
-920578831
1714351202
1732727523
-1945180536
533768527
2055511232
-1888675935
665504649
284008954
277473369
-32595140
-1510446882
1422141062
978094066
1166369984
1539550163
-1006192865
949309526
1496530382
-1285076690
-172969450
-973102198
170028483
-413781117
424488347
1736065347
-870937831
-896163130
1244342732
1377839772
1902718733
2065137954
-384540946
-99644157
1150498690
143544584
2007772153
500164724
-118635739
38854794
-1091540647
758637802
1464093648
1098210792
-2119293965
81169169
-259816653
-1229938325
-1470593947
-689253313
124179889
788512881
1171285650
-1406155355
-205473913
-470860343
1620010333
-2005759295
-1927798733
-709596352
1771134643
72041239
1628952595
-1014837125
1451471823
497579807
854752331
-1831818489
-1888368200
1466460288
900226284
-438641746
765103630
-1405439617
-1035298479
-437660404
1368589319
-1112021071
-1222041908
333340513
-963240525
1564751352
-611357310
-1834596953
1881302407
-1674763860
1603159955
1889943527
-1844823016
-87953641
110014077
673689288
1512287782
-970368729
-1874013503
-391250840
-367974692
-508653474
1017108935
1426110062
-1217625515
-177556211
-1386373634
-1460357793
1966228578
-1731247936
754437447
-1345329871
-488441974
-1897327876
1650592147
1841857309
548206673
-2089085657
-2119766070
-975575879
1414607037
378186183
-24368914
-164225979
345606165
115825391
-100406912
1379733060
-782234901
1188723701
103580450
-833172402
546443101
-4017560
1166339197
2040023332
-578102890
2099944000
1392993124
-269043196
-2083158885
-1792476841
675908921
-952157889
1226715972
231487000
1590933903
1850572296
-1609118329
1295648117
-1730729199
1918221709
-275526148
524780574
-1652192607
2126711115
443147164
-958583057
885647555
577552030
-1377997876
-558010711
524677436
-1241850985
704710810
-1552176412
-1602472714
75123985
1500567365
987568196
205172262
1033865734
1487670018
-88361493
602333872
-2109272034
153546749
-703123922
-293648183
480810377
-984900963
696684170
490459614
1470825485
1363134220
-1946613032
686931892
1762955618
212511990
-320651328
-1342363697
305367229
740150159
-1193695125
1807010072
1599183274
1500508635
-2140128388
1838356409
1091354654
696911657
1849844543
1904845643
-389146164
-1072080928
-410663645
-1834861773
-1136116553
647195261
-507671451
-748456631
275505928
-130834213
-1622463474
-626754887
1943732257
1079716277
-1359688673
1238777646
1087345393
-1203763607
-1219963383
-645495252
669829513
-329242370
-112634782
1178819261
-305772049
1979313768
-1254024746
1095490895
1163047986
555448586
340779867
1743096796
2000400830
284077947
-1202067032
2012964939
-498129423
1107288972
500864487
-216096490
-1451600915
-107387511
115428776
1750507564
-2131685969
305039295
-545617383
464036887
1001406560
-1149970882
-1858687372
-2044901535
-844336661
1232242400
1621316024
-1534289356
317850575
1823827337
-73207909
-1797279168
168185653
-2024423249
-841337666
318821600
-583668155
1788680732
1881758242
-559833217
879609524
1214291954
-1130675238
1938870840
-855529055
-174345744
-795126014
768581820
1201446049
836171507
1591622383
2066787704
-607903720
-1263745346
-528942681
206115575
488179402
-2138838019
-328911981
-1608638588
-32132431
-475659642
-1519887758
2139137811
-1749890288
-1486424606
1665083281
-1599008928
576241608
-194550772
-1941061320
-1208649128
-1139429911
861137016
-1003994265
-797068616
-1485538933
-1222667434
-665935934
-259604748
1187721439
-656928489
447875273
1852456537
916720768
-1307163088
-2142675893
140768373
541434126
704013085
-195215076
949626550
-1869343235
766424232
-427037691
949727312
-925993558
-779307926
1695531003
1834020964
-347575633
-1651237486
-976011884
-1534396834
2003959415
1517554148
1519383990
1781436574
-209441516
2084723460
1172140945
1789862234
809656911
2024666100
-873442866
627531201
1638806528
1650231003
1763241736
1234983780
-2020872800
-2093942008
1158968699
-824602671
1466679580
528723765
-331732486
-484792703
550809835
1294343183
1773811238
19026163
1751877474
-559965451
1069703644
631993624
968978246
-710322944
1320185839
219438577
1176175011
-338977213
2059473431
1794757238
-1170613029
1432306003
-215635928
338835129
-2092951295
-2040955127
89800326
1744247627
1415982439
158451334
-1221034025
-653402402
-911139979
1167878519
1088130554
564545067
945812156
-1144663911
1748235832
1722822166
698679882
-76680065
-1570097991
-1210598385
-1062188225
1887182482
1579252537
-227954502
-548009824
-1415629223
-1936478469
-44580655
1173708906
-787538181
832229885
-1515251639
149983722
600303873
-1286911124
-2091816013
-112642741
-442508193
-1006255270
1340292069
1275617392
-81420620
-48331347
-202887207
1044628740
1833171408
-1348231078
1513138388
1460542414
1182598775
-1549127469
1447687370
2125623625
-1368998044
-1205955394
-1177238784
-2139150477
405749904
-862293530
482066163
-614547227
-393267533
2139015542
125728120
-2100704989
-118144245
-205551004
-1419581404
1853779509
-1457694885
-1766762710
1419932397
2032115574
-504148426
1174500027
1556932624
229033387
617628540
-66385740
-773388746
-827299754
-451514075
2084324562
-411587374
-1705159604
1613206589
1030811044
-603360564
-955836539
-1662116305
-598772095
1843168099
-106961357
1626453573
-1089422149
-1897994930
-1551680235
-1317810322
-974527468
1891602469
-1140992756
-610707902
450037360
-1873611777
791198702
997374787
-1747146036
1371920219
1495049881
-821830298
670119790
1602596675
-1488990133
-1803446063
-906046626
311678382
-1564345551
1242758628
-44471532
376128037
-1937807811
767587453
-823407502
-2097764182
-1128477636
639324024
751439348
915350228
-440680409
1540134004
-1339640539
517588798
2017983160
-639501348
-2016456620
-874720478
-497849024
-1566806747
1584166791
1930119744
1790979511
-1460438188
-83072848
-359649020
-1747677164
-264919613
1597944606
-32455449
2026307807
1533370659
1870308918
1336891156
-879463165
1634675908
-672041118
680439119
-668106008
1515534356
747131720
-1246753518
1446213825
-1607377820
-171585986
520377592
-1136655326
-2051641614
-381589506
1093322847
-1270399276
-1494864093
1507530390
215904583
-112380692
1480676623
-1779692383
1136475264
-995805158
-1190427581
2130783931
1998730244
-310209474
-157997375
-356324303
1971223457
-1979221696
-1390840757
112553720
993194971
-428331488
-1763759648
-206088480
-1348032753
50717003
942585223
2043966473
74736859
201697840
1184422474
610612373
625749949
-794980333
-936046459
1355463071
-506765062
-1841649119
1949247072
-89995414
291022528
1891675331
-1653611367
105776349
37699726
-1785432010
-895173754
-648659409
-753459757
1202224219
1084669018
-1897292066
-2042772779
-1916074549
-578723162
-1870981404
2097027028
-1880897490
660468259
-823697619
-1052539282
-1261487667
-610243410
-92188349
-342423227
-1906600860
1406100627
-1889565110
1038815710
416583484
-5230835
846229811
-1801099060
348661369
43334413
41510956
1420061709
1367344048
-1116434374
695750998
1626296243
1917868988
70826553
505865914
731333830
-107588142
-1155619795
-841366148
222931560
1867337681
890710145
-203113391
-2072924870
532911070
2118867172
-2007954130
-1043728130
-697543888
-1571896683
-1287023039
-752525186
-631899609
1417360096
-1871964636
-935354453
1521037731
1319485415
879624016
-1227514872
184951187
1729436069
2071367375
-1923692728
1591396556
916285232
-1099490763
343377974
690388507
457585725
1961216208
1644613076
1087106717
656618217
1036921886
-1058590521
-1714148019
-699345482
-1032950913
-986822927
1327146974
915539411
1154414379
-562885281
-1224534838
-14911073
-1859258779
1467911270
2119675562
871722864
16180464
-803202552
662655176
-1642540913
-1936583742
-31924581
1193298162
750846087
-975240969
-349667412
-1824656752
1288035487
1793571592
578753824
-735285512
1030598564
-292895940
-579416932
278335233
1047731691
1857823581
1891229478
-863288874
1034898837
-1663718737
371178764
-532472564
201838356
-679901667
-287927292
-1819815435
2100562414
1309255605
1528599444
792044598
-1796853312
1592373590
-887188557
-856672874
-1306523770
1390958248
499646896
-1632683239
-1220809959
747137611
-928368813
1371074381
1857487096
-122615214
232759361
1143002594
-632197046
449814514
-1003400796
-2043239296
-270140125
-1746033034
-519309301
-1413847851
1168802566
-974688906
1698381710
812131308
-627108950
-854570425
1127291445
700367557
134856193
-1637618507
-1307539303
-2113225695
-1975959179
-701773073
1779026124
1878455196
-1045876364
637196482
-418377867
124969473
-431600338
1884356106
-724619457
-304172327
-46526563
-1889861532
-1538665868
-1855772859
1385216965
-1772432344
1458514660
-77311475
-478320323
898599062
1048656907
-44334856
808703213
842220366
-1424809102
794158941
-41420264
-1030160635
-1023868075
-182788615
-1828735076
685441397
1912173445
-1948922877
1778582904
1747336341
128621712
1531776382
1117486735
683544330
-1360830178
1550871245
1643922091
1083643869
-204785251
547288460
-619219772
1226772845
-1986419168
-1163043172
706140544
-911022170
113269380
-1447880320
-454993411
-660374158
1548323028
-1355423513
-1792053554
1841091951
98954734
-1011847031
139245380
-1337290269
-641956762
-823490507
231031022
986709996
-1547173463
1650822187
354501474
-10935813
1722581349
75650726
-1279634372
1001221507
-441318616
138022589
1927370598
-872140820
-1758028217
-259188629
2084351897
1617284813
112562177
-983010836
-1296403676
1407473498
531531747
-353168822
1776986348
-2004283109
-1718954387
825892150
1750192563
243009503
1851023861
978059291
-477871716
197509359
-1259567669
-1656763280
585043438
1398443909
-1850785891
-2035850419
-407137512
287456382
139546397
130041409
1548146420
-1935280817
93203424
-425713310
1559645007
540653109
-786106999
-2661724
2015868073
1846911920
2129773094
651522670
68303160
-1691941071
-891097383
-1023450774
2030754867
-542645487
-715106630
354623388
-1518409396
990335429
1588892667
1493078198
-433384323
714875984
-1234784435
-1439493719
-398568953
1010725880
-1988828797
1483948927
2021894839
2122062652
-431535244
-448647321
-492924822
-1561900540
691783716
1266161681
-1978042668
322808090
1863990565
254970940
-591481732
-484851496
-1512895173
1629130380
-290459638
80189219
1172279614
-482023776
-315580988
1139849367
834059076
899542883
-782479018
-2090655485
-1689892866
-854362462
273278929
-2022066409
864232034
12878303
1856556533
467947356
1143594378
78122084
452322995
-1124570525
-1041078053
1721307802
121230828
-1449975231
1678271082
-758677861
1914352511
-1507329222
2127276954
2087897604
858221186
-81818693
-906812407
-1328781040
-1075623730
-1016844403
-2023379284
1361924834
-763592000
1395276360
1052501304
1219181345
-125784258
-303801083
-1549853245
1825525961
864976888
-1272171689
1499506347
-1829136832
-533448208
1651649402
1450073270
1226385063
-1407274437
1455898061
1291321210
1913846899
-323693816
1111893885
-177543169
-1179251397
-831001375
-1060561790
-1986001502
850710227
-868132815
-621534001
1995588923
-1744209512
-1745212667
-1301571387
-130955646
1269537805
351405846
2039574760
952796078
-875375706
1925596167
-2036638508
247156574
-1888764188
-1625622038
679400817
-1687925571
-148800351
-1468289016
-1303404955
-100514336
-1011921748
-707677215
2055236298
-266435471
-1588386408
-264610703
-969107168
-1634660206
1014191057
-655901259
1896692357
-483558917
-1172933137
375033964
-1251288797
1108381540
-1460770226
-1544793566
-1627344407
1007134762
-1297350178
1485627753
712856957
1139827756
-1168470986
-1912137111
-468196240
-1988491786
954175727
-179030117
1689279155
1788857121
-1381217745
1589508817
-2132500919
281405177
-730614652
-1710497159
1826309437
-254213280
177293298
-470290655
-836745514
560622577
1157213774
-823411395
1912540170
-1396619416
458230477
1842280232
-1786211537
-1048870080
-2091931945
1018979176
-1003775240
1625249181
-1167910879
-721218762
-441448290
-2136442516
-1220594694
-1406307012
868613469
-2060810040
334062563
-1189064544
1030508321
575936927
1190539109
-352326591
-1837541247
-1665892203
-498725089
1940514367
382489580
-1184866777
1666440478
1467383744
-1302546911
2058312211
2122937969
-706977551
750795748
-1030770441
423911931
-1363273397
-2028495122
-1345161160
-696414070
651747351
1373447716
-996295643
-39548376
-549430989
-66091764
-1218454437
-76571471
4940310
1374076540
-9319830
-26746971
202517264
-1444413805
1632374456
-2045697729
-1747050282
587767789
-1106462811
-1057287994
-1561302466
-723529710
1699387120
2097822242
-1140064698
-1628862674
-250318504
991733425
1652332122
81053447
12649606
-988334245
1260650710
386028842
-769718487
-525988893
1923848136
385377384
-1931421
1657506688
865067003
1524818304
1914653539
-704716116
1033409584
-528525539
-1737090990
-11269574
481271982
844012802
1066730355
338996142
-1959931139
1490404995
185151877
852653768
-1344519699
-530906058
-1016944533
1357954146
2119545309
-920490774
361830158
271344251
425949497
-400936
225097602
-909736558
1990568260
-1373470184
-524505241
1332173624
-1047625961
-308715178
-1940483439
-946591264
-2051710744
-794266171
930671595
1022126585
1845881743
-54267565
1445523607
-873503682
462672966
-1740146147
-2039889574
1162666316
-198925648
-336988636
964550199
-539443596
-905148644
-1024074175
1465495641
-1906148398
1695273226
1673481302
1234849333
1747916702
-2102474259
2075146438
-1159602705
-1880831295
613021746
-757687514
-106087939
966621867
2143882880
1097294388
1489812490
114160739
-1406727359
-1587251449
1172591132
1660765407
483019873
784547720
-1376435720
-265764203
-739796138
-1940630496
-617201980
1248238673
1052472671
-91988814
1420080366
1898053961
1519981583
-233223989
-1459326899
1181300334
-1849492980
2005817112
313589893
-1284035324
263784468
-18571240
-906592338
-769167756
-857448895
1927616529
-824336585
-962825888
1900645773
-248759225
1001463560
-665998344
1634590103
-1926832277
2101416678
-2026637429
-937121114
581618002
1867160092
1444944225
2009473006
340598246
-2001670826
1739621575
-845098478
490979169
1453254351
-988239254
-544473622
-239198281
1031170222
-1237489432
-1382518907
-965397165
887440813
1322218148
-1522903695
2012841734
1070436348
-1522156327
-936999879
-1757314244
589918820
-869839887
1405218350
979998320
653326254
-315297513
-290827414
-373639967
-343251900
-168243958
-2067042799
555961221
-340523495
1464511540
-136044838
-1600533442
-1738498362
-88764421
1184062925
-1717614261
-135410699
-493094570
1866265422
-796142592
-693235198
-507656030
177356121
481661625
1245080798
2107360949
-745831154
-1642151412
360287031
-1033753805
1147316336
1097209149
1337530325
2143597600
1374166121
913844726
502773063
-640933194
-1667790063
993526583
-870543426
675164537
694260271
-1539326069
-1163679432
-129607800
-1619761665
-231080324
1707361248
1737944372
-324707275
1164421447
-441905484
-1818262058
465150785
-638774573
854325352
602837724
-1494439467
-776166689
-515781495
161588261
-101254493
1269071995
-228589850
-131540593
-2118086549
896004025
-1897314005
1121409485
823518772
1881429667
1892941517
671343229
-379107367
-36889233
1418148653
-216414855
-1592908089
-1282875919
-98939401
606857068
1443657475
-1167223216
-520877620
715166632
150362226
1438700284
-1682056928
-2103035593
-805924780
2126250975
729333092
-946969297
31627025
-383487790
1824562278
-1053979062
-44351944
-1526103726
472678392
-1657567819
-465358140
2012433267
75541456
-2141609688
145022880
234266132
1699851694
-746524106
-1045072788
-1732052397
-922367037
665591526
-163900287
1527918659
940864849
375762817
695759410
-248999204
-1019635314
199026093
287332949
244315955
-1454569266
-1441763142
1106768897
-2061045014
902579168
1107268411
-302597992
222367209
-853058121
1582271960
-568367097
-1188308147
1237832524
1130128226
608009548
-1153946208
-892174909
-1467397592
-1721309384
463854154
-1038875956
1729519240
1171917174
-826032056
1805215564
-519673144
-1312011829
-495122917
-848517061
-468954
-851595874
10994434
-217612849
-1115087571
1261063099
-2013755542
-1131631398
-1643758262
-1296394669
-205424475
1610254959
-1469436514
60801351
433779674
-1735420468
-1935527148
433703077
159312956
-1866183565
-2135519818
1157159794
-1665173378
1405852825
661718332
264515241
1540637574
649959876
-1526256922
-1957921661
1560400992
-1784260689
155608203
-1542409223
-1063722635
1877806960
-401795856
-314598266
633021180
-265948452
1774024029
-1115065807
-1921623889
262361642
856421485
-1902068278
496858818
-1539246123
928263718
-323359373
-825020912
-1724981561
666685768
1246589282
2025341847
-131160397
-1658583575
643326180
-949785818
-771134782
139667777
-862721116
1164941652
-1992696207
-1399721278
-1076094163
-649527116
-618605383
-1986111892
-1954371412
1513107014
-254241425
-728778658
1087564538
1827535151
320709869
-125745745
-2032656166
-794150484
-1962286606
-1454864770
-1681417346
84048708
499719622
1228569927
2105838928
-1969414595
708612769
1079175032
701202670
1917361232
519363661
1010201411
1391443061
-209853281
188765962
247594678
1408570625
85459686
-511309647
-1050266616
-1300957580
-1853717007
1778612251
-944761036
778412919
-1379706547
1434851011
676616395
-1681460802
-2357694
-1373691735
857506310
1755842191
944345088
-1973741959
2020757018
1731057540
-1691787497
1148466668
1446429904
-545623154
855437356
210343022
-2108167596
-53389251
-2140325399
-514146303
-1888413620
-866822337
-1693843915
1487014496
-672181204
1853935654
2115009189
354804327
2046047944
121717358
487074865
-415506511
-557369046
-542409795
1035704874
-755080062
-2058454363
265152108
-1828823957
807401959
-1660595158
-1418019770
1024512206
-933901796
796413145
-1707335282
1820668898
-452666067
-1229765670
88108102
579932378
695466975
-1199053970
774708142
-655278905
-1904321328
1314894144
-475315190
-1690971895
-438206500
-122793983
-60263768
-558966525
-1476207678
558745139
-478982623
881436429
229655047
-1168646589
1904965342
104465582
1378360601
1152185309
-227513378
-1773555190
-1897599816
-1685470596
867399605
-497293159
-1267096431
1586694463
5040599
366597401
1484968235
47650819
695541782
-1969734459
847947526
313694637
-1505352599
-585776697
1593597953
629616583
-525147410
267680490
-1440380164
-1610108082
-1280492495
-985083245
-200658499
1975987913
740587438
260235505
180025623
1509221789
-786834796
-1772702349
1646960456
285277343
379676363
-916765830
-1200456541
-1131767829
-125761992
-1856051633
-1035212178
-273579533
1535157823
-1913933737
1467921421
1492299738
1419904905
224721285
-1872562593
-1453836542
1805600262
-422911729
-828960409
-1137014813
914054453
1942468196
-1712287697
-1738931682
-1495257950
-1686733476
-1984353560
-1074448943
867811504
428933553
2142717781
183592493
-633937000
-1784205907
1217633130
1768956228
760429233
1239980069
706991664
-142212825
1116697585
-1272676955
238842603
-1720456656
-239056973
1429444844
1042946685
1543854747
1294291642
-834498918
437597964
1405853531
1787104373
-1616191449
-694641182
152502827
236674436
-2056021481
738096021
1393312994
-922969478
2037526891
-2077970841
457571851
-295246108
93799514
-1203971345
-229201228
