1209221027
-141987288
586505036
-1972354974
-1103975960
-216366170
-333645359
-1144976264
323111747
470594842
202741553
-1293990696
-997695015
168144366
985513162
-1005960061
1843816520
-1614855026
915687976
-245979734
2092368034
-1269160169
-1100217945
1806465923
-1418654791
-1452942514
800635741
-141634209
1489924252
-1017886253
1791124022
2070929148
1545164898
46024853
606609247
1169568279
690676261
-1186867064
-320841753
2110598470
-2049797295
739904149
-1920442204
786654211
-535951330
-2078556206
-1851716525
966229003
1693231194
-1111377677
696481794
-1660613655
863200363
-1482315521
-1599358542
615009997
-1718567276
-1721024698
799888695
-391593567
-479091593
-201499503
-1207985309
-829948579
1535892698
-1387468901
705582947
-1976343910
599461293
-658246464
-975344024
-2008257947
1243192907
-241748748
-900442743
-1016811434
655292928
-2142576650
1496351207
1009256928
-1314851125
-664826428
-1813235950
-1589625111
330196068
560902993
584669098
2086877084
-1382742144
-1622821259
965090377
-541740162
-1205500590
1644809508
-1401170784
1320803775
1626080085
-782361630
449189599
1235374802
805076808
925419382
2075328858
509045567
-1679940742
-819270179
1696821865
688250807
1210129223
1802156673
315382415
-1947526552
-1445024798
1638795690
-113734435
1015335315
-618949292
-684241100
-2106805864
-2003925158
-1358889021
886944898
1543847705
1888594654
-1923057417
1639227826
-1983865612
1165530761
-264518118
-1794759151
-1444555428
1272453031
1246858686
346485713
-1793427259
129411899
-1640227292
-236854535
-1220503605
-1748845552
-1564486725
-391893092
1159722834
-597283314
1052435430
2037573453
1227612909
1328990926
-1241477118
1917139410
-1964424829
2133353327
-1668938585
-1813602026
-1769025488
1189002154
-1629001427
1144984676
-810309784
-2117430749
984605553
688831186
276721250
1402886658
1983353816
-1383214854
285860019
-379815486
-1550398061
1597552112
-958821832
-318102712
-597815516
1981502319
1417927993
36641079
-1867088095
-227650219
-1671100726
1794897282
-1534660296
1603003473
1484793204
561366338
-730482830
1516820442
-471153131
111087048
-1419787333
2065339234
