-1724077071
815760934
-606905402
-113377642
677064843
-540634477
794256741
-1088874319
-970091471
1049005137
-1956580031
-768903833
-42417475
-1107405509
2094847575
1556458913
492264503
536168319
511734857
-1396892014
-1781767338
63577048
222599046
971398410
-420229050
-1498579198
1116553127
1668483596
-547157077
15469163
1611284508
713022621
-1897425435
-1777167322
1005748999
-2020018978
-2131599723
-353170908
-1443490201
-959984547
-639463328
37702821
-1537120391
723474343
743101682
-1848460309
-877768614
1559244065
-478653114
-551916239
1197857776
1310180631
389216803
-1818805541
603972619
461055765
1713549545
309601261
1956376006
1659803765
-121784179
1222553281
-2025789389
-1093590983
979385057
-210353420
84390198
-440667110
-647121384
1862446753
-1351711567
-367844639
-1369376119
1626426065
-1085163039
1950748660
-1128808269
-2011466959
-1964477689
-1738304461
1408441217
2135966981
-1125506230
764336132
-1430893874
71752029
-370405669
-1054917972
648131114
-1103270267
-262919846
1627839200
-383780898
-1965214527
758183544
1589679259
2016907309
-46026183
-216248100
-1094744014
1121138908
629010994
-1035388086
-2056814939
-434624268
-2048330882
-801431550
1261879095
361298118
-1575089610
1822892646
457124415
-1239382480
422914213
-1780062498
1385540928
2105563421
1015169926
-1804962561
305947703
1577208913
2104116594
403904490
2021456948
1597341286
-2100345453
374825202
-1209128148
-1538601199
-797117027
1932112001
-893890291
1064660137
1947826943
1519970619
-849701359
-1098369558
1655580501
-1934675613
1853037142
-765398027
186565663
-902764930
-1641936210
205435035
69035448
98871093
415805108
-365908774
-1030489728
355964799
996328479
-1835025497
2136736603
-761314561
80329562
-154401555
598752863
508346794
1410771283
691369173
1917523144
-321191252
-2108620141
-1752868024
450896687
-908303988
-505056370
1542717361
-707904773
1808394637
-1975424452
-661836537
-1580558313
1645800279
111486183
1667430922
1276984805
-1688090409
-33072570
-1779543604
1225895794
-1160963230
67292875
936444018
-1128368406
-1884645344
1500998457
639977531
1333342285
-1033415001
739092600
-1329380671
-596374686
357522918
-1486592852
-559639937
1063057644
-1210016956
111048067
-703387502
-22677733
-818698232
2055637966
1020797635
2124493125
-815726342
-1395311533
74188229
-183310635
-955280309
-2054274592
2121914298
-662286973
-1446786639
-1993913181
1260052219
-774774075
-1252759338
779875001
1011419416
-871702396
-1520631310
1068996100
1969372701
384747795
-891568970
580342593
712451095
1422212700
-1197297301
2146651736
-2050746666
1043044443
-719114149
-2120224778
2052806643
-144773424
966499183
-441653160
99859220
-1968141776
739685913
-1341060246
2034193006
370929628
-1355444364
-584099312
1919016843
-977994347
-156538200
1100139714
-262730675
-182990802
-1947907693
-1291603106
882159666
-563400318
-104006235
-1242382791
2050336216
1629645224
2066866955
-1788672906
331216067
1689833317
1398778383
-197289061
2052150110
-1620646943
-1106390339
1385075808
-1086241473
2105951646
962117322
-1999343414
-1553442385
658892453
-333480527
210265976
454839912
1051652609
321894175
-1399388099
31005344
-1425140623
1381717905
-270133778
1113794118
1474042968
170517306
75344252
1329541515
528229624
294753065
951579204
-935153501
-1932214049
2067964075
-633591899
-320364596
-986916960
298935021
1975418835
-1673849969
-854840634
-1951259930
1204305898
1122896197
-1301629434
-641480333
124270918
444873692
-1552326989
2136263619
1893550097
1779761371
-16669066
1533016564
1297196828
1036939682
1359041853
1450513406
1859595506
-156539658
2130857587
-778352432
-767441366
-1680802627
587072882
-1497758792
75415805
1930480645
-325106379
-587813881
199015959
-765929142
2125217618
-1724105996
-2002691407
-1733623560
2089686566
655084480
-259594273
1321827374
-1450551727
1979943451
-1215446234
-1637969980
462820196
-142892346
-1154341807
-431904881
-1913545767
728701560
1154512004
64774627
-13174717
1323347717
-1307606383
-1999220904
-1703630394
-834001219
399059082
425093841
-963552312
1319547410
-1436600682
1989512634
1640791272
630145917
385070856
594371728
603648814
-286654047
1356390317
-1052530778
-799121532
-216254545
1191068773
1667865637
-353852315
1170237452
-211411212
-1845223085
-1549491245
-791124687
-871972839
2081476120
1763207310
-309488429
-1507230240
-1637817666
1325674114
672121155
211399476
-1549069576
623181440
1782914326
587965624
1952541733
-1596403407
-16491256
-817078570
-737616939
2012048711
-943977443
-1337401065
-911992181
1237480692
385383945
-1391711563
-1315176764
-109422945
225182673
-1346831250
-978617288
-545450795
456345265
-1686281318
854971231
1699420541
-1907757760
902521471
1406252342
332236879
1874980561
-1543288348
708599618
1832174727
-1919796964
745641955
-443288619
-1622336043
-2064151522
357265411
-1301769585
-314779498
732737597
326238341
-1306004185
-820116151
1928161966
-1636407042
710906987
370793275
277468187
1692202533
1821219205
-1143829883
109442431
-868759826
-667345025
1866709304
-753152172
27143895
-1651603192
-284090410
1471426288
1367828865
-2025525641
79558915
-1345522132
-815500415
1264445456
-1530972037
1997125958
1589517432
1939945606
-1341801146
-1172973816
-564550048
1556749249
-474156246
-1093832919
188188200
-1636549151
785225569
1469373170
40180099
842178177
1635488908
-635663324
2127783421
907732031
-1519310361
2101966360
-923650737
1119085692
-2097622595
-1562876632
435167987
366895968
1045076765
-640358323
427126521
674975776
-722933043
-1922911991
1404611099
-2130509437
-766257282
-773681785
-1674998001
1769289377
68785473
2003460352
1742707996
625074158
-356670407
-166085025
935282672
2093413494
-1235765614
1430980903
908185775
553637737
-161054287
1681604756
-1812390833
-205057574
-1553862996
1740691712
-416670942
1104372931
1096506876
1464616840
-1804757580
2061858636
-189664655
1509106671
61895382
-265575092
399251301
82904257
736742138
1563800079
1109833268
-434669125
-1410442046
1160405849
-2128752917
-933705622
-1104267566
-2004006741
2027513918
1697599249
-2034062611
-1744620860
721750719
-2057457201
-2097160641
-1570234518
-1733870771
-56478207
-786527497
1752276329
1876011210
549056485
46647065
-1706758948
2084176144
-222910849
-1349131119
-333946966
-564747996
-462122561
-767902070
1248575059
-828795732
288052963
-2060646400
-1394887444
1293392030
-1444419814
667119507
609258600
-393210566
-478993303
-1682068322
-1769425896
1302741817
-1392283438
-1029125752
-1711022220
-1888817082
206932914
-611500199
-1973699557
-933652819
-22322838
-517294448
-228359144
1977793618
-453660350
-1460764365
255324262
-1547121437
-1504203383
-1341185498
2046644150
-281812143
360839680
1074296256
-39729810
-1632356741
-1521177480
-1285992549
-1898580747
2075270444
-569494600
270311851
382639405
-297411257
944195749
623214737
-645535680
-1251952063
1415204252
-1461282511
1314616223
-975964466
-438910942
753068929
576607304
-1436959266
-242769729
-974201180
779918151
-1467013430
597554470
510001718
-1786241410
-502413110
1761527961
-454356759
649628071
1220972970
-1664725365
-1517483952
-179373158
564581309
-402125946
-1652200966
-981486645
-1012154607
1877878862
-529466941
772445207
-2095597084
-1948757177
-1574597274
-718046529
1002458197
205313043
-279133867
-78137164
-1717398690
303347071
-359356724
359540756
794259201
-1345967713
1862582051
-762075404
769646529
-2045866954
177657955
-778175904
1809139539
-341858468
-1497850084
315317663
-1836023659
-214294950
533985653
-431668806
697696959
-62315816
-242647164
-1903099585
-1295744041
-207497158
329884896
-562983870
-1348022678
927664454
245262195
-529968988
-1054818696
1196954633
650155924
-1287921001
-642082385
1227632635
-1842279084
-1631377056
-548587812
-2144767391
-578855145
1600394335
-33249122
-2128530190
-1511199386
1890262092
735469404
856801981
1840535556
-380037949
-69011848
-233345207
-1532317634
950866433
1678450884
255163389
-1089405817
-1103075601
-1350408140
-1023578174
-490610365
127270752
-1365134123
-1335769882
-380599581
953064087
-1578709250
-1570041533
560657713
1292347915
858607812
22351008
-601633812
-150808467
-1879000398
-200599210
-1058299753
-938443543
-642867271
-2007878858
-2042846835
840400556
1320885349
-127375190
-1031307687
238644390
-322368174
113263129
1645364548
-1539715696
-1523926819
-503268464
275711534
465300528
1617354781
1792586910
-935768415
-1478843429
-246846700
-2067858818
1327944483
1137832251
769008673
816205947
-932652597
615140178
-823707975
255793808
-1323222506
72485054
-1918343850
-170488242
-1819867654
-1903078082
-2084885842
125668866
-494653381
-1274446988
-690013656
840929814
-1302936578
-1288141076
-1497492597
-1764473673
676692379
-1081703843
1915723256
-1136872520
1570829495
1391580717
1413021210
191315125
998725520
742689594
-1620698213
29595515
1307760538
-1978370601
1127320025
1466081959
1033834315
1718390036
-1036662823
-1638672756
1112262963
-534908350
1008601979
1085047385
1643143246
-241472331
-1963193361
1289959291
1314148765
1781161419
-1005879449
-437516480
-1952001294
1902145837
-1757200370
69760700
-1174895860
-829059756
1251953719
940068080
773293795
-1570387889
353244633
1835441959
-578836413
534209730
-862005957
159432611
840255903
1232411441
-1959406869
-887426439
-293911778
1961702270
-1478042380
1598098617
-2143224582
-775277904
677731151
-749772335
589781770
-572382987
1358739353
-1059937486
361778588
1348840425
-512029690
-141322701
-350872696
-750212840
-1247588971
1611514934
881113473
-430850879
928736645
316573961
1027654318
-2018039587
1528688134
313271181
1523377784
134940767
-1283553740
2077928604
618127269
-1835435332
-1307905728
1113528360
541739173
75465644
163738864
140420255
-949165780
1139385138
-1392497847
709581974
162863360
1112893914
1431059337
-1525379419
407827475
-1868460735
1649618522
-217292913
-1504142380
241975514
360829253
-1030628698
1312108993
-268970258
1689738596
-2136923027
94484288
-2100695580
1734792539
-10374274
-107995473
-1313231422
-1986277752
266646446
-1367746119
23452147
1994791289
616822638
1260157163
1314110282
124976542
326376308
-945278842
-92002746
1255275583
-1037909863
-1282320746
-245620329
827215535
438566917
229846595
982708449
-576351294
1904246152
-2038197146
128944063
-1737006981
-345523125
-2013503137
-944002806
-330258422
358652327
-1277651931
-361548198
133246708
1884033620
-1408197986
1805284300
60325267
787264966
-60667088
-661765115
-1593113151
1910991827
-1016700009
1640865911
467103696
-1051168616
1065263352
1349243362
1534018236
-1335776611
-184236746
1213148446
-2111480925
365281079
-1596711548
-2078779369
1314383989
1475709229
1238130236
1523211031
-449652249
422303134
1317398510
302776906
1943208108
1670220578
1599916474
912216959
459360743
-66937042
-1585900318
1697913900
172019418
249462204
1120949658
-544810060
-1629377565
833931050
713377058
520981995
1400230569
337741922
432539926
-2012735015
-874230894
-333819590
11179012
-1226676035
875207288
332385566
-712901825
-1624086187
-1541195109
-1250049556
1302779378
159155036
564356568
788633887
687077751
181223252
978426651
-638724306
-1484511511
-320919931
-558262255
-1890376394
1613004279
57679684
-281429470
-421670698
1056622843
-69613192
-995034466
1366353498
-2076445110
-214655142
1502870069
-1504294630
1270895309
-1249517957
-1216163924
162360868
1829263824
-504070901
148934094
-1590125288
1763585561
-1123963049
1888007327
-465380525
-34795460
1854259603
1389232599
1649861968
-966171091
2113554905
2108773518
891411018
-780589033
279377521
32938035
1784839716
674612843
-1160348590
782822082
628110733
69066042
1670212073
201224758
49487967
-1201780537
-1852513768
-1398827717
253294152
-1547735208
-2058910847
1818004263
-450328149
-1942170548
1420754947
-1533577429
17831112
-2028320654
728049796
-531070267
-156715751
-1716827241
764637425
1063562104
-651446017
-180980896
-375902078
-2012792897
905749405
-1935152294
-561438142
-1647769794
1521814276
-1838980529
1262414286
1599091259
1301132432
-1867056933
571318364
-1303008181
-1424845935
2104886590
-854938114
424009296
717590060
-1436827534
369128232
503081890
-1473368957
1698902144
2016708207
660248203
1695716884
-1371347954
-651326829
-1485113351
-1636269730
-1550822596
-588128065
-1656979858
919796169
1022884273
34126606
17426490
-22274105
401898992
1847284561
828517612
1214793525
1799387631
-575911409
-755398138
-709748729
-1838958358
-868781620
-778950929
-1812622044
-394920332
1986824846
1831240749
-213242481
442411726
1650176412
569321939
915028934
-2055614341
965904777
342903095
-564619410
1157664531
-745185680
-1001175576
431693103
-132397225
-1274033536
-1667540514
-268742435
426081413
466394810
1963182323
-18055720
-1743882514
1178407929
-498509934
818477492
-1205666875
-212629454
-519571283
-1680970469
-1681740232
-554284035
-1007622412
-572832014
399306180
-124566444
-1716740797
634240442
214189509
-962239335
1811898971
-846789832
-1379876276
1602831581
-1342284844
-528773544
1148337716
1125013598
428760146
1172545358
-944701833
1795590226
1380245750
19751422
1126969021
1693333218
408351255
964973214
-1347742923
-1075646856
1019796274
-2141730664
-1655766104
-1598078659
1137503774
1225051060
1905361867
-1231643427
-294730365
1063622518
177933524
-332130675
1150007949
1514893508
1044667471
736850766
1492156891
1074639308
-572695503
-96735118
-1300290627
279130148
-168691667
-172453793
868205471
-2006359758
-873040826
-677253230
1769073343
-217128755
1481250981
215606759
802900518
-1253229020
1922582188
-1701218282
-1460918315
-1736953122
-1232254134
-1311384192
169929533
715565186
5603984
264871468
193690868
-1013174247
-927817596
1306725643
-521769562
1205850130
953955125
1336517251
-46196663
-220771228
1948103183
-1774191830
1088631700
76303609
-780816784
-280985902
454133425
-1976367542
-409011846
-2079394875
347387184
-538949562
-886713558
261718609
-764783041
1750538104
1840805545
120056966
25676568
464794727
17012706
-411042243
-1460565830
1765815616
-1151293868
-158172836
-1028601637
-770239054
-1700468440
-2091646375
-780216804
333340953
1321060486
-1516646148
-985897090
-1833870626
1941428259
1594501480
364822292
1912391964
-1500285154
-1330847397
-1681686534
-612743801
-752674548
782792116
-1485344891
-602589047
-1201894319
159151157
-502557253
-293477715
-45624911
-1580057206
530018565
1425086528
273373478
101278602
-818007774
1020367669
1178515443
792012732
-864539297
-348520631
1940532216
982834715
79759876
-593157017
1244299336
-51824611
1946042641
2036061004
-1286199560
849656817
519635498
1199470702
-621175751
-887755768
-645816882
106592538
-1722915159
-1316101417
746713039
-355090725
70338789
1584293594
-1431864066
-58911454
-2121172894
-13190437
2007316517
-328712925
1050406269
1213640307
-241688007
1693506556
1002643664
-368856367
-48678448
-513300708
-1896560186
314832826
-835031600
1506112226
1213493873
-1826630448
-2108455063
504104836
-739576678
-970325226
56573764
-370876366
1630024729
-829199693
2096624124
-1320535942
-116020633
2013759733
-670652467
-1125577746
-2098358415
-589647207
-466721910
380693507
498330542
283358792
-399971116
-554643397
1504395123
-2014403739
-1813411448
648955014
-11441275
-1060194043
-1012049287
1054251493
137664240
972144958
560484190
-742392496
564842006
-1447600988
-1518803442
-1821730598
-1081903350
2012414480
-545511190
-783277294
1047213854
522696355
532586649
-1903001429
-2144330310
1199096330
1482566906
1463835742
-2137184145
2067456771
1442576726
2138102030
-1384025013
1774569502
-1306722347
-748305875
-253185938
-253898552
1078644787
-956965282
-825252387
67787397
1240305075
-2139666341
1090054293
-206758276
2129877075
-864292327
-114096669
1072915256
1374197056
-2010073559
-710753294
-972945748
2020067980
1917950817
-524728667
-1404459912
1677656605
-1934872901
-2002309721
2113952874
-686561304
1683167100
2107310015
-1449984698
-869329057
859064728
472545128
1521981385
-5616600
-51021228
-2027191136
-85475861
-1018926578
-1861174483
-1019537408
-1834421659
-1009151940
-412786952
-1015215348
-1485960078
-223564889
688885066
1946270156
-582708264
1754479820
396044313
1341333915
-1255319255
1630225563
2127357859
-244016834
-651178426
307137714
730255502
-1807911369
-366222556
1467334350
586901584
-1683475621
426142418
-856621186
-894088240
-2039157598
-1391964998
-486342631
-2110845875
521618494
327747110
-1337541647
605124223
1146422510
1384202246
1553421512
-1376999429
209458579
1642757360
355779202
1000511195
-892628477
-1583537305
-1084798436
-838864995
1008016668
-869373857
1796141020
1416260939
-1034371044
476306944
-1402251062
-430305316
-1603343568
1368042154
-4468898
1690621146
-335975606
-1487098823
-1367449734
603641412
-703764169
-128119
-124764775
770372533
-1214921232
2118255676
-1348407991
-240752187
1317955631
-1139940166
-854795562
1098644398
-231846075
10324601
-1688511417
-1419144398
1864335146
1021107837
-806924914
-97682756
1195448789
-985786846
-705119238
-433154619
1533098446
1756150809
-1240902417
788872057
-2044632576
-1883650641
-1990947879
-421226599
1863423699
-300074923
-1771066530
851359138
960197754
929964892
-961198638
318478895
-1709713784
1857679871
-1861043984
-2093085029
578741449
1269848486
612219077
-633928982
-338978481
-810981271
641930735
1731373545
-1654058038
1159690194
-843107577
-669469805
-1684976099
1301219303
1260641627
-1706341963
-1133902291
1615513190
-252281632
-1318669611
-970592005
-1057864110
1932316518
312328016
882739956
-769774674
444441357
-2138217278
-399238777
415027080
433996791
-601609303
-804081160
-490299336
1316786494
2044744524
-670279308
1889649129
-753865432
24235993
740004452
-1610566824
-1520272231
-822376755
-1583682811
1367341787
-1953797688
2063691160
-27303624
1141055397
-986571210
-1094226305
821342102
-1710132408
1858578394
683620292
-123152441
578252666
-785728096
769743109
689274387
1182379035
-636348652
-340765983
-1465193927
-382553738
1352141658
426409185
-1649819265
-846910777
-529749151
265938324
1580584458
1184906492
483576664
-1266708229
-1476565137
313263551
635416416
1489615143
932597897
-1810856268
-1648603262
115012896
-127263092
-64388865
1143105250
761424393
-249987750
-161610488
2067710517
1902340737
-1763777259
-1799701886
2110095728
-1848825781
-101804811
-2087050072
1906065601
-1817617360
-27596966
1087792841
1078549698
-659355613
-1646177500
1622428935
630638060
-1416317018
-1602900414
-143680165
-657844407
924836461
-928610935
1984754907
-1397037971
-1362799296
-1488020026
-1634355905
-903122266
-1330592475
78967318
1344718497
-44609166
191361213
2105394036
-1534905981
1726907952
602928110
-589001326
-152578794
-1595195622
880914882
1021310189
-1376928327
-1407499917
-1728022386
-1253178853
404545471
-753563908
-604748714
-1504166297
-1163314571
-572014932
1459307375
-2061204065
-1666144414
-1370577761
45908326
-1377787605
1911544272
302474574
-1365255136
-1736179615
-498511221
653754367
-701651134
-142335464
1608600552
-1496589185
-616914478
-1502772357
675144200
1552353295
-1490345442
-618911714
-838141091
-1585328741
-723346468
342626134
1695921517
937467185
648209554
-1511314748
-1995744810
296974000
1903221304
916171315
-1513873519
1696418751
2026524699
-630280029
1436695674
-499446527
-1143773693
-1207122267
1276250895
1985074822
-1629508200
537042409
264259704
-196153468
-73547263
482212373
-35148090
1679528262
762459597
1831850711
1852272511
-68048540
-2131166442
2074477373
-613920166
-1342305485
1131588067
-1195369917
795769926
1483719807
-346732338
612901037
-1642978639
601590135
1015970790
653355031
-25579771
248867816
1266630102
-494094518
-1756096906
-1995288146
-1483241658
962750416
-1027970566
528866918
872056960
-237483830
558621337
-1190607768
-1610983081
26368768
524807654
-1419857676
-2067512509
-1952794055
-123863348
405948330
-947582512
-1223800884
-635230579
-1072635585
-2116102855
558951030
580499976
-472448659
-1006591152
1537570670
-1908963526
781826091
-1907793248
-47015754
1998282502
-1171758562
1381964756
1228883124
-2064976072
-2113569714
-1220227750
50764545
-1579259705
1802272541
-1216357053
-1641268609
-737227174
132510836
369640812
-1177066320
1932642061
1917467966
-1798513182
2114748998
-448536204
-551110119
-263755390
-1673405195
-1539296545
1753238346
-315471648
111518352
1545838303
757685234
1781266282
-363297453
-950103287
1821437055
1966257868
-1455321731
-390055175
-330084252
-1901785963
-581636062
-116232039
-1272147188
521795097
1383137086
-196219741
1115142155
1831728793
714180365
180517731
1986349718
848323489
1800088729
1040660929
-255397835
242127793
948281747
1279467134
-269159754
621859615
1216659814
1855869886
976090469
190268219
1170074505
-844028730
-2095036039
-687667277
217591572
1624081413
-1873832496
-1533385159
118168470
-280203944
-603929122
-813908894
1585007396
1574480009
1921086435
1386573777
-278857291
1497673752
-1858125220
-1897186156
-1928446547
-720256962
762763451
-394558003
1763685815
27939374
-259426471
388467860
-169361449
632457117
-1786554709
-1911312100
-977171010
-1158329724
-2058598988
1438065172
2092083808
-358800092
1755265978
152870479
-1910061884
-506194358
1870451004
859516070
-283323366
-673847852
-1063791582
88600093
721021202
624213363
