1692220830
1671045937
-1719083440
1524621894
1423059031
687512417
1568122232
-286367316
1844282621
1916523392
-2049343773
-110878861
-618733916
-882025603
1274463678
1604190040
-711403927
-803893686
1905275161
1826114032
-849701961
1598256849
689997767
1274485944
44659910
2057670696
-886362488
249382762
-1839807644
-1118841598
828568682
2109942417
1378185720
1385091689
-951664277
637823839
-1923078974
-1865633367
159910755
536121534
1810893671
1667788175
342439200
1672994212
71913132
2142152403
864041938
1998519467
1116345985
-1339634734
-181643607
-950447904
-1451922366
-178354305
-942445380
976945114
-1128039112
-1349997669
2028373292
-653194994
-1546321563
-941356508
1274713481
-338755998
1349503616
-416157174
-1389014413
1141322239
2064039742
650855208
-2078022012
-1126732437
-445659437
2136886641
-854871187
1426163158
571369655
575598442
-1390182050
-1811390029
815932589
1012246487
-1541029717
-945863798
2001979136
-1601073479
-1584217684
-851284468
1452096783
101476727
-1744566556
-1716685465
-186929652
-974172582
190846308
643092955
231988224
161057598
164652913
1364035469
-135458543
-1397570682
-380541596
392624027
-1446568697
-1955825328
248416465
1072180848
-74176756
-944343575
1580928491
-2036120744
1839683507
-1267939965
-818292953
-785998506
1572183867
1925003813
-168990946
1610428725
1231428627
-9590302
900928695
-496235300
-895228511
42687565
1243274628
455918566
-1459929282
1872714539
-73434516
1955172722
929593221
504011370
934845067
-1556528330
1335818189
1676159826
-1994692523
-962182694
1731414003
1224929017
-1550074623
1680689795
1350240860
-1370522628
-1855805916
244690349
1419916345
1345465195
592781723
2093885245
379913740
-1847295739
-825216082
-1877564458
2077395051
-1244896604
-1114784911
863012714
376672516
1825231610
-1009276563
-910931692
-294743071
1420764029
1533377664
-700155867
847299819
525783456
-258332415
-884769156
1328106932
802259779
1922485799
548582427
384539504
-1268525461
2130238890
-1892247563
1314523460
-893716427
-429876822
413483532
-844469565
1783510791
21433552
1564566203
95042228
1997210633
460906675
399860560
-1761578471
-12904493
-2114079108
-771261475
-1660466324
-1168396697
-1047927348
1584976463
-1586989525
244846177
-854407716
617543359
-146112873
1325977453
-486808347
501764360
-1803129417
1627165688
-1915366973
-1452190823
-1052187229
1235626537
1645042644
1662617483
49430014
1255622674
-1770754778
1510262261
574448835
-1674684638
679207632
-1442434433
-1091729595
-1718549794
1753745312
1761069877
2025768816
-2026602800
-180382474
744137117
-1101627052
437237695
-531669521
2040074506
62121188
-2002590689
-501544763
788891186
-1301682182
1992501195
-1233814924
574991358
318231709
-19906831
1895946401
-1417473631
-1205471354
111502412
1720206775
-927490580
1604334304
100001433
798473043
-1292016673
-1906280113
702095683
-360667423
-1104237438
2014803252
223399008
-984994681
-761509387
-1897799634
-70264864
-1510067135
-1100118074
-1065529629
1081558531
-1899584180
-1851896702
1075279103
1981921547
-837258296
-1715126130
1677665660
682469427
-1076927336
-619377097
-1255238876
-1702793249
-1796756596
-542568698
-1206217388
-649875180
1655752642
-966854055
447411457
-579488727
1646740041
-729519826
-17037824
-1857764674
1926836998
-1162329278
-1110830975
-691884819
1821618139
-624072358
711675612
-66785857
-1101690363
1534931167
-1790606448
799875810
434503109
-1131576144
1022913415
559205272
808728642
66567987
-767127394
-494828815
-1517365331
-270888531
727335013
-1520031429
-1542403674
-623735597
1218226978
570994873
-1332532259
100277921
-1406046436
799768980
1766462204
-1366615703
-1920396267
-1428903666
-2027136060
-232187858
950090519
-1355003907
715450998
-578989006
-2068740493
-745606026
453901427
-1170096179
-1670349306
-1165491513
90009638
-2057143681
-1291062338
1823664555
-344774879
1891234377
-660296612
2002924984
954787462
391988792
399855738
1667088411
1448434088
213106241
-943134256
1337007240
-18212111
921529428
2078634162
639529579
409921285
-770028886
-413979172
910767459
-921018841
2070178658
535950450
-34639632
334165979
-2130375349
-438732735
1723833194
1495862477
1152756227
1922188362
-389798860
-807068943
1893421376
436802945
1513959729
-455890966
1438377325
-15295022
106184567
-2061867601
284298616
-762186908
580688707
-1095205524
1330507754
377761824
1393484587
-160553819
94243639
-2089286284
2086472345
-895098719
2025635671
-867678125
1080004471
-970712059
1039424660
830257536
-1355557081
1516761790
2073349029
-1066103284
-1263606090
1928484900
-340581636
546470941
-1001985456
-296289444
-641942180
-644460560
550060021
-1437823491
1007461805
-1232319200
-1336280724
-1154985739
-297047021
-2139430873
-1550513800
663423917
223262780
-1216650203
-814182327
-993799829
984558841
678625504
-1472005323
-372295432
-1566543600
2104288523
1994845095
-736105854
-1694469809
-286826293
107092311
617064387
-2075119644
-1854299018
1902355387
-1939459487
-1114000148
-447731811
1853982396
-222972776
1349252169
408550476
-251386195
1776455702
-481379144
685871760
-649451656
2018948901
1016988705
-655380423
-516553958
-2088831985
2128422193
1132437728
-1036381360
-577584451
1871176230
1064821291
-1968242030
2110628001
-1016053527
1909117007
845928512
940766933
622171233
-1537796394
710284315
1021575812
-1823324411
1381493153
51612918
1193369480
-964478285
1236355632
1936656044
-2004346540
-1994075712
845471009
1251717972
-1435212268
-1139870385
-146795530
-191687757
74608658
121285862
-1533235429
-1702106382
264753499
-1013900482
-669459418
-29345392
-1801017950
1374483545
1320973408
-1885113447
-1385867677
74760410
1112874883
-116824553
-2077981365
-1157266800
-483696955
953253833
1107212502
-288715181
1557054485
280064274
-1972129990
-845631725
198695331
83187508
-1132758141
812639789
727874982
-1195710787
449564926
988306688
-1544833447
982534465
-1600380709
-1333503040
1718239813
-701062584
1037790733
36329865
-30840635
2010345354
932510581
-1901626953
-1503539513
1239103577
-1787873218
-297006476
503600079
1555251294
-1643999606
-1732716399
-655934655
749678983
259782734
235760794
-1178196513
1273688383
-891715975
-2028698333
-1467375729
1355814112
1011680859
1007510120
-1806482078
588884325
-1120661180
-1803176171
2098710481
2132820580
836325996
631329377
1029721416
-446462918
421478162
-1268132000
-27199256
2045091207
1686174950
-2137909863
-1893033591
-1757387812
-1647750485
-1094854954
-1885747971
61015987
-474644712
1226323515
1359340443
-178089057
162798079
1729090714
232189947
146188996
-145857615
-223248891
1045491454
1138702984
869050015
-1198582621
944792592
-1853418614
814518084
1873401031
1369654704
771923410
1519033922
515130942
-1923205584
1380523082
-1609688885
-730763544
-1673132871
-1837485203
-327607486
-1220797815
325171858
-2069321922
137671201
622480353
575256737
582911098
1472929052
-949081351
2030872881
920529168
-1849646969
-1936259905
734743029
-270082096
-1059223308
-1276497963
884494924
1660617571
-1096661728
-694883675
1010432454
1515248763
-641156593
-948599112
-826350874
-260657334
356791668
-2046069432
1756393001
1556458551
2003018326
1786972435
1325971783
960935887
1154474993
1272643953
380817080
-687391239
-363169063
711930536
-633353863
-888437650
1362024549
-233513089
1155789071
1324298343
-1791294390
346724368
-413462069
-467930217
-1412794235
164016610
1602458960
-1702259621
-1298638978
2001513783
443817810
-1686518481
-62103446
-899474527
1254601376
148209508
-1062713872
231267290
-1105681821
-1174874865
-1025422577
-1692287275
-1117596761
-367694268
-1845736898
-37754352
143266587
170075524
-339703084
-1343190228
1036616468
-874940557
-1791489878
-853036866
-694327849
1269021133
-503705090
-53453721
352897047
1479363994
2145869722
-1471995359
1244450748
105005217
-1379071180
-2085164836
1379906277
-1970007527
718669848
-484138935
-967992528
800689830
822673924
-1437597708
-1978795720
-658770045
411747922
-1615551592
398199903
-151852805
-1573151908
-700966738
1435083468
1291293
-792188389
-428428986
875517367
242229167
-39002607
126496794
-1265777181
1688978530
-164307096
1300668896
-544760724
2129557575
1097599835
-1965361185
1601459138
1359838593
-1114796331
2122856389
-1308095243
1653368892
-269547689
620450999
-997395150
-235802659
939675166
-1987902040
1863253901
-402907270
-2096737916
1276914925
-438110464
-1677551220
-1264475994
-136010479
1476275379
-1534270749
791121222
455968486
-1943779715
-988944167
1458767859
2309340
725938602
-1961543990
-1789879705
-1382877291
1270578686
492408515
-484236241
263870392
-876698375
-720905863
-939180655
2055692548
-1452342947
1627169147
-1436326743
511445672
550959853
-901935701
1445550293
415891666
1142368886
-865366294
1952401490
-479171706
-1675199982
-1690454766
-457591769
-1938895184
1228768683
-1700798679
1021914689
280844155
-176619586
1896856274
1051022815
-504616221
-1565057439
-1769617658
-1623149009
827361673
443569286
1826573828
-1471583431
1656741061
999021441
-1801876858
-762007300
-1606024959
53792967
-1862439884
-1303265066
558195012
1924983800
-1663127715
765632808
1464121357
434508062
1946696676
-1107309767
-224949918
1388069687
-1466237064
1100335963
-28595673
649968368
776189703
-484819125
781674675
1822893491
444554100
-1098393891
-1129764192
1058427107
678241670
-301516072
-1217227806
1184220518
-2094506716
2118450718
-938046694
164108131
1385392063
-1160577776
-616386772
613543500
-685716978
1144377136
-1808657906
-946992866
-792850175
1210396423
-1683993373
-1811496217
-154151442
-74417080
-774815417
-228271224
1517113873
2070330420
-935126036
-1984198468
1274885427
2134096960
585460837
-216657064
1631368103
-1248183562
587818562
313230548
1272250237
1087191832
-2064867492
1616980233
-1842175758
111731978
1962991473
-1874008004
-543858139
1999477361
-114764558
2004139354
1820770832
52830230
357221147
957926533
290464437
-705953264
-552108732
27909583
2011768471
-20212190
-470465673
510017604
-580259477
851132513
-891071423
-1481418451
462700559
-1271931366
606357453
1223320467
-1262384197
-418219278
1590331438
-961338366
917744758
813282381
-232555781
-1787849586
245935818
789278451
-743231456
937938202
1642713274
806470385
1262201331
-610948137
1696127476
1083720125
1785205381
535036427
821969730
-141231460
-1100647878
-1867691757
416145734
1483923784
-197674084
-964549717
-486603162
445217484
-432848789
-1996476565
103829508
-2073561933
-17832968
-1392121196
-1369533710
-1885861279
-1114857806
-1307004404
121215781
-2065736513
-177264895
-1809966169
1037611687
-397664226
-1173040302
-1596313433
968631250
-1178319788
-1287190158
-407352186
36186810
-2137228501
1482084127
-1770216462
-1531377173
-1322336004
-1624748068
316192792
-1277741484
12471190
1863347205
800930340
-1028796799
-1737424029
1561568546
-1847057656
-1078669040
-1710953779
808909695
1238762365
-1979464099
-2106976291
-1903652613
908709959
1605947775
-36690907
932128032
-921784644
-938779528
809514720
-466829708
-246708858
-782183513
734727511
1743918350
-721922649
103621761
-874207867
-106589589
-1404985411
1909453696
-620925187
-1583744383
-827958905
-1137001126
-838654453
295571989
551630759
-2026154122
1869724954
-1928341943
-1116319831
1175028635
457111636
-852289160
1776965187
644713194
611426191
-812345018
792264158
-306113522
1054829159
1732239858
24394069
-227891023
1369115303
-14707987
-1865521413
1602723377
-1957824276
-784017232
837658594
1803507091
2001725324
-1790169142
-729356454
108398263
-754450509
1289930040
-1843177800
574917325
222448847
-237959176
-740597416
637393415
1592130093
-1037811744
16669924
1784819856
-467712284
911883691
978221525
-30732612
-1059433487
537884756
-1175668679
404392063
1234841763
1726032806
-276241225
-328493021
613009721
-1975890924
-2027560496
1793615925
73046985
-1025809467
-419249817
1170655424
-916498590
-212161293
-885165438
-2034613315
-1416705675
-1126498955
-204732590
-1699838775
1677573488
168646553
397793136
-996931560
-735792469
1333408823
-1085930903
802440361
1060146311
172808706
1250236028
-1298020933
199991508
-1347660255
1239408545
-1163139201
381601907
458418685
-1195531571
-754636018
-1591716292
-2050096548
1831356788
-611953252
-792651743
1591610287
-1060290225
132632302
-1020934509
-401688665
-1362750369
1651372809
1818068516
-1139439603
990117168
580668203
-1620287635
1242411730
1412037474
657383934
-1224027855
-1115311259
-1554699163
987244299
-1144397630
1992564036
252406915
540349804
-1682092893
-1896971306
-2088467421
1246794181
-171719314
1930857334
-889035445
1865036661
698306808
1155430354
-1724826266
138669319
1015954354
-660092042
483417927
1300056046
-1036567471
492031139
1869695341
666511217
1371647409
-775486619
-1809167224
507397860
958202614
1440613604
-1477536197
-360323304
-1693918732
1620254713
-1189764061
1844928276
295784400
-1996898556
-71802088
1917879300
1430879207
78484220
-836075854
1416502385
1896363246
1101061063
272278799
1480250034
1208583257
605446603
-1991458094
2138462881
-835097600
-1723271996
-1727169682
-623067502
1846731264
-720665641
-726769245
692127617
-502782241
1103766247
-477187000
1638773898
-426255885
-939159256
1378657099
1607513501
-579571709
1374164209
-713596682
740285809
-396758994
439075029
-883260557
1316880056
1971854091
-2005436941
-1679852910
-1040701291
1586847761
-908511347
-255189560
-1380600246
-424590023
2136581079
-1000237446
564995638
1303586017
1611507217
-882431365
408611837
-1413716493
1959310807
1045474003
-1193889272
469996102
585316279
183798466
-914964944
1188032324
-424815868
-835591420
-369594955
1627618508
-832319255
-318839467
807402612
621510232
956029120
-773028810
1110510425
-336727454
1649909156
-808037647
-624649711
1470929923
88625476
-798891557
-2003277820
1218216669
216461306
-1520362791
1983836290
-1747251909
2132589083
861889060
-2141817285
670570614
-1691783536
1641643856
6345204
-864111718
-1917183323
-1222864247
-1916995464
-1216585656
570200864
852007456
-656512052
331415005
-649532779
-1900590011
1844317093
563069651
-1027901192
-1026537194
247658782
605808743
246368372
-111154984
-673611355
649194620
-2001601670
253110915
601441590
-1290236481
176652316
136808067
748358604
-37558774
1566909594
1533127101
-2102264301
1914652429
1894834493
-1599972145
1417885025
1877261611
-83170461
-1572922468
254924519
469458081
1966400987
1557143815
-2058015197
1924775149
-1781841294
1991895805
-1932428647
-768403
964339917
-990086471
-175938367
1510028869
-1381730695
-1384131262
284773954
1906211974
1006808128
-2071361480
1869934945
399825035
470604990
1266628305
1529021363
-2033854554
-1130041293
-1495895267
1327353882
-385312260
-106180199
676489105
-1213531154
-1760329299
-494184199
-1649142590
-1284248711
963588151
1774454522
1795827568
91978153
55670299
-1352505926
-820401466
-1802832128
-2113595199
-1305926944
-2010572065
-1845779505
-462581096
2054829809
-1408525428
-27190878
1631859073
1205513699
-1344121004
-1041475586
1688090477
-1013848849
-555332933
-408524727
874635588
-1583459925
-1410531385
-383988471
-1354074104
-1438177705
-209781313
-83283887
75092026
-1288476810
75428149
1176569207
-1768432772
1013204640
-137572281
819008010
-1209585545
-319170922
-465535200
-764145150
1203743998
445017238
-133449531
1171450681
139368051
2099659505
-1689567218
2058363930
-1450320791
-1479135014
-443835151
-200830569
-174431861
1490914175
-779752954
1573285984
1252748987
382501981
1805481542
1347378513
241939581
1154586832
1894727446
-446635733
395738774
708699881
1917879940
-668171386
599916016
-1371964541
279579087
-455632634
1785318592
1864756632
-1829659604
-1988214579
-1176825622
-1505830192
836512199
1868842288
1758847139
149756251
-1904318713
-712584276
-825373352
-1153780993
-273502186
-1048756198
250460366
-417137292
-360784736
1606829858
1570855049
-1134861329
-602076199
1820492781
-1213658254
1625732604
888581317
1081347358
1524819379
-1383198832
-1559148877
-282694399
1849562853
-1082675618
341886474
-241080059
-973336979
1388660841
-1234480825
138169447
-709557725
917026778
887548485
625912368
-791954637
-1023995885
-1262919745
1557580385
-27865784
657420291
1481069331
-2114111893
222534630
1684809147
1971803720
2111838436
316264983
1275721537
1243244114
-1433901960
118239305
-1925536604
-1510259308
-191498723
1634587766
-1586170032
1047165605
89073290
-1385078651
-1006243165
-1462438058
-1064075543
-418798864
1764489663
751807475
1845003466
2014946726
1180565153
-48067895
-1655516837
765216561
-1393684878
243384296
1549592534
1061798427
190304029
-952360662
2018541370
247438
92324385
-2112742797
308163389
1454836282
-231120729
936942137
-1136996224
820736634
967533783
1002422854
297316356
-1742062407
777180262
1968005308
2027345372
1945356562
2112135283
-711494310
1914095396
-1317737674
1247735443
1531660029
-91927759
314959250
-1163108566
114412904
-1359901687
930837169
1325720828
-576031929
395397653
435454174
1154220547
102855792
738727700
-1235909619
-1319797374
454515820
1421003859
1942782458
-537467046
-555521738
-25710566
885472402
-1352827749
884135490
91160169
1232543378
-1182449315
-849128512
2143209700
1737805422
-1440259119
-805884383
-1203740149
-317748365
1178811538
1252387290
-818624595
527612207
-574193600
-1066117273
-1850687330
-2121384688
-1819380145
1282106258
-1379884633
1385468490
-1857730276
-1221253132
-1261507139
-1884571650
-1455701183
1650196412
249054582
-2128847464
2039549481
-35674962
2057984440
-1189285512
251610598
-980379538
1360188851
434927060
-1816332735
870473214
96367632
-976535589
1699796242
602490757
1339536234
-207747810
741756370
-1136599982
-1317544451
1491721003
1191621230
-320595169
1727289500
-476181125
566502749
181476505
-113414936
-1240797811
1444974836
702929439
270729918
-72154798
-1267974152
1207704778
-1247347471
546714571
1803348853
2015811757
-104059591
-59970576
1503089101
-766281635
-104066198
-1975308845
1584573203
-1900684109
1435294696
423766533
537824921
-41020208
1842631001
2004410168
-1098310201
-683470239
-1538542180
1096462885
665618478
247324195
-1087130118
984948656
650656988
77926569
1961291419
-1102320311
-1847894799
-573533348
-1573080773
-362972268
-2024062094
1045032387
1640301341
541531979
423245404
-1263688955
-336460225
-1097096093
-545286916
1812358059
416432590
494690157
805574525
-58517591
2118286812
-685280961
1727656898
1777665182
1622484559
1085546707
504494966
169055322
471361820
-1021284498
327944032
1884782497
-582777931
23153412
412238843
-501784274
-1108937792
-2024209702
-1138478267
-945031942
-863863032
632152685
-1227917353
520259517
-1432402248
1236604562
-658391755
-177710411
347822534
491012318
2023772519
969015205
1815575212
981359943
55002056
-368185056
-1016132515
1507253770
1281039645
1463937798
-1305650570
-825220656
-357202712
1569113935
-1942835020
-2002212852
593913854
1691280135
1471083942
-511924314
1602778199
1929334681
-306266973
-157815843
-1379860955
-1113303985
240321277
-636609688
2100339239
-240253928
1656425590
1450036703
1176189246
-868619380
-1584721166
-1950018727
-1176309440
-600106195
1796324718
-1753984427
-245653749
438440432
1647940144
414621661
-751264291
-189117445
1238554688
2023028200
363384803
160135598
219520022
-949228545
593073167
-949443865
183683988
176281124
911394094
62372482
1774624054
1671785966
-408218055
715154974
-1016220025
1638623736
-1825218582
1073282598
-203307562
1965270908
1732031378
-1095431665
93946665
1325713978
57558825
1728625886
439569522
1368880798
-1267888474
-592890387
850448640
349735457
-998238575
1053395437
66945080
-786696722
-92015659
-1896818642
-1444892796
-1288691767
1077730522
986050590
1461169034
920382764
-449757229
-1548662002
-731699040
-1785733966
-49157548
1174298172
756467328
-1312501319
-1254353370
-1540257523
-1250911432
571045441
93253470
1524114329
1089075555
-1284942054
46852012
-2123599507
-200153699
-404283842
356674288
-2042659701
1637150515
1031114619
50907410
301407413
1276993562
-227464363
-1035638510
-1018253590
1643247650
810982441
1679726941
296567089
-219633813
311447957
-1408200350
-1257490796
279313431
-1745359337
2008709221
802531183
-1015466175
-934384908
1903461779
-1542323734
1051737388
-306702758
1906281813
-592400701
-180497217
-747122744
-791703576
1311751760
2118117937
1224156845
-185066195
-207429180
-1214592768
1491025743
-556097091
106575024
247038246
-2115984914
140767552
325950157
1272114063
-133801944
-1314414081
1534703096
1578500549
1548942495
-839053898
1915205757
504855788
590127320
917179310
-51800169
-1559891979
-351883930
164411403
1055416887
-305606386
-1979244473
736812130
-608518140
1451370072
2102840717
-1771385458
794156195
1278331356
1839367744
1571607236
-1744092361
-1095468866
-1806874238
1690397155
-1416991189
-1740103245
1110565876
1530789136
570756910
1348609712
-1915444904
-1993417342
654398335
624657891
432796792
-827484263
374712426
1732386278
-281986747
629142581
-1719811055
1759346994
-245828286
-2070594747
-969869713
-1192686383
2049194530
-1266906210
-1222768998
-433310121
523439792
-95921139
187768903
-248167150
-2108030482
1493203375
2064422291
126478976
-784642943
-100329601
-5932800
442789377
1258693707
1473954608
-729721923
1131110349
-1100667303
1711297340
1948417065
-834861273
-1899037952
-789765572
