-995012192
290101923
-859862247
-1342697110
2080762006
1359322664
1539566325
9521877
1957956017
-1718084230
1969981296
1529907550
248648578
-879043516
1606301579
-372360277
-956118860
-1768081043
-883284476
986762288
195987932
-451354743
-38917453
-932935487
-1410341003
-1240758125
523621943
766635880
-198651867
-289617703
-235400239
-1771342728
2143674181
-48163529
-1120696945
455677410
2081001376
-1666549625
2083651244
1033457606
1427199609
2003479639
-101793738
670320205
-1729959214
1802602717
-3056655
1553414325
-730841877
-611450841
-981900933
578523565
-1604001272
38213782
1890924976
-1029822238
1467480183
-783967604
1635832911
-23033383
-1574320175
-2051119772
-728822819
-2093526017
1149542783
-17260638
-777329719
1184237565
1307362688
-1106626965
-2140404528
624547409
-645705880
-1466408905
-1618207837
-612744422
593260459
-1961814332
-1612644922
-111168718
-2079754981
1957542989
-1780893510
1034761857
1559980719
1608409083
26931038
369894288
-1656009339
-541043300
683223441
-635611044
62988073
1715082386
458619420
-820169620
-524068841
25268749
1531911887
-2029739995
-580092290
2054261372
-1250099479
-1042107043
1016915270
-1973064128
351284156
1875893549
1941624660
1721427362
-1259092079
-1231784181
-1422675188
1267933191
43316936
757751063
1190443543
-1545772446
130924355
-1444816460
-1657104027
777488617
1400109573
-1419255206
1518529909
1871212554
-806143211
1249160105
475743956
998471840
-639446104
-825824574
-1367510302
822319970
-2064166274
394352594
912329947
912244635
1541482124
2051360239
-446260459
81873183
-325040166
381576230
1900067974
1512116605
686754478
-1157563436
1233398409
-1063370639
2011463914
-916635596
9409249
-66734180
1561398706
1600095033
-1584886275
-371718794
-933359791
-1596038242
893072765
797381507
-1826372772
779438138
-931258635
-352058428
-529086184
-1243956072
680836847
222884208
719382040
1231520455
-920225738
1190234339
-959516374
-333681043
-201270447
-391075114
-1321728140
-37593822
1363139149
-1415541040
866152409
10543098
-555813696
-1823598372
1809633440
1962764899
-1386045431
-1942530436
891329367
928913970
-864456740
-931113251
-2094214411
984116471
577291005
1495323211
-1776119746
2145744536
-602867637
-16755481
-942741397
-2013631203
1704030207
-2070028138
947657225
-247620152
-1655382730
691747388
-1683086303
-1598218392
684895148
1095980585
-2098254952
1854789102
1943698889
1621530579
405951193
1389271872
755697377
1335810245
2023352240
527737165
-999963208
326658775
634915705
-692887200
268788547
1035766175
237975929
673426617
1326758325
258797351
-611692661
-453856679
411092921
906461151
-679871234
-1231352291
-1447029765
-1350286891
643808189
-784911090
-1766963988
-706800861
904705968
194892535
639824070
-2048797785
1822247010
-512889546
198633934
-1896155655
-952114972
-1623597353
-1885631784
372747161
-1725916688
-463633954
807127056
-1002954648
-245319088
-503506461
345442294
-1738049191
-1097604736
1081070564
427952298
707299944
254982290
1697771350
1610241385
1178826698
1275940177
1353180285
1002246231
-219171227
-270173271
1706892285
1595544702
1788419970
-1627649722
-352449616
-1268206570
-197784640
283203450
-831075144
1897109254
1123002699
-1736126621
1486651096
1537572266
1161625934
948726860
-937882369
-996611113
-928751451
-1095759789
-575264987
1565065243
-899803177
-563458228
-702708390
2038561609
-1588672957
1544256485
737265692
-1290519501
-1031887720
458769162
1361349096
-1280003143
-912883062
44142986
-1079806445
-1264446206
-1304269886
-1293418502
-926975783
758531593
149235733
-781704999
894327990
369087579
-133756168
622529781
2008574196
-42503650
-543308237
-578235892
438883717
438419285
-353225771
-1644124235
2133927954
1009640289
1824803687
723848832
-1751331245
1923463882
-1499679132
116931932
238258593
-565404353
-1153517593
-1284013767
-1627488312
1117126619
-1943774298
1939501806
-192084702
-1410500695
35266591
276113243
-403475488
-31596438
279875600
-1567965742
1628415146
1983753109
-1501724885
-2008026958
692313195
1835178910
-1465524726
1353944149
-1265482907
-994087045
959732064
1568469035
1896888715
-319667613
2117875825
-1414595034
1682578447
158507992
1023094467
2048924761
1722110008
578464743
687609109
1180576987
-547903623
196513710
1039646096
-939548687
-1922535233
-1061520866
-881699012
-1863252885
1285606154
-1577669374
-1509485387
-933184946
1435897151
-1579274688
-751105507
-69162061
-1085122757
41190749
-993298860
1232089070
-456351701
1941654854
385543014
-1684112143
832755226
-339698100
-1247540667
1763199730
94233291
1838912624
890226103
1492749900
783329736
-1514900000
687366289
1868983202
-1700768838
193609153
-452879579
2021444170
-1785365765
1677692719
-1719548936
1826760935
1186663785
-1756015487
1694408632
-1991796649
1225324413
-476475695
561798252
-210239280
-1180308325
1538595258
1273758701
-1708976827
-265494357
883648355
-152428140
-1294362354
886572775
-1169459012
-808087756
-371860537
643590646
-2101242361
-1856922294
997560183
1784574266
23956378
-3798414
637033716
-1726421147
1431924450
-1633518051
-1385637242
-866822574
-890687573
-2024637823
-1312044854
-1670525934
857438621
942275024
-1559512615
-1057137340
-516380151
1365387948
1557497513
-1352271704
-900407835
1002504153
956053170
-190357514
618028053
-956463308
1732328916
1131174380
-1048453140
1218329571
-1345833865
804286885
-1348302863
1982711757
-1337233932
-625879247
452685029
-1569331124
-979824333
-1375193759
-2138233596
-1539872223
1899403156
988975330
-1491486837
684814504
-1870473710
-335838068
1307952250
-1380352948
-175311706
53767932
1482548379
-1547115460
1415116776
1329423711
-1183611454
511424350
1471201532
1817771920
1836369749
-494389117
-1993693269
-823635611
66525966
435513820
1727861456
1570547014
1294249471
-1958061139
164147957
7457790
-1921458730
81211968
-2097593540
1197282773
-1602732446
129242907
737604739
-2050340642
-542837931
1596033396
1700849347
1740712076
-1346870709
-1413955100
1445680312
-534551925
-1086881525
1704074587
-1962781241
907801805
1191658507
275956564
-2130945509
399925474
-1006964423
1618082633
699778320
-1289404276
1873697528
-1617304216
-190756396
2133135250
1134184296
2098104965
1743711819
1164000980
460425194
2004973394
2099632179
315548831
-273054494
-1368959282
-659863416
-1705927102
2004435391
583548923
1110665514
-1598785823
1678122295
1490725587
348049596
-1102452856
-56241705
438583420
1771167950
-368884606
87128762
2077948602
-1463721411
1040264171
2069733528
-1443608924
-1379793959
1805896068
-33058046
-1544085862
1964941129
-1371864122
1361613291
-1602138250
475228203
1424221753
-602698902
784293120
202008959
1730272517
-1364561475
488225191
1104672069
2039977417
1233415568
1364280686
-1889801629
-1708353109
1422815359
-210745308
597095628
-1171655505
-1505498151
-510371113
244394975
715750988
2016784295
1508439178
-1990085876
1901631292
-831441428
426872357
1803370685
-632786797
-1975853523
79532460
1143713650
-191680493
816962867
1787791540
1516436782
1816036798
2132600079
1663319569
1346919697
423200427
1930086749
6145748
679362374
1524424989
-920476723
1860281972
-328174818
-30294575
1228094687
-1116175798
-1841444995
-1665867114
-1463173907
1643190338
15781236
244378147
-879498898
1487891663
414163247
-1079794396
-1571655048
-1322490849
2091179281
1330641045
-1838934906
-1120322928
-203285731
1365167443
-516255109
-568487839
-1616992105
-1891179280
345426918
-119669588
-163885078
643606470
309949319
224680851
-2053219124
-35110834
1317677586
-769504326
1929985695
-1859020878
-963706574
-765882636
-1531220710
41355168
-2136298800
-1749204416
-2134084824
96261472
-1128802156
1272586486
1591821328
-357512664
-360935509
-639416515
-1107345707
-188842833
-1864862517
-2124142657
922846175
757473279
-1027779468
-2060474208
358318298
-441390193
636578679
-353395797
-1256335651
-2000981872
1368339387
1178011086
-589234481
-167808889
-819021506
825027016
-2037690362
1074530587
-35603622
873237024
287198512
-302757585
-1444667831
2131973720
-233743498
212435763
1401057515
2135160674
1551779806
217575607
-754414906
820588371
1237729008
728857409
-2086894003
1245347926
278665884
-2013544865
587373412
1211092706
-1630852518
276010750
-1518952925
-558861521
903862675
1982452733
-489151014
-820154907
-1656104897
-433988611
163815508
738046998
1541777870
-1858839430
2115163488
1099875950
559267403
-121285089
1189322380
-664074327
-479102529
-1075963307
-1930701005
614106692
-946680365
-1804530148
1087228090
930753911
284248504
-627685858
-1299146986
825266529
1992541259
-1460842495
1402237328
640076421
1422918771
2067905788
-1282241588
-647031692
-1583215667
-1135263316
-206232825
627712972
-585439349
-225738968
-657189985
2073519968
-895407207
1382074706
-1952005416
176924856
-1304724480
-1370063248
730095836
1221377979
-1518352241
-208354310
441960195
1141394858
1455955639
1982512309
1459385941
-1056525488
214447542
1825803264
445545036
18527863
548215032
-474498451
93271005
-1461613922
-475884359
-1257779309
-2023927623
-2127679256
1211123950
1724265761
1570665167
-1992924330
-426080667
602126134
1713196053
1875279672
-141469141
-181193232
-595119480
463807200
1614441261
1240357955
446722161
2024174233
2085129761
1087270923
758568168
-2105919273
-1331809370
-950431901
-292665187
792679855
421926057
-298455241
-1065653546
-845532791
-1721777909
-195432681
-1591969101
-72145133
-556534656
-787933618
-580841287
425531512
1233049018
184241715
-2003473267
-17587247
1585218501
-1559433794
-1741792513
-2021414181
925275572
-945067427
-882968502
-959962646
9924733
85705224
-1630416231
1840273949
-277702879
586478226
2054369485
969161427
1210013967
-637922750
299008381
1477320285
647332554
-601563742
-478333378
1517897204
1353839817
879414934
-1323987165
-368109331
2097366173
164892847
1158421127
1617732395
1683803225
589096641
2081090825
980223700
-1602171859
-896576078
730715607
748475718
-1676115372
-1639176043
-2062347473
47547212
-1438950096
2098700790
570706723
1319070860
473213874
-1137742217
540003484
-554952124
-582389761
-1661686629
229006496
-1499348683
-1539950512
445521377
-984476713
-510907682
859251225
2102646036
2145325131
802586093
-672502931
488044001
-153682066
-93021710
1988114080
-1586669143
-2040740767
-1508246955
-575642579
961686936
1023786611
29840522
85567194
1592385014
86143975
-1999149694
-1405405671
172548797
-811555591
-1039752604
-1217609039
-872267414
1926040355
1954070652
-1471245923
1329322008
-690272100
75122803
-765075148
-1202469431
-478229472
-353654591
20446345
1241744391
1162325238
1999010654
1568186644
-1801288277
-1423785169
1795486399
-1861838191
720596732
747405355
1052680704
-1346651864
-1157350661
-2080748703
634197085
-473725491
1499128316
385247070
708700134
-1988208407
2116900216
312910605
-1208000653
1865201465
1895621921
1614175033
-921722924
-1711728394
-1009098441
-719286192
222694477
-223051978
-1105621478
-1075899286
401700417
-486769774
-1282425569
105911688
-100854740
1841794567
-622682458
947095584
335115222
113179937
808034667
-1003080231
663083973
412847189
-764054756
1712878738
1181339634
774681775
1744205356
-757413464
-1502237248
1376273324
-692829977
-1204093576
1195152169
-530938776
-1001031227
-1435475166
-651623110
-2094180612
664315138
2042517648
1200687552
-704718303
-418138259
459293366
1887807555
-1880716520
1138328192
-1417508326
-261814733
-1911423026
822169008
-1221567593
-470445471
-1991205062
-604098298
-1655295651
1162081200
720894986
-2105998097
1500866619
618966796
-35605123
1245248335
-509254368
-975849319
-371850606
-2083244581
-1606218018
1296786479
1892698978
-2103251545
-1334337487
-1133025018
1475704010
-922419202
-540273152
-1341133651
954188364
-2001537935
244235746
-2092447423
1146516022
-1865363406
556050659
21529306
1152481284
2013940386
364447366
-1940807608
1305737474
-1251657945
140028942
1135106814
155152181
401619011
-1951904775
616421966
-662989189
-1589571614
306717132
-945721898
757958641
-1038671630
-1931471338
1043823418
653961108
-1062472136
1996201646
-804973805
1509574698
512025185
1905057598
82534694
1329801570
-181007017
560123397
1596812248
-95407046
-675773738
978739415
-1412573471
-1010165344
100275774
-1716582807
1190763840
-1829128356
-211341398
-1015091253
-1542457746
889284396
-459549120
1941696053
-718873899
-767976400
-311784502
-1260263163
1743707011
-1594920312
-465777274
-818401272
1557152026
1737102651
196759097
-1516032520
474392075
-2130305446
-1394524791
-1149223099
1830780931
872699236
-1551159156
849457431
-1886171996
681275372
-889225317
-581096300
-1132964488
1777514617
820850028
-687926690
-2008465630
-1868185684
942910303
-1994814881
-1364666410
-1068532824
864227096
776883144
-407906038
-6456915
525438285
-1617010346
-471297939
-181271034
-1137881632
-398758442
-509107176
916876837
1800334640
-511036181
1840276995
2020393228
2025995947
499018767
1829137081
258126317
1707091111
393484247
498423631
1037926676
-735211150
-399836806
460528274
-1072623868
-958331481
1657589907
-493877889
1697807840
1922113475
313488677
-1158973705
1306068237
509874423
1192234464
1289424563
-1692017900
-364836033
2132076194
2120063860
258365900
1770126514
2134354751
651311231
-697188169
464858139
1590823557
-302035384
-2076821076
232137
2141390202
2143054445
1493107638
-204877917
-1312592153
-1957879067
792193084
-1086345345
-1729863911
-1414891399
-1408213407
-1259747661
-1810194458
-405050254
-1784479571
2135427051
203838702
2136259987
-1536411412
486261820
-984194014
-379387831
-47888810
1807589497
102457994
2132903456
1506214383
-550695995
2052458818
414435449
113902897
-821556375
1638495941
-811709830
1659901671
-235704345
-52838291
611788357
-834862501
1005111119
1204000826
1962260843
-1769784141
585146576
-754840878
871113890
-951386985
-962267759
1042520520
-701721930
102803479
992004801
698365472
1091009213
767671500
742351084
-86647022
-2010164850
-395471300
-1061256048
74049806
1956732531
2115090050
1534907376
1590243584
469411613
-1403030226
168168999
1197588436
1788552920
391329898
-793985153
1305780796
174638335
2123603037
-375267581
84342960
1462156977
-644797229
-1703923374
-1226472522
-546474044
531993885
-1286961994
-1658965917
1100605177
1299933749
-1426515340
55011617
1976242545
154530598
-1172057755
539307697
-327726752
-1528654934
1316742597
1345863027
1804215295
-2083275500
-1289659830
465814245
-1919460665
-1382053520
1020092024
1245341545
-155317285
-2118490904
-1760803277
1825288266
748359109
-1563924120
-1050220907
1037499904
-379565467
-1003073403
-1190892543
-208033101
1494373669
-1571479654
-498401928
-171832067
38580337
323088948
-946421462
266953460
-318736794
1872070319
1132729936
1251141991
-1599579959
325939488
1472403512
-1720802458
-1146606534
354097269
-1036534111
-595421689
-1908575576
-1797070373
1787506504
-1564115865
1607047431
-352833953
1736971458
1273116655
-594158528
210308823
384110220
-1265925928
-675542679
-2139696637
1623035488
1765513968
-1075933899
1183240430
590001865
1454641821
1091405486
-358015590
527634169
1112393250
-371338975
1202255835
-496951334
-1368801503
-795723432
58010755
-1581363614
-1520983968
646337038
-1049836865
451970859
-1357993009
386767775
922655680
663654210
-1335712567
-487525633
1924196509
363335230
-584183142
-1109427220
-1752196489
1203479956
1182771009
-691570073
1297035485
891726122
-361705866
710856543
308513394
1820282153
-785930003
1063914671
1059101645
-1627169513
-2115569700
-506702773
-906678112
1012060196
-2009940805
-78022987
187570971
-1857106237
1949864266
453444788
-860719726
1500183932
-1760101416
1538279496
-1240475044
-129490688
328156097
-1502848808
-1724402178
793538429
-631141833
-1330331987
-1497557111
-1184947405
-146068667
932075939
594846528
993141319
-1667519727
1842183965
-1018262659
-237121577
-1881885855
665420601
1482470356
1497389646
-1374821025
1080238404
2138399352
416488184
-350387296
-83593360
1879385053
633199320
1863530594
-1669822012
145278111
-1927737159
-895321067
1319338067
-1202551390
1858956418
-387031012
285480112
2051796601
-1718598706
-1275018796
1459217056
-459808245
140620732
-581752364
760451089
1246681459
1659538434
-177218698
-1014824885
1489594664
291854152
-921315178
-536541595
-318016419
-2086726477
-1347232359
-1368569095
1495577258
-565086529
850565553
-10594022
90270700
1407302481
-682449058
985728646
-2123329944
1252815116
1100941623
437103384
1414693686
-55067165
-952946966
-1498621057
1765172444
673905390
-2020096384
-962815180
27360312
2122561921
1859509733
-488490583
-459855965
-546470534
425466023
1730170558
-986345389
-995952421
1591410174
858491512
-476196351
462681240
-1870028021
-1108325388
-280725301
-1191832912
-158059164
-140102759
-1942914725
-2027838079
1418340816
-1083300724
1267009351
191813720
-1111878834
-2125829784
-855052870
904643911
-1799002532
-1004015570
1642876500
184390715
-2053723019
-1079324294
1380051535
1426847565
-1299649574
-1646291208
-1514710558
2121767000
1161250709
-1458178795
1987958249
521227211
1968708538
423685113
-1178372155
-447669057
-998827536
2038662067
-2052713600
-538343861
1217800751
626038710
259461173
-381391337
301274058
1207395715
1757012654
154973231
-306433360
819843751
-876802482
322989081
1883684078
-45834776
-1673015247
-181071063
-2104664969
1300295611
198498449
121133074
-554032857
1784282616
628405867
-85112896
1996164869
1324398288
1509480802
-1548815515
-1539781432
394438398
330452450
-453057582
313210524
1824034620
1612552072
1662447111
1142806821
1766087928
-7909952
-1343537908
1985124547
-476480953
-1387569489
1180869890
588319000
-490362599
-519365549
-1286040716
-1722468154
-1289757266
-1336641559
1633497330
-1464273539
-1595552696
-1963520114
-27424800
-1604400076
-617079262
-521539031
-626604917
425085365
-1536130656
292502919
-1135287684
233127775
1825311175
1850800839
-764519663
-2087055321
622301422
1709497591
-319575736
-1178121761
1471353525
-1321548289
742569694
290000571
-233033418
2075407805
-1751415144
830018319
528439675
209782641
-1449873441
-1052888227
-657310929
1533026651
-417103982
510715535
-2014214249
-557253982
465883671
295571584
610741186
-1534256264
1217460915
-1798965056
-652379649
-1521550470
-1244247012
1766680984
-1919486322
555606620
-1132784053
-1204602037
-1836467301
1985785541
-1356780139
536661919
1547216999
907257719
135417596
-101695077
1137954760
-2010400078
2040395202
-597996143
265083347
823381978
1476818495
1309816158
-928822058
-1892217001
-945524236
-1606277905
-1619529332
-1414183748
885323999
459725576
1425393291
1564262186
2117594128
1122736704
1158821633
2146915318
1556706683
1425778255
-1777497953
1349674889
2050664720
1233572236
-768101164
327426184
922395400
549641904
-1416814274
-793892556
-1071466622
112900831
-1048450211
295740178
340625229
-1425484823
-477512823
1317417165
1191841287
-1444278580
-1856679131
99367515
1697185126
1252729469
-207730155
-156709025
288618965
1867143911
2028777324
-1403925554
1547930690
-431749069
-532053654
-1846598956
-1386095306
1914707530
864825509
885814264
905284901
-1631860585
-484400507
-655602050
-1919861241
-1162742255
1896244980
736216844
-2143706585
535961976
1738610006
-671399025
-654498758
29678046
1979516087
854827359
1289059506
-1670262936
-1515531453
-552789600
-2139305900
1270048853
-1719176966
902531051
744813575
1700799039
2012062115
-558237906
1704563183
-311278687
-1725355519
1426168016
776039354
1142595993
-875357116
39225880
1442211385
-971801106
792852418
1327565775
-427849166
926204243
1873776614
-854585309
1977763444
2006652396
-211685784
-861125939
-1468186838
-121133550
323200190
-28250250
1982873204
842433363
1328234706
-1788712362
-1178985933
-1069155908
98097396
133160734
-1699831004
891900761
1034674961
1600694808
1039397168
105238524
-1669149915
-286548085
668442881
-2130651843
-1638335251
-1690770077
46257880
-1393386814
844059873
95765265
1200954013
1457575616
538324065
1501039536
505897271
-736547135
1668248878
223020648
-701376739
150696103
737318939
706083095
-1998962643
-872425488
2074282755
-257574611
-774766404
1350951739
-1031417347
-1638340905
2050237421
243039754
259088334
2084222559
1477243718
-709066040
-233404001
-373920814
1359672192
-503654130
1593344495
697593058
914512541
-691555295
1727336138
-140767986
1105810240
1315222975
1885171514
1430484991
344236344
-493618918
-1699503106
780754485
-664700067
1478380068
-953741447
-72726558
624078495
1827605773
1378263277
52277782
-1770758565
159947273
1024327400
1734695451
580580848
-1719922346
1834378494
1878743842
-1572397166
-1346638979
-938792777
307364382
197252189
-78591529
-2016601653
1638038511
2141247917
-747877550
-391171700
1484112323
-1062912084
793635189
-1964358237
665151417
1206564140
-483778143
319599102
-2109197882
546817206
662990488
522595849
114856668
-1330884894
946918979
-1547747045
438401608
-1064512024
-1237708881
-596702670
442504027
1975414391
490046808
-640069917
1993300812
-1473222203
1734260650
889849227
-876826276
1773014246
-1142438972
-574435638
-476920517
-974919327
-8056194
1503793714
1278904234
-2079741184
1880519597
340963898
-737672863
-218468632
128985509
-1066497160
-1537002446
-1030555672
-1037391617
-592628977
549153389
1926124565
-1517809509
-1935955867
542480518
-1752250474
1961532904
1588653593
1600959733
-796258117
-1614306974
-832651724
438643293
-324183724
