-2137874534
-2019207869
918986265
-245048766
397640404
155398748
-2122824166
-786853106
-1265056314
-2096630061
1796471059
36347100
1394707325
1786019221
1795101774
1814199444
2124643529
-2028345442
-1743946478
1085082595
1014102083
-16996948
-212567477
571964422
-430326127
1085401396
1126106218
994914793
-915104024
1378791577
-33771638
-859975824
1106044882
654238363
1775408084
-1953890797
-1753178063
1896754445
1600641059
806997680
-49230717
-74212661
2120073962
-1072119140
931742822
1397495017
-1843563179
-620703238
-902701986
155140911
1682158766
-1994456240
1346496470
-1324515387
-826972670
-2003736490
1637570404
1081922090
84779011
-1419275247
52623185
1189487978
1556117296
-1156850143
-159411625
-1618793072
1398532146
1085081430
157416620
-1934577576
-721255287
499454856
-703313089
1262495017
1490142567
-1269601113
-835798207
254730305
-140498724
2033034000
959778278
1573403953
966622514
-1121231070
1674009708
-275022708
-1423835494
-1457039343
759015516
-1241167653
-291558649
1310221305
-1858753521
-2020075821
-1284542375
321058102
-1659981965
61723849
-714073922
414488818
1590125838
-752837275
-1306322603
-1900000514
-277998781
-506502762
466396947
-968117531
2006158804
225361349
198882794
-1863672258
1681245096
292908620
2049099303
2093435970
1855907021
-520677591
1617208347
-1364500835
1442997439
-852012306
-1488519683
-1637448824
1987140842
-1511375620
1575810062
976039191
-900459667
-1112085776
1838286590
-195368497
1647225376
1843628380
-645134194
-777440645
1179859416
1314525113
1340666486
-1650147009
-679223831
112181148
1104725896
892913133
-1297386517
13165352
997319444
751340439
1895568321
-1319797053
-1302308210
-1648008348
892240854
-453318132
-654879378
1480059047
814624170
97092620
690323287
479261229
1261524620
-1965230421
-1355024261
-2105031466
175481000
1593359716
-1584830403
1074813798
466950212
-1713773764
1841370647
684578717
-2136452794
907160560
574631101
1477603460
-307341063
-1177543571
1707182978
-155225591
1065058320
121280132
506644987
946676174
-411287318
-1606550563
1835225569
-647258819
1816774167
-1256977364
-495930565
1185613023
-941501158
-475073885
660707004
-357922578
-550755984
-473745753
764605033
-193778904
206785489
-1363967035
-273587074
2023508453
-786951755
1868332263
1999820946
-2052765589
329871641
-1964110142
2078464761
-1110382463
-1611348862
-186452590
-531218839
644098369
621615938
1140746761
-1807681569
401850162
712593913
1615014276
1072911555
-494372459
-399724706
1364610431
686944074
-1407964929
-303691457
-1795971509
1089340699
87415591
-940722747
1296076030
1822037045
1894088705
2146094332
-1843044183
288416271
-997438453
-317948269
-1096473904
-1941745408
-2003801114
927760351
-424810730
-1279023136
-491791065
-94644699
-497808840
311111664
-1393590161
-702840552
-468360132
-1576973066
446740664
2023147936
803269097
39416748
844180466
-796051235
-1015910023
172991066
-996312883
-336168086
223973005
1000423361
-837225000
1540011237
-637683360
-1527086021
453627339
-503445585
-2074004161
-890318561
-539357920
-934914832
243755576
-904619414
-300714777
-500270883
-763714031
1522779803
1959077594
-882211011
-63408005
763341021
1636794031
278187048
1569398407
470022507
-1635537747
1152619793
-1840664231
1753116719
-2050366078
2103707143
-320861158
552920493
-2475181
-1165590729
-1952801485
1114775070
960590867
-1861396811
104961719
1418830560
-1565757161
1129769595
-867028448
2091208204
-964035606
-1064808783
-170132675
-298488728
1144786013
-806478802
-1896655253
-1085892224
516873187
-1178787010
1460254211
2145303054
1170037275
-739965275
1301230354
670349474
1722799788
-2075983132
-347570865
-2087917442
1486550104
430138810
2130662985
-461491518
-932038325
-1494976019
736299999
-1703251512
-821899084
662039369
-1823365643
917937873
599806359
1050404585
1243200356
-2026523168
848731872
-74613836
365961778
948138982
1081160890
402259754
1087631107
1239044894
1683584801
217676384
2119071694
-1182635590
-1626155595
1210606409
841240018
-1410527553
305453265
1877943862
111633099
-1712625364
-550474788
1996112799
-1976971935
-140751518
-1079052066
-1276115421
-862723871
412093631
-124835498
129832141
1209502766
-1939399797
-122920886
-1834916456
-1555680263
-1541754601
836452766
-1833216972
1567456303
-2123577821
-2041128279
-832118518
997373107
-504425088
-729858043
-1381802882
1252777293
-1947794698
-1484540762
-1340997005
-1280281375
-951153561
446672429
-716944877
755683
-292509389
1597196926
1798893007
911979018
-744375330
-1183511921
1733488549
-1878718653
1291516400
-452729213
1359355296
90445800
-1257640420
-1216475402
-14099803
1890616369
-602703708
615640986
563294059
934335210
-493096453
-213629182
883910603
-532119706
-1889774677
50292669
-64962503
1996780211
31886201
-592644441
-1326913647
-2141627378
-1868997434
-811812229
1723685143
1082825881
1067873335
1745899691
-943074631
1650965066
-2047635048
-454239373
-1506972778
-2055631321
499772413
798031147
1263800003
-1877499473
-388680662
-138496804
656825931
208760731
-1692018380
208531478
405160568
-1877050426
-167742617
39183872
170830160
-1618774424
58620266
793284528
-269403550
-2004230518
-1918721119
123523517
-72023358
-435497035
684040658
-476501231
-1836753583
1713710829
-1335490806
580517123
1647352641
-993948963
1085312961
-1211383644
-1435881257
-536353965
616834620
2122497368
-1805882765
1102765038
604457266
-1195436887
238153165
1167527444
907720882
-821741737
970951552
892194346
927960387
-861923405
201008332
-998041601
1833246028
-484201172
821340567
-2093396344
-692759370
-27550422
-254643531
999080658
-1732484401
-1204085478
1407351912
906769971
-1185750415
-1205837367
-1041873622
-1105540157
2021646435
990851061
1096242345
-1826939638
1647993854
-2136251871
700362514
-1544919558
-397910509
-1946847320
-621168494
827194399
1608720908
-866615019
-269791975
1600423188
1892142417
750386609
-2051010464
693084216
-857980692
-667845028
-304530899
1549924258
-1091071633
-132701792
1474388693
-1268192175
1055330580
1383415043
1472402434
-664251992
-1632151514
601540508
1215373750
-242095080
333115296
-917415448
1559039887
-55990498
-1136754157
-669853987
620234316
329430640
-705382708
1976046144
-1767957105
-2125392270
-1641931979
383453235
-1986265628
-288481297
1131658875
-33785327
2039422721
-924441851
-957583
-911866754
1487480399
-1227866785
1604742323
928973497
28125609
-1311711319
-206903538
-904146125
915266146
-1032145344
-708291041
-965455515
478403725
1397287209
-158587079
-1511548706
1604046455
1418258245
-531370356
-1221565029
-358693768
2050568385
1946014338
-1374771814
-987742997
-1125788461
-643184276
-836759631
-861351814
31626914
127831390
-1683303525
-1079696738
-1597117051
-1792054698
1608169299
1429526117
323441776
766397091
-1256049244
-865236106
-612983638
-1572362876
-243895807
-1537071278
-307677245
-144952306
-399108719
-1132532004
874884293
-1530490797
-1040684658
1724855322
430222505
-960945472
-1098693937
1942592573
434272780
12779974
-1577348446
-1383317026
-810379230
206612413
1800253663
-683526262
-1339362069
837264132
738702137
419442304
-367328605
2125112428
1924228567
-788642376
-1151961986
1218809814
-2058176222
1559315751
-241003884
1245147930
-1819100960
1638254913
1720736026
837453610
1273389185
-131849537
-1283664174
1181261687
-1360535367
-1899237726
1888779972
-1606636654
1013197390
373467767
1447911726
1391996694
1614139954
-1644115749
127369144
-1487023162
1726063316
-151188927
323072235
-1633650191
-598053198
1957567986
-2147170588
1574464286
2140600370
-510210219
-1886524092
-1094282524
1962803890
621888368
486306410
571990552
-178659107
-1605236050
1373007844
769212462
-800713664
-1461450014
1421542946
1928244952
-48311780
-1150646901
-162521236
-60390413
2107867517
-1970880935
1448406549
-1515463261
-1359313269
798164464
-1818125840
1059697852
299233055
-977457941
426758403
639775075
-1503800167
673620770
969879418
177481204
1568573168
2035337008
-337399074
1463997478
1418056970
1501571631
-1816417146
-1701683091
-1562638771
455723973
1148053325
-1657956449
1499093365
-198602140
2064118916
-1685067046
-393601881
-1062108212
-1663052758
-1814510172
-1003179322
-841645612
-1118081958
1744544338
-1470227962
-1248882838
963871748
-139296594
323536830
1230299608
1767847135
1942921940
582675841
185877064
238028958
1339929692
631929710
-1157987446
-1191824031
232243133
-1879673913
48369683
1720167790
-68381200
422142912
-2095131576
360445472
349015123
1118442905
933759229
-1902511585
-516246320
981258222
-592076233
-1038857519
1013511230
-1895254451
788489785
-2134670065
-1773626618
-1015406839
1781002430
1867894043
84567049
-191630771
-1883363710
-2056940078
-1799684671
542074483
-555492089
1524180765
-1767145050
-1731547754
-1873757547
-972056659
-1394639406
-637769627
-1068199295
-1535693338
1176466663
-1700072902
1357693362
276061211
-1344735184
293853802
489967456
843041788
-1444691962
673259230
-1112615393
1758801228
131425908
-1399915550
1181382940
-747389994
-905730018
-2017565380
1156934053
-1764970335
-1074835618
-243434368
149405934
1376457314
617622959
2052102306
646623761
-1968989903
1335674702
1444655821
-1540204458
-913139328
-126970594
1899318386
1617929652
1419323976
1473118411
-1317461341
-1114360425
-378930556
2139062066
394412704
1180305380
1791592930
1646095616
-694594638
-602052551
-1079199560
-1788833384
-1789056457
-1590196871
630973236
-1665962950
-621217794
-1913881209
1229978583
-2067091615
-971199020
-867704496
-1377674972
2143260267
-249470370
862909711
1262430868
-1714503297
1393349161
-1516228404
320194764
1135174570
-859550465
-1853111003
-410954479
1853034315
1173398652
1344874576
-480814085
291167409
-82186272
-1209405601
-122589336
-814536958
798701861
-1251313722
1780607923
-532268194
2004576084
2093294874
2102615078
-2065410493
1882847763
1840592667
-1378536788
134845234
158558851
-872252428
1137690315
1086370450
-2010495672
897540800
1602539472
-1512973867
-1497411096
1266102864
-1759457717
1939517913
-1720427687
1593993259
867506365
400525200
687500756
1653834709
-478576752
-839167262
1799724527
-1083260332
-2047886266
-70334511
602778858
-2015130129
695345141
-1020471842
1376001608
1866901048
-1134938894
1317353899
-1900178783
-753384371
-1652340788
2020869345
1473608630
1437712218
-1682437252
-2031665069
1064336837
915043681
14273754
704253027
-491580897
-556008387
-1618810543
-961092700
-309903625
1869209315
399342806
887677888
-563775365
1840343787
1963096853
-2025963364
-1918763224
-1341500850
562341869
-1535359559
570511194
294200689
-343006434
2041022941
1567323682
1140910434
1536064321
1443444978
1639931739
-930001312
123894775
-1390110675
-465276673
-234665312
1803430757
-2042746766
2135558070
537795918
1739893471
1866992374
-2107004752
-1413808687
-3084573
-534934491
1943665843
1404959571
-605191608
-986580794
-443684745
805228672
413714614
-193650339
1622955569
636792717
-684297128
-831377456
-551386003
-1608234373
807805648
1456714573
-1944326624
-1975542884
1824675179
-591264150
-1513611267
-1386532266
-378914667
2067755917
824708871
-458946522
-1568936305
-1913144435
-2136882073
-280682009
76304734
-701570407
334656127
265322836
855924742
-1076533416
948193086
691743435
353094392
-1366931374
-1164013643
-1799470253
1261130696
-946504818
1882980586
-1074558240
-544672734
-2019836805
112998892
2125969109
1783300094
-245967853
845337383
1702457545
1389278994
126074685
-1427665159
-21824115
1345452424
-305506446
-1736409212
229167214
-948497423
-1003986525
-1576520251
-1587048778
-830155144
2126784346
1819233765
-1851766919
-1867224230
1877802527
1590291663
866771853
1723965589
1704091932
171901698
81465817
-267806497
1960870147
-483891033
-1864354862
-649127975
1346072111
-1777326362
-1562046909
754638212
734019849
1361609332
2141340236
759284979
1158014125
-828269712
1759171244
-385770942
-2108856372
-820464017
1893087554
1136712646
-705955885
1653244629
-500707120
-951264635
313977420
-890047898
1843173122
-1120604696
937195653
-1285917156
1815382703
655929007
1679429998
-1044794310
-1029887395
-777360092
871065031
1595542432
955701002
-22653293
1247515258
-1326811039
-125362391
-1055785479
-892072635
-1109021294
-1533659670
-601932806
568014747
1096775781
-2016011586
-1421305320
1299102668
-1097023371
110507290
-1326662366
-238806941
-1942308510
1018062970
-216956183
-1627652658
853481888
54060200
1397671737
1442538052
330590860
-1377683907
-898890745
1348956131
-1479359040
-2046076056
-1858387738
1877979416
719754151
1265754349
703530431
1172578114
1584144211
-87143567
1188054209
63633305
-1863314547
2065256692
1075081110
-1568376244
-751684307
237807261
702753750
1439234025
1963519660
-243505475
1486772928
-944779006
-1967554313
1005736717
-478779353
1370770444
1919020421
-154896582
1468011689
1352099210
-2058424917
-1263210589
-1625280729
80477802
1407814446
-1916741535
636809584
336399534
-779276774
-1323259769
1873540159
2022945358
-1722797103
-2065924694
-609292697
1633508956
852910950
492510115
-947866804
-1957667735
-941239509
1350214803
21439637
-552634841
-1242819704
-1557246681
-896136417
2033421135
-1960135922
780964124
73009972
-1397996604
1528786891
2112728069
1862412284
1735868408
-1976718881
2071091788
-654734797
-1427149938
-1294734513
793192054
946503196
1760319041
-1609459432
1350092458
-815866700
402896643
1716396423
544362099
-639544277
566066537
-682345529
2089171140
-670678129
-5434043
738790587
2003799612
821697994
1718141076
548422926
-1480021077
-878802994
1501703066
-1811182457
-330732331
-601971186
-265183413
1068813985
-76103819
-814330577
295138797
1844984922
915006084
628034047
-2020755974
-798222517
-151661126
-1705954139
-1572997302
1204918776
-1084900011
448168730
-749865359
-1700032151
871841304
818859735
1471642214
-1448313863
-1595927146
1916731856
1367765092
-1595457171
-1151438160
-1412604256
-788372972
1070258247
-1608002981
1267570693
-579425813
2040687708
889349286
-1099797619
-752940591
433642148
-1171177989
-229526639
-1946908669
-1948805551
-1399072604
-54320030
242267705
-2092545246
304982673
-1995364158
-1776564470
-1208889096
-562900137
1458999702
136058255
-1107934039
-1975310724
-396686120
-2143026361
-802072045
-23259663
-655648814
-209366982
364854132
350634207
244015240
-1451273888
76909049
-1243632986
-2140353931
-363878078
1484084116
-654844383
862554746
-165452063
262541842
-1618640593
-399765997
-1686065449
-1149696148
-1759962001
-232021557
1444893372
-2102031524
-339928246
-1734341903
1017707210
-1660674509
1525106741
61376652
2116011460
158815465
-363902665
187527051
1110737682
1554969205
1729224873
-1312631232
1220799280
-570244513
700511804
-817495281
642021961
-1142421358
2004659264
-2074701214
-614149857
-274883978
-2026765021
-865630241
1337245741
-732433090
-387982025
-1489781027
-667852530
1877468542
59456695
1327787539
-47259105
-1217686529
295192075
804237970
-1650399133
-1824322602
1926054987
1788892661
-227759193
931040690
463052289
-1181269034
-780259098
1385055350
580038706
992633475
-2012461330
811609863
-72034913
-1014250767
1007495490
-443395226
1696013896
-1042326544
-1466438334
-500396288
-1230734543
-535509856
1175264649
2125895748
-2041224601
1685955107
933439382
-1766587018
9514821
108051603
1117355949
-1982239549
286180083
-1747652810
1512021759
-689245804
1744841007
1265526768
204161032
1365627686
1909278031
-562304520
424377656
-350498726
-1453470842
-623310898
1648145877
1979741385
-164427162
280332396
-472163041
1037411099
2090223781
1262578619
-481159244
375779481
-550978781
-709868984
-2092840138
2127603199
711874347
1290652727
1969783850
-564889194
-1128463112
1367937911
892753442
272848514
2072901243
1140487478
1829607966
1956300120
-1832442277
1320963735
-1143066832
1583466995
527385405
-1795866462
-912154274
-374977913
1436453701
-1796325508
1631083211
1040274422
2107857883
1249763543
1803961112
-651505822
645495217
-1305109077
481259783
1419410691
2053381
1102379814
1060885089
-356693959
1464127011
928108256
1139994138
-651999004
1233337901
981733970
-156293966
1048315379
-1509504994
1249311112
1920602845
-1300509381
1988965900
540949
272235109
471741577
1344202413
2140792648
-1655548593
359077882
2116718363
1554629788
-1726482628
-335238775
-1779116837
409319284
-1692704494
1229612520
-2554853
-1263905017
1330784987
455475860
132671035
692412824
-1034770452
674015523
1414134926
-248227349
-2057098935
200283104
2106893152
-1540683789
-1571782072
1135632281
-2139496133
-583741233
1880470387
-1619482954
-390601114
-184608265
1167646642
1442953613
-1079148370
881470386
1432350633
865568757
1297287016
-1360967989
-564033697
-890040295
-1257798731
1834082691
1765618207
734258829
147953927
-995803191
946858147
-1161712730
-106434076
-1302406488
63460718
1003422213
978138346
-365606144
-844072072
-1522738571
-1467496942
-1658672264
1108910864
-1261033225
-1908549576
130327986
-450252546
-1723246823
-1115516198
-57434431
295914471
101058446
-399945697
452703959
-1238600715
972750587
-1723844837
1574539330
472084662
2080982542
1696839249
2106069401
602159428
1069471957
-1074748807
449550130
139115174
188512077
-97321598
1270499286
1202233462
-1454413000
-183784999
1770553528
163349443
-1711188174
-2115531285
-1860465502
-1431133128
-848469242
713485289
1202985584
-921333891
-775202499
1690038730
-198891838
-1038656803
-476673544
1446233493
589516012
1124225832
-155220225
671977952
-712789199
-97892646
1731530009
607606419
-788462031
1537592956
-1493061987
398492145
982529951
1621702474
-301919416
-1446079015
-1145703370
-1982663659
-1408704175
-287285944
1709769965
-950814614
-1483824197
-1345292767
790433640
735748596
966083049
-607112400
-1269536334
181408798
-1052648329
-392160660
1372517673
-839898628
253829958
2094760828
794244281
67101291
1461942488
1770068604
-1450306996
-395941258
-236488993
2050640640
1244202881
-1943655941
1867491344
192927576
1940891
1648850573
-556168389
853155861
1760590011
-427749220
-1158073440
-329261108
487416402
1929957075
622729850
-1988206823
628164304
-734454847
2101016032
608330982
272915105
1415457211
1391700173
1074357997
-1080763815
-1849163521
87138429
-386482566
-1202447827
-1821586404
-2146422022
1996547445
-881043291
-13039983
-1642605835
-1004077153
-958461809
-1226739276
165162201
-677432293
-100825546
1055192021
-1252097763
902994736
-996447277
1571472803
1191628761
-1492925363
-876791484
680235469
1006348700
415832141
2109555451
-262509844
295811452
-2125161477
441195576
149732255
-177644435
1662441175
-825167750
2104399095
1196546518
-1008541158
-1510899662
1212350230
2081362273
1754653687
22066362
1594241042
-1988382190
-1113294045
1108213637
-1136538338
1074744986
-1709908329
-964757354
-691955221
-1750015251
-1785416300
-851447755
-1669776821
-1431068910
-674894873
1716479968
-489559529
-1739257031
1993213550
-575428992
1245794131
-571418350
-773342246
-412558372
762890895
-2070940068
-93399627
-313948334
1603201423
1019065531
-1629839962
-863365693
511369262
-1243145522
-140813580
-595858737
-1034671233
104182400
-1575771064
-2099558078
-1001995468
1159227550
-634484298
-701575475
-867271357
-759017046
463461118
-1007257864
-2133686330
-2096076818
1626082830
-103589545
-245097182
-1346070829
1009355210
-38758661
611440235
1444259698
742742288
-1266078933
-1326235641
-344399253
1706134006
1223529300
1730581648
-1367115018
-687620779
1562870333
146063871
1611601719
1433315979
-1744235906
2133728518
-1750201899
1785305979
2052598834
303326908
842076364
1334125784
-1935797781
-372438913
-1563841150
-543383901
355354854
-316626411
-2072942056
159916273
-742961025
1503364628
-1964007421
141232369
-1646076698
-1636556668
-1772317734
-50902483
-21853933
601113538
-90572176
-1447161840
866202615
263874470
589708069
-13995096
-1906279181
1952966376
1278280569
-901035605
-1819470963
-189618497
-1725104159
2019380415
1294716513
114758858
-125579810
945235957
-1905476267
-254697677
-254903478
1473062294
609266448
538250001
658908916
295339554
-1482636885
-68858610
2118489711
-283458667
1332692649
200591433
2129515815
-1466088212
1800643108
-1369696387
395129012
862078439
822289737
1860355170
-494328206
2065168143
487277574
-804155053
1283528273
2126191098
294204929
1391278384
1164496616
221158860
-1694092597
1052952965
1018644176
-787349503
-1033978539
-178455829
498538287
1704359274
-1240550750
59517870
-875852910
-1148248203
1956843454
6348976
1213618944
-1762078287
-928144658
957542540
-1843962293
-1778766960
329653288
177061117
1637930921
992283245
199700677
909909633
-317710462
1506711504
430818932
-332077511
-1344025973
82016241
48978290
1267931667
-3826414
-2098078598
622596599
-1194111190
-1112547429
-1787068527
1516518643
1136772716
1228597420
-1573008619
-1958732807
-249876612
-1420234779
-1824608218
-1018412933
-1044630054
-1282179501
-498011413
-983833032
-799392703
272568324
-1767182706
-1535770383
-1987974576
-1538344226
-1688791669
-609685150
1849585772
-38080852
-470437334
-114289296
-1164532252
-1559518599
918268745
-513431650
-868522667
1455915809
252858719
1454285253
93637455
-1584466140
267941821
741709572
-871220424
952306621
-1736090091
-584795916
-260354448
-855269581
-1275974080
811498528
2067665333
-1562289042
1234637371
-860385356
1335440585
364731340
-594205070
-760472461
356978769
-483820235
-1766405055
-1850376466
859350528
1204670316
-895213385
-1878724366
-1656881420
-1860659032
-1759405156
1589302849
-1402237857
-1536437150
736828085
301572229
-186487190
121911920
824040773
-693207423
-174340779
1759585107
-1874316329
-1495709047
-432705310
1586879948
-228726725
-608146380
-1111432717
-1788720716
-1942183475
-1693146801
-1434787214
