-1906475091
1961969352
-1578986142
-944733740
2021381545
-1213066470
1276361318
-505376327
1736250210
386418104
1546282315
1521206437
-1871323954
-1316875572
-463537680
2106236449
-232564723
200819489
1580519732
-91031254
1282097067
1378816796
-667394336
-592903609
-699116254
305237228
249516484
1459437277
-1867188318
1087099392
-2121788897
2106799554
-1821514989
1927022521
-595049917
1144098063
-1411163302
242801505
-1106238087
869642553
-439924773
-211300006
-677179103
1708284258
-1217723586
1531761562
121850909
1315011820
553116534
-895503530
745668720
1541901903
-161890817
587960829
201990945
632229676
647425126
-1180211865
-2063108507
-507457118
1157993742
-1363801266
96012796
-1091667233
159792176
1284481020
-1628381733
57285368
1491591459
2134707270
666405642
-90247683
-1642452003
1365900984
-1439885617
-1414751672
-2078904647
81839121
933385228
1982300181
800096378
-939085071
1498445541
1372974679
-334712177
503783120
-1848328539
-515157815
1418225560
-406452686
-453486110
2076158786
-1481175512
663941144
-1665210146
160626253
1626178508
1546103993
-1494203857
500248824
82977868
-536482446
-211329630
1191525356
1258817840
-2080249862
1537902941
-1611279938
1240481157
2113370329
1575963971
1187590275
-387716640
1384806682
-1964072805
1942046889
-1556693853
564804415
85218803
1770751236
1384190590
1822122868
316596546
-1254326233
-1826249928
952798984
737336396
213990133
-637618513
1071480600
1387785546
1158981751
607856157
-2103461236
562754505
522298094
2083761564
482532167
-51666990
673619500
1401246187
574225049
164222794
1374792479
-465183118
-814026504
712609180
-1113546578
-1527529597
-1821942544
-1810239084
301628871
487767266
-817191593
-475589234
-1976280904
-1753524089
1719233220
-1279560241
876965822
-746924638
-554558400
-193396430
-334287141
-1153553442
1579524926
-194541562
-336118036
-1662883095
-469083448
-1919896266
145682938
-2144775628
-368392709
335541674
803512527
226042103
-830162507
-464588307
-1434923572
1874518647
-5968500
541949456
800727290
-1977959797
-1531566079
-1084349491
-1843883682
1759639131
45775348
1980672750
-640594032
-1445272213
731397467
-1626979345
-204061298
-1591034153
-980694226
-1529267998
-1139982387
-1416751392
774511781
-85178222
1999639441
-1566005082
-1471165531
1771048939
-1151838595
-69109705
437986935
-518052455
332823405
978358472
-2033759558
-1485845522
916285571
148104001
-2094433381
479485192
-1802970496
1320487166
1911629634
-2047617742
727066964
-1482559789
568217487
-344580214
1569473015
-480859055
724126213
-1609168668
-620172935
578227015
227674886
937753838
1370922328
553288587
-180588480
2141909396
1112515857
-1686786310
1155677799
940516518
1447569657
397965756
-1757755868
1977388982
1799512652
-756510004
318989388
1421817414
51198086
330555575
1544769877
1074115107
1180622833
-2035351901
-2087160827
935633419
-2122166913
-911211118
1900161899
-831529323
1044878297
-1858722328
-503692269
-304637614
2062843319
1425200426
1176210548
-256521682
737409393
-1500408824
874036397
433753884
987245014
-64515940
1954391408
-1580441102
-1439944644
243575028
-1134568898
1369131152
-674233384
-147615283
1257458388
737436488
141158991
42935713
-783646748
-562725511
1260283276
-64020508
1200713480
1662420093
1182313172
1733216393
-997385741
1182337220
-612698345
770986954
-1306956567
-1035195071
-1821420409
1892153897
654446704
888514820
629581166
586550449
187310663
1335279399
-1008924612
1634175361
1908541847
-1819389714
1498933471
525399178
898226792
-955814359
339956567
-70289257
1178710
-415889443
-103195767
1229493389
366151812
-1260803805
1446489682
1874909428
1360073423
1320704591
-2014011425
-1818068555
-468856250
-733867437
1472613179
-2102085595
-1152361254
-760259995
147035944
1435593025
-1845466543
1056180192
-303025101
1962286139
398348928
285814887
1128392706
203597109
2017475257
-1214268336
-1939949072
-1404104629
1821386369
-1333839042
-415705893
-1923137321
-213000314
-1611997425
-1113181636
2107293935
1276307663
1923137785
-1939905929
160662834
-1186598603
-123349777
548537971
-2033276732
1854830865
760426313
-1645687187
-1821481578
2012258102
557809827
-919334391
-347288342
161761569
1860824068
-738503254
-1947532266
-1170597265
-373712062
36786434
1821444487
-1965822066
305640869
-775337236
993412616
727568311
-257975093
2063982200
-913609148
-1508931045
-1841589302
-599360185
335706249
223244892
885142683
-663076071
121219790
478801982
2135644085
1655959204
-1694825225
522507934
951669240
2093224871
1162971990
992523682
299740364
1065081405
-1337313931
1067424817
342801546
445374326
-1978759918
-750519131
2035661082
756550435
90376554
-822236993
1462975708
1347579632
-2139860294
1537087707
796020171
-402881864
-578741758
851276388
-1423944480
449794580
2090377483
-88276599
1262659508
-608145611
-745501013
-452257232
-1060599704
1713553139
969263944
1997509675
-2000502840
117404197
1148199322
686249641
678966702
1727316019
-1366775884
1820894958
2088840100
-156420376
683619396
-749654458
1686699469
-1378110580
50029593
-1298535626
888180228
1456822577
-1649806363
-1728282123
-1366704827
413407309
769618500
-1866948582
1564907339
-1677616247
409308668
-144742506
-1623387013
-564941353
-44530554
987108579
-804612608
-1245680182
1145992397
522212477
665878582
-201203167
1482332724
309722001
1773508427
-1878670428
-673532962
1026496500
267256355
-237006797
1444748328
1414302550
-704243844
1717582619
1087526010
521315766
2114607443
1896353451
1629817151
764310296
82395781
-1858301177
-461385167
1983230070
-560870728
-1812623813
-71814439
-1352885261
-300170117
-2102300270
-724918442
-314829738
-443188821
213043240
-473200292
-1175077963
1290021400
495811262
1198373247
-643100304
1172000873
2099510477
1153333425
-996690079
126406972
1856091869
-792965623
-1821485487
703756433
2130788886
1567970502
1513805229
140732776
360859927
1604742802
1661196920
1898865575
-94625274
-2119903734
1049674115
1756628033
1463252455
1022350717
-2041018148
818570133
-1295349455
-1520392717
1911643267
-275401197
-359073378
-607470991
60799587
-4730075
479266114
-1304495237
-1239457408
297190987
189640415
508081882
-525369236
567856776
-1671015561
-1113372769
-921774337
-793350148
1168737569
-866928025
-592724154
-1112966190
1303002912
-670961185
1175933371
323629659
-1159477455
1612779402
-116778826
-442899589
1277808675
-1792072510
20711204
1368174915
1382003117
-145723397
-164059531
1687836895
1204472187
-1643468209
-1150046246
-1156045390
1778473353
740895030
1735492784
-342068545
-642222156
-1810179948
1109015095
1322147402
482927246
-693677832
679816327
1946850238
-1410609295
1340640802
1727417539
-1234153519
606995926
961219014
-811229554
1769472742
86563815
187580047
-1048799043
442971569
-1376393134
-371468442
746347854
1930138656
-1261732513
1479282419
-717554535
-1939783047
1031618884
-627965085
85276613
-2090409793
-1426229321
-541916565
211121788
430170202
-726609723
1146622349
141026274
738988022
-1020276510
-1078380902
-230758718
271942058
774776384
-686406537
1569351946
260321117
1743880035
210317347
924295801
-2076114587
-951666955
-2126892552
1305893526
-1278731408
-1065522986
1725839152
1566299619
-1386966105
-706788233
1408001962
1200284243
-458360816
161067112
-780155922
1431025400
1163806259
191206190
-2052710546
-575300864
1281177856
-1801300646
-248644850
-222853150
-1383591697
861302998
1494811622
2037136083
-435471767
-1462165118
-1443808698
-434542209
1062565478
1359874814
-1164245766
664866293
1971480918
743761865
-1658932018
-819528222
-626740156
-572746358
-1165476780
1310474497
1010170937
-1960176978
1671700452
302308049
1937081310
765018418
-1488133661
425982857
-1159447708
-861502783
-2140377272
1401277513
479685288
-852655615
1846104156
614288017
1829329297
666549545
-286285376
-467671306
-828269892
-472734250
352459188
867162898
296016987
-1326814689
-499147370
-327062852
-187276454
1023130342
-1756484697
-684293000
1125356738
-312597647
-1054597867
-504400591
-1680592542
-1507473864
628425781
2030478117
-704632917
804295424
-1407735025
-1546091488
-130670628
-1190639064
-756091361
-1621605652
-1247009186
-1504648894
-499667110
-1488664569
-578414480
-2089756
79265134
735648150
-1173113082
-443255872
712608590
-1072806247
-1474133010
-1630630158
-1989041171
-80457376
1118686517
-1764623463
-21576119
1795870014
251235016
1384571304
531002794
-1864817797
919269981
-1650469890
-1771943381
-141446258
1278993811
-1580986957
1398113657
1779057291
1792319063
-1282428748
385396698
-1845006886
241778058
-1807689327
130253169
713037097
1341071328
-50226027
545102783
-61280349
-1386734325
522993686
-1222453395
338149473
1103107351
-1930934257
-1533531576
-1265574368
823881751
-1135335701
1840933260
583598645
-1134857215
643344291
1998613604
1693487805
-756575018
1317037322
-897690959
-1281565672
1117332230
-872488345
1328542730
-1137250921
-1034355695
-1967646396
-615728381
-669053581
-1017831055
-690843515
487602
939456512
599677366
-1687465797
2134948974
1386503715
-631488525
1587825082
-1990501414
-27240703
1850238296
-1749353112
365778721
-1031816967
1611098400
-1201765417
1054455170
-1623487021
-1958663507
-1235665770
-1517128178
-1262479815
1489467888
-1357659836
-1359294288
2027688037
1504504334
-658772635
1377698670
634467867
2082712128
-432795784
560934893
-2032523814
-2080995078
681285448
-334820038
2139695950
955024719
-2071734910
2109501895
-1788437752
-410414445
116957319
-1557071437
1181529456
1386574401
-525471101
719015245
778716409
679200799
2032194750
1725221850
2016701335
-228143969
1770728497
15244950
421745517
1839743368
-1787872420
1276016632
350009035
1270516949
1836641622
-1237613766
-265653417
-1411506723
784350757
1725188120
1791663241
-1003126605
-1252436913
1232242391
621396316
1493484495
584327089
-564244344
-2050008766
-489745427
555127182
-901128307
-1009808297
-631786955
1025098218
-1445727140
-1877685543
708421787
-1799121383
-1957905789
1816586200
-2095325048
-1801732974
1316321771
188525353
1740472250
-1900801528
917739616
1103105696
-2089767065
-1458977861
749973328
-2026071427
-296210008
-1339702518
2030156242
93492518
-1189189355
1209556557
1709678314
-473892330
-1407011156
1532302049
-197944309
734227477
-293318154
1907420291
681333724
941659817
104857452
1259800033
-158300866
2088284876
-1240970986
111935086
1033678478
892019422
-304734860
-1319995019
7414055
-1071293988
-1163265886
185596529
70732074
861700562
-1361839178
-84757861
2089627008
127309198
278632044
-1441918013
-1469420512
658432406
-1887066363
-785564573
782382733
1548558427
-889047957
-147353360
1105859234
1694868909
1983456920
1362433651
-997891183
147606897
-566255303
-1650105768
-1221460184
1940595090
1886774414
-1128975482
-1510845610
868805429
543676563
1259079855
-1273634834
790307632
629712484
380389352
-1750529878
1013052859
197395421
-1443509381
-1082031247
540298600
-194636416
964945916
111994588
550312272
-1048245605
731725722
-2141512458
1084899982
-1155147862
-193136970
-659112381
1008796913
-1392004359
-1222500935
-1917216509
1477615340
211302285
-1479842782
1865148599
-752382767
306991684
-1861064483
-1159659036
-1096367298
-424125125
-1476707365
573339158
996252887
-997978769
1937892574
-1414073305
-1719374027
-755165530
1786315668
-645240639
-492373219
1003858319
-601236249
-1566498016
-1820906508
-1211486168
509045139
-1849949668
554424946
1136389215
189479416
-452989594
-1399552362
-2004591364
-575913167
-1961156847
-1980351271
-2053141315
189589860
-944307884
-97183066
1879683010
354343771
-1711037298
1686971912
1166979883
1582338899
1903563145
403991717
126919423
411144468
-1901921278
250322410
-1053554097
-1674075839
-1531733656
-1700686713
-1439714918
479249905
-209018908
1388413726
-1016111245
1624413309
1871425945
164280374
-74481823
-147776357
1918351404
491531637
691131142
1731505323
1945433222
-892512754
1183420802
415696721
100779736
-1613701001
1182767385
-1805263293
-1761774881
-422224033
1857394450
713139811
-1029544855
-1727853089
1421429218
15538447
1241626647
-881515793
-836288118
-1632438600
1657277539
1795188763
1435419196
-974332239
1292885732
-113244299
2128522564
1234128969
-89785904
-1395866419
540906533
1875650843
-1108822589
336729631
1034770946
-907135837
699601854
427282252
-1594030272
2108006677
-2091846799
-271690483
1251062632
585526633
-477500996
441879332
-1397118639
1106715834
-1465615501
60682707
1758144893
1751087824
1897644129
-1392859502
763522755
-833905157
165524111
620379131
1730730286
-906866142
-1685541434
282172680
-699833563
1356409114
-998055087
-1962184831
1733608651
-1733071812
170837510
2073405871
-19273304
1884130097
1043051143
-500805803
1897766024
499131407
-1111337019
251300320
-1020883549
-1086130007
898671557
-1502441507
-1124002050
950625570
981547174
1832914858
55599888
1444359107
1062645218
335810928
-2022123097
-971658738
1674781140
-1785428912
1812592396
-14759149
1141432185
-1175393572
751563109
-1070314751
1139350650
611375816
1094176858
644816895
284300137
623789024
-1016669445
-472114116
-97649077
-1353141700
1055948769
-340255420
-775375530
658374579
1761352594
1718574229
-744884741
-1230493555
-2025963222
1239987570
1432262182
-201902213
-51418826
-237046794
540747715
-1822851893
1027877603
1167556971
1405538436
-1326218025
281895767
-1385758244
-1316660767
-638811714
547942238
2020194024
-2002535072
409672790
1842469705
-1830896680
221950230
-421928863
912862482
485650164
1485764716
-2138458114
-1396790076
-1313498095
1224703270
-1405343135
1316179737
-205243282
-456297311
-276409914
59057764
1240981441
854267227
1670954146
-5309007
-139521396
-457072456
-469258725
-1702624726
-621521484
-475544317
2045931962
-2041438533
-597394605
1489869746
547337823
1901850105
1516076236
385075181
-409983884
-895130049
-1073996256
781678929
409445221
429696026
-905973121
-1349167376
673251919
-1197836570
1293063714
987862684
-1845037065
1405916088
1265119575
-1676426139
858303997
-86666626
-931358499
-2123825569
-1246803120
-376628891
-1575903375
-372791128
668807652
504158842
717778088
-1619272280
30860194
-170047597
-839324417
873733786
-622804320
467607664
1929883440
1379534923
-1849941870
717045532
162251462
-975499230
394350975
1317291673
-711234573
2108788064
-1208240713
-1984686149
3129505
-1283550553
828894979
-654757804
1190953670
-834053184
784577822
1929009297
-2141533188
-335457384
1994521956
-1584840029
666525264
170653323
107833801
-448069471
1282846297
-1072163612
791556876
383218860
-2077623668
1822701988
176685611
1184702291
-431356977
-1505871486
326593817
432599097
1870609227
-241291725
-1935799634
340262133
1625323909
320823787
-1670950434
-1863105991
2135593648
1270738722
1665120301
1733546805
1387027516
367532187
293258082
1550850877
1368717234
1539218849
1931215482
1341724072
-69503293
139431571
42082783
-1690787845
1427385501
1678468515
1194495705
-1450161593
-1778827136
174876634
-1225302460
1969899983
-1070508655
-540765602
342387331
779383277
-1959240722
849778679
705944756
-384346315
-1059332351
-660426033
67736869
1100611802
83715353
1381518969
1573922565
1770310736
1952625718
-748040652
-939435170
433874739
-628813788
-269487249
708276034
2063074151
600688074
-287397744
1255375172
-1186715265
1774163907
-1616563216
834200106
-680145566
-1770921939
-1653598422
-996131616
1623689515
1304132545
873668245
1314965934
320152145
163107364
1980130574
-1648557907
-12075769
926519164
1481199610
-1625063562
684155365
-2108169403
-190134390
1319900701
1892465096
1698977892
86388545
1470377821
-759684107
-1200711045
-1476861261
-595785708
1094814340
1558494335
-334742898
-1742640655
329685243
-716712824
881614302
-1478501013
204683577
-2008153880
1631871884
-562985228
-522552683
-1766380930
-874739673
74785646
-2125183162
1461393483
-2002813978
339269598
1855360004
827107397
808979693
1965344862
-1949911569
1383547243
-2027376177
-641488296
992651952
2010698521
601012308
2038810096
409902813
1498150301
1157307515
1882069698
-1761120607
1677393929
756501441
-1885299763
2110741660
-506583222
-628336477
-1866221906
309680904
414448249
-290495902
1821809168
-1774894308
-1358638991
486421765
-1832849566
-338583884
-583599455
-302815836
1979186123
858646577
-501034718
-582390046
2078301274
1400005790
1534258187
-2034986565
886231426
-1349452781
-1328669180
1448312447
-77738555
479507550
-1559362535
-141358563
-758858834
194752991
1387151056
-163482716
-631689469
1022747314
248359036
-430834169
-1332120261
752924691
-371450669
664396320
532887853
1325044222
799319486
2010897655
-851431926
-1844526826
1124934000
-16261565
20837773
612713159
1306637754
468228912
52540784
147823534
1267967132
-1160705694
-1113911263
1524528183
-432515554
2021131833
421622965
-1170089081
76458848
-783241642
-1461585379
-900705123
-979505424
1972513118
1137916310
818876851
-1948060069
-469111299
84401254
-1638399511
204818694
1174389293
-89141052
-798976731
-1932042178
1294138296
-1111270889
-577873356
1824674956
1844233467
-195923869
-1741366475
191794253
626747884
-1054465280
715807798
1935687554
883355997
-1274482036
-338206689
114812133
-1865447807
2045138466
-1841358898
2071190588
-1561692497
1379983307
-1896013949
-527308304
-652556442
-478038988
1259810430
1108629472
728672400
278612385
-163078938
-820523150
1537951498
-878403039
1766843373
-1352384277
1604633444
-642681597
-1926202320
-466326528
-1688710939
394197896
-1500135837
-2037064275
-1629830959
64247001
-1751143891
1481930564
-728891923
1324397883
-1943750832
697160392
-2110505918
-1924082560
-470936308
-579725189
1268769057
1119375296
2104359877
-2106385995
-466917529
-1878855095
-1739131677
-1250704138
756335618
1577916883
1552235769
1921206078
-963899725
-650008073
85566504
689467036
1073574677
391070434
-1011380027
-620223995
102411741
1785573189
-1966208967
-976551321
-626484638
-21512817
435020329
1918077180
-1084648352
632092766
1387104726
2046244579
-2109361672
489812530
431813061
469936619
-2078402054
295508067
-858612318
1085909682
1581840999
-1328987819
-1119558048
1761708014
99083056
1845914089
-1498358619
-1895476470
815958340
-682338762
-482185883
956879348
-1523829303
1255803256
843558092
496515637
-736467544
1665681736
1811114849
881854785
1778867535
1912905741
80836968
-61239792
1516483761
-371354958
-21939065
-76679188
1191583633
1004535192
-370050133
351993484
-1011288576
351325390
593659180
1906407266
720978212
1431143295
648155950
1677159473
-233615302
1716078251
-584674742
-1996716319
1392843229
-1782358246
1835380334
944301718
-363926136
-449878388
2111588865
1135325694
-2107688616
-1026124747
-746831030
-1150289174
-1378981866
-1568875417
-60380142
1892927264
1097603957
-2046044271
-1927325817
-593079698
-143702377
-1701796761
-1311710622
-775954942
170847445
-386320030
889624908
2069274873
-287209281
1070651755
62120317
-346444235
1413308257
1661116370
-373880922
1446241139
1974748104
-475768956
746559761
-991545957
-961966396
-482668163
-1721849083
-712380838
162090734
1192111739
76133486
977317613
1922299116
1211420659
1799282109
1084312640
1478623219
-682302392
1761864461
1426970679
-581472627
1724531258
1407657095
1330670666
-2034829412
2120189852
-1606688506
1436649815
-847163490
405385034
-2017290499
1377050803
-447939023
2041746008
-456747112
-1315923327
1107789785
-961689458
-1380329439
1548315975
909701121
1580637204
326725029
1395202749
-1217472705
-1739783063
1777049302
-178084376
-112936484
1244847257
1381150771
-766847384
-489483630
-1532376913
381537893
-684598003
782722455
1243971175
1756609260
878325167
1459845082
-1676843736
1221140218
681747006
-683526516
543408432
1804511391
-28886249
472191713
-472392176
140596773
1971130521
263509527
-223613861
1382650813
149113336
512569783
1949206170
-2118381734
1561079120
68849690
-602730110
72967900
-1795252995
2110122286
-1309447320
1257772145
-1832806871
578985849
83402484
1851145528
-1844935515
820947294
391089429
1166493222
1429241852
-495613281
-1377189324
1049318189
-416561723
703259171
-1134957909
-1900211046
-252050119
806981624
-1918985608
-226195778
-736014332
487634842
-1197122515
-377255984
1048888415
164110965
-42255573
5990417
741557342
1464452776
-440451825
-1988569039
1251593862
656832011
-1287750037
88463857
1126845346
-1730676365
-1041701192
771200777
-2092898858
-1861018572
835233675
237519435
-518046476
-1087345690
295041799
164325127
-747238386
-369446804
-1373383278
1091390129
2003506251
614359089
1702461131
177489089
294805758
-966421323
-516405829
1755656410
506411252
10502983
-634665910
-1323671762
92426509
-573522413
567698931
623814432
-1758456819
-1070546593
1035150779
-770408406
354620340
203657489
771798879
-798276352
-1342441717
1097722484
1182371788
1159922933
1449228800
341102139
1033863379
1954645918
-493333963
441476805
-1367811044
-1107204428
1609829652
-720335198
1409831259
-1880202690
19872550
-1771783339
-727188542
-902802705
-1295352667
678514779
1224954550
-1024958772
242697039
-474440084
-34410044
865752081
-7578244
-132246784
-1388811306
-321499563
567254642
-76653548
1850187169
-688584212
-591317000
660571181
-2127678623
-1296332404
1531615528
782781085
1501648328
1390473778
-1149507959
-721535996
-1320897997
-507788986
2032164700
-457289959
457003550
-754335491
161694774
519834026
1817572826
-1558683906
-1790700850
66023904
1004660349
-1597421240
2050108184
41570247
-1243188456
21591378
-283823726
-1308523762
-2006807249
286193011
1560855261
710897930
135215205
-803979133
1785154702
-1769943296
-376782473
-577908797
-920051898
2139966627
1955328107
-1547618567
-1705374209
-1936596261
-1227249144
-177005857
494481065
364563144
2006365320
634628541
-1011118092
-1098424059
