1411553448
-1522599347
1359446638
-1998432269
-954596043
-1602973080
-552520820
725388789
1566579553
1832449846
-302564865
1099983397
-952054354
-1711026153
1414179753
709810742
707167563
-131134141
-1068104297
860427426
-135890793
383931901
1129173022
437179394
-912431640
-410343928
-1901797056
-928746592
123123335
153734746
813162835
665174346
-254521857
340839695
-2061896220
-1696360344
-1804760681
391327904
1342617304
-1210607024
996160540
544275028
-1944333868
254449625
-1487506973
-845696011
876543966
1631551534
1200679181
-432886585
-1598344892
1115547876
-313218548
-1098018379
-722857028
1546945357
-483353498
-1127492403
1517115084
-73592050
161903544
-1330997266
1301107307
923843054
1778348286
-1603662144
797504488
1662299377
-1110084591
1100385251
972887307
-86727003
-1419959952
188263786
-129523335
857844410
-469360574
-612934518
724381276
-1319047464
684897435
-1272081266
-1504843709
-364905299
907557374
1939940622
1214315334
1807769924
1131299362
2007425887
620484973
1283358109
-1532339207
1297350477
-753073327
2084326521
-98384147
1696820999
-586664188
686961012
-1856858516
-428759462
-293852883
-1791679143
798886310
1285557538
1680354423
-371010639
-1751245931
1196747004
-1127584980
-486965859
172396349
761507392
2009437980
-276122139
-1331037131
708111406
-1601752125
68504144
-447504539
-1757132698
-2147098966
377744949
1701245968
-776061539
808532493
-120358319
1982945556
1722716557
2124635581
339531227
1943684720
-238307795
914223688
-1075061546
1034082055
1123715618
2069584470
-2062690395
-1007834461
-1066849163
-354513323
1536645092
408183868
-304687227
905088600
-1597337996
-929019784
545912638
1752469052
1736732376
-959463307
-1043009910
605175820
-1947716673
1923794118
-618840057
1272438950
1030101217
-1861978948
-1251996165
-2021660002
613637645
-1444389402
107619716
1246794593
-485038205
-1110034470
-693565165
-1217300835
-61927554
-619243468
249409051
-2023353376
-1567982315
1935893214
2085675524
-1912601985
-403237821
-2017396079
1337231973
1743126457
956781380
-1191873124
1440494706
1224424219
826257698
-295675164
-852842573
-1547401947
6476174
-1077040341
507080695
329204781
-32726541
-787400044
1830457991
1652052867
1379513288
1279237734
-236723555
-588304171
-214341595
425833232
-29972202
1068768213
-1436630887
348913260
829264743
347474968
1907157306
-1743556025
2034638285
815767873
-1158033412
825053985
1752820936
1735422302
231890246
1742751536
722454985
1676827025
-1173282366
1065931179
-395102423
-1751075598
181505396
-1970028988
-522399907
1636933043
-1384709106
-1170915083
-1518017688
558865541
-1272946047
806079999
-994243440
-527144389
1599457751
348778031
1805952340
1790683052
1766310719
-1225616542
1375165852
80654300
-220982935
-1687703220
-1330356686
-478615459
284541716
-549249420
-1387286672
-146394125
-980722972
-1150418558
537319227
-1719440522
1907826808
-689221956
-1207115217
389218556
1741352635
1359878606
2060536859
2047226166
-1611525254
-1055080503
1743289263
1399678746
-85912521
-781308563
-1873558156
-1445415486
1241279548
421447083
1230121467
-1771336557
837064690
-1387352988
-540916903
536152482
744948083
-642549385
-1800333870
-1859088814
-2034720164
342071290
-315050029
-228033983
1641574120
-1570646586
-359856859
-1680920476
-230367686
1439950648
1917047136
-1803498896
-1827593223
741794614
-1647751779
-731767173
-1675890911
1989213040
1506317679
-1690830109
1156760088
1070593256
1851496210
530300014
-2096482305
980952243
-430650651
2065736370
-1549481141
113243392
-1171755499
810518199
356970899
-915392935
2032284826
424990682
858824875
44155177
1961862759
1167524595
205623536
1307913085
794205149
-148265030
-1087450907
745117454
-1418556032
-512475034
-1522172418
1724111743
-229987604
917053334
-1134577988
-1094217502
-247599863
1410590837
2104367609
160939648
-1495165059
-1273699048
273246084
-156421671
-608051870
-1710170327
-324725264
-2127773207
-549741256
-151822646
-600510039
-1522007379
-1734252515
-1235520589
-1197139641
-2064175900
-783464389
-882283364
2049239846
-956088806
-1067189631
1655054562
1580906550
88315105
1545965461
-354242460
1402949646
1935838561
-1041061880
-1418076754
-63063481
716235283
-1796423733
961177177
-1687899897
1640486089
-1500824351
-816579151
553431260
875979761
-1410976427
-1034498664
1013887434
-277475303
2031296622
-2106613335
1477762470
1395127733
-117512414
-794222432
-2117085275
191053600
1324615623
-1961052168
1542482223
1625961184
-1498234608
784604629
340699129
-1398054354
-873695178
-2067362524
996469074
1313389492
-1051537803
-535093248
-338291013
-2135521640
-42067527
2047601751
-1725155395
2023786937
1744188569
1723582157
-1139456777
1315169079
-1780229756
-259338273
1748080758
-1521462216
2074082617
-128700597
887656265
600573161
-507913092
-213802577
753741907
1075905731
1885581574
-610812816
677768290
-999552241
1321288124
-1566045219
-649606272
-1650967637
-745356764
-2059112557
1235655561
-171183090
-43404012
-740206302
-842992643
1852236936
-1321417045
-229977872
-1062722793
955382222
-1576349307
1386898781
1741772830
1164303030
1116504874
718956584
1088331514
926219838
-302558266
1810177552
-893157111
231906770
902546719
-799750978
-1454219469
-1455421490
-741073726
-2132569375
1031592251
-1816259008
1880624512
375985819
1986188888
-950481421
1037894680
-2049665509
-1930362108
-857773656
1611795253
-1915070838
1988679698
1648055718
939621018
2012474667
1614380806
1681710965
-669915749
-1246626115
1152526240
-1675846171
587398350
174068003
1351328442
660395349
-307603710
1575048006
68179539
-643408847
1090475376
45580090
-460923158
1475396540
-1954244816
-2070725985
-1166740976
-352466673
-820989970
14653769
1133860408
-1859366304
970921437
2108728867
1872036817
-1658356601
-353535253
-1214835121
-1822899306
-465929026
557385013
-497448302
-389161436
-598058328
-1229841732
-306838801
1985851596
193119892
1911862361
-61577071
1917139882
1343459330
-2009175058
-96644627
277806326
414220389
721074654
532047143
-1484870247
-503472598
1959859646
-812122955
1260630787
-844227592
-1331171764
-1421479358
-1765778885
-251889607
885697695
347059156
-822005705
-452554535
-997181792
911869744
-337573011
166768462
784508088
1018634108
1372297897
-362884905
903880394
-919082714
140086561
-536629497
1951929443
147566597
1595844550
-403092348
291980336
-617512003
263412700
-426833396
-1637333328
1624309350
-1129794868
443910073
798330921
939938159
-122772680
1592841861
-1047192097
-81281856
-450747568
272481807
-1108000125
-599206882
-1531343773
-455140706
658851306
-584960300
-614784071
374642534
-924070914
1321901454
-661463905
-2079569654
310916857
1482187399
-1009145918
-1737167774
-640976689
-78583834
-1305353280
707710333
-1685583893
-885161883
1220657916
649435881
1954540318
-1726759372
-514999631
-658659023
-1754066732
362368028
-922595511
656632486
-1621138040
-1245072154
2031997423
1374953314
-1777902215
1673968892
-1191189662
-704446071
-1494555235
339882577
-1423060980
485388754
959049686
-1378199938
1748506963
464316485
-24703389
-1412413651
475971630
-1527665338
-1909206376
168954042
-1802033926
-348807471
1987568337
-1140320490
-831549299
-399473146
-1679885404
-1137663761
-780551541
1364443368
-22458283
-1768894195
-911810312
-1566620575
184352398
-1113142785
-845855474
389429897
-720467633
1997354998
-881319599
564707623
-1419669725
1420532976
-264213280
-516125577
1302474644
-10700008
1077805068
-170495443
-1716857889
849789292
-1680478674
-37543751
1498500843
-1263067488
-1218172748
-2017622323
-170817417
2089688641
-1607745667
-1401573605
-1873074285
677688350
-761638297
767759459
1839919185
303634915
223905829
-2099662420
-873477957
1293230853
1776983637
-1064742191
1506187527
1659595493
-1539217711
-1224545985
1243052809
-669597393
1070417476
-736630533
-833491736
588871812
-1750464512
-2052853270
-299042028
1945140056
697539343
-1408153268
-856976009
984107804
767626375
-1662195831
1869906922
-132100706
29643554
-1182327248
-1215255062
1575685296
392347661
1911167548
781822347
-805286904
323168512
-247478632
1074644396
-689956506
-7594098
-1437281564
-98696341
957627131
-312620610
-1853955463
1386066651
703569929
-357027879
1359488938
1090692852
121747398
-1172827259
-22876339
-442485557
1789776518
2065802258
1603002489
305558018
733278488
1095869459
908719248
731014785
1199744623
337826864
1130851199
-829217435
1366552452
-1130449094
-135315388
1605566776
223946107
606995328
1781457328
-1569501342
-2132644348
-2131864224
766784366
1224503008
649612804
-1843923168
-1954800829
-1289025997
-508018061
1280823806
1229332118
-1705071462
-471366777
1739512965
1548080179
1810723458
1630295570
-1213621726
1238576715
-1973224131
-1409249497
1490518006
-1824071489
2095655410
945171972
-460107028
-650090595
1470327764
286339115
-1280650482
-1436061206
-291153514
218629073
42289172
2056434849
-222290402
-1548862340
-1689402562
-1789236741
585744504
-1381798425
-1382077853
314376433
-1313048819
-862301912
746414152
-1176452866
-1145341420
917149716
2085101109
761620009
-1007810233
1700926178
1342788293
-765134526
674797786
-955249651
1229593086
1064527979
417814952
1125121663
-1934187872
132162522
106729647
-964228629
-376793919
-780582180
-1878494786
1750714746
524602777
2084435228
-1611173524
659976361
96109722
-330677211
-1851833780
518607473
-57725500
-1297651420
-2006847138
-76532057
-1047024330
1515207410
-1514023481
-912055899
654618631
-1082689454
-944224316
718238250
-1281802666
1349644918
944526044
-603162242
-303048033
-306553912
262526805
392098265
1898037840
-644038938
2091699944
87226117
1112089499
-1804344851
755738807
-2132122302
-1668260722
-264037895
1332146302
1186447977
1242404704
706433772
1225504009
165418323
-204777460
-1990045841
108618213
1658867579
-1068249309
1090479414
-1824325542
1405693153
1461585374
-186566265
1561269144
-959533519
2107193202
-75218436
-1640201169
-921792220
562293672
-547746426
170282692
-666670298
-1191074132
-1284662859
241625601
-822064583
1958429220
-241092553
488085453
1485504536
813908868
61261982
991368637
1248689055
1287177120
-2103752090
-299474743
1618531433
1798880130
540740405
140607554
377154746
1196870269
271840612
1283820547
1402064287
-1236022910
1819263678
-1881906714
1276518740
240762801
1015551878
-1770406278
180908005
1382681650
-1959605826
626830578
-24968681
992205126
-594224986
-1820097953
1634504328
-2078921576
-1169237886
-455092191
1606817044
1555179737
1040045728
1002125723
1093700730
-534293365
622328217
1012168997
367871551
-2118321637
700211670
315154502
1147546833
953742645
-8253866
-714887390
-394706960
1242923348
1372178861
1612816177
131396425
114089367
-1496095921
-656581327
-748072093
194697691
-938034930
1500851805
1338774718
96575749
-1184541471
-980863777
-72617671
140530847
-715021594
1198851970
911341492
37703078
321192873
-81882965
-151670283
215946913
113131174
-933271415
-1298971441
-2102103307
-523888372
-1452466549
1463873152
239929207
-1864362813
-1762122222
-336361637
196966467
-2015781968
184572519
1886906534
-1972170805
947526455
-1478930961
-178168379
1016087346
-163916799
-1312302947
-586447977
2073864154
-951754242
38115751
-1076872673
-439996869
126107821
864968828
1551404135
-1401244170
-1249849446
1961275636
1291432608
-1979822295
327064360
-1287006519
1157468813
420723973
402386320
706821189
1841848866
1829899676
1690037289
-1685194691
-402435992
-753181953
318686441
719898429
-1576118109
1943406984
1255190571
1571546116
-151411787
-1857349773
178309810
306017074
23665604
-1683926605
-1210250259
810055231
749409818
-1432976893
-1990140804
-1900185169
1869952845
-1105925574
-581431054
-1754041725
1028191647
-1084972829
1578126556
-755728654
-1078764121
-1428315380
139399682
-141984168
1437728048
-1145524386
-1033699348
-1068321681
-675211168
1584021101
294324135
-1821709380
1085639964
808725585
1941346249
1811270475
1355221163
1104144245
307102897
500257693
-1621789799
899430574
-2015186669
-1750223135
-1824606243
-313067377
-1298482509
1959657570
2135442749
875316731
1881419632
-588824767
-361629711
-597028358
1379405443
901458019
20858246
-306178864
209033736
-1838783572
-1755982843
-555646901
-2115846978
-1758857108
-1364533420
484377437
-370767862
-386233063
2091061467
-656084247
-1101066687
1570205247
-1793806998
-747459615
-960226010
1452708019
-1739702951
-1881308528
593271985
-823000306
992875248
-2059218124
1067750930
712409689
549540617
-667809841
-664918283
1077552645
171467764
1401988926
413656326
272455453
-965155174
1959248266
1310160310
935823038
-730620444
-1066709635
-293642689
1530156998
1290201181
1585531768
-17608730
637349834
-1214468075
1771553156
990803071
773219150
1740436680
-147463002
1236500278
1702261039
-1195617216
-869923978
-2118744693
-149880476
-1946143497
-522517006
693953694
-1963549979
482899711
1527617167
664778412
1122321642
780717862
-824555375
31562969
212174680
-1344655275
1684754331
-191831761
-1655538056
-1144068296
-1395811191
1966814438
-278727191
-486912989
1513780093
2032701157
271892183
1864838963
-484716745
954658440
2017113453
-423206220
346236330
-1618409820
-704566904
298911682
1462723019
804656327
-683434324
-1351581390
-1925699925
2076797123
-7727301
-1804062542
37859272
-1574674323
1618173667
484139566
1673388703
163437474
540346456
1745619317
-1628150395
1151757450
774967875
1473590812
911527862
-437729248
-1895012487
1963876770
-80525650
-308135183
-122638736
-743244844
2015435959
933701155
1851202542
-1833182862
-250067773
931383481
-2074002174
1238264083
-87445637
-219555564
1990192183
1773130309
-422845033
228569788
1224205831
1923638008
-798461073
1343102048
1968615566
-1075450085
-90441262
399895067
-639513985
917636743
-2067400682
-660144136
-1972021925
1178281244
-1379753104
1059485880
673623775
-1895939799
-302358651
-1337330478
1943186877
567303185
-174609344
292181434
-318343793
1415444778
-36856602
-793745051
-1609755128
-1779392792
405154918
-1633531379
1809541484
-911686086
242287349
-926910927
1446438465
1700584499
-1637842726
-2037521185
1091262534
-1003210259
510403206
776903221
-89213788
-1138805079
-210988569
1367113764
588348771
-205801413
1356265725
1521125239
1556965407
-1253579356
-37590612
-611691245
1374370810
-247799808
-801411372
977862528
72620756
-634018398
471276190
-1917083480
-260986439
1786545021
-474470887
-266551331
-1463563109
1263253701
1968043524
1554503712
-1435899584
-161468203
-1623287571
-848265569
1476978045
-1674086573
2011828858
145157503
-648653660
-602387823
419858438
-1487669540
1428457530
-802721738
-1162206609
-407722995
-783124499
1575137309
2005973293
-487717588
1656599748
1284905340
767072935
-1787956012
511957912
-436341176
2094204353
-1438264276
12860098
193597656
-1353045831
1107591972
1122606869
-891473976
1818736947
-1688921858
529497102
-798102497
-1480296047
-53206768
-208346294
1037845940
1272594312
-344629305
-299696329
-1528718899
1084706800
1142055919
-342620914
1576460296
-2056576038
1769629744
-1266494976
1831293310
766634727
1457539291
706389935
1447288356
-421175593
17535462
507624415
-166849419
-1092699040
1132325173
-659517587
-432578739
-815860416
1645107483
-189579137
2021375512
588214165
1871724319
628182012
-1343399125
536798828
926147330
191590974
821601393
1454587799
1688926720
346469126
788449866
757230274
-419718570
217486512
1407109295
930192840
-7314684
-1404556633
1218666137
2122023490
851237844
-386756838
1494128547
-1693243295
-1126608486
-483867665
-64893971
-1509764355
663335612
-537645320
1414216260
354611437
-1040764940
1826497892
-657416065
-690563176
-1124293292
-1931330953
-778013141
1275204300
1841434506
-760593027
-2060866198
778198478
776180069
-693087493
2004098583
1533516209
-1341862505
1223816488
-793641170
-748399381
-1845913412
1755555739
-2111499669
-947472347
599345051
1477065284
-2135398864
666037329
1973558698
713783200
123326891
-246067711
-337207337
-1100580312
1177325367
1255408119
1238814597
899114250
-782198525
-777208072
-1621913132
-378440677
286305265
348446949
1014679333
-306866421
-1924983616
-29419253
595515100
26938329
1145547628
-2121576519
-1232817305
983739529
-126902060
-1600484590
865049215
-849026028
583139997
1063907109
322049454
1461026464
-1256580778
347417402
1949302544
-1636316943
759891164
-1294866322
1320521309
1336980254
1857436416
1505430914
1636020774
319548039
242797670
1282141167
1521629534
379854598
36541359
1561897533
413962524
-1255282844
545305306
2127724436
2132155038
69728526
1874002663
1828426899
-91267696
1756014343
-1896719939
-86532769
-1373267314
-1220813792
1985333837
-859602689
1774879207
665584743
-1801764106
443523559
-87420252
-1923900964
-608817621
2065538002
1913710024
-984594326
1544878418
-1952740652
1886743000
1390140693
-1937922577
-1228656721
-77933923
1288074351
-1749038847
1575781732
1680654631
1640012880
-193160020
-1273193459
1201596437
448355525
-64223209
-1904554774
-158584812
509566024
663732631
1127062456
-570089307
-32271567
1714679564
258595145
-422211294
-1500560788
-1230051189
-626533551
-1295653374
-2073681556
-1673002691
290708861
123493979
-1851197601
1455913606
-1711611959
1327969704
360453027
1219495272
104240658
-1679778356
-742893192
-784042454
1504722154
-112601770
-1461398795
12750388
1857775531
-1431642618
826408768
275120189
-830006322
1605932944
-1350610951
-346746201
66375037
-780451169
877038070
2076869673
420090213
418099228
1112538421
-555313490
954931153
2141036719
1047382030
1137403004
-661043980
1530009733
-953443928
-1639521384
1620212357
-1900762284
662939565
-1399899287
-31267183
-1380776805
50383681
817647771
-33264756
336474158
-760153809
-470570170
671348136
-143038735
13273445
820648782
-434744983
-325950493
1209663906
1873854220
1170954105
1035699550
1265981293
1408847917
-492338760
-174047588
734846280
-883434790
-1613152873
-1764713091
-1203679451
1489388313
2034274214
493414534
-567692775
1611676786
605346922
1401329965
1718287183
85235669
1339943540
1973171795
758035006
-1707930693
103969198
617206545
-1473969634
-720643446
1811926007
997733814
1095888535
-2094466243
1464048370
265349904
1076666299
-2021742524
827946779
1485687275
1540553014
-265586520
898366490
1463724758
-1098714940
-1078040718
-1766209957
936138796
263084002
147549517
-1697368610
468449874
-837481272
-1946316694
-2130245045
-358185923
-644036971
-1570795869
-1665848247
1548477494
-195235636
-1115519518
-1788332017
-2107507487
1590184447
-1346617660
664116538
630958714
-1689962039
-1507000968
485844961
837048418
622924288
-824771347
-632027418
1045490394
1020899115
-49285076
-980835442
1150222605
1266428978
-801675775
-1378427308
1299698515
797875540
1646414561
613418233
922497459
-1561983396
-296237817
-2130897441
-2030868822
-517406697
927446751
-505011049
1185874474
-1915567872
1297560488
1990783928
819056869
1167162685
1261736532
1512953842
-1643609142
890655182
1168067250
1356806242
-366556209
-568578301
552468686
1495810087
-636228111
-171018705
-295738729
-1724607180
2015236984
84885146
1961409474
1173629031
133945983
1722316219
1459577838
1946383067
37218995
410144422
-16225527
-1136020359
1614451291
-164842301
-521394191
1898186709
316780439
-1234127424
1459719518
386752311
-170432020
-285600056
895445246
-1977565450
1708949503
2094565620
1323299041
-506181364
1212362144
-1575276287
1694843671
-1021252121
-1977356790
-1535084989
229882775
-2144086403
648388200
-1830859558
-643742623
-1862018142
-1589197669
1620995874
-1297677337
-1695113571
-1683096006
-1025426833
-468382295
1013323512
308534234
559489786
1325267230
210807191
-1455903602
-1473907947
-613776678
-158655221
-616759887
-1205974618
-1815897108
393019175
1935397602
-360903726
-205288568
979718100
1175575119
-477643272
-1507522843
-1443986143
447553846
-1064503328
777085800
1630944414
792005801
-136746956
733824770
1430138345
-304964975
-1472914642
95779541
125907593
-1316147468
811726994
-967588835
1698723578
-894406278
1093643487
-999430323
-62248696
91488044
-1253543488
-456181384
961296224
2143679615
1142778312
-986749966
-103090589
-1717202031
-2003795105
90127927
-1770209731
-1098151246
-345696522
927916554
1418253878
-231629019
1549776001
1126063585
767115591
-1209810906
-1500457946
1671211392
557072368
-1516190161
-875733454
1336852707
-120874168
-873373066
-1676460468
-665646752
310185301
-457178438
-1899530772
-946641651
1663064733
-823874241
1352557069
1425709150
1894052093
1438914839
148252704
642246162
1812602808
1150387874
-965312956
-916060848
526007506
-1346954153
29901492
2102973965
295848863
-1662989373
-1972726144
1025996720
-1830487914
1868694225
1855090560
2013177335
1554054762
-345068212
1868354949
-14581733
24135771
858016418
-269795632
587013682
1455842760
-857203734
746897351
253073620
-789961975
-949244376
325976549
1724475137
246373243
754533583
-1378535950
1297233473
2100517083
-1312954234
1934521716
540582157
-1926278185
1742675503
-1456453788
-1629329555
-1063654942
344361508
-2014888923
1245253090
1233755207
-756153405
-162343759
-555678075
-942166911
437968172
1571629333
-1185429393
992209352
262103881
983695903
668039515
-1613806609
-1314530802
1766939220
-2146103926
546060141
-1393002239
-1253803481
-1172307482
-662608200
1290677244
1662788456
826872938
-185862951
-2091115470
1529970682
-2027184448
-1913359044
2049459567
1774897097
-602179797
-700283704
-417752157
-31469062
846953383
-1526177745
-1454996320
-1401289373
-884004019
-805237882
1179298338
-327263172
755102204
259055383
679045136
-2107150569
-941290955
383880566
114449153
1407236877
1754208583
1464858321
1741804289
647206713
-581506645
1142119820
-2121322861
-1299608214
64284593
-2010460147
-533241350
1150224915
1676493915
118938579
-938332492
-805529722
966713992
-936190515
-1910190266
586946657
1676767828
-1763539991
2053970751
130200904
-803250498
-1709354006
-857970826
2140107220
985559436
-466924674
1391044245
751410378
1064587627
-855446129
-2096722469
530157455
-923648423
803885273
901497372
