-141480436
-1950629172
1091847321
1682046943
-1496483134
999556377
-1373385946
1471153166
-2085407886
-304984148
550893833
2063852671
1077692715
1548681292
1985658462
-2104928890
-934227744
628215405
-1903317407
1435544791
1156969835
-397512982
19622670
-1475146148
854296020
-1841611023
-1249925368
1538003528
1788715986
1026763326
-690560581
1816082539
-1314629999
95633547
1460486596
-349127480
291702197
349679174
-1572458097
444506468
-956948322
2005077124
-647060927
-1065352864
-1094879763
680934453
-2031740711
1256063305
-2051670201
1374568601
1472784785
-591728465
-994171560
1228983538
-1491581558
1446080756
1376501787
977762683
748879527
1000256869
-875866281
37016472
-1571019336
-288870258
1750361964
678280526
-839194917
1277051593
483831375
-2127245324
-728676322
-1469923816
-1759460142
933017130
-1199722903
-1475128524
2053146664
1207021834
703941786
392510437
1304565672
-635847523
-1784422159
-123685228
249195217
527304593
1841259695
1954555678
488031117
8892968
-1095462407
1310716138
2000322746
-526055310
326853633
1598643773
210310373
1424731069
-1125059226
1941186764
953296216
-383819956
-1652137765
1870624658
-1317923498
-525571000
1835698183
-270768668
28934564
2103431411
-313596756
-1041143871
-883789749
1410772771
-45758454
1956585326
-345884516
-296636947
-63263611
-1824229310
1133733748
-1389346145
158039429
2066291390
-1759304767
304289012
-1236010595
1209175520
-742271164
719581826
-890596626
-1476814408
1691295640
-2076899978
-232754739
-149242053
1098206066
1355825796
1603042723
1576393046
866707497
722158104
-884764651
-1484899514
324346745
1061353681
-329370012
-1744969690
373687683
-1234828497
-137452267
-96239671
-554842345
-903120758
-1909472812
-1176724279
573753398
586119493
174090133
-476454944
-750261550
-1995576252
-900970245
-1968352138
208229847
-735633510
-176810755
1838635642
-260840338
-1857994617
2012004806
-200253068
-1813133953
-2139824479
-1903156771
996851931
1887113080
-1425936816
-383309946
1925792163
-736015283
-24248706
1108114023
-1455674086
1114194367
-1725721201
1885094765
1587541236
2023651807
-23729777
-1562881296
-231356252
476073941
2053859242
1030096148
1352641516
1957725405
-593183008
56330355
-1150360905
-1779981934
1658675704
-200774920
-133380570
1354213231
94221493
-817917683
-1078765848
-269887855
176576583
1265040120
-1616109362
1477217217
-629191932
-269222782
492913565
-1408075086
-695414953
2088815321
2117448998
-231421818
-1718137352
538084535
-187232108
-646067562
-1869437091
1140136130
-1374910716
981101938
-1740330897
-1274761674
-1691630246
149719078
-676227455
-1047366720
1368777554
2033754047
53544573
143456429
-1574195243
787341069
-1248038048
-1905101757
-87429491
2054112937
1848395751
2048237423
1540577979
1454463289
-911257718
-123468641
-438860985
-579876878
-1206664535
-2115573263
1287836696
-328015010
720921093
1906719117
-134913882
1639240799
711939441
1487342670
912475084
-1833770637
2038677960
-483018073
-1128617758
-449362888
1202604577
1204131780
-21442037
-374582478
-1770786751
-869352721
-845631542
1087505356
1848510545
-1514898635
-1055203877
1824196764
565261264
-1115324087
676337984
1871122411
1366595530
1393595303
-1068727399
-1918638477
725205577
228032764
-92584008
1974960746
1313403660
1897647300
-944802956
-2114897217
2103229302
1582760500
1367874237
1302376099
-913102391
-198520485
-963962895
-892001974
-2073431149
-518825341
-272958099
-1229959694
489575272
-1494725667
362941541
1547958308
530615760
417314140
1075135736
629259321
286675331
764393184
-460332162
1815667743
-1771673901
987393175
70836004
982926428
-2103745943
-1702773344
-1045873221
1599497555
-2079174861
836169968
-526167860
370834630
-1501199460
802434169
207106031
-61539428
-875358722
-1188281720
1557791836
-1756711965
1179755604
-71339666
1731131842
200399639
-1921162444
-123078302
1180821591
373845156
1945282555
403418278
-332723152
-816861015
-1555406263
-1980375577
-1499701806
1869802238
1925200048
1994346729
-85827576
1123776120
1741765799
-707522205
-1528596746
1200935019
-8558140
1368478759
-174777234
-116959121
1657103402
1176225413
-1082161791
1215875175
-1264506305
-2141130767
660442457
1894623423
37989794
-547714589
-1085277882
-1246280460
55215964
1010102782
1526229526
942531672
-1246217388
1936202356
-1421767000
567233303
478854920
230988968
1591700419
-891959436
-1767426182
-999501292
-907293405
1004293976
837755495
-137619604
-793758763
526938637
1256349374
-1642291709
1894766020
-1501879738
-1485518769
1009676142
253330066
97885282
-218801469
556304230
-84770388
-2001736463
743444428
1982277618
516472216
91413366
-959255396
992529349
-1102327664
299842926
858911386
636312292
-1542338988
841545105
2047666003
-1954445941
1204135740
2049712983
-302700626
879389009
-800382836
-2058926403
-1608451484
-1006377846
1845747211
550329416
-1008921170
1743141868
1192782038
-1565575862
279202879
-363989388
191864689
1244368995
886084980
1019941770
-1927472354
-1756776886
-1168644919
-1121255581
1304434290
-1478844723
1060799631
400746918
-2033080028
167305750
1802495963
-411671982
-1820693208
1153432111
-1451612223
1370513630
-344661765
-1938319161
-728260670
-1740432991
-1056761024
-1476913867
51207554
751125876
1431544716
903427773
1937528765
-1907769451
-803568515
21815058
-857825157
1664654797
-975115503
1956337948
552142467
-1562433835
501147444
-95465477
-77538803
-1717679371
156770714
310096458
-1245919046
1727365870
-1532126513
1466303911
-261946168
-1339934438
1659094923
-1199313293
-1723454591
1927946449
-528638390
-329060394
499490548
-1666637811
1333946908
-570578939
315442919
-1608405168
-1785891143
-2005791545
-1115951861
857265092
-81532456
-247436236
-413751183
-2118838364
310271424
1702049215
1854082108
53093595
951652638
-1249128585
602475928
397469162
-801718247
1460730761
297325802
1030115598
1798273699
1163891209
-203428280
-425115231
-2094658542
1848021745
-188969685
1664222144
-762066962
-452733847
169138019
1403287085
-893136884
88527176
876833610
1611130487
500443099
-718054438
1927910716
1654524759
-1385944835
863385827
1116399686
-1941651107
-153277159
-1575360796
-1669517795
-1138463284
-138706705
1919554972
-1445797295
69675969
2081092780
-15167023
26586305
752035737
1756077439
-572610225
1980338001
-1343959916
1059626091
469912369
721992410
-1481922379
1261698655
-774477730
739458914
1408707309
1870137731
-2067638186
-1431499892
848207736
-1046508588
-707508690
-665325743
50466437
1232862962
144632281
1243518448
173531420
-1907780296
-1285353048
-1988056285
1425371196
-998341619
-628506605
-421552238
-1168186813
-1751900295
1316741561
2140061836
-649266542
-1156736262
405856165
1554028276
-648167568
-1108769896
1453167058
1924579705
1418664494
2028488503
700536304
1840823817
-1677666932
-605856468
799493736
-1733732729
2070781531
-1374297071
-124908130
-786848582
1939925603
-235878180
-2117586571
2050220425
136964486
1143065390
-821251305
1816621925
2112480549
-1877609752
-1206522123
1046671365
958312897
2008369924
-790976243
1193280857
-1603266843
-1986071135
1436324202
-879723080
26300739
-435557025
1572605169
-159722661
-915008739
-538966035
1895384665
34080526
2016192230
-219279905
1590086523
300658211
-177924056
-1705182268
-690865461
1596615594
1489471144
156614775
1898693926
-936228640
1186596807
-202240843
1270712269
-1959026460
-1051149782
-1112406032
508560049
-853503056
-1268191331
-573047198
644427504
-1354484666
-1405447884
-964141980
-718800481
-1425938903
-1862721101
1520274175
51783369
-206529010
203424303
352616899
621207736
-120784429
1927011573
-1670372905
-1581746318
865625008
-664970583
343846481
-833350522
363508908
-725645902
592311751
407791368
-1009317295
-899252267
1026556198
-1713861671
-778320990
450981408
1358650305
1665185323
677435725
128237320
-1282455379
-1953080253
-632879844
-2002768171
164985163
98430081
-1250071375
1963339325
-1559226075
-228831587
-633683086
399544143
47989501
-582830798
1708267457
-68641646
1614689059
159875968
-131416208
295108206
1317915399
-2143204499
-1587144844
-1706945847
594491918
1587881933
-889910569
-1094214924
-1821581400
-2028341534
1292539123
-1305943096
1518647970
-253347546
-428363044
-2079405044
407697848
-568944569
1020295198
-1357034215
628654446
211245682
-595510616
1147431360
2076015391
-698661420
259394054
-1044994197
-1901248170
957266013
-328866346
-225741438
2100182363
8255430
-1946785932
613820175
1966967313
734133717
-1560030473
-794795356
-1213763585
-55098145
-710622367
398535804
-322761045
-1753851762
1547691537
-84414753
-1892759762
1421749988
779975036
-2117786421
189807621
-625177217
-297434340
-2117039408
-617350620
597753630
-1969819481
-263783877
-1147789488
86711651
-971827068
-2087169418
161386926
-936561958
-354660998
-2082466642
779132054
1728608569
1679653290
1875482038
-1890122068
515405801
1350300863
761981483
-195889871
-480819515
1997801827
-660606761
2087006358
-950224607
498327028
-2061426854
-1672569262
-2005486323
-904940425
2618631
-218233868
-839304487
-471484980
1848457227
-206674053
-2016878372
-625558493
-1687461676
303735013
-1584740495
-232992594
-1416505425
-1503661819
-2129573566
857690264
482076851
-1653427815
-1465062456
1919937845
-2054647331
228946587
981292049
-1837433991
878612348
1307842775
-380222524
-2014787922
-1598403889
1875497405
1250484834
-2032870815
488214251
1058140280
706860750
-1445234787
854796258
-791607234
-315558641
1500293467
-1201221599
1585764330
-1414036397
1826073656
-751562726
-1184965945
975593782
377003368
1951200290
492212909
421888068
77440234
1027849371
105766738
905090236
139988733
1931537493
-497879335
-1774395497
230754514
-2094966479
-391064657
-1002411321
897643650
1941054215
-415749225
-482134845
-1729918911
1358607561
-1153940478
1438322755
1337076948
-2036124696
994064291
1703623752
78729024
445121014
926318915
1211431007
171219395
-1276038004
-1629626415
-2067359451
-284604409
1122969453
-524556355
1409868045
-63632747
1374391531
-842607227
891461984
1761291655
-1836015479
914716047
233236357
193001089
-182558751
-1784335047
-1232979326
-1534759454
-1738543673
1337438510
2021633218
-617609419
-1896774737
-922069765
-1989753320
-2042831635
-425093813
379576289
-574649853
-519802031
-2030171528
-1216552212
1515855411
-532138315
1969795930
1022725188
-1416899252
-1819531030
1499224773
1421628354
753639913
-1621528073
-695330082
1532386502
-600558109
-1706244088
-1972578302
-1567383225
1603424722
-577838426
1390085605
1794521642
-2029385517
142896424
-1898112258
1104500951
973470859
-1570362264
2016499234
-306330102
-1848650388
1917406138
-1662272913
1213921766
-1746830538
304809242
477848939
-1504632497
536007105
454170788
976003948
-1692294024
-375390728
-225720504
1519216185
-1229389126
1220572968
-1812904771
-1085275663
350099367
910649466
-1254239051
-1734192085
1504189791
-771086658
-552794285
-106055330
-1298005983
5357161
-1394882343
978744451
798414628
686349793
-1793181530
-2003342088
-647194968
-257449993
-1419281570
977364647
1177505607
-1768752460
-1728054166
-1833756569
-2000646512
-222439849
219796131
-1986935647
-1782336299
-1149890402
-1667613623
-169854922
-140946364
-47714236
493512249
-1102294112
-1379341004
-1358508853
431026783
577339991
-1436967999
439479931
-679939736
1259390069
-1366324582
-1090983255
1751270332
1753558684
-1987231976
1683161148
1044551083
897975319
2075464339
-1395574675
1281190630
-1654272193
-493327119
-1836363827
-330502864
47193119
1208456319
1963174796
-1457753516
-1554138789
-2068961533
1627315959
95481177
1538368333
953520145
521110850
212516596
-1898513040
1571295389
-1705020537
1789892925
-1137000959
-471585839
-766802162
1740794533
-668864541
328830240
-956853298
-465927129
1562881730
-662324325
1867790132
-1723175234
1214005627
423112323
-1905749214
119153686
1733359291
965383966
978203961
1786748549
368224230
-1535937586
-1452429733
-1248070596
1808729657
-1425653666
-1234264469
944927161
-209775054
-1076504673
-650758058
2062706560
229866798
2082658867
-1350860201
-842817783
-1442478764
1753820840
-1171728778
1991289596
-998638671
41742024
-1841928367
-498497893
902909092
1276663342
1881263390
839661695
-1601011076
-1849588196
-1595744529
1183345798
1131743839
1112027788
444488760
-2083636981
94856045
1468566660
1163602574
149390168
1487871012
279051694
-1232655439
-1692485800
1619051013
-1465546457
-1100681268
-1026767216
-348870792
1586029975
-1760835590
1687396944
-123231252
-93805439
-1439171316
-829840091
631583298
32832219
-532599159
-1070751855
539660651
-678822175
2087263733
1564638205
556321615
-164794587
-2026542506
1781313006
774227440
-1648797974
-1045757965
1130029175
-394607921
1595679667
745160798
199661550
-487526258
-1240727530
806823605
-651117854
-1352469802
-183203883
-915870684
-1526122933
253002874
1203972398
-420417363
2100310275
1205835740
371705713
-1855919061
1626505845
-1737975409
438596307
-317412461
462053523
75610429
-2090841726
-1792811395
-150439667
1124031691
2002703865
-242960157
-1625757249
-440524358
-2122416492
-1290769113
-398799766
-172158768
1739971174
-1916353958
1446529446
641001463
-1374617782
465455802
1192781591
-1933599132
-1989337800
-838664580
631440607
-130971909
1526856409
1014841036
992132691
-1376275215
523118428
-1894284015
-627596816
-1931114829
-1410075254
821641845
457766031
2123725573
-1411214312
1460777892
215184344
1277146222
34068283
-174740269
-827012108
-1976906029
-1740863615
-1463836157
-936627066
2038557538
2078689759
1951494022
508782811
-1499130191
-345541370
2001446594
-1529712801
1651993894
1898342393
776364852
-993794990
578855320
362493411
1259596728
210156476
-1771189706
-647251163
-1273650170
1435872926
349673384
680226735
-584052097
709609321
-1726850445
-2133489008
1473445417
-2013216333
959347361
-1628615985
1800857848
1767846184
-191478368
-996574853
-2092864945
209822654
1528837738
26048768
-904516155
2005087020
-1875174426
1407415740
-445474261
-670877284
-129252979
1303415761
1200514254
1977818526
-1247150512
441775676
991663353
-1165989536
1764052409
-38298842
-987448387
1662820636
1037522768
180193658
-852466701
709332177
-1819473857
-96257097
182255233
-801642187
-193649864
-102321146
-510079267
1749660649
-464688490
-2024880754
994941903
-1583839506
1597360322
445456135
1108355194
-2061519017
249764568
1979574925
2069871004
-198104256
-1134460535
-186575178
-1383978220
1504647934
-584033214
-2129224474
1431132580
1048850839
981488270
-450340639
-2139691784
966312052
721293240
-1084144223
445615591
1815804500
555390132
1180382057
559920375
14379396
57427006
-2073474279
-1934705370
39720268
-523104957
1859580612
-975743257
559155884
-1196140672
-581441665
1629943658
1366834248
-950692247
-1904238469
-165216224
-2147095136
-1193367989
350441302
-925738370
1512971651
1643206580
1324028333
-861762560
1163174853
-733098734
1317808117
-7633296
1343551023
1874693785
-814791285
1320007783
1050265783
-1522435990
1453542920
217719316
-1781400336
-1565661455
942543834
1702654524
314610883
-911030898
970058767
1270574977
-1530094497
1426285430
-1468519564
-320851482
1456553837
-1423166757
337502430
5828754
-1845658232
-958212533
-1239326521
112486355
-2104086036
-1568726955
-861637092
1170152293
-928750996
1846667633
211831892
1639708916
-523957847
1601757217
545613508
-651813152
586076288
1612494675
-65849039
1795279679
-648713532
-1627826423
1958229414
-610355417
-1076262099
-446303429
-242982008
1896768044
1609540239
1678585083
1673909223
1941246503
-724115890
-773611046
-486045930
-1736144071
-476243440
451775882
-509569156
1440465935
1090762933
1451909572
-1282753108
569842278
-668690301
1191671915
487883188
-1634677807
-688548187
-1666628623
1937026482
-385239366
-725854762
-1620270598
-74852949
359573414
694893657
-1564986306
745146527
892253884
1325129004
-951065677
689176280
-459572857
644497532
-2141523478
-1747691134
-325841670
741850971
577715385
1007077248
206060468
-208443729
1838848025
-1190911108
-99531642
-1095690898
-1618124206
1485561664
1580336433
1303890439
-1483229611
-720875452
1059622259
1195561763
-1252204440
368226695
-1722327484
620287885
-1825113848
-1416302943
-1150494371
-1082726035
947833354
615812121
1381213433
1308432572
1284137474
630407411
-1428224034
-2094188301
594999785
1499927949
-1324187234
-402403835
670634233
-415949909
1024729882
1816024207
-474488101
1310135248
-1328714937
-2032051890
-2006475772
1420137423
792112180
365171665
1093136476
-1060797792
2072329291
1194227823
-740100064
-1582236297
53802966
1207039354
2143450888
855702034
-1368795451
-1305194572
1049620907
1979595346
-961635666
10965505
-315214558
332752141
-790505196
-1101052834
-1713294100
-2001512414
1551033835
673537553
-1499241711
-359921715
203711067
1212327714
1414915721
1470070587
60978116
-996999927
81482717
-1913268639
1033299714
393686696
1547881486
-951832312
1741014001
1782080379
-943479370
1899633452
-765389517
-505527795
-1503132563
173528711
-580196304
-1180923475
-876674450
1952673127
1994967389
-954985631
-1353363335
-1466196280
-1893973823
-135369189
-834834438
1948579742
-1993862475
1830455850
1826548586
-568414863
1187137771
828647411
-1999228684
160566831
1762609072
1049034208
-886770852
-716662467
801272693
-528889449
881669404
-2017323570
912599691
1237106799
-17866289
1866807928
1718425389
-935718113
1495669202
1251654148
1205280195
-402753352
-1386179544
1739311493
1770810213
-1963264812
-1499022690
-684035157
-1423218531
-1570747121
658531375
-1585754792
-1960405904
-1976049226
2037076393
599613300
1254591391
-1041965634
-1134440304
1422285309
1304739882
-948702729
-1821497279
-1722391455
-386095851
-1756426367
2045064538
-1515708657
869356142
-783428226
-2019240103
150383179
-36969075
-831347191
2086212738
-430127551
-421584483
1127192165
1318393862
-671260579
-1475013541
269332089
1559981665
1737957849
-991182051
21244796
2105746435
531223447
1331766294
-864765460
664644146
1131260720
-772872232
631036612
-1545886162
1464456524
1203427097
1218177005
-1259532651
7917875
-1001862983
-2035258380
1689991945
1717465508
-985172989
-297352964
992070159
1140627173
1658954547
-627168522
-55213766
-1456409061
-1315861961
1869144336
1700170632
188187099
-1274264135
-1109476757
104708619
-2020456448
-2135439779
-2080280048
1208658635
221305022
-1937920953
1330427427
2035481066
-1161917705
-118368545
-386173351
395370761
-140496435
-437539624
-1498471001
357689578
1151276919
-81960851
-841161925
-1687383722
851988824
86291437
640663215
-1643244735
1743044941
-1085996422
240028540
-136339157
-1184933818
-541945588
-1972963412
-1751856696
-1514901993
-1538036804
1808194003
-1926569758
1524515472
1633309503
-1477973441
1983615614
-488637494
-1503363409
2061589358
1514341438
1876014531
705377681
-126483008
-1965283067
1541764909
-882473453
523049581
-2030294304
-1593434238
487496597
1968083384
1298140963
-64052644
1509783914
1065076836
2012084434
-475454462
-1567941153
-1087373209
167619907
38456133
2061128059
-738477859
345128705
901405837
-861100408
1074336063
1607009010
-1742933458
-117936942
-1901679660
-1235209285
-144349696
-1442603602
-981875866
1903814498
725106733
829621309
634349625
-1914291403
-148947124
-286448143
244324408
596236778
-555430481
-404443312
-1210571151
690241543
1738602488
-938055432
-362109501
1158374019
1720105202
-1602029342
-698627370
749247405
1683101
409793514
-794101430
182256205
-194933622
1432880014
-2041319374
1060212488
2016534377
-1660017674
1340197315
-686181368
-1376651808
-658751949
-368721336
-1646966053
1790575261
1913103051
1230961241
-521601892
1146604462
-105764747
1488955467
-856520624
1797159695
989524768
-1257280278
-217019503
-460692348
-1903810759
1605484389
1617670512
-1023748951
-1024062163
-1823300471
568945559
-1336853178
-638293715
-2039798478
-470902354
-563719448
1058212656
-973981699
194691840
1446703020
1591139134
-1194978750
-2109028771
-422326435
2142299626
-995814335
-272882623
739014849
417148191
-414399334
689456949
1839130672
1146568991
-2067230974
-1379832203
1684197221
1032906185
-966706637
-1942937902
1352695448
-1768470502
2000242980
-2083373607
-1786721589
488081397
-1817068678
-1698743499
879002980
-2005165530
846586174
971959377
-863807237
1986315940
1891907023
-1377763775
148578165
-212252906
980776473
1065689570
-713685679
-1764832872
815949318
-148482497
245304897
-602678338
1524365620
601224502
906088188
-382303784
1844499177
2070439515
-1138003886
-232358281
863392067
-1144021989
-1783607424
758517296
1576703923
884850468
-1281699899
923016095
-366457684
977054724
-201510603
1795633070
477888150
-863164656
-1295417140
1000382999
1891001352
2037049990
430962117
-585904602
456518455
-1124011275
150294572
-1976217661
1880444072
-1213485604
674761906
1952615599
-141290195
-1889735023
-1506508352
-1030615538
-1238803698
307219812
117782989
1364291108
938480261
1526256900
1247682292
-1483874717
-165694097
486613536
-1273607232
-2041542235
1497051713
-1629398703
-1304586934
-597141835
-959752648
228300598
708321926
-1097937133
622405332
241286880
-483679015
1496198648
229629574
384289393
-1532033555
-288695401
2142601383
-285736449
-563700023
-1384982363
1889810604
-1227277123
-2059121637
179953179
-1143080808
880119900
381940696
15807802
-80278863
-281931090
116543494
-709456945
187402870
-1639018099
-57339176
1642416312
-532743985
-1716624134
883472379
1235887270
-817602682
-1218855032
-723937490
1496386339
591443958
1259938042
1357057048
-1151236138
1753254145
-1081946325
-635910315
-325172218
9760838
-2098431698
-133456687
-675260324
-1652847981
892430517
1450992473
802125548
511176600
929031606
-857425554
-779865738
-564349730
-362368949
443229
1152507880
-328389642
671462617
1802647180
-1685460185
1977634805
1339252340
1627276821
880967694
429954591
-1017500798
-1273150312
-674828618
829134305
-429365090
2145914700
1522022903
-1238385660
-706333250
1041012311
929602351
682982688
-1776010857
1269569120
862256705
1719974734
-1411930305
-454371487
1691072992
349066017
-14779884
-1984133951
1054869517
187499477
-936309796
-208309599
876479197
361768649
