29544713
-1523264594
114258386
1897669518
2117005782
1944553294
776971590
-1759676500
1068693363
962659926
1699180729
1637677967
212637407
-775468923
-1421247359
-900838943
-1291597708
-533801630
-1646810036
-1206665598
90782060
-639782545
686741059
-1103771421
-1219767898
-1934398817
1333020780
-1995665516
779768234
-1197410300
-2010398641
-228083430
1832013034
-611163956
-48056100
-261526010
-877788086
-1898488210
-219663733
1598482498
-648616734
-1674088929
2025216453
-1968036946
-203772158
-1028586101
-1524256894
-1412070422
-1178760842
1990909633
1381472306
-1241283723
-958167798
1784254318
-218073888
-2083930122
942691408
2022367053
-2053657963
288880602
1610890144
2032898525
1316371450
337693982
1011449183
1525913429
856873280
690184557
-2143959420
-1812997931
-904623548
-2119557267
68640600
39850973
1407407853
-1526971051
-725736324
-741181182
1475383768
1648690370
-695432144
281936350
-93935305
-1941156917
1849506770
1257747016
-829775370
-557151406
388886947
1638807748
-501767906
1912737437
1959315153
-790977987
-1887492226
685619236
-1095692879
-294906639
-964762745
1769879468
1709789259
2011154092
-2044248712
1562119572
1081881371
-376069576
930873786
-1414140050
831143958
281366547
378195340
-1083678256
825941482
-705784222
1734943202
-1144743060
1529804682
1272661029
2135310474
2085225822
-1762125847
-34071636
-1109706863
-1417220923
-587268603
1529704522
591773412
-1080411756
-1485771482
-138974393
-805254087
-635879766
-361022105
1946758170
712507695
-33949921
-577703819
-809158697
-1109305421
659768544
-655470954
831056870
-354766682
-1010170755
-1152725011
233826293
-637589316
547031617
1676269051
-1525701841
-1786619993
966745218
1094646121
83533997
-283255437
480853819
1013116932
-723650772
-1249910221
-747772713
568479496
-968679423
1848601565
-1793533873
1363127712
-2077540023
684043890
1289974902
-99161171
-1588041884
1286191714
1306262675
-2006474554
1668047267
1567501613
715991600
1701377919
1322006079
1640417357
66077745
-1347847954
850551180
-939126190
1973490471
-1738437526
-993438609
-1619958193
1844201190
1158131606
-213195251
-1178856076
1241915732
1201777309
993569989
-1713340676
1379957379
1446921406
17592927
-141016503
578056706
112672010
343881605
1864560460
1480941936
529763180
-822576527
-1239623382
2064114769
-169988630
924759271
1176366876
40962340
1111885353
236799334
-420298858
-2032205900
-1977644234
-473745510
1254099371
-246556498
1663652739
954310676
411271343
924854899
2004925231
981958460
1131062813
671919919
-1035720055
-668704891
-2120032837
-1073795030
1228194006
1903829731
-1714151429
-1932766627
-461281454
1524216697
900329124
494737480
102516
900565911
-136024143
1206922498
-1194973322
68176099
-408563079
-690205551
592147476
-816005419
1733190415
-148873861
-1174473069
1183333480
360443883
1694699421
226000900
1760491790
954688969
-506653638
1878395593
-532292381
-299514415
759579478
-526510248
1206130725
-687875593
2119123525
1493471551
734674404
-932820060
-145326210
2091548775
-571222539
205389974
-1610573900
-1225717092
1742445100
-1986338301
575240231
75270476
1474941641
918385156
-1746611658
-242436210
705136178
-292957391
-1577470919
-73712538
-1224183838
1433740936
1790860173
1105335623
-884411743
1112564626
-80309265
-897604392
-1862501899
-601485624
11024397
554068474
1635516120
-1311608270
176072538
-2086493430
1235985322
-1068221360
-611367647
-2048892573
-1014391960
340633918
1581143261
398512422
-110637026
1074567698
1931790279
1433778492
695532698
-1275969912
1389154223
-1006209124
961621346
2037986529
-836482289
-1986921015
884268263
1537426439
-341746084
1763021214
-1091494151
143004660
1376177823
2044221005
-1870491779
-1321170859
-1703218876
-1508384348
123205726
-2045206166
192759090
1670537618
-452402495
-1373894865
-1032582885
122623466
1363642236
-224681280
-481533164
-993123738
-1952656697
-646125063
-901976729
1406467309
-852201676
-874397348
1281604776
1604123672
1298795484
-1018030025
-34196730
176015858
958943706
-861887738
-112577310
-1031422209
2034056445
527849493
1449497253
1779329407
365874104
436638313
272219086
58442995
-933873059
-869794080
2021592905
-180820512
1094139274
-231950441
646208775
-219341358
-580128797
9843083
-444830518
1058069411
185952001
-999825278
85761600
1824115709
-1538514007
-626674389
1627190867
-253100516
-980758208
-88483452
-648335937
-1792667432
2076248190
-2058399877
132617444
1725082594
1824721250
-1578805800
-27533091
-1072051891
-559505307
993638233
1879651792
-199453872
1055697650
-1947834338
-57933177
2034162250
878309140
2071008583
1839825215
-576362747
89733745
2127661787
-1237061184
-1546605250
-1947468682
-530705429
-913317715
1540465252
1590546387
-2141505290
-108654563
-248595296
1220716330
727613583
1194513769
-2106892779
-1840344830
1418335805
-667090873
-41668504
848381697
1101101986
-670327017
-1059638142
1357839450
-732583970
965948541
974555796
-304930941
153696565
-1102564817
-917424549
1416692523
-684483346
272485647
1829594021
-1657691541
1326731646
-1370128773
304344851
-138611653
148219622
-2099984668
-154847457
1333821991
579903832
-1275329123
-804554400
-1115933119
714727968
479361525
1023361036
-382102439
1511635649
-1123499641
1026991039
945869419
-294662562
-837523505
-1803524742
1805812824
1256514908
817650433
1016603885
-270283047
-818686140
519526933
-1041156360
-687450704
345812717
-394612698
-310779793
-1417389793
147025113
1919471868
-1290733283
1756149406
1171131359
863283943
-1887159541
97632455
407612426
-1442332210
1636680194
-1602674028
128518081
1279682438
732659533
1204437453
-74148057
-1011964568
-384588350
1297863867
1912014276
-859591907
-759868925
1415094049
-1135944092
1208014523
-1167789311
-620852628
577278271
963422741
-431475007
-621114071
-1299564454
-2133507762
2106425186
1045894582
-1264796116
-1287315793
-843635618
534375484
1344948867
2010668986
-1518140400
705282012
1115953576
1007136639
-1409603211
1726141224
881861057
-1358984659
-272332234
-1497007148
-1493095818
-1108367893
680337637
1990224300
-1090110761
1571263720
181069703
-956045112
-689405571
898823344
554792530
-1226140929
1406999278
-1099383103
1717324471
-254335847
1187142214
-242839970
638057122
648964167
248936466
-1553338462
-1055598593
598699607
-34616449
-658043945
-118372224
-1017412829
-1415777869
377308936
1589007773
-1287481142
-1441429638
236954324
-559990564
62920738
55204133
1192229508
-216995758
738151661
-1074910034
336161888
2090329960
-1218584246
-1673623008
1691845693
899080162
2025200749
2028348981
-910361766
617531165
-226371438
1875432256
1390813549
-1041394793
-329096146
1193483341
930104056
-418101580
-1364671897
929427078
1313906912
1645039295
-2042822970
735638743
620416319
2079884590
1845135403
1234471381
-1118862984
516050217
-1585264896
906912731
-480624244
554669645
2145804977
1283612534
1559584939
2074134444
1167649371
1379077122
-2033108210
-892741864
2083116227
-887890284
-321603325
331223201
1987644297
2099851034
211447625
-1538108837
684488092
117990337
1227813021
1690353764
948909296
1604644502
-1939200876
-1306184412
1188727662
960299375
-1652115541
-166071850
1987287852
1359158284
-1556612964
-1873783993
-1326942754
-816850824
-89147662
846827230
-1708511349
-1023829579
-1173686561
-1315980324
-844568445
472252567
615878221
969911523
1993474703
566446832
-1463681230
951606716
-1742736022
1595277549
-567008472
-1435698860
317617776
1185518783
2048031804
-2111652857
1715267477
-71772035
1341865733
-535546336
-21741160
-1257411000
-1019778568
-1224232288
635759991
983799471
1830256123
1880016446
621035813
-61734571
386575415
1359039151
-4680838
-242514991
1553632561
-1181332953
1895701354
-1018504491
-1719487204
1210162974
773721721
-6891119
62699880
975522903
894743150
873442137
-1647412322
-1034825443
1582978630
-1596191868
-1003369105
-176095793
-36805013
-1185441897
-2037792247
2129333407
549654565
978427811
1674264748
-1450311018
1453008976
1086200043
-725373827
-440689446
-1001174705
1706071753
-608062054
-1237168589
543841344
2140368337
1876010861
-1796599605
2032992625
-1291098826
2134886469
-1706684363
996838417
169515628
-1255629278
-2056753232
-1127119574
-870614257
-2113393456
-1525305173
-1365448242
1733753091
-860454602
1642691980
-501573488
1669815515
1766923759
129424556
-198794698
-1379181954
326507801
2022313894
-29462100
-1599910905
1513036653
-1118657839
-1098252486
-1613973779
725041296
-1012895478
-1553431815
-2039578781
-1977026392
-582574154
1576098434
-1337299455
1674916657
-496773370
-1733224983
718203812
1338981136
-931186051
-403316759
-751954031
-1084916761
2120082863
779990368
1900911584
1919994027
1278013770
1737236477
2125784087
-945227916
-2032647078
-443258825
1658165781
1632036500
1143387592
-1509920128
-849048271
-905363734
-541572573
-563364934
708274082
-340621449
2139838882
-1859311382
1115543072
-785621455
-1652913559
-310272470
863176139
-312153577
-1435235573
-564883228
1292803148
-456598907
-1405032112
1086523708
-368406983
579700681
-943070921
1279837902
1208317885
-1440478987
-870047683
961445017
417291128
23548662
1452308703
-758425542
1609100196
2124723429
557566558
2082162780
-61095560
129975709
-1774739263
542029422
2031363792
-1968957811
839799072
1129293719
-1377085939
1682849742
2110133790
42170598
-342141894
402069879
324726967
-1454396722
-1375483537
1157641776
-504409797
-1185189935
-1405518982
-1393954043
-1401959271
-36769158
-130003269
1552068732
-161062432
-1083406705
1139405134
162007272
1937642499
879704455
995202159
1656002559
-822092836
1172141625
-904964070
726280106
-1113704845
599109590
-2067510030
1825658396
-982199425
2101757977
-280350621
-452654810
-1032443860
-1704909636
-287291638
-76463416
-1327961570
-936466387
157350227
1966222090
-1078741323
1214972289
-1524492701
-2051448052
-1407882606
521406377
-86253255
-1188235940
1020063066
406655970
-502182897
441743239
-1057262151
1092718450
-1019869691
1212035314
1270385065
-605673328
1601519361
1745836778
767508212
-939269469
2126923216
-888156680
-946831369
559379887
271213713
556970105
586045608
-662523636
-1614700718
1516436078
-28274727
-1745562280
-518375173
905175697
-936177475
-188081746
871965290
-1929213784
-417142613
-1325281257
-1390954529
-745049828
242670882
1754127680
490041498
573285836
49077772
196441965
-2052954942
1864273950
1446369350
-495951699
1011993993
-488185769
1225632864
-855699377
-254680180
1671042604
957697441
290946964
-1317486721
1779138201
243354957
977636773
-1024712439
-713245968
-703637975
-2020004153
2116304876
-1628876
-1445372866
-844375348
-932705432
-1652120153
-674921251
-1188434228
130251745
-1681666655
-1296168221
-2119961067
-1956717889
-148616286
214737726
-1523118497
875046037
1791364266
535373231
1088084803
497936772
-1889886520
-771523119
-1630094098
454905825
-253908751
852306009
1053244945
-146072299
1520077843
-1085882210
-1279791845
-1832261435
-171802264
341467740
2086999210
-1500651982
1226164751
-15473740
1660684094
784379873
-180894761
1117006710
-471338449
1181655422
-1972439202
2045585315
-1314624543
-1545614340
-1223724198
1927817260
896414005
1828651009
-1830876874
-2037341696
759023170
-446567807
145243872
1501142597
1979641412
-1969463384
2099907041
542398948
414396116
-1178406915
1323280301
-640493237
-1319316903
-2137052220
-1241700548
-1120308115
-764207682
-128304989
-860719144
-2119262451
-1502106268
-1937203833
378540344
-1115131588
2119183706
449603784
134580430
-758402016
1703338187
-2098129782
-1247565731
386430710
549956791
1337380198
-1420764723
-855871399
-32073242
-1145503926
-1086849982
1310961604
-1533541864
-969519971
-1608059286
1575248724
445766785
-12692570
-1802266090
126531026
-1227825805
2083251758
-472732404
-669644559
-837591715
983078755
1333144346
2099843027
13056755
1935721470
-997911186
1468173777
-393794386
-1088587608
-2070912219
-377700997
177681783
-739517799
-892475615
91071453
-597217122
1471149698
-895795425
-1935485948
-65165040
746265005
-1873272825
-2108201280
-1600360503
-1935926943
480809862
1185622698
-2053921401
-1285411702
707066585
1485721704
5188543
83966873
-1484330260
-486205649
1949675732
630246057
-1715522141
1046166921
2041564038
319611363
-212683658
420952664
-626992728
-1563256798
-299849661
452559386
604149270
512238553
-1550925217
-162243475
1070569956
-1325754828
1514416877
902630869
343424218
-814111619
962467955
-564176451
-85948128
1641817025
-1935815511
-1282891589
1620915765
-1864492366
1555630740
-1911546088
-1122967771
1915981263
-828972
-1992945778
745138171
1102670273
850897721
-1771325869
1318372979
434122760
-749784421
1498585174
691905012
-1325250090
810256874
-1797168440
-1372094788
806495547
-200838781
1131497181
-1974572964
-819298175
-1442659899
106876371
384651111
944605145
169042404
-1961531085
-1168667034
1447405878
447633404
-217234602
-373208562
-412794248
-1540798871
515314730
227614900
135302605
-1140463019
-657850827
499703040
-1311805356
-1772195951
1948497882
1111105505
-2024075518
-1784500824
715883739
-1559808576
-17478199
1531159089
-475216865
-515929353
1083612406
-1746158491
1948652980
409629572
-1352615718
-1934111248
-1479123690
2009741817
-880066644
-1311918837
-1365171279
1347201463
-1108786771
921375690
-344449116
834504795
-1368051827
290957490
-1601183033
1646441079
-431830259
-582214514
-595462673
-1804546172
1896676837
-392734334
761193584
1933758743
1703918311
-2040938656
-1915290654
-131223213
2084326755
558811450
1439220776
-202562402
467188429
143849527
-1896844371
-432196969
1501633181
1667045290
1214505969
-922752441
-1886648202
536817248
-2076521917
-1332894314
-2092854134
-1292586695
1249589455
-1107193857
-1771678148
-1995912455
-1218532389
1866163335
496141574
-1258762912
1904486221
-1502963989
-1318634596
2057576311
-1964496784
260463640
-1657648815
1495022892
499347447
-933673505
2075342266
1593613345
-117577663
1191077352
-1732617584
1117489600
-420271138
-2045170713
-427477030
-1759357294
-921014191
217084686
-1102485941
-911449391
872143127
-1087868222
1586613224
1802625083
-184977688
-1285650800
774371053
-654549720
118650684
212140386
1635631857
129002718
-919910384
-670269459
1227467848
1004077348
-1613909015
-800362899
2085254568
-2028582636
-1442825703
762033556
1473053710
719006005
1963206464
141673151
635016418
-1581145912
163459605
-1972412566
1297855065
103788642
-1333419930
-22541338
1793755674
-2108975686
156383324
-946613943
1351453220
903311556
-956202493
837336740
-348952594
-1485199874
1894784266
-1365080709
-1586498097
427332105
-22270266
1350756721
964127391
2068144762
710028412
-1443039421
-359399521
-895801358
-1217034785
-1322764553
1253902485
1974760811
713749463
-277328556
163899963
896213205
266497924
2110308500
1124438745
926611680
-979692159
-1709976488
-490120912
-1252424677
299596140
-1373196069
-1742183014
60955966
-1170395738
-2062268054
-588183186
-197721917
-352156841
55293459
900966569
1806507962
-526793036
-1035078500
1114708426
1134676957
-731808892
1883915446
116695036
-1057582878
1255497183
883397490
-690953350
165728016
897854264
-1074484748
243895342
616557333
-760580194
790631269
-1612094820
612771606
1062146878
-764154322
-48293123
-1616021242
-2088647636
-136242078
188296879
1416819258
-1289398174
-2132244613
188442571
-1247245251
213537800
-1238865080
1334772503
-535400736
-886063115
276749350
-1271362529
1449264022
1813240949
-1592656786
692901789
-1711117826
1087814732
564237613
-758071263
-533782081
1282214907
1015875098
-708474643
1664023963
1052870977
859029700
-1981936863
674935742
692580068
285590282
-2139680489
294100823
-1544791888
620545232
1445954576
541362026
600204224
-1852961553
723734543
1553694435
1571262203
-1615847059
-1600773627
-1083624979
-1710186527
-745617682
2013881389
327890052
-963506297
-331676823
696982713
1219241544
-27802656
1380718621
-1547595090
1754120084
-387933891
-1891522874
-1307452149
-415360049
518422550
935753228
1786626097
-1884891903
981742346
-252278468
1471643006
-575028055
217172260
-1950187719
-1968146118
1198030285
-368990113
1958046900
869391030
852546641
337353835
956409242
358386354
601490828
453776817
-1492375090
-262130689
-618441192
-1059466091
267757848
-1030804891
-1663158039
-2110487302
-1810148772
791632838
-583314528
-936178166
-847715826
247902082
-223153119
-1488938442
-344415259
-769427427
-773403806
-1081894020
-1286251570
-62399713
-194772602
-1241886745
1375554083
1841910587
1885992745
-147027364
1873067804
-240930637
-1790228483
764068754
623505797
1905343482
-1958485355
2010036066
-413987663
1425006234
133712256
-290319808
-16078418
-615156136
-8433254
338948872
-145872967
829666965
-971443810
560874750
2093258740
-1643234314
-1647708418
-1043843568
1730949205
1808512583
-2042776586
719539549
624392674
1037388956
30145246
-379263494
391294490
-960127047
-1584203073
1955992050
-799213642
-2053435725
-1585852119
837822863
-337081711
1098326486
-722868925
374115031
-1689270557
-1523630135
458907683
1490177369
354212789
626069744
-1716890016
-1943736791
1210358928
2021602577
-268732700
151205928
478969464
1899048761
-1937222906
-2102006648
-469831656
858500064
1611568087
1168240526
-1898938050
750028107
2031530171
1800011162
-1324642935
769141297
501742396
-381146012
796876383
-1790162271
-1433332710
-91767673
-1656031195
483782434
-564519514
-276037821
1697318570
81223195
326582095
-333884290
39165155
-1978895499
-1708700035
-1168014068
-232408099
-406696322
-1227640675
1713700143
92525806
104954384
2122566268
1229892449
504871726
384824050
2135396568
531138384
-1289504731
673362045
543297076
1688405289
732936133
1877775234
1496707563
-49678055
-626606182
431153003
-2088534904
321236752
1425548607
-1808948832
-156738220
779041479
-990824429
654093099
-343452369
1290486788
-1877257683
1314914462
482783907
-72428772
422937740
2066539571
980548406
-1035607623
228610707
990305845
-1141090817
1374401501
-1476054861
-76126305
-714699909
-1174323930
-1200965015
-135455998
1562685088
-684845485
1602343787
-111046741
-1517501645
2120009478
-16308195
1277903620
-1621559978
-1064605749
1591198026
1214854202
-799197596
-1938431912
-720462064
1891898912
-1690742015
-407943658
-93548774
487013202
802018924
-1105977632
715829780
-535191395
30101270
-1529377783
-2056559525
-40715874
1746454648
-234249820
260341236
-658709592
-1236824543
-1030394370
-526836288
-141450517
-1239970802
1268348271
1437103084
240782801
1936777277
2028316242
563756974
1046481579
913076612
-40498863
-802622419
-641514611
-967925858
-1116622363
555006144
1380906101
1928618118
-1171672292
948549723
-1755580494
1231314695
1594629277
1633121349
-778259325
2033905300
1283146729
1564347918
-916007939
-1799296940
1387912675
-1972257600
518578226
-1712667263
-1784632175
2059657556
33042831
-931230990
1356514596
-1411092889
453365381
913594869
579973685
-2010802387
-1903222420
-259081630
1631778385
-1890125402
1246341283
-1352338964
-720588105
-823347186
1570178299
-1041564486
1029142111
-1426442855
-540997035
-1691878603
-1516275394
1573874271
-1672235383
1518676259
2139080648
-1383923051
1390752393
-366169612
1497768630
-995967747
435831238
-1097796004
1870567177
820427935
1454883793
-2102782175
559026766
257671609
-1829229499
-956245707
-612141278
-599556621
1130763493
729495303
-2138376712
623474646
-1515500032
374354709
-704139751
547238271
1171656989
1389215685
2092686060
-2014214513
1477196243
1911869557
1623724407
-949979803
-222385929
1520232400
404640293
-273037425
-1005767171
-1877887133
91091657
-1128247939
757977751
-1707957137
1247126754
1690870135
-1229994846
38094336
481893408
-612653616
-1432479166
824782910
887888167
1250308699
-871187381
1739366658
222092434
43099422
-1057111326
497476012
461653561
1147685445
-654643101
2037805619
453125303
1759760217
-1790347643
-993111683
-1137673946
-42781263
1083730364
-694225168
2040574764
-169281496
865896158
1100796232
10627387
-1575397361
730476297
-1397793110
849432851
1641809253
-1814512189
1538339321
-1524401013
1266914885
1935842657
2090498409
440082065
51413407
273137069
-55256495
1586289775
-1299410646
2083410115
1141945924
2092822351
2035744409
1574433339
1482763617
1017682433
1073262604
599760012
1155887594
1731966714
-610580535
-1479077713
-1067761389
-2101960033
-155911381
1690342402
2103416092
1849886148
-1490656038
189540463
1247798433
-201178002
-1004091844
1238213325
-1517321424
-1648585504
1932422186
1347634053
75101980
-1631845675
2044078822
1394259320
788813968
-851582199
1453204813
1780258592
1883049446
-2088142082
318591816
2137321973
1434089785
-329064196
20872072
-126794735
1665035064
343758936
-272198543
-1087176682
-933400771
-83841543
-995377066
-1075861681
944129181
1785288983
1598249191
-1213865451
-701032127
1229153350
750829031
-806274445
1911773557
1002201779
677763873
1616665869
1281763583
1275655596
1382128028
-653523907
-1932863117
341747301
-1048072179
908783998
1857417669
-905242632
-959412596
98670861
-1007772896
171824557
-1924718197
1923769293
-2085517579
1722433915
-789166077
-2037535894
-118250922
779839182
-1027254033
-153168703
1942760067
-1754548853
-1186429955
-574215041
-997001531
1198451024
-1634772605
1568238087
-491189382
-511926016
204989871
-356582247
-215037327
-202478978
414960386
-143227216
-74689417
-724810057
240127999
-1667028054
1432743985
881781222
-1543007201
1276810158
-511735252
-1701889005
410214407
918931913
-634412494
2077154780
1761297660
328161370
1483946463
356365687
903643030
250365872
1564055667
-765671434
123949491
-1985748239
-1048053784
-2141265203
684705710
-1185650883
1904373575
1357633937
665132241
1685127442
-110580170
917724162
-299470073
-1470645263
-1251320362
759736395
213570006
-1327216575
-14665013
-980378233
-216162165
1607383924
-357286757
-593497465
-421523530
1433644648
-1953210820
-1132489518
1947411928
2123718159
573627367
1495888876
-566664357
24883793
-352323022
-1200603941
-434490943
181620528
-938562979
1839778278
-1409248736
-569764819
2064031723
34884255
-527319347
-1612075542
1124576116
91645988
536851543
1796677136
691760825
-1221400159
-1222191689
1462263154
635944440
-469590760
