391399976
-1552825616
-1704640384
1262221046
-811406612
1072708961
149747783
2027453551
1736738659
955365231
336262603
1037969003
-1661731081
97077065
-590833890
137001094
1287324950
-166887236
-396087065
-546731125
1842772208
1121708964
-513362479
400698115
828503423
-2059866722
-1268649946
-764561393
677240263
18356994
874918326
25879927
-65836705
216277776
617127421
1389863170
1343124783
656198504
-960400764
338673159
1977425018
705998527
1039921543
-378325693
-1623106018
-1740655921
-500706601
-187691539
-1551805926
2099145103
808869634
1285112840
1816572753
-1763585628
-1494509392
812990455
-297352819
-559535593
-468838321
692302678
-1376272442
2010828103
1397128690
-188485882
959025826
777537312
1164549494
-50198902
2007712575
84220556
1425459430
-450734959
125790768
-1342379479
893771040
-24628013
280872646
-466290627
-210307912
-338819297
-1436514672
383005158
-185604837
1339150261
1612710180
-148620907
-1387140617
-1216673584
40365086
-1302059843
-812375334
1511225735
1084050280
-266542906
966117145
1331045845
-1013145157
-1423805625
-1052429325
1089776630
1993090406
1181518196
2091333877
-930831628
1368784206
-526120235
-589543777
-808726912
1843055157
1290445625
-1510513849
-1317323771
976027710
-969115671
1012206141
550935802
-1800809296
1813740575
442390831
952529527
223134714
-1908991816
1502031823
-2086085109
820442102
1757027113
-988011086
1847471052
-793512335
252977071
-950044037
-716478034
-1038503957
783477450
-406690760
1038000152
-1766234470
292775403
1710907403
-1849327692
-1697366603
-807849109
-2021103348
-264202106
-815423250
546770367
1447180653
1678405184
712664127
1155622378
617347551
116063699
-1015833623
-1968704206
603128629
-561674167
-1907330887
107623958
2143327814
1287108305
1225421964
-114952066
-685396458
1404988443
1690581782
-1021409996
-879800265
-859449626
708983518
-315751278
-523960467
2077202902
-1977468276
1329208445
-680971120
791878794
-440021402
1988098449
529400246
-1331078675
1512614424
1761294237
1666073488
-1424572468
1780730547
-1351721647
-1921121004
274396073
1311423735
348839734
210434396
1452773582
748717013
-484319779
2144350157
-1042533468
1404429102
589697883
-64067972
523724357
-2070211871
-958749708
-974348596
-300858802
65740292
-376322539
-939861925
497933306
-2066255248
-635865721
1575687710
-1140667796
-134323070
1461954018
-996994614
1240228171
-1539331296
-723867585
-410304139
-997953645
-745662470
1416214577
1575359357
-853174358
1743654930
105702388
2026144936
-20736847
1103399037
-843398169
-384076660
1358037277
-393049238
-1448233673
-112239567
477655685
242583907
-566653988
-914208012
-1276379459
2105866963
-2110394423
-1261810259
-1447854558
-1196812857
1360320863
-1337678828
2103254839
269917176
-2109742814
1700554848
159457136
1481377033
365844142
887196976
1121369422
-1712027380
-586067221
-1829284433
-1780631637
1961086794
1402091903
45067250
-204476842
430785859
-1510777468
-979699293
-1095501854
2006606323
2129247610
1575642852
-1465728837
-659859113
176294527
-1287871635
14649209
-1225718738
877817533
-787767818
595774072
909574148
1230882595
1144245724
-210896216
-1226749077
-1585167273
1769206526
-1421408352
1263592075
-1045911830
55472104
1989679353
475471837
-160396595
144941619
1226901721
-1552423629
-621185533
1357831467
1160606670
-13184773
-1371300201
-175773006
-1147440676
-156499005
279878608
2060793443
-965980968
-1168033281
2146662052
126945018
-1569077257
1228946954
516607337
-1401525774
58707105
359134826
1831141074
2075964783
-2142007157
374183000
700813336
-2046639010
287213828
-1478252930
-1250803081
-1047441190
805617549
836310018
-1107719205
176034001
318987183
-1566686269
1801152219
1423014119
1431139849
-536939551
-1365594650
2139834777
1010469032
-1090288254
124548539
109071013
557519003
917815507
794696478
-875702103
-729991995
-242657971
-1654523960
-297391862
2083816948
1072994873
-12717410
-620599273
1477782578
-1610460299
1180065574
-1686760083
1220810075
2053340792
503504950
-1859042660
1023604975
-1995674734
-364756499
53843978
-76004055
1187293048
1367178983
-526629865
-983545520
1041070336
-765893460
394868866
896938316
-1999898840
-1298560152
-1471522294
-1942444421
225442652
1427018977
-381188520
1754737093
1109488632
-1783306588
458396699
659716845
2131876618
2076726146
-1254837899
-852778710
916968797
1692690490
-1823947627
1302489334
286735794
-1181724809
1120449188
448621348
-1185406896
1846575356
-630345499
1868755256
-1215075649
-1454919651
-1990065129
-2039788814
-1723575345
974368112
746902045
-1844811476
-1111900193
1361719236
-1494816288
-2101882395
-963435173
-1119569838
1735501172
-1885781604
193508742
-1733687758
-787002759
-1645900318
-1350120071
-1793667824
654216387
-1912955606
2132865898
1961796383
286332733
-1522890781
-2048859087
-1850123699
-781238519
-1603193144
-46500600
-813680457
1187595500
-456846730
-1791668846
-35535778
-322909975
172660798
409583134
1374295579
679171115
-193206212
-1828833748
1915283408
1857625383
-2024628056
-1289281745
274584032
-1336841727
80976491
1501765524
-2069468192
472397103
1405180661
-859174398
-2069805938
-1329137572
102977357
-823853853
1353966849
1979498894
1788683369
-1108707805
1775325986
378009226
1467142335
-773759176
-1509832870
621701750
-1765072101
-2066066079
-792491636
-1261524544
-494146893
-434195919
-1452791483
1337958463
-2142761864
1730746446
873497906
1468136855
-1402398290
34834550
-719497774
-958858272
-733791298
425935555
1779511147
1016491145
-363099830
1356527663
-1858326719
-2126499974
68556930
-763359143
307808261
74676344
-1652399435
-225966200
281305484
1886160590
-598618837
749676784
-2089435200
-1621118168
-1888654543
-976606924
-1166121765
1371207617
1650281844
2037933356
1292067537
-1137355072
1275392658
234146023
678252557
-1023163681
-60969746
996123379
425087840
-1025413554
1578176963
1488709595
-1279755466
-1961647146
-463288965
-880891408
424530954
1936690752
-1527105215
1597491532
-1774783973
-1192586762
1293037012
-842588141
739500639
-660333333
329060254
-1107185924
-435767624
-152956744
1800044549
-86077937
-1546247835
1533487879
-1991532544
1216062896
316265402
823988276
-847712276
-221875237
-540961773
1786895408
-1084893025
1804951984
400768774
2028166569
110834109
1069706546
-221567017
1483759463
1991465290
-1935660213
1217236016
-523590663
-1205358464
1831757331
906956561
-951421040
715690467
-1862018223
2036690693
-405865430
1935021202
439803713
-187634794
956601330
-1904135970
-1008277609
1239551489
-339931674
-1081992672
1017463491
1466353965
546011322
96068038
521895799
2129994969
93306875
-794642513
1546799205
1368975381
511473528
389241785
-1797015475
-1316161805
-1532790563
504337559
1796237878
-1606396035
-360958049
-1790394393
1482607099
259133929
937488159
386846595
77621513
-785489909
-932311287
-706525162
1253137253
-1876238326
910264830
-1478159118
1199694068
-408502698
1326312050
-555399903
-1556422922
-892400935
-498118186
526517689
879881683
1861660012
-1280391688
-595169932
-1586888934
-1930121844
914518186
1243803007
2007621574
-1275936435
-987777630
-1870955630
-1761469758
1847678862
-2103557472
1174784320
-961544274
1835372909
1039760853
-1442636656
-505163293
-563552515
1685059203
-1517904437
-1999871052
1387868982
483834848
540159639
2091557367
-1708915923
-258949568
-134144444
1418974147
-10124156
1060675186
-1189523611
-1515089286
-1515741
302878569
-1324309854
-382026231
149767719
-1843778018
-509756724
-1135546002
-2127614950
1645638581
-1232572878
-1365099654
1551107684
-915135010
-618694350
-597221416
1229607938
-82351746
-1849801198
1934697549
-801711243
-1238148211
222748176
-260149696
1101222908
350016577
1579243447
332084349
1416752644
6535276
-74230156
-350090955
-849580321
-1985643231
341274472
-218611639
1451021236
1100071326
-142243970
-1741425209
-238506058
-1102830747
-1101365568
-1349683020
-1205356136
967094443
696171750
-11133429
610352192
-911041290
1984983856
1319813125
883121850
515054593
-206592139
-1598526053
-1574799505
582518498
-820552582
673058376
729669270
-694931602
61893511
-304218605
125498345
-1937275428
1790960439
1023337932
-1853994084
1060074663
-1600389232
1076581269
-617204086
1970214585
275779410
1167316900
912857521
-1999819835
-456598893
927967558
-502445856
2097802996
-2006425973
-1347151834
-1510516562
199832515
-1686572372
-639939121
1539775406
1636232491
-500880650
-82369682
-1450524960
-229997823
1813711752
177541084
-1106069143
636459423
-1915330183
1564766684
-681016442
-2124337212
-705211160
-446645600
478496958
-577882440
-542668719
1528118418
-1417344681
-768800589
1080121634
1590207056
811982602
718627199
680662413
301617655
1563056377
1227799900
214514592
293355683
-567205152
711672355
-1917577838
1064827446
67333003
790992557
692471646
2102780249
704560775
893013109
744825237
-1316361280
-1504295652
1637597051
460639600
465133233
-952982918
-1633054613
-427579868
-1360965690
2037833521
813899006
-591309958
-1789006352
-752609306
1449040544
1739880862
305059519
-188947645
610580307
712708662
366279649
-710630609
522904786
-1852915018
1206574312
1451636031
-1763397127
491242482
828381520
-711936405
-553200029
-2115096844
441294527
-502247932
-1113795500
-187514097
300414862
718549989
1715229913
-739935948
996769160
1815242216
93299246
97613955
-1473874704
-1165180772
-299703201
-1861533660
-912698424
-1002279116
1672873009
-1581835688
1851111760
1966335681
2047825986
-2045039414
-1632314932
632217763
-1922465682
-1598965205
-503946614
1106970685
928584564
1394960637
381491747
639061991
-508755239
-271932499
981385472
-37543640
-208217845
-1664719385
519239200
-2098340828
714487242
641993510
184886295
-681944493
-1032508221
958460553
-896943527
-924096397
1146710653
-1366422547
1832335032
501836735
-154647688
278176311
1583858475
249603681
632951187
-2140342543
204499920
-1984245980
-1531214930
-1351974120
-1046007501
-458362771
-1142832241
-1020595917
-436110640
583385707
-46098935
854729895
-2067223082
644609165
-1981818534
-269557175
-486872019
732371508
-182450731
1372122677
1036664762
-1693503831
39032000
898806493
1913435617
-487463855
-733122177
-1136278172
-879481013
621818655
537057521
-258811092
835512296
-2147362231
2086751001
-146602835
795736887
-756889282
-664833279
49365384
1308059844
-1950768170
1868179674
549503451
258825458
1279645131
-1589841305
-1188730665
-1585921542
-1730746009
-502815332
-1021746034
-1592697549
-256502401
1765347714
-1301025007
-581567341
1791375007
1874907485
-121467718
-1350862731
2056103814
278441487
-196650043
-318534244
-853496620
1464349118
-1479259867
-1392979081
563767297
-1499770444
-379306347
-1862446426
-1187150447
-2097196409
-1982816788
1137541052
120920709
1837582969
-1894605387
-1330536890
-360618732
13362721
157637374
-1502359540
757294234
-303017142
2073474160
890328214
-1386906415
-128944614
-1121828193
-205406991
1473157182
804965494
-1164770909
1431771059
-2014282259
-1604672603
1801289703
1604737339
60378719
-2019720141
-1255299520
534217789
1465605059
782825495
281046337
1970361981
73257316
1059327767
2098402253
-1326678566
-1638146461
1063929195
1479977708
-1261004403
2103400357
-780947296
-625997086
-95581262
254739726
-1139239233
1345947005
-14688504
-1623716370
1406456750
1883040175
895960308
-868403013
-611209003
-290345893
-968986677
9302529
625152772
477383283
461622608
1999785621
1871651475
568932418
-1280383621
1972927760
-142224950
-1995509242
-959028868
-383559045
1440736643
-1035468351
-1990131969
29433415
-862755826
2053049936
-1346636880
1504465279
-1912238508
-1244379204
1393919232
-571964096
-1862219970
111461583
-1849501655
-835748760
639044951
-72243734
-1696317840
-1793409908
-1837110609
1425412374
608928169
-442451408
-334823678
588798808
937161984
-390327247
799967258
-455871672
2060733941
2022085254
-1832153999
-427892508
2045675944
-2072454105
-994604007
-1463357791
-1857920426
270211148
-994714656
1089458115
-358934237
-1987973414
109645487
1872549869
12163097
-357131238
1869025586
1489377275
-1777848208
-1612706901
-1264526403
824308751
433420559
518926009
1861803629
139036393
-729804462
-1947729553
-944665714
-730896772
-1454027762
1913648042
-1592810436
-1578787395
-662632751
1025091822
161622860
-282529859
2089628013
-1578679395
1381769836
-889931782
-640431689
-353128603
1370125704
-834405391
1395543948
888315642
-344803217
-312901129
-1839598316
461779205
1972214454
-768474808
1278742346
1601531995
-1139132964
-849297568
-444167493
1590567794
1597348270
-913822071
69494925
789552912
-965461268
1185243573
-139294781
555978820
-1674500051
2122213773
-1969144130
-104533607
1973496063
267448009
-1363179258
910466953
718678866
484416961
241749322
10371120
1036100373
-1420675260
-1850048603
-1513655743
1057669153
1866816168
-1643437022
1364096829
1031249494
1424252194
1097889154
-788738847
922145795
867746391
-1531268036
897935839
457769611
-671077838
1344758212
1099796945
-31437500
-250427400
-630330353
-371559318
-2088379742
-1345210728
317525335
1331497966
-1414282348
-944390585
921166875
-377950493
-577497811
-1114874036
590219113
1400506632
1056688263
-1317390824
393878367
-688361594
163763427
733416601
-1417238034
1294517349
-79118315
-2048316209
798049249
-301277887
990335262
-884291426
1191194141
-1253072580
181094682
-518157594
207560490
-185970122
1246053980
1419617744
774623474
-1143950021
-1104988713
-1125715349
-332174649
-676278723
855963327
2069099894
-1446115414
1369056002
-190507921
621272447
1784011977
1929623903
-1011303795
-1311650260
1191953481
829899942
-141015189
-257356584
141766726
-1765984676
-302767952
-840506783
357288471
-1863539153
1492102711
-732150209
-286309930
-193116890
-1925800138
2108597977
1245581854
1101582362
876535202
1900569363
1437482006
-2125679260
-315894830
-1596012245
79380398
-749477417
-2031228830
1062776517
-416885720
-860100368
-763145127
670955075
-1955715878
-1261962164
854439822
1367971162
399480369
-215521703
1271009095
272429282
1350129401
1794931792
-1519455454
-55795220
-600227366
470563682
430914616
1877735449
931844901
-1288829647
157121150
1513999657
1617442512
-392810623
289332335
1288076754
403681983
-854762705
1671589095
2049186770
1665069381
-774781343
1931201362
579808583
964292585
956239358
-177290747
-680030914
-1593076116
959189600
-684499221
-1783217783
-1815463414
-306842808
-955223452
1302747604
1217040640
-651536622
-186345367
-888919046
-221259186
1739747625
1276391411
1553170836
-839893570
1468234684
1119151261
1115851475
-1227839452
-59729743
-1481265529
59288207
-1882478618
-184201766
581725310
-518164577
-779416130
-1974529946
920681561
-602583190
-1445702210
-1158704231
314308005
162985406
-893117292
-176632129
-1421645180
1731542496
32843023
279899741
583946961
1135028451
198423009
-514087766
825787784
-1336384195
338048934
1478593853
-999857051
-236831849
1843440421
-1116366842
-796680758
-2094664477
1105719252
164605826
-504190747
188681651
180300449
-1954345430
1982423057
1913965257
1920007407
-842926292
237198717
-1718091030
-1667044386
-1135098275
-606011893
-718065161
-1595836465
954174317
-2046284166
46147901
1293396006
535602267
-807246138
-1179127541
-1911746735
704514859
-1296795698
-1014583420
-1343124727
745294550
907218743
1949739191
732841176
1024282498
-777972336
1380101100
-886589734
-817330701
2043890358
680624704
2132064455
1846083136
1831257210
1403073140
2026559792
-1834842679
233714560
604122625
-1449097464
-795218840
1488196201
699382639
613011302
546302182
107881268
1456746982
2107421576
881938608
-157229343
710728197
-495559910
352753353
-833111209
-1800763407
-2041928008
-1431845374
-1480496249
2011775665
553379505
-1636210071
2039315920
-2090169159
-1305429490
539631102
1729821861
-1962729020
-1002808878
-1536185172
962458988
1244020198
-553790334
-1283587209
-1101264471
-75120159
1295449575
178347761
142503515
580896950
1586763537
-156734222
1912208806
-99122561
-879398241
778196359
-1183564111
-381654916
755800382
272621354
2115405777
975183466
-1127566737
-345628109
816750310
-1466133221
-138005108
-1904967794
1066302469
-1060027837
-1476647156
1277611694
-1177349545
-421559921
1171351045
-887621951
-288079040
725316347
972869106
-1988597979
368992194
750250596
172699830
-221306086
-461906908
-2102836132
-518361888
605246647
385620430
-694143939
-1451678672
483892002
2038328183
-1548034176
1823266394
-1306556421
1505146753
-1029973425
28861449
1678442520
-1209312093
-1845765801
10042918
1913287543
-127779640
-708563741
1502725465
-1660280720
2048725558
-823305946
-1053057585
-751708630
-618433806
-1505861673
746912574
414837327
165619299
-255947005
-127391451
-332573181
-1539985099
-814421730
-1336093864
-579064303
-900449408
1110276698
410440379
1170270823
315700520
-1750192325
-1793162675
-456249148
-99001210
709492843
-292888472
2025985711
508824391
-1755674678
-236584890
909577898
625274260
2014663369
-1987539001
-595987289
-110131341
62096888
-1992198800
732949947
1898130540
1933026780
-680867145
-363983087
-1554231953
394696966
-1881295235
-957349856
-2049818379
-1069140128
-1091900453
179964960
-1420367516
-700122423
-392834784
-1035577671
2082463159
-1135368988
-2018733286
920922109
1357314142
246607405
1496819861
-219446376
-531992478
-255552948
-1218475488
961969990
968024268
332418477
-1819303402
-1510667132
-1937251769
-1516068784
646559964
1604790666
-1948116220
466905565
244146535
-598430345
-663492387
1709683451
-202692096
504964046
1515194812
-1772668959
-1819044533
-1383240927
1556604478
2122025004
699277188
2105543435
-166632814
335663091
340055052
-1542949534
1425955239
501063192
1540699940
720414381
-418503034
-1956627488
-715159561
-1724655148
2059657211
-1078629946
1134141149
-1475853546
62007931
-542206581
997911517
1926563390
290964545
-54338159
1605065076
1775557657
1576415161
-1883540119
-1900603500
641276706
-1187110878
-1393999958
-310013201
-1415047297
-2109502354
1547284740
-625861516
-1859318224
-1897558932
-2041687916
608765209
1516179333
-755735512
-2045023879
-1470877221
199728337
153248145
164086182
1976462338
-1008145060
-1586335652
-19895815
-1354436183
307170973
111249448
-1710163059
-1092416899
-1508486232
70670563
-2055088565
-988044091
105170917
2075449707
277034183
-1142866271
-822372094
1328127096
900016457
1084006294
-673141718
1008406456
-11937752
-887675319
-1066413450
-2110977733
2088797022
-1080709494
1405505699
1856325393
374160217
44913556
-1351438843
-138033871
-998618865
-1104440686
-218235204
1390153115
-850549420
-469790363
-947708636
473097921
1716392303
-1230336604
1257997969
587596835
-1964464918
-2103855132
-785330372
-76702408
-1719606103
-1859387592
-1480793737
120721044
-41765059
-917860101
980581416
47573318
783207033
44241100
-315972492
1076302978
1078935110
-1543582503
109772474
1770907007
-678713165
455242336
-1742454078
-346336862
-1276065968
961939059
1518812982
1355128540
-1582206533
-1418909957
-1696456624
55916111
661365115
186898430
849276372
-747012809
311796492
1512333604
-610831295
-1978148857
191153210
-917569674
1275202882
-345687086
71308210
958689129
1333656426
494727660
-286849579
-557804773
1977437473
1194160593
-73592113
1810020572
129333976
-1885440700
1915265512
1146439151
1268724867
-335435077
847566361
-136394352
144773704
2142349818
822808546
-234701767
-775414668
-1019670787
-120440742
678981408
1873567406
1509285658
-464574073
1520627716
-1915815314
44801127
1629669359
129819945
1050832047
-1751602344
498573679
-1156078175
2028272354
-1261834580
1729766730
1308430796
520125222
-1850622582
-1869362812
-1447563231
-1667109962
-2085251097
-566054543
-767634899
-1829859934
-1128776406
-848516728
1060750811
1071871682
1356597521
-2115662724
-170174730
1422380775
-1407993131
-1261542003
1720296684
1231629394
282462860
1869866010
-1109618476
425509737
-810897202
-1436027781
1564624818
-453550681
-645020517
777753101
1290513657
-2074522668
2005963643
-1090836851
850815312
-2029336714
250435559
694225577
954376601
-512198778
1278570983
-1663632428
532585006
577178727
546833916
651729753
-950875539
544220947
330901055
-2733389
-440589194
-1039532137
1500506569
-564594406
1955763507
-1531019583
1329862229
-417548703
-7733096
-1051869418
-672514012
1136729855
1227111979
-1245501175
-175668192
2081158506
1396234694
-1958502806
-462143420
-2136245077
1770495132
-1093768932
1372024378
-550803410
1072374393
563208459
-2123725755
-559385382
-53936307
437255516
-653262751
-1459880095
1461729514
-1436662555
1046806951
366619608
-27322100
-728772130
-1720151050
-235769207
-852124774
-334537511
249139663
-1932810744
-802554581
-1264942353
-1047117695
571590275
-1324798517
-319898821
576129669
396179038
1772432381
-817123444
-1602225109
-1646255105
1190104068
-470422443
-2099583371
-1377813275
-778129570
622861288
1762020418
-1548747265
2003857552
1196441827
-1945928274
1606169915
671434537
280601578
-184515144
1366788188
511387648
207317142
606129702
-1942547184
-442522177
-834732628
-1076781659
-659521983
738530725
472964241
-26880973
-71632213
532593798
83971069
1367771585
1526347950
-213628905
-1761469969
331117331
187902821
-1908598680
139559136
1580216555
-948431626
-1174921808
-1076777925
-302125723
-2057674197
-899854768
2007994379
-279254108
1445342017
-1787692782
1364396022
1469181358
554987008
-1118210127
29192553
130389140
-341945077
-414186083
-1946471148
2142641878
-588439431
2109062910
1352659865
1404709124
-989363293
1478233081
-2071180929
-1443867480
-1726575553
-358089677
-1850253716
-1565918877
1227450029
37770899
430289811
225264725
1652593552
757489995
-1646664342
418343362
-1059167583
-1677416937
2116244640
-1622291214
-622606657
-428919097
-2105939378
1121403479
106813257
-746244613
1968532332
556060661
182031024
1008445485
258084742
1951633406
-266815929
-1143615243
895176366
-215508548
-1269055651
571449479
401676980
721032371
1495427469
516093311
1663760276
-674047482
-314229165
987281120
1241491247
2049984537
778045922
-1025308070
-1022403522
218508407
1655589173
1733176011
-673601405
-475600906
-721951388
971612935
128424512
-589811431
658362424
-1501302564
-1242186516
1619466421
-1816439295
-1754344368
-1599016668
245707990
1472870566
929222444
-665563169
-906816030
1719986172
-2070112067
-1977250586
1864002047
853764955
91720153
-1364161406
1102869170
-943402897
-2123086560
-478535562
-62934840
2032153419
1254825859
434970671
-1234048392
-1984580669
-929166070
-2046537671
549580745
222882810
-120187439
946261237
539410737
-839664583
921999187
-388764535
-805307266
-726040574
-354363926
-1307128809
-1651133447
-2022703004
