-690972161
-1368496878
2075288290
-1376993306
-1883442512
-749123027
2142415641
-592025388
108876972
-199414
723929407
-560366194
-1503418826
-783991753
1643435874
-563738823
-773841072
847308009
-1774268346
579500566
-489275078
2107612721
-563987319
1976550867
-1630846407
-126354579
-1514500601
-1068132579
-911674983
374219264
-856142465
-568811911
1140611059
1395334725
1838382710
1788211284
1917294515
857740224
1856363867
-1229204904
1853018580
-1718633322
-827827221
-796292608
-1562373395
-1353978817
-1218347050
-1614479250
342002801
1090259321
-972519518
-364490885
2107219506
1830597503
863730127
835095568
-415992793
-1590163846
-442203588
-31432269
363543662
-67554505
-1106427447
1321620324
-1303955053
-726311397
1751446588
-1239698006
-1021102830
1143929171
1487442024
1989850600
-664660454
1693978191
-773175669
-578616588
1416732819
-1624561040
-1767374600
-562959639
-1374969758
-1434852609
276220661
-2013396420
1292371179
772482145
952320486
-2005030899
1127657687
-1500331896
-1513786198
1958804415
950010391
-743509843
-943139516
2113738698
1257723431
-1523597765
1909399742
2041554383
-1157951849
-222853362
933192009
-1692459028
875682246
593694940
1489006249
-1551019183
1814905840
-216342541
-571436849
293009427
846582891
1326892324
597829831
-2120977856
-1044038867
-1640507649
1377797076
-486731726
-361278831
-211006913
-1451868968
-1005626840
1029896538
-1819026040
510447609
483804946
-1311241993
-862794673
-2067053439
-288593237
-644879352
1940684056
-2073423610
-2040827699
-701327071
220094183
1476959690
1636268544
904525261
-511268368
-115406492
-837079725
731506132
1445590928
-386591841
1638044527
1408469696
652600704
1736594081
-70250776
922646430
-2100414393
708449871
566756822
-837100287
441790704
-1171808784
327487652
-1523846837
1857489405
-1612348400
-45104601
1388976431
-513028197
-1488616282
1667390706
1666225265
1323435798
1781268857
1048709607
-711806224
1291311502
1014294718
-354655215
-1707026971
1255126507
-1477582330
-804164175
1489355117
-671572466
835446102
-1489026410
32047684
-1011772600
-792682345
728112049
1779133394
-980232689
-1640607952
1456502760
2124345964
509537518
478078961
-1366000086
1825269203
1969792701
1093518642
1895886019
-1102721025
-199586798
211888955
1176054256
-1787266014
-922782729
942887142
-1486272074
-1753880089
1165176796
-1310667133
-4973329
152121594
1612546767
-1599301893
1082826148
1092262092
-1446455319
1458036535
-1392685918
-328767337
-2058785781
1493604290
42816583
356004768
2101403338
-821076820
898401436
1325475259
-556441945
-834666575
829979816
1976308756
-1103960957
-965865317
-1714514685
-979085781
1545613905
-2059597852
1503354793
-1762088160
-1571256051
381286303
-253636336
954183472
1643530732
-645470569
1008952955
1710204287
-347474220
1388198328
-585900656
-467494377
-331594227
1029230509
957894952
-2142494672
-1458488007
1885844170
198889318
-1036635983
911050625
555517228
-13058806
869199094
1759410961
-1213592801
1466145286
-1406580268
2126021061
-1967622209
527498066
-894507303
-987309788
-490774559
152030716
1073845720
-1505567348
1330738995
1592145794
-51423580
-340241233
-1434158175
-1921210525
1019464474
-1117820099
-731778310
1204809203
997091172
-175351326
-806117677
-1544721297
1638195836
243262835
927517355
-2036747696
-1382176017
-614257053
301979727
-1271718941
108422115
-689142917
-1129206144
369575449
655797851
1769089994
1699933650
2137746331
-1818246472
-1425318951
1937313750
441777953
243113602
-743519709
833606779
-785311996
-1204368792
1984009923
149791152
-1869709807
727972997
1937799791
1325119822
806845855
-1123476764
567832740
-426677963
-1533692701
-1793236410
-958181086
-97543756
-846491262
-1683442398
831523995
-742629842
-1785447065
-2001185044
4554919
11824121
510924246
-1865574502
264902394
2143460233
-1915682879
-1064488093
1437180887
-286533683
-1758778022
-1180800311
1450588103
-1954537512
-1205589783
68490969
-992487290
619151044
-22333218
-340640335
489313598
-479453741
713257258
184216387
833071607
1385223382
-1375140407
1608340055
940615244
2106973394
-228543837
2056813014
-1699951774
46368991
-627749740
-132449724
1586861334
-651351725
-1395339319
-1185837170
-1613716875
-1961067232
-1170243763
-517569787
1677685104
-277326470
-1714361885
-1887489622
-1113415216
-327200836
-351016939
278213291
123335527
-1604728436
114288525
299688493
1869181832
-292261060
133109666
-1467788212
1667206584
113714291
1120029493
497677407
-515968092
113366796
-1111448642
-1708764032
-1303736234
-1949045699
170809761
-1024396981
-88016221
1767907323
100087238
-120197660
-323478808
20041373
2143195240
1437011006
1377892341
-97619777
1676667180
1331586459
-972628152
-2042072727
1387818100
-2104121522
110910589
-1354317201
612563445
-240265272
-1411664891
2101793562
-1441431418
-1321211951
-1733831402
1611975943
-1475886277
-1255238635
-1179257118
1607482191
-935797838
808868577
-1789438710
-401506328
-1335226964
-1302296017
79544149
-718881974
544915422
629844447
1372385436
-79361451
-2044023287
-1299986873
1060495625
99958385
-989550520
22372077
45647744
147944438
-2006617176
-1268384366
1983626844
-870634802
-1464360963
1015003507
858931038
235390297
1698064115
-2086327606
-1749095711
119247248
773253219
-2109500774
-42348974
1254735980
-921151513
-1241957716
-2116379168
269610888
-512692304
-15511084
1868862831
1580869893
-854147946
-2108241800
-1745161007
38698413
163616624
1943794002
864324407
1895669082
-856891483
-839062924
1031276005
1341919640
-251606269
-657255796
-279841243
-1198653815
-1754505522
2076184169
546357885
-462320119
1642882588
-817683779
-975046877
-849188591
482670944
-2111576540
-202397264
-401546400
-563844285
-569929883
368305172
65912151
-678973766
-1927912458
270748362
332767268
2130086484
2024475333
-648056245
917878819
780086483
-128071883
2041878471
1693782400
1094579966
492429414
53326098
906271520
-155742539
-1072973639
-205191204
-349047871
-937914555
1780111762
-655961051
1610048863
240085757
-1668843680
442403311
1590014681
904548865
-436391462
-1965109708
-1175807020
-1041485219
-536800118
-86030566
620837599
-697752227
1597512590
1049279332
1116185048
1340857883
-748699491
1143682348
1829197965
-1028985512
727471176
1428757455
435462565
1705897615
1090332546
-208832217
407022017
-2022706617
1260079458
-129573377
-1947663139
-460473943
-1816142554
1450416579
880352764
451123025
1867205754
-588564105
-39289596
-1788343960
1902565882
1416397290
-409008410
474833138
555636725
-1116448470
1076272129
-1295644060
-15202444
940921658
-808732472
1835813753
-608377990
1097782786
-858456927
1527220805
260299916
-1730279290
66173712
-1300860535
-1179203469
-370015910
31324948
220628553
1378880064
-1697650603
339511505
720831132
1962686095
541785989
-1999766162
1273891266
1002125328
1958725474
-1556750016
-1559983749
-598689725
-1275022779
-1326625753
1690197142
-953429886
278272794
1930733624
-242646329
-1922414780
-327519404
-1395885412
540574141
1620827551
-1533617119
215439031
-1785117836
-1221693170
-774660385
1355112332
-731183673
1104409972
1473460429
2030828383
-1978978488
-473986208
2007363077
645045659
-379970220
1235695250
1596921769
-597177610
1406549857
1313601726
-472604324
1734327250
1643975577
-551398257
-2086376972
747651302
-1528375124
349273326
-1566409875
-1217147363
1695221985
-1042303869
-1381085664
-1682452547
-1435962769
-1438211717
949783347
1171828172
305201418
-1055745652
-452591021
-873455186
1119915199
1239165494
1780729504
1365295634
696992260
857432394
790341353
1431562511
-458590453
-800548433
-1080068839
-340961143
746324566
-1346973597
-638267152
-1402322727
-163617137
1280296384
-995989003
1016565165
-1472632935
-15044864
207285418
6659371
-1345102622
-872907773
1066209025
1973273948
1269617914
1754264911
-410816497
991972295
1810587241
1747072599
108412670
458732380
1132300732
-1956526081
563862856
-419920748
1925413089
1416421215
627372066
1228075989
408981428
-1255504697
-1008495307
1626212890
-450946599
-979065086
-1054560621
435827667
-184026677
953786079
-1573029400
1738758665
1734194485
-719067412
-2126584081
1843980741
-901025152
-1577120892
895705384
-903582286
-1827816531
601691916
1390608583
-582115839
1097079395
-1070596487
-1138403601
-1282078068
41410891
-469839340
96946464
-990067906
-850020709
1855370881
-346116116
-752311631
-19090447
476310013
-1689473808
1449752
1977560929
-1409328666
-7672830
1778763102
2002682321
1833012352
527385511
283034255
663510659
267641589
-1239127865
452403063
-338587661
1506113437
-1974621789
816943752
1841507810
-373744512
-1875450874
839650304
1676452018
513162776
2018585274
-45588406
2095449588
1581166170
-1026568643
-58018651
1620298303
1768397815
2118171829
1071616515
1541770307
-1437320738
1698065696
-1277836749
-231236323
-636167419
2110310863
-1728685247
-841240085
1186301545
-1072312812
1881644316
-998073693
301156179
-1505637574
-1314028167
1435111968
197115356
469928117
-1840955912
-53544067
978236338
-1128287334
-234436476
1305845926
-1696483045
285626704
361401854
1042204203
1463946809
-575395448
-1585007843
-1684428713
1142512784
605772650
1173510031
43005313
1885209797
699240976
-973397148
-294905439
1443890344
1925286967
1744553644
-1081577690
-1798325900
-1241715917
174608222
-550688507
1202192980
1209498915
-91260549
-150042091
83461929
-1454606746
1985895794
2088517017
1913464714
-1172222387
1564876998
1846600990
1471141388
-1552862447
-1002861331
-26464377
580543426
-651736825
-810372997
1015991654
1166802951
1862347025
-1290867073
1813042828
-1540984710
-1906945448
-258858963
1373664482
-519617206
-2106031305
-951604036
-155195270
2139721139
34352506
503495569
1419196640
1716506823
100104647
-1959992163
-1340135498
-1687269775
1165594204
1512375042
2058369151
2047462582
-370995974
-2031743492
156885434
331314494
109313056
-1580721154
336804659
-1569814765
435326844
-710151141
991411604
-1723539289
1209107358
-184299097
110618434
41657883
-9174802
1949449758
1326373478
-364804162
1948793312
-1411242685
1745569865
-484152109
1422997605
579438476
88817124
2099545750
-1601466716
326790845
-1209031241
1656164225
-1012932887
-100923182
948277977
-962643253
-1983811875
-1172304607
-135222960
-1226303440
-439993865
-1515794496
-1239205982
-1666027529
-1683409102
1132898083
122017195
-902440143
159303168
-2100197366
-1212572495
411343934
1510897278
402520985
847072437
-1584006251
-2025545496
-867773496
1294922507
18033859
-1629388722
-1004060163
-563550676
-476119117
-1879915385
1513042934
265431755
957407792
1862258534
1757813484
-1842899419
245364136
413143340
1848672501
1745109405
-494715597
-1716111300
747573417
1770333063
1733830610
-251516907
2043933448
-2008227517
-353305861
-228136069
1008052123
640298638
1849745749
543233527
-881542440
32787988
2066981311
-1224914814
-2042888502
-1420392632
-1248116074
1550175612
-1808193039
-2139314824
1446911287
-1592164381
231080038
-1390423013
1186211266
-867339840
-942118078
-896242579
-1972737247
857605604
1525817920
-1049720771
1628443464
1380675796
-315700319
-1604555259
-115320899
227071233
1379513935
-835507653
1114719835
1143238204
350392901
1880812006
552028754
2084733032
2006633261
93186675
-756432527
-749994640
-778344118
599134920
1177887143
-154331525
1879940248
1038256537
-2073333050
1678715998
999183921
2056248571
-1886642038
24957778
1694995441
2031259446
1904765146
-1164583450
-1084210595
2090671326
-373691827
-1188781258
-936519488
-615002076
-883616017
868545629
-1230957674
-1798179479
-1857450172
1440773415
-677809874
662258964
-224482932
927681547
-1906223990
-901933404
-293951160
484924760
760148617
324284680
753363708
-1352432211
-1901826745
1617906733
156207159
-1936750675
-1765031484
1827903449
-1042597936
-1709924109
733047747
-520168521
998534769
149813828
1808458740
363857074
1915618137
-1225038077
679763028
827470725
-293479075
-222550039
-1650237740
1309778067
-1525257169
-337206028
-1209912776
-520460045
597422562
-580037984
-1025365694
-1435592497
1574330541
969946708
936460303
1312949998
1026609390
-1935819233
1963043776
1300223374
117691250
50126755
427311195
-1748587402
-8903693
2084942417
1885393139
-1285160884
1703116769
-229836586
94760455
-1825047773
135636325
-94745132
148612648
1826151000
-1855471966
185067477
1417882845
714462622
197180733
1137059964
-1347974198
-1485118634
-1490720225
1202481917
2100412942
-1836585437
26422649
-1444690482
2035611117
1166757821
-3091704
-1248873570
945396911
-978803450
64016025
-2132551802
-854016825
-1804578982
592757967
710234237
-1360613834
-1847773398
372923428
2060013585
-1463878351
1725146059
1406507565
-2021005228
880366337
1310014603
842879265
501564691
787056938
1951106821
-2051907173
-1391538
-1152693553
751286
-242035554
956080611
-2021922732
1707729359
-740945446
-115070325
1703625028
1390538572
-266357203
-1836996086
1951852661
-481570235
72011371
-200243038
1450239594
1085499011
-2044233118
-1819587640
1590017528
1283686997
2101427224
1556246042
730568491
-1166798428
-870025386
1517568655
205436009
-2089398715
519955817
1122195183
1426953688
-356800114
-237567705
1951140230
-1688637699
1430862635
-748769488
-1036958188
-636104027
-380450510
-765614475
2005114375
-467879672
-1699365517
1206541566
1378168811
-197508054
-694313963
1466465511
-578809311
-653924732
518049630
865871275
1259091150
1406455780
1597889745
-1378255452
-1006833898
275498128
-1198631043
-1109567534
-1373787254
-858471759
-1719262317
-2040270373
-1301780514
807344623
-957685958
408882770
-1520960545
-1575560872
127435935
-1661145285
446913443
-1888831611
1885706575
566621390
1059997953
-1551509249
1246396104
-1976638341
265234499
97851614
-1756055476
-212198354
-1588532198
-645548109
-1171768840
1906456020
-1726788398
-2025483097
1969100053
-1876107492
1293598406
-2039786268
-1389292114
2037180801
428137493
-529588941
870196578
-2006526328
393033109
-587021851
-1457027205
368796742
-2120630521
-1599958793
-1530445250
1202708005
621103756
-379184528
596527492
514078182
1641138007
6986510
1957904009
-236771095
-1819068508
-811143903
-1179854589
1329132972
-2122346007
1586701237
-870232714
629237137
1998520650
-1307823114
-63617850
1395011299
1339767121
-1082240816
1528445197
-1215106278
2055459037
1189534933
56970158
-1225499298
1623775323
-1796663708
934602922
-2132007607
-1056170188
1681842694
29150002
624687601
704437382
-159295717
-852150404
-1593468635
-1636258027
-1915030859
-190612006
610178805
1617438851
1575982275
1455364871
786078071
1509709759
-530273423
1670908356
580324552
-1458174277
-348770097
98048419
746558289
2012651361
-1968480592
-675127519
-30230965
-874124345
814234836
36770042
-1235051900
-176740960
1682402633
1459840697
1610988898
969607413
-2030445811
-445494130
-748159448
2010373653
387985144
-1227095965
778860408
-2089046326
-139710760
855895088
-11211496
-1310975283
-1080661283
214258062
392942072
1354399611
-682173129
-1861444982
-2059785613
661808839
-581607427
-623615044
-1329410347
-2086440590
1280384336
891327383
64016925
127348858
-317956672
-658304255
-184610557
1990631887
427579630
207289125
33238331
204358732
160623729
1656245384
-186222341
-1357187356
850550013
-1545895078
1306236603
772347676
-2126936638
-1469473522
1825034555
-242052424
-778495471
-1142791380
-46960694
-2097160007
1648942405
-1334833307
-1920693564
1616582022
-67242784
-1123771161
1241261147
-886864280
-1611548429
619338483
-1318745702
802402363
-1357207869
-63794004
845954983
156390754
-1758504535
-1480170960
-452132536
-2021456133
761638458
-678758676
-1210412888
45714771
1767797670
508297515
622289241
1511449500
1053839205
993259248
-734962020
-1475495203
-661997809
-54318074
-247639584
1505212457
-1919671157
179613013
-1042043512
981721619
263514220
474963318
1577631729
-1319505568
-1410187625
1082736264
-23686477
1976924414
127109416
240801092
510589477
-688449227
-1182411370
1391112526
-2064606938
668545563
110104596
841492174
383900954
-1646737075
286034234
-1845129921
373372467
1702532827
285389284
175019910
-341176335
-1419809404
-507104934
-1055352506
284315115
-65375710
-51463760
1913245042
-1533259569
-1813064089
432946800
557183523
1022740390
-710800695
1119973749
1479036331
-260320932
820681659
-1861178855
-2120191767
731984511
-992793059
-1831495022
-1652012322
-895769785
871124724
-155420775
-1358995072
1151957462
-1767962019
-1380092340
-2053094450
1167144127
-1768063554
-1655323564
-941455068
1580247500
1418582335
-74097078
-271781425
101309691
1239385208
-473339818
-1840218908
-904412214
1535203947
-455021287
903776077
-1995081548
1915433140
-1541134644
-346470364
386310906
1230773759
-38488407
513752643
-1451747674
-1840106567
-1026593143
-823696613
1608249548
-883450103
-1439788850
-869452091
-137055213
1091331329
-1284134270
1128855894
-394843789
101920272
25062336
-280910474
1640171839
1761268923
-1963974062
-1456766925
-217141146
-1482314868
1526839963
-775990766
1411540469
-1643467190
-2069833
-1912365721
763622623
-1287908759
523463648
-64854554
-46424576
-966661436
-1915263469
605773177
-764959137
-1123102071
745697778
1386973779
-1820064333
809489267
-919874325
-255804860
-1650460376
-1665664193
1575017370
-2006952114
-1911325086
830166104
-740133268
374239609
14875329
-1825294892
-1998750588
-1355083293
-1944087833
-1735844189
-834029343
-586601702
-1737034122
-2129096699
-1814420032
2116270766
1091413022
-1976329412
271252030
-1022693376
-1125455402
281482883
529559105
-1634964384
451814760
-496063170
-239904615
1756819543
850987315
-1481883790
-1713960095
-188020160
-2123175636
-772717450
-311029077
611293725
1694848037
-1999690518
2006563163
1602895527
2075295058
1031716840
-282429357
-444006490
1290418696
-767651975
-1045056560
-605304445
1128961990
1460281418
-1257805037
1404145179
587550329
-433794913
381468227
1429610197
-877423877
69012104
1138650769
-984935434
1026952668
1603038545
-1042236259
-1473817293
-1932068251
-399730114
-1873262313
-1133635705
113291737
-367028105
-1920345175
-1958255546
-264558850
1422263361
-1443548140
395410802
-716761637
862748015
-2040968807
517190477
-1739199550
-188937961
-424502119
135298863
2034871184
-1283958137
-107315585
-534906983
1507349043
-1027197063
-931630115
772338057
-853377172
967535494
-1738205995
-1653054705
654665429
-1087963432
-1750069318
-297018592
833375525
39822372
-823053834
-787930455
1566971315
-479882794
-123299027
878336743
-603478984
-1734591859
232816290
2048863477
-563341608
102930633
329062105
1470684838
338697315
-288882206
-109203586
635592852
467004119
-1132022725
1101523333
-928863879
139696681
-396585801
825531794
1501098684
-924457148
-907161748
-1832910694
2133305935
-1524784303
98848662
-1480266039
-117690953
834556729
1505379022
-341344090
-511794581
-144129177
63773563
1391545972
-1747550366
1383371730
309970568
-326892069
-680985
-133693382
64620631
1336751559
-664479825
-1481807695
214316277
1263563920
-1901416404
1184521820
1212004238
1980449883
569726755
1523857530
-611574494
-813147713
-63496580
1150973350
-1633184136
-1100076885
-42119848
-599823016
513877331
-1498489978
1630974569
907810225
1489889507
-943843177
1520469885
903078263
-1949024898
1536375206
-907707814
-1981154723
389981071
1151654371
-672928047
1626954632
-169762354
1416945159
-2008166899
787845198
-1165945167
336747193
-366643413
-1292756160
-1678463711
1583938866
-759126769
-380974742
-2049808271
1334565411
1756585333
48723416
-140412021
1990444757
-275628730
-319159972
-569974932
-1475895150
-1801669076
-2059566450
1384144081
-1266211261
-1806364312
-1582697964
374996274
5720154
722815970
2013255459
-1479207185
-241626383
-334684287
1438890053
1815570633
1382192691
1946602941
-1535552420
-1175717741
-1899794182
-317358223
-731191322
-1438209752
-1833639494
-2027336203
1783169666
-837370977
-2139127396
1152534892
1169404082
-364662851
1948192237
859639897
-2138702367
896743338
-1647385671
596167800
2093552296
-1804717336
-1552936525
205498571
-641436852
-1545214848
136586327
-1552411406
-604691829
177854589
1367740498
649488831
537767063
1509043358
1688002337
1418445577
1119706722
1680420934
-1472593417
-278388032
236793116
1364889527
-1993380125
-1140641470
243601913
1065188991
350743602
1612721900
-2089492937
-273509071
850275857
900131570
308792159
-190491048
697674359
-1957375117
-1860547638
1028427433
1388463937
-1259965753
-1891770522
1683227767
872040093
432729627
-452005702
1110256235
-2025843284
1484282176
-1594032601
896256371
-1880628893
-560925761
-355101840
-168897030
1450644913
-1602837712
1256642427
-1834687398
685386470
384515787
-1349078440
582938766
-564173485
1546747967
1211617154
1629187372
-1800705235
1158393282
414580837
-1226912367
-1094265674
305287529
189252384
2009988957
-1347282274
-709979719
1139470731
1129482017
685737637
-1171718275
-514925445
-1755892649
-1463219579
-369693479
-131180732
-777543534
684859663
498966943
88110975
-1066668554
-100393580
-1339817760
-418444020
-839026455
1882557830
444625862
-2006051238
250114314
-518811555
-1359336031
507491557
2109312353
579750335
1282547006
1541694976
1853247448
-2003316262
1224286079
1903133652
1586596842
1731676180
1574848296
1907643048
1427448985
971500518
-2051453450
-725606814
-724224603
-833200123
1451393781
-509989812
789584890
-1660126270
-519386605
-1737849573
-1021177495
-390181198
-918847249
951376685
1328172955
1123105425
2024758518
912593170
15396418
-857716893
-1397582159
-1606474674
84668560
1947145691
1925838423
-350453668
679294444
-1523641343
12948905
1400700404
-214285853
-2079270898
-530748673
-1567485296
-529658020
-829045350
530772381
-246483924
-584817905
-1187749640
-1334541494
-613370546
-1751559880
2145645792
-1093388509
-1843552955
-317789561
745172559
-2117248596
32194740
-1508096934
1834062506
833671719
789519954
-521646035
-445189079
1109526824
1819657194
-386517424
1568426098
1945314409
-742867031
-1538250789
-594279036
-1821856806
-1800674920
960027615
796944598
-529929220
1203671398
-1654969378
2035895487
-526079633
1593195627
-1829600388
1678733336
1023408585
1511202793
1490950005
-1662381025
-450669144
1136718740
1530664913
-710536034
-225167350
-1144440749
1380536662
1135337036
708697819
-178966712
-132844994
-297539726
-597950257
1688845582
1247766058
1359449809
-1459975054
-1381515967
-671711914
1397130434
399099004
-805336510
-11513075
636953247
1311198569
-1481720517
441034590
-1303751583
-1557004215
-62166432
537108495
962721930
-1731750188
1745902968
1160258769
338876997
1722320065
-53339493
60508853
126462410
-336620969
1631364925
-669809954
-574843129
2010123331
406216554
91848824
1409905276
1986436268
793008979
378276328
1866102886
110502276
