1269804169
1929105769
-1233928939
-1013267467
-1597468249
-1764717007
-829876683
1799754786
282372225
-602196468
-1687108112
1599816229
1061138532
-291722459
1666629585
-1029081
-1598983584
-237549127
1023451999
-655173357
2112434511
-1697566266
-1615931961
-46564504
-1349413355
1447360514
499323320
-2098868912
-206529496
-1183321586
1348833678
1304672752
629883474
-877882901
-1034930254
-2109503488
-267582539
-90536787
1484347711
-1888388706
-1254138608
-591558547
-1228009751
-1054403233
-883039681
-1947783805
-138006502
450849959
232237064
546240245
-1382392739
-933694662
1314326036
505384489
495367935
-2134590446
-336267974
-650707486
1863006451
-1528025230
-1118990845
-1514461079
-1127957258
-709652933
1367305066
-83694326
-1870124557
-993667
477623779
2070393026
-82092121
-101458608
2022365854
-1583727051
-1350710904
2006299109
309539596
-1403965211
-59982877
1215471063
-1446960991
-1751752799
988675907
441669318
1721688284
-1654916550
7155225
-1124125402
-83583612
-598126980
-1398880103
-1644526508
2032303411
-1615173540
-2128207135
-1353629718
524072983
53281133
1898549600
-1916808621
984462583
-1199017063
64124789
-1248810847
-595692940
-571104500
-1536353194
866037661
440778897
-1470688397
1471572531
509218335
1912802933
620797030
908327834
1923985568
397529198
852586785
282401564
-1216775667
866042425
-1262850182
10590513
557723101
-1453815424
-1041896945
648387672
1138059109
-458654557
-1990893122
-638070910
-1293864342
1822462395
-1021517223
-1054240080
407116024
-393496101
-676661606
-1375268390
732674673
-1473893224
-1996003500
1762092563
-733659160
862021579
-2115880469
1044063465
1733575087
2136467349
233808390
25821713
282718766
23386786
-1381705086
972449604
-1207721482
1464620722
-1338697303
765994595
754250005
-1072443051
1894585507
15575521
-1041022549
1424154869
-469842388
58017633
339558333
1077971481
1639345287
-2030659427
1110610504
209820903
-517147983
1000210058
-98760295
1015080683
1411070170
2131407545
539877083
1946303766
-2018185200
1557269248
-2007574287
2074976776
-1180107459
696308569
-1026528634
-408941423
265328467
-1120017911
-308601503
1533252213
-470444859
-541111804
593223421
-1694958737
-1632920520
-1770664049
-1915223464
1522073720
-474010502
-1108835545
-2125526261
527678280
-2089242701
-764107103
-750938726
1368984092
-585036327
-1723580270
-336203507
-1046680646
-1273466263
-1433402896
-1003471425
1568085938
1890007379
-932748807
259859829
1598904037
465319733
-1417407405
-1885110094
810311755
1212862668
542915956
-727548600
11222512
1898878374
871958851
915872306
1527873086
-291417572
-263354369
1801260193
-296176254
-1783903105
220460384
-693083564
1629885352
-708271727
-1284125189
1242985772
929108553
-260836297
1332041450
-550894593
-564625689
-623254421
-1487570005
-2075163477
-1716034186
-696188553
1594304072
-1500249234
-847274210
-1578292385
1920038328
-1664474251
-2007496385
-787834978
1870427781
1830687922
165193909
-570954475
-1910750802
-1601006862
-1705034404
-2134791360
-1513839154
-731495890
2040203734
-149925718
873184893
-377357280
111596427
-286395229
-1529602571
990241561
-327917839
-1998632913
649948408
1611943441
-272831475
1490498112
153396465
928440831
-1663142088
-498369752
-907327399
1974168683
742769190
-450610360
449789276
-1574218944
1870752036
111608077
-1500303685
1503243750
-400914272
1041883677
-942565645
1064393616
-2146191634
-1343624244
-1538074209
479046354
-222865847
-1092376876
-899608806
402482805
1198162711
2026086981
-132487576
-1892066418
-808836496
-1118815814
-1184022186
83143885
-1431579423
-1534260531
108490463
-1437694190
-1493905044
2091634124
-1548474416
-1030616251
-1881871149
-228227668
1039839663
925532518
1331477
-2120074435
-1073099815
490678498
671525176
-2012956769
1014647529
1103837737
-778123959
1381167604
-1347058080
1899752828
-62260575
1208689750
1748139138
-1779983605
-957692823
687913995
-905523074
-1035057090
-306288545
-690251529
-2079914287
709178962
-864967719
-1022930863
-360471573
640960040
-966482678
675767961
-1402531567
-425376423
-530656125
1090565321
1163029381
433223821
-1409862916
-1349030710
-1735024155
-1578961139
-570536107
4485417
-675183664
-1638356075
-1031595817
851178506
-229070897
-1893921170
2061242814
1898615132
621693809
-1462309700
-1867340293
-793946034
340824503
-1845178092
-190404043
817657856
298697650
-2080579247
1140606737
38241149
-2055571606
464274856
-14232398
398295273
-627523326
1090350328
-953718141
1009399798
379507225
1114489446
1507731251
-2076871780
1423813490
969975849
-1176931071
1600662281
-1666267946
-1060713566
354340409
-572078635
-486944968
-196204881
-1138964995
1443819385
-514722534
1749041727
-156346040
962244097
-956547792
1792642601
756272176
265400321
-1993936062
1589502521
-1639606422
141362629
-910935210
-593789812
1883908627
-1839154741
1568158477
768545053
41911213
-92144523
2112701773
-863977825
156625511
-130558214
-1654156256
1155202188
-1626783328
-1982883427
-1040540453
-1015425411
1639629997
133003554
-1194165630
272763068
891627994
912592764
-2081133974
-1078668777
-650022481
-2058570806
493909792
818843382
1339221619
450485636
927493513
-137662032
-717942795
2093221617
-1930526646
-1341199335
-718364791
1506722524
-595575447
-1105224097
-549939119
-1863124602
-922174924
1198710550
-824625219
-559251234
-161539743
-572510064
-2002361772
-1050639377
1088737142
-247056526
997955763
255618457
1236879723
-1066400125
-1280591658
950291075
-785458803
65196999
733417366
1462687312
-811135324
120154828
395476594
1871489040
-1766139560
146010178
-1525368431
-378326536
-738909232
179817169
1374347783
1510705238
1236058011
1508164903
-976879529
-1357765698
-738931245
-561922737
-1702419656
1643385481
-1788279425
1389655369
1816667804
503926143
1410169913
199055574
1014720237
-1429003309
1741673744
-2002170734
909960345
-1642007985
-1934493265
906549832
1251187664
2037160399
1082442174
295521921
34215052
887318771
-2120536953
1025612638
-1578012975
-1599640305
524619996
1524503719
1058172725
1830837862
-798333128
1133730083
834949027
-2064475240
-829517276
1847196969
1083791451
-777656232
1175800028
783927927
-1420982980
-1637031071
-300349390
-787175103
2007219013
-568760406
347942321
-659650931
832721497
1633242328
1323573508
1524419517
-261621950
-65389837
1439969177
779959149
1558063607
464160092
-388235647
1937590142
-1340154847
-31964930
1588704921
-482855821
-390663205
-1515255356
-262779154
876846587
-1740130631
-1937233078
1341692253
900149454
-1297784564
-1154998058
1474950522
-940200516
1152478563
627024009
846253491
-2088072702
1075007571
1901438417
1499677364
999342303
-237327237
-1593626847
-432625397
179087974
-515751230
-2050972956
1993784591
-1452545131
-646241566
-1425010770
593604862
1161548711
-1445208022
818854836
-1022068379
1238874790
-1689792897
1084995454
-846922812
-1004128957
-463565917
-1100453926
654181233
2106929641
944003257
289618707
-441769796
1198674703
1507330056
1849425251
-947857837
1472076493
-550272257
-1847295835
2024782056
432913330
-1012913032
73894734
-1506319088
-2047302956
1224254272
-1365556579
35155822
1640763175
17148119
43222033
351449872
-1223669230
-1409535885
1216078363
-573595112
814765375
924768842
-1194837995
-1699840866
-917626446
1575313169
440797554
-1922919979
-1831164899
-718229569
1015554101
1991372652
455760497
322620822
818486951
-945478858
-827058504
-1805803933
-604440509
81720076
1378951969
1287405827
-546011659
-2082656526
1160975196
-309418455
-769283709
-462290568
-852175064
-360222369
-54676405
1943495266
621929001
751330890
-660404946
-390819958
-1071153922
223995441
1028002252
-1433948155
940675987
1029587391
-1306439951
-1989933691
-1456106318
1719788296
-1209357234
2132234237
-1704773920
-2034920503
-256600213
-1093711990
1744582246
-682597389
-131614244
377639057
412180653
-1249184662
165537458
-202584540
-1057718065
-920770039
-2022053068
1613149865
1168376169
434867433
1100953295
-18133315
-2140252234
-147466269
-2119725494
-1142477227
410553305
1448377426
354696765
-553716698
-1045138823
2083855901
-1692696381
-222082233
76049299
2024426484
-1798698386
1416439571
406043274
-726206503
-71568773
-1526245037
261606274
972714977
-1936758202
1176037021
2042624495
827914043
1944516608
-747258634
1527164008
238612337
1899505822
1309782206
-766518847
-496131602
-595661548
-1291066419
-188855465
-513023553
-944957758
-1259930920
449458349
-538059363
-433019090
-1924872935
-1997219785
-604550614
593684212
-1715324369
-1514233482
1887136891
928872442
150663746
-1153336252
1274726614
-405678361
59341930
371427696
-1165592132
2069037013
-632539311
-2101694323
-571247831
-1337447868
495751190
494092039
-1696057831
-256192430
-2111779980
-501685130
-1558988722
-1600031448
-260129501
-1346199498
1954841680
409722551
2016940413
-1172868041
218549
-391334236
2126450021
-710217455
-859523678
1627899520
-723720092
1099820890
-2097587311
1934312252
1227957524
-1524561349
1895650900
252566491
1369672641
-470044863
-865975975
294813545
-399987892
865326960
-1861154258
743312939
1121125458
-461390435
696519239
1903847959
-1842789746
-2064898563
-1277003521
-52061562
-44291973
678890232
1020426716
-689768665
545067325
-1807236285
-1436071146
1395625527
-142594879
-96799443
333797466
-587580946
1608768034
-1802900680
-1368508981
525539644
-729234354
1773805034
1463994184
2102222773
1104979177
1880819429
-1435887628
-1034309432
1983107441
770019637
-730880526
957250103
-783550814
1618066153
1070868080
-589374
548709915
-1892926492
2130183655
-2007426523
-1551852992
792675828
-2114508640
-445861051
-1200827294
-260132317
694267769
-1568687707
-589760227
1415130957
-2093628184
-1623983842
582913793
26559986
-1556433344
1236006607
-963968140
-1397078707
-1021453005
39253585
-577070634
-2106430043
-1649009257
-2091147729
1632676070
-130749470
1138424685
-2119962731
-206845340
-983860638
-1266119394
243565894
1459282166
-1531921651
-1915105786
1646546387
-1925048241
-910057818
1022825782
-144100087
724386701
-1358074524
816755829
1166110891
-2141241886
-539671359
155845512
-530029472
-1849413258
-1962598768
1620138931
-1941876498
1820780684
1102951765
588629887
1985036968
1604816099
346544592
671050428
-1526402267
557087070
-189854245
-1693718839
235311666
-1593048602
-2025162635
1163411218
422750729
1209554319
-1856469219
-247070246
-1736797502
-26943751
1459802212
881047866
179710217
-1904294152
1214581693
1161619560
-246563824
-1081574025
-1827982697
351672636
-507484473
-746427239
-1794629971
1893580272
194660426
1791572512
682047900
346221351
481382299
854342418
-1798237771
1852780080
-1481208176
872742297
-144447468
-927923317
-1886042098
518196523
-381776911
-315051605
200813943
770528490
684529461
1694600189
-471826592
483181644
1556897872
-987897304
-1312684665
1980373502
-1494076087
333193110
-732818940
604174597
1115010070
228581171
-144243779
1647881254
-564898771
-950929548
1948843039
255671176
-1411025574
-118046053
-1364476918
212449431
823625683
-1104533704
-871048180
198370346
533668233
943006962
-823077935
2040500967
-1567517504
-1637291641
982287578
1949725670
1865014241
-1717063152
-1454359443
-126935660
1267723919
2009332873
1349804236
223118553
-1522019337
-958214767
-1137230423
1334133373
418317932
949358189
1446945752
813714119
-737936334
-2077210798
-1421389754
-1183646874
794618265
539179491
1089424937
112698261
-1434447795
-1756422152
-276313992
-1220416903
274804716
-2126474592
-1582432610
-1702316083
1512893401
-2018026135
-1959636887
1116963520
1174682191
-1196375586
97490248
844311325
1259811000
-1093406896
1805922997
-129187668
-340803265
-1832406311
1350673904
354344152
-2051916380
719627165
725513453
1792045713
-467487922
2082950995
-763250034
-1755170701
-2053409626
1803168515
-1807826412
-385216217
-309173342
-1046000624
1200252371
252843529
1578095007
-1161941639
-1663359707
-1379194869
240322675
-742783653
1818240416
412953304
-1240608574
989425338
-1809149045
-1724035524
94472592
-102732928
-1817700979
1756694978
660448536
201982661
-559659097
1282059934
-2056741157
587136848
2062709091
1090958285
-117850373
-1866755491
-264246451
-1122033542
-82100536
-2019172704
-1532827742
-2142979933
43098779
-1741443191
696291911
514052092
-1761714974
-1549934391
-1499415556
807724819
-1004466564
-1276888555
-604732207
1243051700
310114375
-1538473174
821606872
1714654606
1641378294
-558509040
32758299
-1486543850
1868134951
-910006878
182122192
1184778922
1102820276
-1101240756
614982347
-165964294
-1964284856
1619072790
-409049805
-94868061
2112899125
872920290
-2103090312
1000808732
-375369851
-363662863
-1061931388
1950017237
994809934
-1511914581
-928800976
-1968166499
-1870841270
-994162529
1421151737
-217987005
969193382
1729022663
-1793445390
1302342528
459613978
468394513
-2030959876
1212765716
-1593545927
-400852198
-1898988747
1016025902
-2142893302
1091290684
-1640795218
250390288
551714774
-434875702
228808800
756852210
411372611
-1952818535
-863000737
627561767
-87592799
-1565572669
874180431
2029173374
-1690038141
-990015833
-41729769
-216023574
1848401297
1279188531
-545240875
-839188123
-1403348067
-1100588955
-1565162991
967922448
1337151987
543123726
60226356
-645816930
-2061763084
418955480
454188090
1974106867
1200741093
-2138054005
-566942554
1707855111
88396548
2022817931
1529107638
474906896
1363668444
606678692
-297208360
803397856
732549082
1371286538
-1328007588
1447564939
-1680007393
-815445606
-1055585174
-241842612
-1887313514
1134997606
-669739979
829088424
-685889463
2070449264
2007866736
-638378284
-194667536
1999429556
416226305
-1511611565
1335148235
-1484848789
1577086964
-188880669
2086533041
-867873394
-762726223
898489753
-130827673
-1610626920
200386417
-811681718
1285316917
-1218004080
-1402895122
1578245677
-1510896714
-477590458
1347903065
34832062
-1296689424
-1867098660
-1676046959
-1856517660
1321927331
1937966471
-1797386095
459269205
-109258779
-1089405033
432759849
-381452743
317220078
-920219468
-2128620048
-536858611
634315312
-1723748503
556237176
1453523402
870241451
1550307814
1652059331
-1369391035
-990363266
267836417
342849526
-1659648807
-481818944
646474110
1163924556
1490817858
-813732464
860420239
815003213
134803915
-14005910
1312340125
-1135134914
-1052680276
1685534908
1860436296
86022619
1733496237
1743444664
930985388
128771651
140885262
-894431636
-400156698
1306497331
-1949620054
-1731948785
-2050174762
-1331027338
847371353
-1235058276
-1044041691
-1621160292
788766358
-1862482012
990898313
-1309935639
-1218555807
1261251424
684575815
-1832744304
-350197914
-380585723
42159609
-168400863
-1819253153
-1283466916
-150156911
-2138450370
-1439107146
643105169
-492840547
1279927445
373919341
1875774538
1731607756
1698168329
-1092243134
-171864069
92475312
-192472782
-713337843
-1323121032
-816095547
1040448520
-1445272723
165927371
59200689
-2040150310
-397285725
737126983
-1769895731
117258884
1790139325
-1280220707
536752611
1284599264
-968412682
-785291091
-1569963719
-2024937860
474777180
825528032
876521934
531433613
-279935309
-985432140
1257002979
1132794404
-2024399207
-481439273
-1720083268
1846351263
-806825238
-1124251399
2017858215
1091741537
1207398245
1124277404
1040596285
1676686021
704211599
-1561176019
-226465305
-1050727857
497820631
2077730904
924357796
390104868
-1444716550
133179800
263148808
-1104589892
-21321816
98962444
-1944840313
824704469
892038247
1796415633
-544528653
-1139586134
-1830414408
2008457996
-1393800638
-821997468
-292919177
-687024633
-1427703147
2072652752
-885144953
218907519
21329269
997187923
-513518418
-1418348805
500707167
728805914
1730951356
220284128
1111976578
-1347918187
-991432205
-1438387453
-1147079226
70794021
1495788962
1343149696
-581674992
-2076941293
1297672722
-1967015223
1269820356
-1655612220
665282470
-1604803071
1914023563
398095914
273057853
1687998090
-951662251
-501327746
-1724186406
-1697196580
-1701768031
966093867
380699015
1055480984
-275112709
1188126221
888026997
-59227172
-1875416122
356791002
-698397336
-265146407
477894715
-1059021344
1649577553
43458465
-316676943
1929154288
1911000636
1173368389
65301534
301607834
1054211436
-1613115105
-1126095907
-1595234407
-852751932
453191531
854013361
664907920
-1874398617
-858116324
1287288329
2145870071
978235811
-1643777299
-1326646651
-1394479537
-1767382774
688719285
-1359014728
-38828387
1096629217
-1986535681
-834816721
1857818901
-508271682
1973677273
-1309312334
-1109015020
1261947756
2046127852
1865478601
-549531053
-1195774959
828600012
513591425
-764839591
-965465965
-595957359
1033173615
-697341135
363201334
-1045987674
1879718133
718029149
-1287681655
786905056
169808836
-1418832118
-1368647038
571490002
-665803359
-772771708
1635838696
1703121759
1341573482
-478026261
170191857
160503696
1411652443
672810279
-1833043925
1484293286
1018055309
-1007848
696871582
-790880909
-1028948288
117306386
528778290
167490021
-684075431
1725264776
-592755890
727959523
1932673197
613712646
-1235578430
1881537883
-524797825
-27803548
2047667430
-244516965
1588339399
415331128
1215753219
781153248
-769763915
-722394740
1299925232
-823440084
1329400820
554908624
1053052672
1426754396
-367540173
480973842
-1085615077
-1474179207
-1942557472
489198699
-1611587542
-904351411
-1766945738
-763467588
-421894472
-364780999
1027585145
1166315418
-426920235
-2131613370
-1500791680
-1505851770
-176323266
-880636807
-1684974476
-841251487
1685796026
-63227030
-1780261162
448429342
-1456455482
-1284894953
881186246
-81605191
-1221792140
-406801675
-77774719
1627252583
-1061771377
-1589392568
-186548949
887966478
-25271293
-992629581
-1853037874
618372598
1024050555
1811708178
1888288674
1088341185
1042270540
-1104366201
-1714784370
1546402200
372520081
601796051
-558774546
641733031
-1881465194
-1186580250
1568599446
761947594
-335528583
-1276529992
-1905637865
788402824
-1825318642
-1529987239
1664421184
764871487
622430211
498903879
746085863
446528673
-719119548
-729580289
-2063489815
-2003887522
-511419488
1347423190
246665582
-554863582
-1057849940
-192827384
1981072753
574463426
529297383
-1493737455
-568145281
1099101873
158820126
-1089908933
1837502142
1649605816
1955417362
-1822072456
1693347376
742856166
1613821271
689866865
-1666315207
661423556
-986301314
-760455714
-106593954
-559808051
-1106610826
731483927
-811687601
1372952860
2066467119
-764088853
-42001113
67953511
2009361535
-1484637520
378308081
1900849963
-802631607
-1729823845
663712621
1209304872
-700043301
634451281
-1623469292
1685460752
-385801832
-1762584387
-484400294
924243834
-245756458
1542388260
-171860174
602325276
-1524125687
1242703222
-610165289
440739641
429262368
1871700965
-1137923384
-2047833768
966414895
2006533819
-321054189
78990390
879956557
-306279576
-1998119722
-2087023107
-397077825
421276890
308976130
1988856245
198508117
1245132305
65228642
1785675257
1739526420
-961304078
-1651802405
-762885394
-1199255276
-2056711078
-1964659723
1913273201
-683478613
-1996056459
-320459367
1635560847
-44055349
1220087889
-1652713444
1603276345
1917116072
-2107960915
500253564
-964371400
-1623404643
1642064919
293564904
1014605406
-1989666736
-886574027
-1289692539
-1779484419
-2083865581
125677666
-1726899089
-1453478243
-1330244211
870365820
-106439171
943544296
-1477914215
-1170445573
1939774536
10596073
2012820589
1526047046
115306222
1639172469
-868479745
-417579711
993936403
1346174697
1989999267
-1421730262
-1973004120
776582421
218294520
-1463633243
-1603800849
754419831
-299506171
1684252180
1330287934
1627472811
2020193950
652711724
-1912613118
-2066851294
-928854772
-1011694651
911139334
1559419410
484541932
473474544
-1609474571
-513275475
1119473495
-1042776498
-1499569123
764748692
-147087805
-61921377
264801653
-20781426
590534184
-1640362087
-291480351
1527508084
-1635023130
210790650
930908595
898038896
-64903963
-1632310560
-757207435
1451740262
-1978556547
-2079084200
-1713561627
-73013839
-1810794088
-10153164
-1792282560
33595666
1404061846
1877442848
-409640253
-1456312860
1070873968
191873527
311087982
903141524
1739430943
-1437589422
-688564469
-1030093743
-1479064258
-1123263134
846108526
773295103
683914734
-1395032833
-1049317379
1151991408
773825017
273006336
-966734222
2023188949
-1379824583
1716935117
-484402209
-771052942
-330301126
1764608561
623817202
1407742096
-465676258
-2027500428
-934895494
756691384
190455233
192762536
1091913513
1861908765
304188956
-413135805
-303134821
475089753
146653166
-1495641362
-1264741482
-1610182308
1711367832
-1011904357
-638231661
-1298415967
1467436616
1748923101
1176166781
2027759265
-2070284710
-1894547597
-136612936
-129059444
-1392513542
-700981723
-1375923100
-1780547530
-941697267
12741587
1469550818
480698191
889271121
-83989814
6884758
606800343
845766594
-690199463
67176942
-1426562352
-660708801
77008803
-154591069
1657466420
-263885459
2143244727
111347775
-1174757079
-1066058021
-1870681379
2051512286
-773291662
-1671513241
2098767154
1460327480
-1361459159
985165279
1302141047
1013270750
1515584427
1745931242
-586262747
-471649853
-117951278
956654889
2087033028
-551667459
-151846039
-1331994471
-1759955588
-1670460211
512337372
-1411912646
444696300
709775836
1354270767
-2072149259
-211123654
-516704825
-1921892815
465382586
878468970
273163741
1299541232
418979048
1693901299
183103015
-418162833
44585714
-329247089
-808467288
-930741610
910238014
1736481362
-956365595
-386915223
-1844789680
1154793214
1441505191
-1945087364
789857319
70983828
-515849474
-1487658074
-997080601
-1633779666
507346569
680474869
247874487
-1730021364
-1300174859
-1973067295
-726928148
743693547
886408130
2008436675
1190772839
1583145117
-733743539
1632406663
1933054778
1315326422
-1464778486
1861789856
1284285841
-179612349
-372436976
-363015108
1677684175
-363392032
-1302799398
1698453432
1098457591
-267298166
1192813387
1650827094
2011032397
1412601555
239878642
377802285
-5427140
-348152555
-23484785
144182368
918132858
1321976777
-1892520490
2141062290
-1759858839
1181802521
1724261746
128599193
-307509056
-59639885
-1208173748
588412273
-1753085078
-118047777
2026757388
-534602126
1073596078
1461395923
1114655711
1744168901
1287222671
1324330053
-2113656709
1123323924
-874834828
-331597246
-758678689
-1974531712
1785900300
-1801425090
-2116780705
1188655576
-304399253
633997419
-1117952929
69851655
-2101258376
-685067443
911325278
101650636
818229643
1595685262
-1349159754
1838998705
149154130
-352643570
1236433313
-43642571
-2127675404
1638713150
1097929215
-1857336501
-1877926281
-645369170
1263309141
-120971001
-824799898
-1427264029
-242921960
-634543978
1816920749
-1321303954
518093868
-189924753
1608853960
162460473
-784159833
1319867080
-645887460
1940767011
1431171033
520435274
-1134186588
-1227948849
868283024
72377863
1399503312
