296108605
-1195984784
1788253142
-290620149
252206837
-1360749652
2107889936
-1733574499
-273778252
283223637
1791243473
1753425480
-1280086829
-882040762
858005542
-2076559619
-1253252579
-1916922023
1637987659
996911580
-1355846187
-770148323
-2073433012
853839373
-806693379
-1362199099
1109032430
-1206207023
489490901
-371937950
1331990735
1412361939
-876704351
-2000826284
-1689611061
764343236
1693671087
-631791106
1691742369
-880671962
880251800
-981982024
734488022
-651028634
-1441841979
1024905737
1217351384
1667415088
-27965131
-1010034155
-1928783001
506911999
1744663420
1267000916
1632087856
-1133745934
-1260815602
-790686844
74876602
-1869750298
-685625923
1602164448
-1146239355
805772480
1619592576
-1258405230
-170551184
-787746550
1906269813
773086565
-1768457381
-1542167103
292325672
-1265204802
1763862796
-1852066452
1859927317
-535791668
141620822
-99855504
1078144875
-1252196610
-1810968201
1502909602
1422905874
1861532341
810369730
-649802466
-996573457
1861400122
1571591037
-879691946
-832531610
407417842
-1891991796
291321965
-231325664
1837939664
1627656782
1063114181
-831844083
1282186506
1488690502
-1224183850
-1936756308
879449871
161061630
2078119489
-1488866935
962043319
-1014385753
1789856036
-1556525817
-47584068
52641028
1039678384
649559647
-185868696
-1510023927
-308024329
377576168
1748089232
1542533823
49472522
-150470504
1439328960
-204691094
1206204483
2007472074
-237413193
1741347308
1036555998
2100178241
-1127160811
81796715
1168342222
879208556
653996626
-1488831439
-1201773618
763126251
1823146994
-409647148
17382837
-2117853615
1661763062
-1245698154
1655492878
-678989525
-1876824427
1654413326
-2114139417
1178979393
1493132587
-2033527033
993565161
-1162428645
-1156360846
-1254991705
987129512
1478568646
-948323857
155790035
1299496252
1292594648
-2059769426
-1768985902
1313127440
-1074541392
-2144692944
-1648070352
-68690951
2112920066
-650862940
1873582052
400139658
1426842514
1497940309
-1427456332
-315693146
-416897217
-1251197852
1287860696
1710834517
-194259902
-1216088906
30660317
-63495973
-837051209
1741865519
-1909996596
824533510
-939795619
502455327
-1312119669
2101962184
272798105
-1063970564
-228420990
1642017028
-1885617728
-1731725998
1637696129
46190764
356264341
