1507316893
-2048947359
-235471666
1679696062
1395612070
777529589
66725878
-1547536978
-1070041223
478916443
-1479576669
-707580861
716599774
691612462
-171634217
203294049
1767731390
1714236049
1702354606
-238933272
-366854755
-1809185182
1198474107
1037188609
663344488
-345044306
2012325937
-170363205
599380592
1956983398
241440516
432318677
-1063849290
-1188074925
-594676145
-1024114211
-1655751064
793218887
-213648201
-2121689991
193041067
120626068
-1802779759
389874948
-116616037
643413954
544971648
-1427117220
-475311985
1658135163
-1473214622
1560034809
556140961
-532601910
326009197
1069636162
-834536083
-1502576764
-1206030700
850624027
1745035287
-1123869947
420963375
-571423038
-1971383149
-856241632
1373840346
170313947
783344928
1027831632
-1186991716
431035848
1773223956
555031346
454436939
1569342014
-1951449889
6895415
-709742545
405684757
943844681
1576847252
1281735654
52833630
-596951298
-355278722
-855281786
920830650
-1255607989
392915603
-461941240
420231913
1677239082
1480897179
-2098673437
-121421407
293617019
632930415
1888005623
-608688224
433864084
-637884104
-905105492
-1615158780
-1238785029
-503623459
1192907611
2075503322
-1812362383
-1022865738
1309741548
1848661748
-1715950541
-1250367099
-1759193409
-1348094722
-2030743685
-1326424411
-972060465
-1986852397
-988645556
-552605565
-1130724843
1362951692
-1331741073
1369323597
-357230294
-601780006
1098233016
1480611562
-516447953
-854203371
540326797
-483712727
1694237680
560739732
-1898142040
1928581948
249780807
-1905288770
-1198611173
1293506407
-1393416514
2118667105
-303352172
541543411
2133005944
-650861374
2022453474
1039070313
-1708495792
-1573906956
1020991927
-807302660
560101954
-1243435923
-1907566417
1801101126
968609033
1967718357
-484964975
2124450615
135392778
-1406298079
2047563475
-297005239
1475338096
-1014357792
1266545763
-626545416
-1428310377
175635925
-1918127452
-1213571471
235075757
717034693
-1184138826
1511564937
-1300259434
1635442833
-431072006
1167207408
-1902650096
-833412730
-652597547
-1056877658
1357720088
-1397309709
-1787142989
340102829
1572929675
-112677381
1206845262
-632795393
-18585329
1502081453
263228207
-1053304894
465655603
-477034415
1974795636
379739321
-702986796
-501244
511303892
2044667134
199669187
1170504839
-1410095392
1541055725
-1517981020
698900563
-2075995765
456508259
-1960852968
1124776688
-1126977300
-1913143768
1268572446
-194428282
949336385
1511350697
-1137740874
1987808947
-683428553
1124567018
-664220986
-1218268513
-1551476633
1742082746
-912251839
-1636834226
1112471076
-1583622873
2009811334
316523829
-2023726989
-908386252
1071132677
1971134479
1306014554
-1589516599
711819304
-66113552
1475022941
-2047365910
737289839
-971717478
-1691709883
-1015106005
-501591331
1736103950
-1764499165
1490364259
-566588782
-1425905306
-65896813
-484831329
-1400393799
768258273
1829913157
1724222553
1769284516
1010958655
-1955539271
-423461654
902850356
-1473058225
559310409
-1163167428
978050430
-1662488379
1316608108
-78381117
304125098
1253928785
1003822904
-236843347
1820932382
2081977580
-1575855832
2034998359
-329869604
873903220
537053983
-1488018685
-704623320
-1606559365
-201525587
-1070484536
-308635538
1135990363
-1525722992
-1962523447
423908961
17366925
-875996292
570764969
1882105959
-931526598
-1103811810
-1758393026
1955715123
1239725074
-206072994
1878095748
1442407091
1125601885
-1808955420
2115322579
1804291373
1541428815
-1509855266
-656849580
697116836
149725343
-1990495745
1081363377
-592746624
-1958195622
-12845878
-1853868533
-2035422867
-853729036
-2105536753
-693931983
-1920015998
-496577633
-1698495307
761084173
630684326
923202015
1980361658
-99979935
-1149772241
-1473838242
710976888
-1503671885
1250328779
-1234099972
-1269737431
1743902598
-944973405
-963360982
245560493
-785253942
1229318077
-1224017544
-1823222646
1774931092
-1449842271
1919945579
1905374259
1656835089
1120070463
773235347
683707788
173897400
1790250511
-1571306019
699799213
-1156030786
1089056634
1046023717
-2056787738
578674383
-1830071944
2033536015
-1213819902
1624466938
1531734393
1470707479
1969234384
1396870892
361920905
-990676507
76074462
2008643168
-1655236690
-927420443
544273799
383091926
40339348
397486103
607880240
-2075877502
-49165717
854556963
110649294
1280570503
-145209072
-823364944
1109039530
2099435108
-810320790
-1317709835
-1128634520
107174574
312162326
-1855959153
193931333
-2097565697
-813204666
-842922859
2110651039
-278503634
-290264090
1770943721
1608361402
-1778979904
-186163201
-1924183856
488168384
1232832413
71244128
-1473278011
-924575735
1207422470
441161594
-45746551
642555293
1806678470
-1480776820
654559870
1153063414
-1185854809
-1582007553
-1572839883
9875465
-1592881625
-1147519982
1505600325
879128455
629342059
401471673
461114718
-1175094177
2038067828
423171010
-671018339
-669586808
-463536496
544197690
437574945
-1201368580
-277439470
-1513284850
-1330576931
-1651155193
191916357
-891533580
-2044505937
-290331967
1095551645
36524683
-469429838
-1444747304
-894772689
-782260031
1289241551
1527648146
-13051294
-956257420
-685657958
1932573457
917282790
628230235
-605034149
-2052471591
-1685838107
1223030823
1898742121
-190394737
1914554233
-1631728667
-1072293442
1844586243
-1128612515
-226923355
-686353976
27954288
251000550
-1775455904
890630525
-717336830
-1385930957
1549381398
1754914993
-2103994473
263395235
-1252169929
-1209090133
503305929
-2014620537
1838053443
-1239829259
-249782228
667603224
1224979636
-735558542
113800659
681250475
-118307813
-1536080970
1051609113
-1176448222
-218811768
1996504977
1622584733
-2099209563
2122617390
-656857363
1807882126
-1718882158
-1360751801
206261977
-2128902616
-1305025615
-239323595
-731372571
2059633021
-978056788
-1156744215
-1977410385
-1771349384
40420797
-1471334264
-605699650
368375838
668124841
475196491
1505484430
952874263
907210732
-554514778
-437702677
867111277
-475979211
596785068
-1124392062
-2033173358
-2054187244
-1809206351
1316912308
1085258663
-369376271
-1876128464
-374738259
-549933061
733345856
-755365649
-53732427
-596934191
1359489778
-1442246560
-1805895227
-792595611
-652760274
-365812150
-59589539
-7151567
1793370176
-208567896
241666964
693906540
296076497
1991602897
1235316848
2034084051
-1284691624
-496273704
1803759223
643296938
1273481680
-1715430091
-1273486714
191789061
1960759979
1676682148
1558936288
-1487112125
-1540460282
776301645
1251105929
333461723
1919183389
-794512860
-1860007467
-298254758
426522112
1388322706
-1252762053
-1706051156
-19558010
1479879509
1890071406
-438105703
-1801602174
656957347
1138000814
-776777582
-1523396300
-575410283
21192026
590602926
1860959746
819969731
918223818
-1777168402
-274173337
-1306542293
-1833526949
-768143672
-973973973
1891617110
-55456054
888146659
-383637036
-1720560963
-1728441403
-1961108450
-1328395428
-643193240
-1379978049
-629724714
-1397124573
213484503
-1051405821
-1709441432
1409234471
-2143729626
237255691
1373638388
-1249282447
-1174600341
-521191150
-1645659292
-454315310
-1904333726
-956710936
1673235116
-1464865585
-655184820
-726068220
-2139871406
-368909351
-1059345133
1342549727
18423857
42549441
163792817
-876842369
-1239551623
1721205866
-210575149
998416721
-1766254087
1735241151
425855417
-1103595716
1604796576
766692071
297274207
835960818
1471983168
1467738551
892895201
85786248
1668161429
1240275816
-1944740325
-262211000
193344390
-1405452407
-836166769
516015302
-758318678
1136298550
1371457675
201821488
-289708787
-1776682614
-1456846197
-1359817494
-122902733
315960913
789813467
218290522
-2086946980
-954082302
1643913088
-1314109697
1050380809
-1297136661
1530440792
-1224635960
-1038304066
391278510
-222655872
-1457566045
-1376011766
-1525211413
-238784523
-169407917
-193029692
914709566
-1454497411
1222285702
857358742
695659884
262402247
-192328154
-1320515137
-287894824
1375566033
-1053819409
-264148460
-1839576517
1285110921
1479730753
-806522041
300091539
1151404983
1462860086
-552069013
-299655332
1425363481
2028038135
-379548489
1784463613
1882961103
1725922891
-1226819191
723212421
2037359097
-1283841168
-225308498
-221271914
1996076702
1180865582
-1905901856
-96279135
624762575
-1603327448
-1031798129
563068755
1792562188
-1033223051
-122443036
-141193906
1288232421
244229486
-499711230
1361384219
-1049102108
353065417
1809231246
161550175
296765354
519470310
-651742095
733743693
-1545932201
1236758120
-1722756900
2107643740
182769711
-999928568
1149317004
-2023457223
-720193671
-98055515
-84658
545292029
-636129366
896118174
1821181893
1344906658
152945091
827691876
1737154155
2021613747
-104779018
-1777022902
-1221763115
-196292797
-1418201713
182012063
633179962
1313143327
-107611118
994918142
1258327605
1177349190
-1021338977
1447793635
104576713
-408265063
-1325639010
1859740289
1926353318
-291181874
-669981545
528574163
1837558954
-1315767894
1240671329
-2001749775
-716401238
1508565103
2088373118
2109565348
-665813647
-1719410286
1755092421
-2025794500
1629734664
-2143681360
1646916673
1966127520
678528823
48429507
505348697
229996709
-501270453
181500816
-1292146384
124057507
1226450458
386393443
-944040626
-732228795
-1883171260
487714814
-1187061121
-932600159
-1811304261
713607630
1966711291
616071304
-1972015996
2026110560
-1016799545
1876875806
165807294
359457043
-200080294
-268098900
679328227
-875466995
-1804940414
-432589644
-538451123
-1490101134
653398408
1811695685
671782140
-1258602285
-1597211246
1070282385
499277206
-759621916
-478898104
-414784836
1479893166
1951826802
-839108166
-258483210
101405000
-909797485
709587329
-1275753269
248254620
1268384286
1755532579
1153600441
-859638502
38528093
807149756
-1681596158
-853475922
1233567233
-1943194151
-751020604
-1359448763
199664725
1472595111
1327898694
-900674930
-1695205194
1147099980
824082835
-684089340
777720386
-252897388
-1522128819
-1246734292
-2091807024
1207916240
-1516606278
-1701076453
95174431
1206665210
1351399971
-397096389
-846175663
1237961757
-6899363
-2106666162
-1285282663
1452355827
-531754841
1760009137
-572091085
-2093231665
-145503049
1190105829
-939751532
792976061
-2052536562
-1724333237
-1949445149
1257302503
-1213096557
1468412974
-1164858713
242969401
382340960
557901831
-1826623552
1050118728
1139856086
-848823557
-1605840741
-660414865
957495542
-1350195801
-1168963167
-960613061
1879650803
-1381292000
-669741329
-1395712248
1876133634
1930551605
-1021277108
-2131025429
183459189
807409142
-1967067049
518567635
178607879
-948687495
-635373824
1798337770
-1419517063
1484874971
846292793
-1641345216
-1819961507
1735737221
-2128185364
-2131818325
1227201585
-1882376272
-671444946
-2028256792
1782746543
-1619496150
-547334475
-633747963
1839290466
333021273
1472316551
1649965315
-1343820420
1689804672
-107925772
1093373110
1350098918
58022977
-888374074
-605560848
-2111684967
-355370142
-1813906762
-1572754466
-1518649300
-2052489005
636060448
282993585
-874015827
1296880111
1713106170
-1320359296
988310195
183089154
891155970
-343374996
-1648586573
656197387
-632087498
-1689575420
-937811054
-280400702
1790974601
1752658155
359842172
2117987292
-984875821
-1549050696
1978417139
-721074292
1399455496
-921911011
1514487850
1039000397
1730522028
431923786
-1149356909
-420226338
556658054
-361796461
395619254
-1775610226
-1978464109
693578831
589820996
-760258631
1958129213
839311363
767258220
-76940911
-1003708211
-1478997824
1824267884
-1299545567
1883085341
-1025516343
95704170
767664015
-1197119088
624476280
1265728900
1336032673
725646662
-107157151
294482468
-1561895038
-1276360052
918146999
-1358047847
480168388
-786347630
2127843822
-1998497053
-356136792
629438559
659861154
556532429
167089821
270113032
-1711425353
1573955393
714155782
1235132191
-132077120
1085761495
-591505088
19660906
-783206748
-1137325138
-1768892445
-876815147
-516699522
-822694785
23930950
1560097192
1295649733
571293423
-418468280
1256950780
1371541421
314559523
-335304626
-1530990997
-398532661
1162604697
555640711
1868094982
-999344641
-1884326858
-141866890
-510211445
1317114509
-2002907238
-1339084879
-1336588841
-1690365811
813544123
1592430310
-1070940519
305699973
-1245175631
-1181141474
17216072
-1671401132
214561998
1499952453
423463510
616824657
295986417
-946253335
1498978469
-1747279437
-470264549
-1654074046
1803872058
-1237334478
-1560899518
1701623410
2012401456
871721710
1073363557
-1941379828
1713605358
397809296
-1299197984
176076762
1229010844
-592728402
-199473663
306889690
1718680018
-564998028
545071322
-1092968566
383138194
1487441791
1429443160
-704309659
-1225184904
809156364
658110100
928223404
28445999
-1802426031
432292201
-1428966551
1893593895
-706193110
-1960758971
-1005290320
1362679172
-878913032
1241209668
1512202280
470046297
1697649094
26633338
1351231433
-807302379
1388190124
144047248
-1079862042
-1917351107
-1655818120
-794727023
-539411090
-974670245
-237116534
1192219909
-457277074
279700790
-710907394
1156995647
1699902681
562690626
-454316528
-1464666637
1071294859
-1802795687
854364348
-1583112437
-1802058357
60780203
1422128037
-245174086
2084123024
2121719027
827815223
-1713332784
1230875590
915262187
1445939983
1581073744
932168401
-1222443007
-210968935
985037887
1930394898
216686667
1132204026
795418814
-224219096
-1098922057
-1327807695
1736264283
77974712
-1001397114
-1821074568
2075159459
175579761
-535837446
-1849358096
-1318618885
1166270538
-801960883
649333884
532424879
-269593330
509346533
1036604908
1603641419
70857753
1606415814
1654366302
1007559465
-69475741
254646600
1747349728
-227764661
-1738534979
151675657
1466604378
1041362282
770252891
-1384706268
-1399344726
1244124494
1426729618
-1021655902
-1657093872
-505467040
-589853471
420973872
584122828
-572378499
158162997
1067586578
-1981588218
-209238772
-554415512
1474420823
683273453
495903826
1908569354
1147043406
-536552671
-670552828
-103895964
1855015992
97141077
782031133
109570745
-612704706
499052592
255772402
2021905359
-1818874459
875184244
-1338090109
1822090413
292751167
533942881
-244162029
-1607378011
-790336220
1316511579
428806905
-455598956
2118573986
-466157110
-464282696
1516311912
623755633
-615082175
-1861077427
2117527266
117852971
-715906847
612928968
-713042532
405914106
1914783231
-767347170
2039498573
469755282
763256068
169889084
196169804
-1056061086
-26108267
-751658657
1115952466
924617989
-1336154381
1602730146
412288387
1891018750
978168227
1634285016
-1657917265
-2060338012
776272721
-69626212
113262036
-1912199589
-785918480
-628377947
748537319
1951708932
64748326
1386480734
1177097939
-1274652746
1054951
2054714037
1111532225
1484292269
241177695
343749682
1284415386
-832258942
-239558891
1977193292
-88827191
1994435228
1534884429
1291942903
-105511611
-1019792154
-2026894163
1030064769
145816526
-1875710782
831925794
-1542147170
958713718
880591676
-1200402940
-750265919
855249506
1882296450
-338012297
-1988041812
58207442
117710484
976812053
292300874
1989197406
560507703
-1953551159
457982908
1370050433
-1482549969
-1600636675
480618929
-225437861
576202924
-831951881
-2006939398
-858728014
2061614852
-932358016
99406941
1063985465
1625597346
266887878
-1973582680
87775765
2123923518
-341981053
-936548343
-1753444196
-803661234
972719965
1387336349
-1008674721
-402138181
1721615759
1717486662
1125818218
595809495
-1888706359
-263301184
-1718521399
1953961359
-539392171
-354382090
245428558
-1699396644
686129018
-996257646
661194130
896443775
870580517
1851108050
757237816
-826994451
-1821358652
394506146
-1134825096
-587236985
1133326965
427261414
-826947365
577112845
500645984
999033878
-873537981
-239073196
-2092824736
1251706896
-577990866
-835428041
139546344
-56074200
1919654971
-580308021
-178796252
-1528477308
-917875988
2123214038
-129770402
1158076327
-1289416788
2084371328
186982051
-732006070
71982100
602950731
-937728091
-51909006
1570516329
-1365180608
-1022714653
1064274878
-624425111
-493122198
159161351
730390273
-1902639290
1905709448
1003284366
-1284339440
-1743054094
120236029
1448081837
1216176348
-1836914531
771496459
-538812045
1465529282
-2105922949
-2069592000
-613806550
2115155745
-2036432182
1102874671
1033268483
-727220435
301272083
-943036061
1574059249
1452674818
1994467759
1096783248
-1692123948
-1272490500
-342270836
-1699790836
1508513754
-275239355
-561110991
328996988
1479226402
1630711982
-1779231745
1793193170
-1040758879
1468559810
1641739449
-740579722
941545289
594213912
-1873073595
-2085327165
1339163751
725687273
1328803251
1540867764
-1013691316
-1540567071
1925598078
-1251381794
1404706351
-497093831
-151943662
1874523297
143616849
1110635781
367758
1901278618
1754568034
2055090378
814807498
-881888677
607215395
-1960592301
-1599369317
-1708325026
2081669964
1521925828
1958863445
-1157240010
711644591
-1342003985
-1861826415
658074886
663491228
1509017318
-874847441
2069751351
848543879
-1363127600
686100894
1072649061
1819756520
-873295616
1887921754
1534724249
-1979013790
946001219
135290806
-1522535235
-2048370137
1512878457
1858103515
2049583180
1346207386
276839782
-1632114928
348099400
-1502487755
918652873
-1218291909
116731505
163457964
-1073380178
2100772775
-784661581
675344466
-381743872
418511366
544000479
172257724
-92028063
317561274
-1551628386
-345056605
-1912999362
1315074639
-984288863
-272659442
41793309
135725644
1971222557
1556811696
-501412039
-588364245
-783730826
-891728754
-1368417969
718911396
548945978
-442506780
-540532550
-900367055
-1463162288
-74658743
1837843901
-67531314
689317744
1395898641
-19409121
1293077761
198904021
984787954
-798838531
1138975513
-480285647
453565161
1748055259
2019153338
-2120285215
-1012603810
-1493520645
-1123900264
-156094878
1058915206
-1968554766
-1913622911
-224964350
324806408
-1157625481
-862788959
1059760602
-72348189
-1981156994
271909377
1383386363
1017695886
-1978079611
2002744656
-683196186
1447292000
-254172628
-421266714
-1381896638
1667850034
697073419
1008939269
1960007368
468857154
-360609089
-378650527
-1980708991
-1964992679
-1447353018
1098525410
1432549939
-616634576
90882444
-369966425
1293343256
-2054352881
-450847931
1368886606
-1381408815
-335906377
786462205
-332589198
1189132441
2133093762
-1545946772
1915845748
-298570563
-1511035449
615153423
-1947523458
273119563
1267998595
1643013363
-2091578683
928354569
2103355957
354105811
-1227102707
735180969
1613345288
-742074779
873741682
88551994
-628338633
-2037729296
-976672924
921431008
507817388
2040213538
-935321358
1959781831
668935147
-392610273
-1316064436
-2028158124
-516683730
803103965
-1633620606
2146843549
-1068202800
1658000046
-1738606959
-1052222181
320939246
-1347588578
593378208
965335198
508229194
-1919968258
137133702
-731674752
1730831731
1610339008
-561428336
1569562909
-387631070
-1020932347
-1958640256
-1002024062
957303271
-1391559308
-1694807337
-2083736733
1149759236
-1596985907
-1000321193
-595183790
-49274471
1498211133
905565890
-517721554
422829312
534287859
-453144
914489561
-1662825606
-543131150
-2074914080
-884220115
-675370486
1760239401
-2142681707
-116811729
-1730017631
215776960
-572162940
573015429
-1523827590
614549940
-227161661
1531679269
-959524153
1793592485
1287650372
1491809359
-1179999859
-1784136466
1794271578
1072861884
-1848155956
-173767946
290785917
412895511
787645922
974575045
-3656887
815562668
-1313598672
-691389478
694821836
1555647071
1879981565
181355834
-1752368384
-1659534626
1762070170
-1825205556
-876950122
2048037402
-87466297
-1325007132
-870456075
-2063541006
2103237205
694041373
1451190913
-1222784975
692774412
860354411
-798031072
500795322
1165005006
502457967
55189241
-61985535
1218179836
-1399180531
553779582
-1703630659
1553309719
1490238267
-823409236
-1438927909
1461522090
-1718836196
1725293201
-193997899
-999744921
31595340
1750266894
-761074301
1680606352
677009789
1558301662
2067078417
-2144561512
1114257986
-1516826922
-393755982
-1334031607
-1032782550
-1200823698
-142672780
-9658200
-317783023
-224301441
2063924884
1558445014
-1225153871
215299917
1703280436
-2835912
-1820077185
1764135880
-1248679605
-1415619430
-2026052172
1670890511
-1555936548
-397219056
2122545321
-975082444
801976938
-1773340834
-688105369
-911509690
-211095638
32301465
1371672446
994223755
235367290
-1054588147
1813725717
1669419277
-518190318
1558750049
-489478590
906368855
-1825484168
-1574380551
-97473124
-1321496704
-480986567
-1557475941
-281136115
-2074071704
199076949
157043796
-1344485396
-1930564799
446815354
-1830001252
-348430518
-189434287
1768976245
355493048
-1661235573
351855605
-1497192987
1596602719
399676472
1829647080
-71303631
79439008
302960148
617749701
1561199035
-1116745726
1817635692
-1330119734
1991455061
1198863084
175730867
919324894
467125491
-85988793
-1535614899
-2050525740
-660196702
-1603279263
-1939465045
-1985140751
-1841778503
211587860
-244983913
-1335093589
-710924467
828890663
-1435295024
757994163
384058601
837861363
1639544281
1179121973
581151358
-938268087
2088615181
682071902
334914200
1759347091
287917559
809353758
1537480658
-696122311
-165241632
1200334383
-1595752820
-1477655483
-1774833752
1298568277
1172940250
361568073
-85341735
930467302
519054271
-1972658048
-246202888
-1910368884
-538029926
-292267726
1893978143
-1947793335
266962400
-563201187
1983854024
-1972206917
117281803
1880126097
1553874666
-335636831
-370220079
1312765723
-980779959
-1961438051
2048980633
-1095190683
1098741514
650243642
1586493994
823964572
-243053179
-1189809103
-1457298523
-1421889645
464111966
717599976
1721419189
1768218343
1459765974
732299066
229987844
1390948194
1234036062
-431370883
1732761072
412358052
-2016335507
-659120960
-1006906754
2004156415
-1539008621
-451251116
-257003634
-608791645
-509204276
7168397
-1223413168
-1993009158
-678438887
432565193
-391479562
892318805
300759372
-2006367055
-44646998
875455432
-1020057309
-1609942849
1889426114
-1023884463
-740693352
-542497793
-278784462
-1616306625
1355498871
1851289368
2008700482
-491168559
-1417971152
1884641421
473526656
1973270812
-1300422930
-585691584
-1229708297
1868258866
1036859880
1489525560
2080351136
902256000
1880501494
-1579291229
-988280808
1442604664
721241702
564885790
706279827
1314704495
24644368
1571961139
329112336
-631314745
-43807321
1794545698
2126373837
-223197360
-160864430
625147363
-634659843
-2059615509
-723311238
370805611
-1756860232
-1371182992
-718913307
2054866478
1936806707
-518159919
-206573053
1203599333
1002870576
1089864575
-364284280
116934288
860030135
1553075724
917675066
-1211709250
-1751428858
1735222801
1038722315
121641484
-2145160507
-487061935
-788211606
714814442
1782089086
-789172194
-1023191595
-1095135579
-610209717
-14246405
1463811250
-1697886560
742114256
-1438204798
-1618313889
2093515236
-1871477909
-1515778681
1150805895
-1901907492
611831210
-754968194
482167223
-1281995432
-259745795
375034649
-1459866064
1362865883
-1883967060
165908789
1754415358
1633403666
1749713418
