243981611
-840890707
-1868774130
617597713
-821487270
2018767210
108393453
-1694064463
-28407296
192917109
411134340
1023014634
-766964148
1985483361
-1895761598
741690150
-1282399229
442581527
538080646
-758100617
566513863
-1013801786
510559366
-1205576282
-106603621
-181808873
2017812338
-978041460
-1701569883
696095141
621141976
-349911905
154982710
803380396
381517641
117031119
-579626489
1705839360
226897213
-2135609198
-904152635
-108848577
593567539
-2060316099
-477579824
165013065
-886309092
1491534998
2069764926
1135068656
810556409
-1973332826
-992943579
-1525727508
748781762
-486370094
1233959193
1516291345
1356731786
35131692
446956787
-187123517
278605535
1745138950
840538324
-918398807
-160288906
27997640
-2063635863
1672452768
-1356652536
-1194354941
873842287
639705074
-1267834506
973364165
1032505721
1245493447
-925573837
-1524041426
909254897
1025780443
1317033954
-1346085309
1334401116
1063595888
-1282684355
1776264450
979187425
622255238
-1090657223
867319989
2683147
1120398665
-364503449
-172868213
1871721165
-165372469
892272029
-1699715741
786515398
-1267593741
-63017771
2110873067
1922881479
946364340
1705464148
-1582165015
-103471727
-606862207
1971174670
1545013208
-1760653854
-1560678913
-384736440
-1083486282
-1100492622
927045116
-1587006593
-1706204644
1634762425
1868763551
-804438392
-491454834
-1569170123
-326720543
-704230920
-551631084
1955250665
1487307579
84194757
1105157897
787819368
2052769440
1292671021
-1433853134
325622163
1480764846
-1894304810
-328413422
683240031
968734751
1843670070
-252796037
37338843
1457143941
1266621492
-974200216
-1058624399
1434881590
-768249073
756921354
6340203
1366069892
1024637823
-302003936
1781304249
-1649425103
1018671385
-219525493
1312842992
-414723039
599967735
1586628129
481320598
53090897
809962135
-449668927
-1315292260
-534834681
-1472695805
-1223658074
-1769538517
-1740622261
-746382286
-1284975872
865080483
-51509355
167052462
-1073175616
854757600
-1462425657
1400382326
1811715763
1671079870
1368703325
-392882651
811168466
1188463327
-586699294
102020946
37577943
1124548267
2018840485
1931036730
-1574956525
-1928108393
1610896045
594415772
1603306622
483291562
731629801
39229668
1927103503
297599805
-1273997909
185918091
-1189858994
1976955906
901766231
-437239107
2139944231
928802630
873948759
-1325612229
738859520
-235966342
832648273
-176345726
1252663820
-441447185
1111895708
-71818195
-727503135
-2111408672
1246849263
1236987543
525930056
-1382281547
-897864357
-1811227964
-1408843693
1898935174
53494394
1542478208
842123957
-1304663075
245063912
-468371256
2075061581
-351681089
354814962
-1411276695
-1788539901
1934318829
-1442168435
-895896345
494166487
1831260775
-1729776246
-151518048
322261303
692959281
1491110918
-719379665
283338128
615003480
157337382
-42002667
-1493280218
1077372471
1452956676
-1443791466
666122792
-1601766154
618078948
-853964576
1514466814
-1585846701
391190186
-1455211406
-1400845850
1706423972
1445762960
-1982886981
-1064767042
-357637348
-1245207277
-1292812543
-267278814
-477033651
460210990
-1185365372
701746873
1649465069
-1345093942
1823163363
-1696836148
-13915172
-776878732
646169021
-381867752
2016657509
1911325776
1518530971
2039280612
-330281533
1773683277
-1931665396
-1176508844
-475011353
-1041389159
-1708953839
-1128980993
1396897656
-872467369
1593317051
1643742144
-38752485
1347448975
389254162
-856018231
-761733900
506007398
603632185
825081085
-921075861
-1771228274
-1650165297
-430120835
-994636750
-1360547073
458199703
-601324925
942847111
-1349894170
1156518746
-1502346385
-792057418
148024542
262093835
-2062008289
-1575967262
163823709
1300346412
-1699425149
927546627
-1881978000
-2072840336
1975153519
119978546
-1558808662
-1344230750
-1524471886
-95056604
403734617
-1272757563
754225768
-1200059405
102189819
1262165115
-1090618740
-91648732
411341552
636735914
-416071215
823860709
1629592688
-680090788
978686641
-519513962
1990632126
-25223706
-1240867899
1979195274
-502893155
2096323404
612396119
937639950
1808923139
-1898739741
-1865660875
470106537
-142179828
982158648
-722159416
1646060965
-1336594383
283379504
-2061690524
694262478
958454201
277473136
83832032
1022191993
-346874769
-231838978
1403655785
1644895175
2097191828
1034765864
104914835
336078378
1642043415
-2017908060
1385229744
891163688
320034819
-1185346568
-821430171
989822303
50467128
-1999976932
1680233849
1808844488
865225565
2090273373
-1662276112
236270655
965209364
939308675
773419096
-274919870
1854433392
429390389
-551840670
1426710520
1607514787
-1265897828
-2110946381
2034897269
1360999163
-1749318585
-209568772
45965884
1291728143
-2012681394
386137671
-1094187003
-2068026827
-2006918727
42934164
347239871
909252150
650728482
1152437924
-1039135017
1664779076
-821961576
-282336493
-439924038
163821867
-1011012666
1980959148
930745497
1522922439
-1520773036
-513220104
-1615514773
2107083958
-1970696052
1697374488
-1774541256
-2094445491
-90125760
1807551956
-1758895981
1157780943
218828011
99478003
1241203559
1972511452
1795701270
-1410130740
1183362550
1172455974
1939961853
943633181
-1463934177
-820458133
-1289837966
303958042
1269858015
802671262
-907581952
-148591671
-998211559
-980095897
-1330091694
-1456547188
1162259097
-1949801010
-1816713002
-1067755009
-330513066
-578239182
-1183487844
-704262396
-1402308361
890571391
-1331732348
1556603163
-1263611240
523070623
1293813400
-2095530250
-807883059
825131569
1982405558
126343244
-1413721882
535413112
-262480270
-1744248595
-439047564
91327381
-745437126
781480214
1898125068
-725731592
1250490554
1841420038
-1033334710
-25899756
1138307968
-1389105712
-957374952
1768910673
2007798755
-1459876493
533628720
1462933319
1296751393
1840474151
1409123806
1199154728
-574325561
-2042861319
-1894447862
-776439940
1339805013
-719132775
1027877237
253160212
-1157630175
732644722
391129923
507943480
1846008187
957204475
1869693880
-2082329566
278476305
106742860
1105867590
1627979184
1846202517
-462852108
1854120903
1440813140
-2074712932
-1847301367
-756749562
1104442446
-1952868919
-566995073
-984092285
1056875037
1358118442
709759421
-1273085577
881948466
1417461473
-1182835091
-1151761899
608225767
1677014790
-1311366765
-1427512558
339658926
-726743860
870019809
-892781465
-918382451
1437349090
-453303480
1200744021
-1112152375
-1998601189
1281722322
1850510761
733831649
-27142320
818060718
512788545
312167869
-931082876
-890578036
1085697486
-869619929
167333962
-1068809173
-1013647142
-1339782534
-1699166621
-471888337
373060620
-3616360
293719210
1074165047
782579627
-1331815135
870635828
-1021212625
-1433797792
-410207007
1887268019
-2043475742
737083455
31140745
-1417251302
1287762130
-1151117560
-825618015
1105120390
-378310837
924436137
905511869
-725556388
1347253429
-339011833
-2086899730
-1359012690
-1885790422
-1423195139
924872315
-2050466334
-1068327864
-1747231580
-1302631983
17746581
1744786503
-2141973804
-231812681
82102716
1024946765
-708493589
1822641605
-1279084276
-703652352
-383001652
-546233578
-1008078181
1723939421
1017659178
-876822212
507513031
1237761479
21008902
1272621684
222780502
-127731869
-1372336779
225258266
629698783
626939298
1727610791
1751225438
-938368153
-1565621730
1279581476
-1585844680
-773249202
1482942122
187228759
1886082201
44526956
-96342108
-135165616
1567126498
-1892787850
166240140
-1193289787
-1418536807
-2049709658
-1832171558
867486041
1933903449
1436365979
-2070316277
-665953760
-1454208502
1284563325
-1921217540
111949154
-679838894
-134840732
1490890364
-1211495265
-606330549
1590319354
1988758811
-1961239853
2030349942
1493417310
1381066824
910727163
-1683470354
935706443
1252856474
647766231
243780576
1500574073
1866554989
48322288
-1186460870
-1827754174
-488320847
114146524
1108765346
-453714807
-2114999042
-987229504
-146661719
889929687
-772821270
1631565589
-1263503552
-1542858042
-2066905953
1785909167
746974826
110748834
-197730649
570392315
-1446711757
2109295436
-201774839
-2074302072
1514045920
-1520771487
-1876541030
672862152
708863591
1127975068
-1348616308
488095766
-1288753631
1552366456
-366305206
-338352902
368208829
-1787924199
68054408
-1503644756
1845762167
1417111660
-1664077675
1853587158
-380393078
1382317964
1974912755
-1339936354
1061193955
-1455730585
-625251288
-1609484573
-185146090
-1618054239
-667251498
-467332923
-2102063979
48631224
-42584311
-79747989
1664010270
-213808536
157203408
1548582400
1873242229
1013918288
1766544910
-197373699
-1347257517
1453082324
1637214865
-917981011
773217182
-1605668795
-609602205
-73368338
608899289
1997261375
-1924532128
129163060
1187197405
1142901330
-1362297080
1112716243
-2066497847
83082468
188550038
-1307948164
-1293212106
388805717
2056978769
537260296
1410787759
1262143076
-40116191
-167641228
-1009085089
1230945233
-1073650332
-101329876
38928140
-507668926
1419470338
1946493324
902037572
-887844758
-113494594
-875207261
-446029867
-622166937
-1698975793
939362617
75816577
-938597269
2127148207
19000083
303799026
-754478690
-737529550
-357606540
71450859
706501955
771883737
558615527
212744128
-706383847
-218280601
859551548
-754498552
1651954691
-1551034955
-311982641
-822587248
637565930
1589851586
-526618097
1942966929
-220650014
691076622
-229068482
-793068251
-1907180661
-400680921
-617945995
-962185225
1909052601
733118083
1051268587
-1767928518
240664663
1395105168
243517046
482869980
262977416
717353481
-545403056
-882535686
1577590542
1301657739
1952062494
1525331862
-192742673
-1708227992
73171246
235060614
-37488555
1113244601
688599552
1998312111
679129525
416919225
766680071
1858552691
1149243700
-54857647
-83514960
-1562666137
464516421
-1222303250
-1773096541
214670665
614857622
1982923930
911578696
492848688
1270978092
-1009460918
474732940
1681084421
779341516
2075945588
-2048415516
2099963697
-132424547
-1147168027
1240933777
-1525774441
-1395003382
275942864
-1537905370
995636421
1343740141
-2065187799
-1008261561
-639336091
-1743164695
-1804760269
1045206450
1851202041
140231703
374749272
1295089539
-1137654073
2141510116
-1066258888
-656189261
-319874799
-821235656
72488707
-950367007
-732088439
2063982299
2011643915
-966009771
-2050982397
-1463367404
915284628
262346304
-368909204
-1479988334
1274553838
882422600
-1834458886
-630299504
874966725
1604850756
-662980188
-1196221901
1274859447
654600516
-223184684
-1505221834
168505127
-477723437
-1827735205
-1598106168
1753282128
-1049747585
1619180965
-856629068
-861381219
-1946857575
-2092792275
1923748546
1065658934
-1656932040
778099506
1964815453
454406366
-1090045308
1931148714
604985205
-1580191237
102635568
-1404079241
-683851354
-684236042
1854336584
-464215336
22074521
-2106246971
-506861268
-539414238
-864970582
2073315269
1193216731
215947438
1171639755
1255623884
-1219788684
-1065506283
711042727
349680510
532696058
-1339691878
2052887050
-1093292577
-1034729897
-555216409
-1478019457
-365317846
-1929921117
-1276120836
-245169094
-1242534944
1064055717
945405028
-525958856
1296533795
-2144927591
-1629526103
-135810140
-276638396
639884851
-84774903
-268939652
-557410407
651206372
635239529
386237556
829240724
1450677595
717260937
96970010
-743738608
-764776370
-1929932936
288090170
-1312300050
-686256519
1791158602
1246038915
1784636128
-1922560282
-410857463
469083754
-2055626364
576266607
-1471758359
1603360845
-842127948
644832129
847161022
903886044
1858816028
-1479207646
172693170
-759033164
418777100
-420933068
-611225550
1566941260
-263010162
-1725498374
1372862248
-673094892
183782075
-564171045
-2044786833
-583334693
-103843510
-801333146
-883368829
-1093954704
1086839145
-1470307946
-951672712
-675965300
-573459249
505184598
213071405
-1458823186
2000965905
-692268218
550597313
-1181206072
-2142779339
-1725014337
-29377980
723277657
1827624580
-1230996971
-1168362575
1120644058
-683003484
-1839671781
420726812
-1381659746
2025995493
-92684821
927293735
1640184692
-389992742
-1333391642
1467357882
-1784098225
-804651988
-270652167
-1893049358
881856809
1757256618
1382119202
268634969
1957582115
-1025542237
1276379186
-33729960
551880688
-39903113
-1100967980
-685333527
-1000459660
-336456597
1183526861
-134350192
445453735
-127815491
-647444092
-1915321973
-81465921
1839112184
-1397450811
-1927340728
-568966258
11295113
346321089
-139098346
432369704
-611547503
-689361831
-828182497
464729800
-847552516
56142491
-1911857258
737843443
1565219281
-363643252
-1728561108
1284851934
-2072006709
-1848737497
-935735097
-1735762420
-341137623
-1609838426
-1692242827
859910203
-1014130238
648085503
-1113989730
-2022933376
1204166235
-572654927
-1808387975
-710920016
-1464540612
268591295
-672483135
384219394
1879050240
-916300036
-2034942297
365956082
1725702061
2127185801
1220314890
-1832865689
-463205372
-1570460004
282241764
-319616489
368666905
-111210622
394326535
1659975722
19679269
-1648017946
803874058
-1316802019
2000835738
-1597233325
-383022467
-244887831
325236343
776513783
1957954403
-1058432413
1458390493
-627606103
361495265
1490066662
-1864834078
-1526233044
352329010
1516009774
241044645
-232260171
969673181
1216316550
166721186
-680512342
1459713322
2001059110
1792529223
214899628
985361617
735232725
15402183
-2062770985
-1988840459
-206293546
-435266259
1539797320
-1798084016
1304469505
-809125197
-1954666273
455832238
1738099759
-1355770540
-809866683
-350466913
1667739611
717836703
-1822314704
1808160103
-1479193851
2084990157
-1314979611
22979641
-1564007847
-1688611307
-988972802
-1633159772
72628113
2096892223
1828948589
-1320527283
1291887638
-2085241225
1079727808
275422430
-21153299
288637795
-2011917403
-176319682
1573244625
-643706505
-2031041359
241356546
1668715931
385643911
1039322460
-661298910
-472700438
-885302115
-994631856
385393903
1694511615
-1128556020
1881802978
-239974844
1620753128
-294995259
-428480544
954332924
-1746488608
-977880600
-1403304819
454723491
1870669301
1890593438
-1161750295
512186223
1943085291
407153445
-747911116
988041072
-548905376
-96144084
-307393867
-232923898
1282089520
1045110624
-2016718409
1221697428
1520363290
-1664424890
-1946327085
-1908425358
-1959935325
970916427
-391949963
935859239
-1227709638
855902488
-558452328
1577957336
1363725468
-1323161557
1208039123
210662906
36451961
206361251
-598354791
-417116338
-1892765353
-38253478
2051919036
918166799
1971320247
-1680706504
554585395
921163108
226820469
493707206
363046428
871768859
2128439156
683645953
1540054019
1409696920
-646220422
-622385296
2010552932
-1592891893
897471575
702118264
1642252910
1679157984
80447053
-964941073
-1304538615
526932603
-1453889621
205984750
-1481916646
1824384037
-1344105030
-1064701206
-1969888507
-522998208
-1427349539
-1568870139
-1335123341
1994220738
-487020813
-404449374
-1736278699
1054653152
-632697089
1569131318
608899879
1635963913
-787110133
-1204183195
663955321
2114635797
105278280
-1070917555
-1622873430
-507791682
-1102625414
92286236
-305427721
-1061937586
661516178
815603688
-129936973
59206042
-393651044
1255177918
-687091497
944892206
-1942516773
1790992891
-1278286659
-8999991
-2128418255
1950137306
501714472
-679613941
510256580
1513000270
-1842616185
1606547820
-92694561
-461040622
-1430404998
570686064
63875349
276776445
-1399746923
1054914072
-1398942805
-121557606
975428195
1001479835
1050126391
-511050760
1643334060
-521459882
420575364
-1252465731
469098491
30140416
1545047224
1822167425
1738814042
139542305
-460650824
-1729735336
1956483935
-832903228
-1297082421
2128433584
-1366000788
766522987
-206082947
-891600035
-899501775
2141974850
706212549
1214035698
1914238581
835778456
-163815830
-50086062
1356217622
-2118292342
190451617
1384087942
-1318148018
941185280
293421051
1614817744
-726999497
-495388451
-533685891
63741439
-1989382768
385492850
1256496144
-32472828
1653361601
-320364749
-73566949
1112431557
1611968284
857997484
-944493202
-1580531920
-1010316955
1657394357
-538816159
-217812077
-1745279340
-1450377756
-157452484
1033373995
-1277709352
792546626
1480214489
-1440719366
-1918717217
1670458946
1034218888
1619881181
1109663060
1482333678
-956887758
-586810915
-177259351
263709027
-720261696
-461180987
730495509
150253439
-622612035
1279951603
1285008096
15188440
241944377
1937386867
394157278
-958136081
-1727073807
690739273
-196090056
-1525432411
1691030444
-441203187
-1932180623
1300740589
1784616679
-1355148611
-1171066200
-1683305790
1509466036
-1026827058
579826458
258379099
-1500420386
-2010289276
91032043
1934908829
1378132817
1635247747
-382737115
353987537
-393796168
1428320932
-1672095232
-1111238762
1446185575
985647116
1232421731
-890632679
1375872380
632722811
-93535061
2007803778
-488600256
114050273
-1652165462
1372528561
-952965422
2059334966
2062103793
-1172224471
-1321051898
581221770
-1713292974
330346828
347752842
-1349284517
810615712
1239875784
-1285404598
-1888076250
866604984
-1373775023
-452932331
1244179008
499575749
-527920240
1442425728
-1791107867
302700734
-1042372518
1678074122
-1083134063
-1425862861
-97414107
1988927872
-1276090226
-1057172407
-653549641
1929758115
-1363136818
-1742238973
-1969443809
1667760135
393832186
-882487870
1620387817
1470266429
1949191626
1793268750
983475084
-1455174604
875258775
-1686069098
-1520125657
-463452196
925596973
1251201909
-1223148692
1754022667
-1971614234
-2145452874
-528359460
849952164
1204322035
-2057577702
693688372
1788047861
-769480708
2113598232
-1595601113
682583393
-1301824276
-2074457564
675019852
892165950
-167951099
-1537863116
1289896793
802351616
1859317562
-914749057
1351324305
-377961834
1531271101
1954714247
139818107
-1301423596
1961824981
-1383544743
980486356
-791261807
-402714379
-1943727341
133880005
841447506
1317580810
-108527449
-1325450664
424707111
498273812
708928989
1033697064
170990613
1928491256
577375134
-400610728
1760961844
1724897171
1466199150
1409452485
990814682
-697300974
-491960774
-328626561
-1645665543
1716301696
1904018515
616968308
-271815739
-1666750816
696731066
-1346950802
1193552793
-1301827588
-1674181731
763491134
-960171493
-896384195
-611181535
-462293703
540590493
-459720259
518210914
217617635
1247273926
699002970
-1389515593
1357979114
545776753
1377219213
156485178
-1138313899
1882511060
1262977722
1929842823
1667877885
2092386533
293508040
-1860513598
174441531
1746635000
-1066252300
-1585968417
-1774272798
1332027820
730319074
2032286237
-552942737
2100539400
664177909
1471188434
-1548175489
2086434784
-171024929
2107092590
-433399423
1331583613
-1495354245
1071402681
-1619938645
-942926980
-1609073191
780602719
-1720732623
874700790
-953639526
-1045009746
-889392204
155317217
-307838594
-608971107
153467640
555311541
1758550587
-2126701809
1653989082
-663922606
-310456944
881043033
1693323648
469031712
-1194248808
-411600383
-1377852463
266950775
1168589155
118211016
113142312
-829504959
-1579021630
2139051755
1476376643
143789278
1322382690
429110180
-1374115711
-2020198329
849996571
1178671862
1906123340
2116437877
-822507126
1914632362
-1398516781
-1564161533
-685501220
-1482441324
-2037476612
-1539843054
-1697430548
2144320538
9689497
230342764
281164176
-938817290
-532590375
279738603
-953270480
-2110479302
-1132486656
1625620763
-1912597353
-446402924
1696789082
-950989026
1553590541
986951379
-1482626963
-837910832
526602661
255175594
-2070419347
-532559062
-1326591790
1837374898
-1265204748
-125879829
220316480
827751861
1179179250
-114778764
-1551055391
-194415831
-937604127
-1530212109
-1108874939
1901078265
-489633475
-543927612
-92453330
882998923
1281787955
280011027
1954137955
714048254
1125521560
-1461044027
129055940
-1862829901
955645468
-1381009768
656935838
1776118543
1658342078
-1162581368
-1894313920
271462526
-1976439678
-349254284
424903886
-1529926982
-633560478
474902785
-1622277804
-860666036
-1626420095
-1218469442
-327620323
-1910438830
-1050440794
-919420023
-1340614331
-338854525
-1769937945
1614204976
1400827021
1412220272
-1202661724
-1586848678
-488511378
-896004340
-1851938889
-2010970456
1883285360
1257139054
481346025
65172758
-1291889477
-950198316
-1298731353
-195017561
680414446
-12003349
1581503733
346361665
-1133594577
-1910425524
-872811615
353037269
1830695298
-176384694
-235173188
792661186
-2126180514
393335274
-153343930
1230266491
-2111299203
-519918798
-1693332440
197990502
1058535411
-1731660890
-1310730394
209402375
-693827710
-130186481
-1599784300
-1418289571
-150913236
2115493502
-1103456375
1785267084
-596843768
582081680
228870738
928453819
-1005207463
608881138
-1423471255
1427606591
-1599271204
616157735
1209085223
-1692937224
2104071008
1960292488
-479232394
-1239431173
-1720658020
-1746670196
602442954
-893616271
1778092860
-1297470391
468759377
1645494206
976642620
1936739386
355800424
1365507557
2116158585
-1057070270
894478929
1703481898
1724506757
614323185
1276760099
-50331144
861078458
-318962683
-29255167
2112586757
-924769903
-1162250446
1423789454
960832179
-1939758028
-886418907
-955923553
-225763143
1647400017
1998686662
1296015410
-229276670
1099617840
167396029
1645909407
1819699924
1912160775
632235320
-542824691
-1511518411
1626041741
857450730
20291111
-569566071
-365315380
-29909674
-69195762
-1611777153
-382107589
894202444
1492995472
90830894
1041653259
1947731124
-1264371046
1039820410
98243777
952693641
-1725462293
-1761204036
1209577732
1157415208
-1075412470
2062072994
-1665916745
-1331149621
300420218
-1472712110
1682933066
1280782415
-674645973
-225660459
-817506483
-742937027
-757555662
-2089782605
-1618694331
489905159
-1598224452
56953305
-369539133
-1482218351
717557824
-1437257277
167972017
677363443
-923093261
-1298632490
-38843409
-1852254851
-1291512959
1814053389
-777594082
1092163834
-862215687
2092737496
149931706
-278543303
2085476872
551563584
-1003331986
-1498655800
684754281
1277831502
659698339
-1792444926
103123356
-864089939
1075894105
1438676812
-804644651
1675532686
-1225162694
719761051
-446529993
-1498374709
1735510508
1211805240
1612314945
741308239
-985840474
1314340039
1633705096
-953519436
-1658416123
1995332229
-225025114
1959761965
1557805088
221828816
-623577998
-3725659
-211004455
-460637716
1594539888
-303489752
-2126248842
-995555581
-2106657909
-1065912702
900472431
-1250190739
1841232129
1347287845
-1141742711
-1302190030
-1062705250
-1155347121
-1493465565
1554292428
-920671188
-352251028
566463951
-1930726864
-1284042455
-539401032
1655140644
825922319
1930501818
312073256
-1613891375
1208882777
1371833824
872019338
-1982644235
1444630786
582421224
1027905770
809199022
-1021219833
400040744
-114493384
241583087
-1218399053
914045415
1818305319
1359429527
2130717982
-1692610404
-1822984873
-121535042
119349494
-715329957
-486391115
-1212528047
-1581727103
116167308
-1629002206
2063064032
242488289
1909661405
248485458
-964845386
2118819994
1330375801
-1290033930
25317674
1551944529
533430393
-150205411
-1205927116
