-986118432
674674340
1126678275
-688766314
354264687
1371671133
219324981
378198346
739330104
-264415532
-1920445485
477403288
509484973
-752894784
1043060574
-488206730
-632211509
-1081531122
-1848765599
-1411641337
-734005344
1163543832
996037518
2073590503
-1581061363
-1270074858
1046366503
1721055176
-1228024883
1713977300
-1611977313
1320473149
-1421261131
1462757029
-1134302336
233781717
2136103229
-658207593
-1546751601
-1286045588
-209116354
1277464039
-593718227
-744183364
-232843012
907169975
-1684856577
1163943994
820150631
-2002276354
-694417199
1279238943
613715102
-790091329
-1317616713
-480198204
1454100147
-1718928259
482890613
-982304718
2021466805
252356589
1010731040
412565753
-1243530774
-108559123
1301310212
1808019520
-569549988
-489396043
-2107640888
2043735069
-809887850
-1725823157
413101008
-65333721
102429871
-995161796
710878178
-1585530296
1255560839
2142439560
1158569995
-149317929
240985936
-2033719075
327458243
74600933
536216656
-594280696
-472475569
1833775062
-641207580
-2136294488
-733171866
-839049421
-9641529
-155136732
537302039
-2070336065
-1219200364
-609489698
-1506648087
1332460231
616826761
678808488
209418819
-932054338
835219853
1011667318
414707726
1410834440
1245420147
2073338965
1159799192
801357078
-481388672
-1610372452
2144266939
-662096974
840863786
-1965425568
939174206
-2070002277
-269335262
168917036
-1274952326
946084436
1209697172
53341937
1886757184
-2097131976
1515194541
-2058380485
1694568698
-468197678
822974813
2140755877
1305068304
-1789130645
-1106423202
337594511
-243910260
344910051
-1141083020
-2119570163
593967616
-1901134908
468267253
1659161378
1899878311
-1068121197
-1960691061
-145806547
-524977207
591869034
1266163256
1958254243
1634439268
1257550787
-129193830
377097726
61124872
714064277
1457314672
221784564
733578754
74817188
737556316
1443470316
-942428740
-444693483
2098224617
1302380973
-1790617501
-1806680000
449859536
-221364136
978090442
-1635955511
-678769801
-694297960
-88296050
-667504143
565153721
-1095895529
404318585
-118994135
-1470134548
-1015708621
576420395
-1803796248
1141644831
-281853455
607438326
796642238
639519907
-25394383
1448960522
-1861184345
-1517809716
1074855203
-275446319
1380664996
856383224
-1040432135
1824868508
1665738119
-1288840240
90501085
-464022145
1310440974
-847199538
-1812685531
1536948600
838009651
-1789337602
-1195164731
-1018417194
674983106
797608967
-1369218555
-83324712
912714539
-277219988
592746099
-1453144429
1664140441
-2079311345
-1862548198
-1595642855
-1701204157
-1490414345
-2037296141
549321431
-237323007
-803396526
1819773595
1403824703
-1721570271
1748831165
207831366
-1217649242
2010935675
790230722
854330099
1827880046
1936986050
-540655711
1454919392
336130151
-680652771
-922141102
1540162880
-1515092366
-524701707
876708810
1037044523
-2033615513
904730640
-99023491
-712556074
-1323397320
589377758
357694756
-1412567805
-1548410794
-1312430061
-82083649
836568250
-1125465773
-990069899
-641132835
190475833
-1995659576
-40854282
-88552677
-714190808
1745042296
1518306309
-2031646999
-295897583
321007797
-176472032
-9719148
-703138034
54440194
1393320109
1208640127
1763218371
1696831737
224085514
446403763
1057783694
966122094
72396770
-768195941
490047741
-593924651
654335170
1835354887
-1528441472
-1882622496
-1637511445
1798469754
394372191
-1147373204
-106788247
1071982497
1324797165
-2053646435
-1519296412
-802794976
1920035838
-1811686841
-1266312267
-200015468
-1096190827
-2065429873
-494689604
65695445
648812513
-1005737007
-265559440
-309767813
146749546
896565444
2057639606
562045859
-1842586489
591675100
1387414519
-1615569421
1201918995
1041191919
5649900
-1419710502
96470368
1419895323
-2060478533
-732006372
1765545322
-160819738
-520750777
1956118925
401629007
288701094
959534531
-460830692
-1109758210
247673122
-2067075192
752339475
-1818397905
617098361
112170281
234105244
-113026414
-1118643902
-710368317
-855793018
-1747578806
-1001696524
-602776936
1206884425
-907310180
-1826518136
-1519692833
-1649049529
-441014557
1544030556
-1826474283
-97670060
-975572537
-1266540710
-1698433257
1445968248
1750659758
-237304999
-16894669
-1060854029
802655089
-745707838
-535915397
-585442944
-1172409005
-1107724938
1886460445
-123695394
47646766
-180265233
-852694672
-1974237813
-908082962
-1425879643
1061155216
670883026
-994165949
-1138364238
715087916
1677488392
-909471086
73464760
1615588766
1991718929
-587506132
-1382465278
2035701307
-1242537431
1090043073
-1204205079
1906414828
1384989408
-1903156458
-1457155720
-537545987
-1900001690
1879695862
946849107
-288407244
194475784
1081907045
-1820151596
-75182555
565139194
944373531
880752246
1897721284
-1382870441
1924388400
153418614
-691755461
-916501147
1546569235
472361399
-125872642
-1697836260
-1727755584
-964957211
-1197054181
1797171176
1060489265
-1724545059
996172758
1975534765
413090581
1447181132
1335640181
1191902732
1114468543
-186433899
-459870633
-1229431836
-802909599
-2138992136
-54621109
-713464549
2050150265
-1416136464
2015873054
-485743714
-446364790
-416561189
-1493219979
777446565
-1058131185
1208084448
1353326045
-1144997573
255646636
929805580
-1947873760
-1686963459
433623974
-52913474
-932633382
-509093599
892710037
1494192709
-124975541
1659253178
-300692136
1522001863
714938733
1565211449
165132104
263121252
-1294093752
-1962491338
-308303185
-303635302
2052427141
825687920
936713851
-1821501974
541012289
1436371474
1156955950
-2046660932
1978599204
-1653265864
-713496296
-1048488577
-466058319
1951109040
1733693896
1741734932
2133716702
55324932
352572607
-1496225684
-960781849
-2074650952
-452028569
-1346393233
962121310
1754437327
-1813972925
1365492255
789914247
877347988
-1538818714
-1177604867
-1075061022
1915328662
1037841961
124275115
1706701064
-1843407629
1511932952
2045434578
1371531194
1299245529
1959034668
1024371269
477025334
1692294730
1360636223
1307814246
767454412
1757774110
270787771
-461032504
1904116913
552609358
1631609493
-117680107
662514963
190674030
-738755719
-37532878
-1073671315
-91519365
2103224390
628779424
727380252
-720181801
814812605
-1644074203
342220849
-705617776
1614188404
40742059
-2097698425
-286261272
2030870032
16823399
163536920
1500193553
-1278266190
1304450109
740416908
1032716855
1090763185
-1736176030
696841234
826318276
-2082031990
1684119618
-40670861
916020703
1030265620
2023544740
-1528754332
-1441864140
-329842697
-1092807156
-1508405989
319611386
-676127650
-240310688
1668394532
574295089
-1156750613
-1754249010
-873182604
-134875092
-1647740437
-1555982100
-243196994
2003656270
749535947
1424044576
-1280240635
1473507608
-598809399
-719014335
-874182286
-2125922718
35917550
-1147725186
-560673946
1055154408
-62790342
1850596990
-439225133
-556694008
-323105503
-726134327
41226183
1961790409
-1340830410
1938672486
163634761
-667895009
-1250200539
-246614076
-1783571352
1600119404
-1750566169
-1843748643
-471511152
-624012214
-1816275408
766383256
-344951009
1456180871
-975656150
-597848722
435008055
569101680
-561390744
1606041936
-2054902059
-1289810094
2105220117
-1985742136
-788007390
1916161085
-1561211797
1754964062
-763401719
706602507
-1895547029
999706172
1751418889
1795200160
-1318228790
2031412756
132089163
1005998706
-80331478
110508353
-72247306
-736686773
1663755657
-173133524
694813122
1375805261
-494533122
1013357041
1984475083
2069877814
-1348304991
1310749505
-1744141401
-469860635
1411397067
-1027675255
-1660380742
-1447501027
704065151
1239705940
-1277878072
1885468552
1119340071
-1850980627
2048235211
-221887491
619571842
30549063
906198790
1417633797
-1064791844
-807275743
49931609
664950171
-1954161792
-48619163
-385400105
-1716851661
-1489526165
-446986799
-1495230571
-2136858627
-210021566
-1374096680
1309396420
-1667348118
-75801468
-957180982
-1343964670
-1499481874
239048707
-641238990
-1870574356
213175047
-1347065712
-1345719938
128895479
545044606
-466649355
1254729445
-510978176
550545133
-471303641
2008056709
-52790240
-842089088
890427068
-1889672501
-160735931
133906943
1689510298
-1210212585
467587838
-2081947125
-265379344
1739515550
-297392875
-1944941401
-163647894
-106366318
192054626
-1766981638
-176938592
-129352575
1423285086
-1793757358
-348249650
1025519098
-1582910218
317728108
949399498
-893565323
1357492385
-1142864142
-1552142030
1067172724
338818228
-1271883452
-300783132
614127333
1322059764
1668444539
-795813709
213243850
1000709996
739315626
-1586648234
1131108635
-1612106367
-537269658
-894468701
-1908126998
1585937987
634760840
-213952515
-1706456632
-1706799867
190445360
-759717621
37257319
-561397969
-1934622195
1153693354
1143848832
-1145978798
1188815836
-638508508
2005315574
1868249980
-3931858
-972317791
2083111739
902860237
1378930541
1260277981
-1250507277
868879946
186196512
856335131
320288982
288407280
-1878030227
1540214873
989909978
993164044
-1326874913
186072004
-2005231728
-952486199
1224833386
-1609152146
1444352205
1584669706
184617387
899531069
-1566788979
-877735815
1026598259
-165286618
-1392547307
1760006368
1344196998
-703207781
538759511
-1978953
1581823135
1649395521
-165764199
-821164803
1435129527
-2004700954
1669158999
1929286987
-625143674
528539826
81201256
-235559387
-1186009271
1594311067
-949157536
603505043
-1140453178
-79220194
-1000559818
327938800
1036991373
-1067814613
-1597070299
-1291878655
967260031
265578080
866203350
-1386706616
-2086491501
-1239205510
-775844162
294533786
-1961853481
296119560
-138850619
-799392529
988745397
1367863392
925658664
1232380024
1923919992
-1312826153
-1537376353
-1845461513
430981645
-1954917845
680314561
1685056074
-189866995
144320068
1818804135
1333464903
1621089018
1837784092
-1207108400
1462730191
-1401894456
-1724148230
-2039054524
-1109783267
2091839647
1598682853
1596124411
-1814111393
-76248097
1058744152
872565118
1387807623
1598287716
730558769
1245254862
-1852908446
-581232118
1153181423
61535365
-1905666840
2075032947
-1341863396
-2077996229
655901142
-2073952761
-198466296
-1719967189
367603834
-192712900
824298423
-664270571
290558669
37359639
768194588
39506021
1476155590
1741868017
-82905722
1636516243
1571965676
692667262
-183988391
1510390221
-1370719699
-177610229
1346844417
1593821908
-1145218834
-2102820090
1846236452
1429751331
-2006331037
-1902941245
-1523680746
475944533
-389223137
-1384735363
2051989905
332876487
871752174
1527235482
-813498971
1777924476
-2095474718
-1136836046
-37339923
2036128577
1114504363
50276561
531595267
1694909969
-1844004820
765267324
-652938699
734489018
1649415754
-90696718
1363687800
333902527
-75613690
-311450317
-791596644
1136818048
-1097601587
2130942789
-549673279
-1454894184
-307911410
1678173493
-319306999
-1427909242
-1666022643
-769005732
-1886903410
388227726
16153334
-111928349
1459341462
522220769
-21635787
1706604424
-110406395
-119334917
1940121092
-1710598495
1612468498
-723859636
-2079645371
315487841
1618502717
-1038036198
1811396497
-1123172775
619297408
-1154699355
-1592723312
800087617
2113669316
-1915546997
-1630488950
532808696
908387478
2018443886
-1969469634
1363684809
-1181916390
-539378477
288112114
-267789072
-899534017
1312855629
-538103093
-901125028
-523327692
691419354
-321574050
1661570997
1058693402
974054540
852392070
-2042282337
-1515677958
-445802901
-1986912905
-939618240
454238712
-899532391
181998611
-1291203840
160091336
-1244182857
-580058500
-21091185
1464440161
1546614151
-434752022
-954978773
1668994545
-170236718
2146301629
-642954973
1858636048
-1498325876
108628437
-671809642
-570680009
-514093515
1298363169
1531129216
-1726706829
-1039435903
-1863463562
-538712586
555394389
-1931654342
-2137928799
-278306640
-1642607060
507020389
-1611811138
-2047820856
1545769846
-1659566173
-899416629
-1186294335
-440936302
841381594
1893935735
948224970
164530618
-503932140
-2005414080
-832395198
-1065416143
86116518
-1060715844
-299504258
-1728654920
-1216847468
-1130415050
-1075730230
1778642245
385079860
-1044798084
-1397872210
-1693755657
1418847248
-793692682
598997361
-252159677
-1789844719
-795628806
191418082
954364275
-13168424
-2092715681
-423527851
67790161
1065480815
916444239
1086852588
1973846047
1917977632
-1826028191
305514007
-1644090679
-748748891
-788459033
-257657251
921457501
-1594007423
-523593341
1440972379
-1363191878
1627982508
1819892224
-600274163
540829575
1753298805
-977607586
437561420
706056551
1828441252
26021678
-917870953
261681002
-1328250402
1410906656
324671765
1485743814
1516140621
-1036208422
1916104666
1875553990
-240834433
144567050
1395389033
-509635839
833866382
399441854
348528249
-1535204145
271096961
997405170
-1737675013
-907718663
2051779314
1147476074
1108987740
-1954642257
272039920
1159951042
858013447
-1957005122
-2028446682
1498633667
-436950739
1838025217
561176124
-565688073
653964488
-2136032232
1237924989
-1736955522
406819036
-1061748904
662664377
-1177950685
1482031359
405413634
2035095148
604727465
799026716
-854704970
-91780321
-1161019285
2015051635
-1513746647
-1692532466
362799651
-1201864733
-1673832427
1133960202
1889767689
309334891
929449329
1224265888
-1303296737
1728020718
-1689439774
109579643
-1268112693
-1660251082
-2124711824
-555608314
2002278309
-630825926
-39497860
-1584842411
1561424018
-1579005533
-728113423
-1751468987
662666513
87667084
1057228218
1215890913
562132
726939785
323846771
-1706233
-684618606
1660119530
436171618
-929149366
-1647181029
1728839489
-1011457624
-1824305894
840759212
-1326605280
-412136525
-1350804702
-350052220
222560807
-1267309834
1191019505
-626704201
-1071054531
-1567133476
-976901412
-1604052927
2049878044
549132025
-1028548319
-795033251
415070483
-1122279806
766462543
-625701097
-1885690105
-437433601
128916197
1107345696
-1809408326
-2063309762
1512488249
582852833
1696882767
667970442
1389631643
95542226
-941724403
509915165
-2102626630
519876363
-2054795934
-1287932206
382116677
1164097562
368571179
-111072994
768926165
1347845911
-136676302
-1965605055
112057865
-1992880650
2108430584
1017911736
-357434894
2031102236
-1679877197
1283898869
1271701170
1825373492
-771066983
-742741423
1470591839
2005358146
1888491615
-1989397183
715103788
-1029000201
-784324100
-1354814521
594244554
1866714951
883411122
-1112775892
-1906231029
-800430792
-1289295538
1303523819
-885663031
339499773
1893247405
1348404208
739557381
-1707176125
705554818
-789283326
2002786898
-848761655
1674718039
-413866884
813389939
-316108234
2096038353
-1118586557
2113380163
754721574
2019724599
1704838387
-1231786795
-310667643
1451347252
-42205349
-1056650789
-304212448
-431502628
519572267
-1769231029
2101724025
551476972
-299878165
1418229311
1061320154
-561932203
630474031
2000068636
-1267087956
1235551995
56837641
-1770908426
-1468794616
741764793
450263998
1854128691
-42818162
-1764579672
290191547
688935789
942611317
-2088916831
-1761651511
-411224163
615247331
-926608129
1607327615
247354485
69610623
-811553111
250021368
-155120628
-806870461
571478863
2050023366
2077194432
914926998
-1297796110
439621414
-1064238249
1581221273
304042410
417439860
-772032665
145227969
271745699
532149473
366737912
668020901
735314792
-1678457758
-1630632345
320038680
-299640733
-1193585941
-136129140
1896904826
-980384860
1273427165
1692029727
1287999307
760861409
-1874567492
1146815831
719889664
476318141
-43795420
1840417491
-331615207
-1650660275
455131645
1714459325
-969869453
-1740083753
-1004720147
-521260244
513231578
-1214052388
1337816334
-1991654966
-164953886
-610009768
402549728
-491449674
840319478
-662041017
1733714305
2045657515
990202033
-1669243029
792910875
-1969657503
1653428076
844733004
-867707748
179563827
1922843415
-500201088
1463572396
432027905
-273658036
-983714516
-1861500453
-1777132713
2062784417
641450954
-992867558
-174449202
-2041990595
-1637047508
799855981
-217808974
656521133
66567615
-1392364835
-1834043675
1320745976
1181335572
-593930574
-28665086
1688716528
-1778535780
1961928161
-1455644988
609391050
-946377805
1795152579
-1404519511
1953482737
1566875103
1884041224
-1011878958
-1837442794
-309721512
-1675639062
1904840237
-2014628213
-1835630645
-199967580
1966174421
899065297
1825439066
-1237867739
-1302905416
-401880465
200978919
2064404737
1288705401
120256773
1871898514
1794849959
-737729384
152086432
2061912959
945608409
-402170160
-305787058
-1662144036
1757124696
2094730432
-1822305547
-1685809630
-1136871714
1571033037
-1567899808
277076890
1823126864
-1986396090
1995700378
413766178
1033650995
-1740011064
-1619056513
-525221072
1340415840
1111665123
-1813085553
1354795799
-1289358861
505001213
1390653701
-1048706423
1412125065
1635337590
1619918631
-582435748
622553001
826374412
1162826975
183229329
-394991486
-1802297215
964482955
-1164835439
-1999023658
728483195
961037329
-377572168
952608054
878815914
-1222879691
833335063
101454191
1952262703
-1937256146
-939481739
536624964
421467708
2004352373
850869911
-1126222500
2050621431
1279045600
299766465
2103117694
-1776383837
1239231983
-1575920772
61981947
-1606868735
2129036134
1168661400
-2093327766
-601761037
-1907286757
922927988
-1709614438
784675171
530890001
-275671684
1325982404
997648994
-396420156
-286568718
2117996032
-296847469
672320198
-1946986255
-26366982
20871370
435760266
-1004993105
-388419867
1011827951
-821324417
-2110611966
-2140666706
-176251608
-127604128
1270694693
1935724405
407170615
-739356726
1620224187
-1801899720
-773667808
-227623154
447867667
-1825956143
-593538034
1195283528
1103693228
-970854878
1665876086
-1940035152
1426107900
1670157197
367590268
-1028008913
-849045907
-1296186710
1787718550
-1956653771
-1738646105
810542643
816428654
1815877065
-1806062060
-1710873789
-1156753907
1198472929
-2046013024
1357831103
-2067407819
1879966451
-1555743296
67593236
-2013394931
-1075860277
-1932403786
-1401364446
-1688464893
-663337057
70848786
1234271095
1267552749
-1676102560
939510907
-1390645056
1784914801
-911720366
-1843193169
-336685957
893004967
925929694
883951559
-2119936271
-1483904260
845805734
-266219329
-186027677
-1760777639
845384154
1924344118
1248965251
1110002307
-217351735
-1353213583
189636133
1535801028
-811488838
1121859749
918344758
-1978518581
1435068669
-1374730379
-2092207380
680191952
-2102606788
413822649
-1507399617
-2015182597
1928656406
-2092718464
1969874583
1967955462
-1132409618
-1588000424
434532550
-1863033568
-881124865
1507596236
-772787913
-2073119468
-234848845
923611181
538480744
803929258
-408607435
-147833195
2045853333
-458259379
1142967620
1385031976
1795237045
282027501
1387044426
-928727907
-1570574167
-711790810
-49695316
-2103304964
-180113229
-1107687006
-1627623325
-1133314392
686502436
-1353562693
1257294539
-1674007648
1801394009
-1588565149
1866033595
1508776193
223140071
934786375
1050026197
1255051471
301344277
-342418894
-1351874018
97956852
-174172022
-1614329681
414122704
-456845177
128905031
-1176880910
1126539631
-1617950638
2125743318
-1068009224
1588459801
1805263758
280163523
254711533
1857732130
-1404572688
493462603
234573261
77963232
-332104728
286925395
-11708340
720169922
358870567
-2135944549
-1495265798
926928295
129382754
-87386061
-1261687134
1671283052
398820438
-1215188179
-813662221
-167573049
1233597963
982992275
-738975390
-614121390
1639401051
-644942949
760199758
-1151315222
327783093
-1616424167
427353700
254116410
-2053817570
-1828577740
280855620
-448580206
1437223801
1332763996
-91043228
-34228227
-679332601
-1032668037
708199989
1847472785
-96478160
-1748140182
2050828675
721319944
-2068038013
1191365030
402688545
-877824625
-320277254
1476209987
1570469828
-2011079458
862066306
996128032
1427770415
1978260360
-438485317
1217388123
1741085072
965079955
-1044660996
467744007
863394601
-1377416885
-1344131175
-1584297956
1267092531
1264974419
-866644121
-1044387666
-1237251842
-1718529540
1935011712
2105010274
-1884070308
-2068648231
2056353091
-1332884708
1392864064
-1365955182
-1392358242
-559964163
-1186105183
2054089976
-1320444785
-296061556
-622990428
-1278214310
-609632281
1818369330
-1401047559
-388834026
872171088
-2110967317
252504196
1444834418
-1686077038
-737257926
1544375360
547091116
1817256721
-1078010531
-1365170848
1785889359
-620515943
961434562
-1928297290
135953095
-1996177570
-1164076359
487050072
2087775543
283146301
1220774762
-1429715840
-925107574
1689550920
-1776003832
464386484
906919624
-555912575
1323567686
1694246182
-1005937238
768192484
-353365494
1930683997
-2115500945
1509416618
744648544
424615187
-790891280
415734220
633148593
-772567455
122580466
1143411909
548058675
-699353063
430507195
2123413404
-1764372573
-1688406414
-1002355737
-529008863
708694322
491577322
629777275
-1468732042
-461527108
-689308824
382823994
-1368230192
737547327
1713124512
-1114822601
874174079
-1241414006
-127159621
2091272875
1174087723
494825268
-831064778
1709861128
1771446623
-1202176817
-1095542007
-1398860979
-1054677173
1283881054
1284274188
348195228
373095621
-1870875389
-78062442
1942656265
-1651077999
461195004
853619559
-1455023692
2131661793
-353634864
-1348412985
-332450279
-1012879074
-1176691260
-776645138
1735787430
-977495320
-1695484780
-1931194458
958221453
1827636059
156362079
-2005536978
1705364187
-1414927468
-1482147870
-1860450719
-234502967
-107959437
1111783145
-1476745193
1787664978
-160419423
937773569
711987659
-904980475
1574256596
-241912206
479333246
866558748
-641816751
-1989936277
116564442
-807234868
-1206924878
-1735623297
-182559079
2096515806
-1297882647
-2098236080
2011128615
-697570434
-916563580
-1890232951
-2101016186
1822468690
278179378
-60220399
436875121
881141966
-2131580027
-914685316
-84766780
903633862
-2134770439
-1965473339
1197067802
248043588
-2054529996
-1018897094
1001724087
-534668901
-795877489
2046011575
-1351449432
-872115013
-1391907628
770702870
-1867544536
548318407
-2076208055
-1615211035
1475491654
705027300
-1637394451
-401328294
489105091
498838356
253666049
-500878461
786438464
-1514456638
1852175817
1857937345
-571614568
-1007188258
-221443693
-1711078538
1278340490
-1897679572
-474255112
990276861
204140443
271084313
1265399905
2037129690
-108472518
751214671
866781900
1865801266
138702884
1342794825
1992990416
1065523069
-1719158262
-827479511
1949462494
-843647367
-630518416
-423655991
1960347593
1314847841
-1838863657
-2145696241
-1252762489
862472030
-997550050
-1837111163
1476462137
727165502
1905979428
1576493608
-1357950616
-1240200349
1470171314
-1975412353
-1674563183
218873597
-1730866536
925658607
907368419
387502203
-54650859
194273357
-2086800826
-572788930
-427655813
946778292
895604383
1905062543
-399677421
435619225
-1465016750
-2068109101
-156684483
-534253540
-1087998456
-362355203
-74630180
1111941536
-864770639
-645855933
-891291152
1556178589
-473951028
-1334554093
835960963
774027956
-1984278811
1697123400
-493890615
-993654269
1638255711
-919995496
-830151294
-1269107782
-58555533
-241056175
249477027
1301750254
-310114952
-23691452
-1348811468
-590804307
-1636455324
-131424511
-1746528901
-1028837807
-973759342
-1040065468
-807232166
-14129383
-1867014459
809998254
-1693003019
77536757
-2104682900
-33304905
1037064087
-1110804320
1275041831
-589837853
-454239274
1147786484
-1843403639
-1575290317
-1995791884
507520377
939739935
-136070690
-363576696
78775102
-1467631183
688841792
-281962660
1800571116
-75039801
152336658
-262016871
-1476769001
1883106926
2057748187
1587673121
-588971561
1856285755
1174182054
-482220228
2013771671
816641424
