-2021030582
-253307233
-1749766293
1251209008
-1733738955
-531771127
-961283873
-1298879464
-1142832179
-835738535
1298174812
1788611288
-1797573603
-388904343
-1418939099
-790684778
-495323829
1501090460
-827506028
1489111920
-671042787
-279581934
-680398531
-249466160
-1810485058
1613187352
-1650853549
-2051951355
1521480384
-107862818
771225930
876365071
-1754331804
-1150010261
-1952583746
-223616071
588014361
1154879956
-1496027245
408300269
340180802
1376147627
839807580
-989726141
-744769220
100288182
-430084864
-1878026022
-986530913
311802849
-352351590
1797300331
-1241510974
1983477108
-1730399839
-1293220453
613076356
-802897784
1231107913
398709135
1395195722
-736403529
2054513959
992174277
-315575741
-1349019630
1700476187
-1859241182
-1966210318
-86271657
1856563049
-1838491322
-333343251
1169470819
808015657
1937632039
-1002201886
1442192101
-1932840735
608957405
201566170
-1680341164
1761242992
242765498
1123927745
1103340578
-1860549843
170324381
-1205747931
283312945
-1164720305
-127434617
-514762178
1565519494
-1269814898
-368736658
814157614
1932754748
-4511734
1222829905
1950780808
-321671238
-2049635988
247390092
757918742
-1079288536
-1431735478
798827629
-477200426
796683294
116572880
1428552198
980197190
-1458371426
-771241061
1150374468
-1863461407
1986795844
-273932056
-2026092224
-1926804504
1784720827
1949912301
-2144759083
44983909
-568684429
-1206281594
597863793
-1453989012
1840151440
401822996
1127804464
-454429020
-964505307
-1150442846
1556265510
435366405
15296161
258366536
937591036
1572865762
-1983507575
-1945990956
1349143741
-1519269078
-1467811993
1232690598
499645169
1623764714
2083433218
1511254490
366179051
-567247339
-1615867698
-891695188
-988189345
643205767
-205735771
554020888
1163043127
-1432470969
-1124267337
-1629344575
-1788843610
727299596
-257512001
693806099
170211708
1694530562
1095130231
1318652843
-31428676
653646541
58170957
1337756917
-1541774997
2131597518
240588631
-1303721962
413576362
857557924
951411587
1807212813
2081433863
701309940
1639969042
1082112788
-1818031857
-37539475
624463430
588056140
-1820393177
1584423686
2007735897
-749665384
-1167816805
947308426
-1449121359
1891181256
613253623
-921382315
1757166930
996007674
181597077
-1535530913
-1500820076
689470780
-1117355657
-2103264903
758878229
-572288650
1451220822
161688023
-1501396752
-825987706
-20219398
993644494
-282589394
163176108
-597101876
513984989
1975184508
504290600
1797079209
1927147761
-1142383586
-1523183070
574982648
-378295580
-1155703517
-818063415
1616186366
-1571430074
900824026
1429641149
-1787190416
1729306720
-382003580
837135281
1822935625
-1032969611
467894602
1138304076
621289182
1506560843
1226470769
1846418000
-1429354449
1947326441
1626374091
1000173053
387861375
-173357407
1946509936
1777539255
-1205295323
669760336
193879470
-503941914
1444071076
-1025088540
1287885885
-1919639523
608281593
142680350
1346567863
2056018813
1374792244
1985607576
1810539078
-546501029
-296080054
368643337
663944862
-1028600032
1559235368
-1336461880
-30546130
1072928369
-1022834165
-687778162
610089873
583532687
442550286
-1972789633
1188574026
-607371009
823939076
1048829291
1965895856
-1448596371
822388616
-1663403440
1406750503
1187478732
-96507311
-367145437
-896655216
70366146
-221264182
-1391991089
-200192510
336805699
-115970079
-1450510723
1403588537
-375274373
360601630
-2048855274
-1413238706
708818161
-741242376
1400318469
565677864
1130467817
-393039517
-1810314175
912021042
-2080800247
-680711507
1214756490
169170638
-1386996418
-1365857654
-1075643918
535839240
-2003070240
-451226771
-1464932194
-1912950770
-907768301
-524661736
-1505056050
606350048
-1443201935
1351363446
781951002
1714008131
1263999717
757714344
-998829827
1264770811
2131455193
-350591395
-766053225
270025528
-2111929965
-239803290
1601097390
848131664
625519580
1023670921
-652088843
560006574
-1237839902
-845061740
-215190895
-2070981366
1291168607
456828853
-1243269928
897904602
-1882178567
-1497161463
-1139407781
1887436295
-156981269
1568394610
759500582
21483491
1504824549
657672108
2116657477
-767773349
-1835017935
1974276514
-2085938038
1982960744
-163474666
1245762046
91302030
-693898549
-451399039
246896382
402153204
-402757895
-167202592
141849230
-74516492
534553683
-868502703
-1504050286
-1311687913
-720922983
1561293564
-1816018814
-1770670017
-783073120
-946518084
1253087036
-155874070
1240420931
1250605316
-566249964
1419590071
1985390999
-363316992
1097110064
-313078744
-669437086
-459411974
1459781395
1933992104
1769922252
-1267126785
1673898870
853426384
-1111910313
-1607233343
-504326306
195043813
1044873228
683064255
1749178218
-1978316891
763743990
992890019
279787885
-874541246
-1316479020
1475577322
653958716
-1197365586
-1689317623
-2055953975
-1947067192
295498777
-793483817
-2071728305
610746990
986182071
-1844296500
1670979014
1844610189
-1022885434
1527644539
-229549473
1380923225
845545167
-549016721
1277240333
128032238
-1530590165
-617452452
1928657328
75851688
437742280
-831178856
-559135114
737554097
310728237
-1699840824
-1087623042
-1943483430
834022843
-949825058
444476861
-1517972562
-257135051
1552009282
-1186430171
-916401980
1302937473
-531144369
674042371
-334491819
1704237743
-1094986240
-964880472
1221594637
-1363981254
-582244886
-1602829493
-1999083483
1766086286
1050485101
-2027174355
792153265
-869041974
-1542986970
-1199685122
-639576266
-2102993466
501607591
1486076287
1258478975
-2029373609
1685936746
-1040980120
224872112
429509073
-750984446
881041291
549207963
261368781
-1813736046
-68542920
1077600338
-1654538709
1121422211
-1242469917
-1399187716
-445833126
1617592689
-950490364
-1564152852
1599612118
-1211200667
1134140990
-525831441
-1142093326
1920358473
-258964285
1776221669
1776548567
2043132056
-1542965514
-1673304942
-1164895028
-1479386028
-450740911
433092021
-871387977
-438305731
-2001923192
-153229990
-2067599133
-197041601
1543043566
1796033644
-900857086
620692779
-270665448
1028590989
-1330661770
-1169478742
732691391
-1584385238
624959179
-184628627
-1746394390
-299918647
-652117368
-1102474839
-917981108
-1326841435
797869607
2102451650
529752810
1452394107
1116502880
1291878214
806846976
-262114138
-1138278227
-754217444
-625421787
794651753
532843786
1313520636
-1055080275
1941322891
108200957
-1551312351
-741404338
-1118142167
-553742891
-1012562371
-10962427
1450597319
-1772916682
2013344429
-309454534
-2020353881
-1942361388
-1583022610
-335025630
1759303006
-906208131
667684174
-1710449820
-1451475805
1107178589
177954534
744877055
-1229542550
536490877
1513113287
653849194
624939825
-702233972
-1342370958
280293884
1372794264
-1812504606
1810781582
818913934
1600902455
1815505345
-2025101612
176934494
-1562339413
1628621021
-1477555123
1764846133
442930418
1532837662
244350911
514624460
1154351096
1155096227
-2051298204
2126176875
-579742607
-501584630
330664669
1692767699
403477993
-298535186
-1950807963
-1627410594
-1338938344
1982994352
1363029321
-1228967581
-867553157
-1679771270
-2043316585
-1114947361
2029011231
461328769
976394005
1140393297
-1736495937
238705801
-3288203
-2062998812
421366801
279060398
-29200954
-501976365
979999836
-663129760
1254347820
-1711874552
-1732481202
1287229102
644515539
-1837728249
-1613773813
-844660536
-164304608
-1602131958
1321196937
-1113860418
698839593
-388331924
-853284326
-1109018739
1029369959
1232086090
-108212150
-230780836
8311978
-1306718362
-1369213718
-120331518
-633292724
-2076216241
672976492
-515835700
225022633
2040453310
-2142545551
304774524
-1466674738
-691218365
695911072
-943044973
-1486304657
1371703072
1765530041
903465683
-1333710050
-986275979
-174841367
-1322381826
860855994
-1840849764
-1436183713
-247462684
-2068043227
651241686
664298014
336115100
-7614151
360677670
-1961239019
-1219979247
1512775419
1062450045
794869868
365296320
91696401
-609330410
-1051166176
-1920569409
-489511311
1973337891
1419401169
1908639232
1249624411
-503351383
-1544253734
1083921110
-1057790840
-1950483288
61638562
-1249800263
-627774557
1760134014
-471140047
914247749
1518419704
1309134476
563456518
2140378248
1022833259
-604712167
-473699802
1970486140
-262250582
-914597514
-784852360
-1287448110
-756486234
187366243
85579088
-1094371087
537134910
1002841265
701598793
521568829
-938095811
1823537704
1839181655
-1399432548
1635987334
427707050
-610881253
-391253451
451347853
-1420956008
-700416903
-1705620358
-1492713975
-1181337229
-1532154009
749225064
-894791193
-589274682
-265146616
-1078849267
-29161855
1862861635
-973215496
-1518203318
1754464527
1510219564
-854206999
1309593050
-143172259
473317108
1553568110
-660556654
534395838
1449827621
-2139153642
-1864259606
-1594590656
-1786218364
-1582721859
1023119291
-930018016
128447858
-495119843
158773321
424209024
2068394388
-1742254677
185933956
-1075479209
1584819638
-201435488
1056497803
360895400
-1933282836
-1663857579
-365538192
266992630
347246586
-416646445
-2083707070
1009731062
-652351499
-1574409046
2065553991
-400074106
412209961
923452929
1100121225
-520003874
-1669752515
-1623229202
-728398189
-2021419260
735433621
-1961082104
1968780924
-2142553211
173679351
-572115911
1654638628
2135389793
-469886096
1554325208
-438110787
1420999494
-1068070280
1633335542
1026501773
-1504907519
381320020
1961318135
1174290929
-2067000783
512335291
-1804929180
-140905308
715154237
606073532
1686812672
-447824319
-1316738169
1297933278
-890238952
507230470
-283202591
2120362120
98053151
-904618534
562355263
1251024291
-404756871
334962320
-908463442
1158902653
-190817897
247799917
1627186565
-240757264
-1502644413
-980837657
1196383449
-936545597
-1477996228
646323887
-260716747
-1778023857
-1711350011
-1260173071
1303872906
1298413157
-2102326023
1004447450
-2002689436
1871557487
-171300701
854904154
1526450270
-2138703915
-1031569844
892250411
-1941345320
-865675871
-1835516972
983911185
521821158
-1914084763
-1417614139
180335714
2093657739
-1254358692
1977754532
1138911176
-469550042
70020046
-1288969077
41992773
-1463411156
1933532089
1395434740
-1845731209
-1959271145
1086700717
-1271663402
364844061
-672024163
832145143
495854837
-188731943
-390603483
1495968001
1726185078
1030627126
1781742966
-970546440
-996483151
-1342064403
-368832591
680245423
1929957962
-1580168860
997107329
-2019369533
-1523487102
1099439990
1195571088
1751760894
1903468490
-1298909831
-1598913476
-106392576
199335577
160303228
1942985098
-2138732517
476558207
-55353392
-22275238
19005823
1676121976
1850214601
582831836
149686166
-1081473659
732744389
-863152062
1175486897
1391808888
-282912915
-82157642
-819909916
-1320871921
65338171
1372492174
1640718381
256138308
-1062399429
117140926
-1918161701
1083942371
1279427860
276175502
2065185069
-1297484452
-161918391
-6705524
1803583288
198746330
-1923651652
-1731222077
-71374322
715615892
-208449420
-670173652
-954580196
632258658
1151957663
1992128356
494604756
-1431247726
-640591398
-814575201
-953331317
-945299460
-1427379793
67987420
644686243
858015059
-308718498
-495586983
-1454648340
-1846645314
1950073311
779859529
1332542791
-727013722
2024379175
-1415044156
-856593268
-2115688239
28413354
-1420973313
2027957165
-721556305
-2085111007
-1592975428
129756955
-636686348
1406796172
-1515320829
83203944
-1085489050
-562579590
616423186
-439178963
790781943
-1377322872
-1338681967
1751703341
-1212754410
1356643878
228739338
398342842
-1350041023
1102053537
-1522016105
1160722007
513508318
2093376604
613280988
1966276254
-2091398325
1824831328
758362423
749720931
-1380669389
-343162088
-1857450954
-1433402598
-726275805
121452116
-734514359
2036988533
-1103634340
-15291497
1515419064
-585854383
-1455496726
83906446
-169755946
170555858
1417154293
42003421
-379539593
1343113932
917176918
849435169
1180882590
187883108
-490655123
1650828082
-35065478
1535231990
-973005775
656559784
1842705043
1676941881
1919454087
693675680
-1773703104
-753935711
-1980590888
-1674775616
-57816484
-767637756
122360797
959837559
523925305
1377390976
104514492
1049959049
-85382189
906688155
-1623964584
1580940746
-1463037112
-1067232853
-954490652
-1321866455
2051180935
322540407
602352569
1159557360
-152302264
-927056098
827442026
-327401143
-671687365
-655273673
63165716
-1853069309
55211139
-378456775
605663225
1563433110
-693937563
276376861
-364708272
-824797084
-315360964
1013714753
2127702
625936705
1292333232
800226959
1052909224
-1197549515
1669519143
327287006
1736025300
-1442196352
-315318662
1838454679
-1520845524
1708536541
1273565164
187612827
-1275822882
708247819
-1846144169
-1588857500
-1162340543
879480200
-903891545
1151874666
-1301640335
1892452255
-1818615156
-421592889
-1455810787
-261825627
-792394389
238999581
-1428061537
-684552322
-527989355
2121948855
45914700
-1790008474
351490490
1598975470
513435917
-1283376403
-112693601
499568845
2145388590
893162051
-1797604081
859931896
-295167883
-17071179
2062904078
-1259690551
-491243402
79978871
-521681836
-43424325
-857273307
2035885988
-1775626759
2065218059
1076013484
1202342530
-29320852
632069276
-110067841
-843995895
-1410491735
-254867430
1614612396
-567325787
144919978
-1135734174
1105386615
1176127290
1295583006
1747372321
-1145699802
2134080617
-1326527400
1498330298
848919064
1799963409
84242058
-1915214483
-655199460
1067348504
1424008498
1781247669
757967615
-2049973397
-1475617837
1607693552
1900074342
-473975742
-1278105880
117125445
-673506338
1455277480
1621169173
-124645439
-745206991
-1684455110
863717791
-970339389
-123633157
-2051070418
1347889438
-1736397158
1871082620
927343255
1058007409
-329624468
1484626350
856177894
1817107441
1629838169
1351243161
-1796271693
-1976577816
-1003855649
-1135381274
-744511043
744673092
1206055295
-1767600718
100609071
-393931897
-539144543
1516509605
-19271387
-1063876095
-528732492
-1492607678
-1383417747
-99600319
-2060461159
1953001599
471337105
-1015854648
-1044884671
-463143784
1712978453
594523136
-1982443884
-408190177
-266669316
-885217940
1892373140
1003668056
-1857415535
682374175
1969696706
-1782707517
-511808157
-819527822
-228355136
-1197237767
1341524368
1213446385
-743141065
-2120397125
1814866758
284805269
1518289402
-1635251641
98150791
-470974408
1087760235
1583829741
-1545788629
516395588
-160748259
1053297634
-1210008533
-1710178386
-563842630
368465492
-705664229
-1952059102
-158516697
-628625474
-929817864
900214655
-1884540187
2130551165
1396385060
831467398
-807640134
1767085474
-766056531
-47422259
-1865188976
327263496
714210261
702009337
-416789860
141161129
-479866674
-1143014357
-1153763134
-104503251
623423172
753000378
2056410679
746776515
734684705
1448121379
261648487
453461812
-1508495604
-1258809027
668624153
1829333045
1102347569
-625240144
-326244911
1420231164
646958023
326817447
-530510475
-452726763
2095818190
-989996860
-1363186637
160373365
-391287143
-1563896748
-1778291295
-1289401649
-1907708277
-1657079100
1437170981
2063303462
583591973
1653457746
1847889046
398436771
1685535039
795979015
783933731
1492622759
1439321237
-1755272221
-760198541
211028516
-1555603579
1502459226
1986865166
-332560088
-1192009706
2044469247
1253302523
-138941254
1871144764
-725562754
1433579945
333496553
-1510206631
-1667613232
-1628179438
1208703777
353470215
1848393385
-1642510819
338561728
-1198387180
1941865011
1891119683
1593392872
426359501
-635078143
881213045
-638929514
-460499585
1408723774
326927677
679217139
-1588615110
-1398848220
444153123
-356702230
510387416
1377954484
745001553
664838906
-1409772739
142730147
-1382123911
-1320632756
1374059999
-1476876141
1420446454
-1962819577
-1964809592
1190919810
-978220751
914815459
1253075802
-1518791289
-1104851642
301295868
695776275
789995194
99804902
-1566048536
-474718318
-1041740428
-1543580546
677832715
736690586
1427404728
-474887015
286548777
1231053013
312592880
587364738
-1533608388
-1459956454
-529808933
-1712534740
1550470279
1540539890
1226433733
-269352106
-12817942
1186663768
1180427513
-2142576662
-2003837064
1174028992
1555966580
1143441318
-1279345338
-834588070
2121380571
32447741
1513422213
788202647
815627437
1126898495
-1283095341
-554051093
-713100868
-1092034057
2086556621
-2090148140
-670956327
236851859
2090188264
1177099291
-892274994
960668746
1305721217
-1271494822
-1738082672
-1273114054
1895275825
-1550379075
1387270325
-856602672
294379110
1900143372
1785995811
822095724
-2120309457
1889044200
1886503433
-1742338237
-965785258
1444242004
-2031528173
-1240768377
483265715
853894007
1504168921
1740958918
1544332991
-1221956193
2141427351
-1970569841
-1791789721
-1594909815
993396771
-1308501414
1394108194
-1096228385
-2144987621
-328757079
-466488763
-1045703167
1213797469
661004906
433171861
1336384776
-1806626372
2065184415
-1088987619
-1644280057
-219690001
1757458496
-1650028990
927079059
1060138700
-509489313
1949696532
-297954171
190419638
-20791155
-1666081562
185933821
1057762900
-1502331268
-367227872
1249757866
240873347
-968152603
988466003
-1259046583
388280205
1112685483
1751537037
-929734549
352188058
-1566427840
1076205550
334218618
-624639386
-509463736
-2032273029
-1626452995
-1278868428
1831339643
758549553
1255953178
-1064072702
2110437071
-1125368995
1484072796
-1809168643
-935881515
131730218
1296698551
944779063
1316781410
-1869791877
1589142728
-1152935274
-1321192590
1446408186
-81169056
-1738448113
-317983670
1363543921
713659203
1071002132
1817684444
1142127704
-1530874580
-69029558
-432251026
-1596695378
787657492
-1465281921
-1446585220
1428231948
535672243
-1793482021
-518092323
-929897738
-1382966714
1279614292
-1806498523
1491556980
-1335669101
-1954762649
-203094453
-3434271
-64263894
-783226108
-851084406
-1908804862
-458259988
2008417481
969932683
1416797273
1753878224
1593030003
963907011
88657339
840747236
-1286860911
1066572058
-586989280
-740958830
593793657
-389289779
1487410873
-1983877083
-52828288
1708384148
930707272
1390227338
-1774862748
1344344326
-957773909
1497891930
1694596365
-340965060
513900984
-1661199593
1126676085
-2092668235
-1885272496
1784139445
327261411
-313997703
204995758
-678021284
-108207266
463622784
938382080
-611557012
924435041
1157653075
1939092536
1481928897
-209185846
-34880013
65505059
-26135497
1579530776
-408849670
500615865
1285090672
-407910699
1066146816
-2089213001
1040077012
-1994714031
112548416
-1781092501
-790953511
-18856304
49106298
-1969328178
1366232964
-2091751547
-34482662
1598448855
-421710546
1464242815
1070386584
1308845837
-410786933
1908826850
-751640286
-372533410
-437299736
351148570
321057401
-1502644177
-1501481037
313700557
-627039464
-838663244
1957600832
-10795185
1616833946
-1366207616
-713205046
-600004262
-488640164
-408244897
-671749961
1392302334
1140413537
134613347
1137671199
59757782
662298486
1298949436
1727001742
-1132589700
362756246
364214477
196196361
2031631934
701161359
-66936837
1081981519
1799593233
2121781476
1658719687
-1654115232
298096069
2066543349
1202822302
-228405182
-945978246
1984344413
1063899119
410995970
1752834898
1966369435
-867247362
-1628840199
-1602773145
-798190605
1399242999
1492308048
2116323583
-685459562
-1588534714
1374889413
-1819077890
1611182336
-1933800667
1179667374
-1039444581
1107217313
211900278
-1566634178
177375318
-1598249025
1400471506
-484022266
-145266903
-1765078630
-869571615
1929827774
1717778173
1070921424
1649468907
1397970501
1609702751
1291896323
1398827951
-1682622490
-640893069
-673708872
-98264973
-1878766627
-1339532248
-248686718
120394844
-1798226663
53597613
-1363298209
1756624127
-931655870
-1849991645
507295585
-1743217865
-1154676228
-1932805229
1297195408
63576632
2127991917
-397846751
1845867022
394820580
-1549089539
-102069375
1417785724
-880445859
1219471708
-1674058070
268150684
1247962843
195660488
1325683402
194741047
-544037442
-1158499696
1821006457
-282600383
143034342
1500279507
1906113584
-1061538758
-730554046
1903261581
726515964
-1832101674
769399975
1269670867
-196015506
988204255
-1087095582
1379925853
-746271787
793926490
-1091937521
1808758853
-2104679761
732772584
2131818028
629374222
448627291
-1352247441
1748477928
308130535
1186752275
-1004023815
1712132801
1518488623
2075837466
-681343269
1827216717
1372635963
1962385713
1338207769
-496038185
1527184727
987470670
124848649
1851547949
-406513141
-1686160240
-46261195
882006967
510161566
-1876271252
-1963812730
867552203
1763216863
2039091500
-861779811
-1918800320
-976679902
-163731558
-701578876
-1113792960
966774665
-466420232
-280981627
756227426
-346102652
-1739256526
-1924350886
2141260024
-2073694566
-1332784298
-991292538
872763556
-153674392
-44319165
-1307850495
-1912552911
1437068778
-1321726560
132998682
-288424289
958807033
1488642064
-539615079
-338891649
738093076
-1798316125
-1483210717
1180924801
-900229790
1562755471
269579746
-358445749
-764984329
-632287969
1195264612
-463399029
606980950
147447274
-87095869
-1166748849
421624118
522589512
1443640838
1441074579
1017534600
-1517506814
-901957689
-585011941
260891833
-1033097912
975201557
578732419
1941056820
591482855
-2122527077
784936852
-1249891030
935758522
397665025
1574719192
-4891755
83881825
700164242
-1725494161
-1228490887
1806663217
1397779742
-1274386652
-1533029268
1443435115
-1833496543
1432311994
-1481069735
1245470127
207047460
1365344396
1773220736
2111743666
906468451
-721329324
1713309632
-794476754
1935325103
1350194250
-1304847336
1451025690
-1764187755
137714544
-1244280981
286884635
235657408
-1983664852
-1779849853
-1696791495
1240281499
-1135573226
-320989865
933965525
-1329641414
-1181514221
-1786554480
-1624524070
-1407931270
994691490
-2033020599
-296020173
868887654
-221415307
-788646122
1197314684
795926748
701004355
-1007705017
1972361979
-1321607057
1031305948
-1267703186
1544227281
305118351
-557348227
203547933
1702997356
1705520359
299757413
-1454457356
-1329690817
1134202118
352779432
-1429435174
1415901365
623775809
436994626
-1177145207
169745250
916246486
-473585042
-1673921712
-1940021125
-1279846572
1154832440
1018163220
1436226440
1663341370
1635605329
-1847047273
-1819964329
909592030
-1096282846
-1893540356
-1886299085
1107191440
815475491
119797898
-2020646314
1619365631
-707394964
-1671171153
-1476349029
-1592861990
2070823051
1000509768
902859127
-102965830
690519448
1893187359
-783700950
1208718142
-1849240697
772767157
1740360753
-800739977
-1059514691
1616310080
-409436418
135652743
1879016421
1019007734
320262890
963261060
-615909629
1455943820
182955626
2061044385
-194314296
-420857863
-59478400
-845737329
1209493288
-1029727873
415529077
-401744096
1835006505
1163123179
-507661628
535473454
626830846
689628954
1849629017
42349498
2002612564
888893631
1909711099
-722144169
-1270464790
-599537308
1035001349
1881255368
-671005337
-614640722
764748380
-1622551320
-1018480537
2064842724
-817756516
1515075530
533405398
528719281
-842132844
1472737056
-576179583
-599718359
911833332
-1762262560
1642439914
-274111991
-253617596
-1651024092
150297947
-996667326
1633698584
1409094225
1047528509
-1352666952
-1573611134
673011067
1525804969
1373181766
-326963769
-1850710520
-788413121
-160945403
-996351404
997146514
450815286
1401288142
-883253518
583573778
-765267276
-592320516
-2005990600
2113847354
1929579872
-484273034
-1331164095
1524780833
1639092276
1815308524
-589078113
-997869531
-265131625
1841243743
378158479
244167692
1987403946
1972035047
1005003885
1198693996
779279330
148731312
-321183894
173550669
-230228778
-258213307
1184853627
458713356
454567257
1560494096
1050404244
-1334764159
-1507378741
1184602401
1747544342
-1273166492
636564652
-1467243730
-1835319931
-20154644
