-1601631227
-1237122472
1522153156
-1552241529
246353487
-212582413
1373199476
1181596657
1654117999
2049202299
-2014735627
1767737280
776076818
-1468785597
1526349419
675693084
-886797345
2094608668
1180237226
1870571230
-2048956816
937730829
-1544618281
1773165926
-1605274722
-363508670
-301172145
1444160427
-1503991807
-453752764
-1145669689
-908257645
821463734
-303503766
-64405069
1386195844
-54726302
-1976250481
-1534842132
657862458
1217460343
400577284
716802700
174972378
1734671286
-1586884920
86512156
65333319
-1325624588
1821140726
-1796152847
20118196
-242821344
815693950
-1536163886
-2131027845
-886475901
1929229079
561189854
-467738324
1599407946
-850942348
1042583468
70816487
-62940351
1492946613
1516217267
-352166418
1835675617
1503935520
1401136876
-2119770763
685942668
-1459097072
1361302709
1650444732
-1505521386
-1145161427
861570296
-1887094945
1015518855
509944028
710230668
847312876
2027852830
-1866816519
404841435
4124598
-955343975
-628480829
1947666884
-521374488
-875862093
-899599337
-457529151
-1150940196
252904430
-1637017631
2009825356
450106541
-1605981038
939902159
-1162369922
-202621430
-1818023179
-1316864186
1309965817
1347866957
2032939515
926783385
1598350344
-1491850293
-598573344
-814549640
-1704708860
1236269421
567591476
738879142
639635705
-2066414465
-1562929881
-858299154
2040568456
-391270713
556859142
-345684137
-466001394
-5609511
-710390011
-1568861546
1570463493
2047390889
-1649193410
-162308925
1038261162
1191877729
-1354363399
906246224
1163949792
326602357
-1227172306
1055808054
2125307988
1560090099
573306951
-2049052816
10302176
2090266143
1634830889
873125292
190615860
1284197439
630279541
-705352896
-224270157
167867058
-1546696950
-77174182
1753579162
-1006247609
57789134
428639099
398469991
-1557088565
-1481375826
361212710
-1026840456
-78112797
-1534189598
505073364
-435710991
-452874468
2005596533
565830954
-539996445
-605840832
-78220540
-365916819
10688938
-201959189
1697192133
466530869
1631392405
-727805859
451999179
1521492832
-1688667444
445560976
140000647
948919113
1300882798
-1569847668
1003391377
1206051642
-638634759
-1051514886
2076290984
2030570270
-463435025
-1711889417
-343968777
1664411770
1836486069
-1486228181
-16147559
672583838
-557864771
-1386368743
-373677217
-1918778857
800991975
-2083368777
1831706320
-1192726169
1564436260
2108976705
-1060764815
-1642337033
-2089698468
1621003337
108553285
-397603764
-249978479
1158134291
-71540329
1853431417
-844878012
315074847
-442740490
-1777431596
1591191319
1263405062
-112107136
-1934795028
1942552755
712259209
398934115
-2035095366
-205026581
-441604378
-1105788512
492762133
1734216737
-1731428242
-1212067566
559168619
-1986329368
-1261086893
-714330193
1411193774
1858599147
297143750
-1670856436
1215865739
-1647189492
-194956735
1149889830
1690539489
153301456
-519016671
589093470
-1609306000
886179065
847634295
-815758395
-120258607
17526132
-2075304674
1592389530
-300077659
-1697712523
-1266934768
1396099600
47578641
-2137274656
-629266699
2106091603
-966659991
1994589674
560369916
-952272947
1089681194
-1087805952
640708846
-2088706652
1568766766
251394535
-894699136
-2021094777
-545513958
796571683
1840530152
-1727576406
842641434
226316445
234854834
-350176754
1929153744
1803368575
-5937453
23016709
930075529
-1816522654
-627964674
-903938827
-251711823
-121911125
47322934
2128290139
1285496457
-425187278
1478767780
-2063327981
1707260694
1729599779
30997930
1439221718
496443740
-1922080727
200732215
1388207107
-462684212
965059016
1410892124
1490850977
-172755462
1270209034
-1664058849
386869155
-1770079342
2127735389
516515215
1777213550
-1376107892
-70508101
-2070762984
-951918951
-559462242
-22027509
1784592408
-1575502605
-1597961230
-283456057
-1826934863
1869391049
975116057
1703546078
1904545760
-460648088
2027116606
628338650
594035406
1050167264
-348784738
-403885499
-530900122
-139671797
-986472137
1579717961
1228642343
-1666960435
2127181247
1819733910
868056890
1615414684
1978341079
-1073113208
179677127
817198914
-306609536
1771654023
-910162813
586448865
-913395251
-1750270799
-291290227
-344467401
1922346714
1253056438
2108561274
1072091171
-1100737028
1973594116
-982024786
-1667499928
723531321
1579880739
-617835027
904455343
-850377478
-931849631
-1741955279
1464175058
1147902207
80615601
223800765
421575767
-1879433070
-392559921
360771185
-312765638
-1081506049
407542696
-1343124640
-758009106
-154485438
1857314553
-1420229217
367838374
-734864894
1169364022
-1844733857
-278815280
-558529346
-1765135444
-1222149826
1729747937
-1780588475
1720404457
1252657625
-130746281
703735915
1699718491
-575795547
674765051
-954763527
-1183376842
961937151
-1221320601
-99458075
1026168987
-1484602751
622707399
-1239583550
969527542
766013334
-368336157
1293782905
-1744026969
-182984880
399162204
-1793727431
997724388
2049780344
-612788171
177996460
-1664204323
-1170185242
-237034347
-10776982
-550613984
-1472781293
289018058
-2135144782
1638078014
-1234519572
1267864721
1152669015
-393360209
1535120616
-1117482604
1828460791
-1035095566
-1945387940
-2112202189
-1569202573
-19772168
900556813
-364076922
-285262438
-726165054
-1359737338
-1682222686
-906949337
1717706824
-1290503764
1748459804
796795373
814421404
512344079
-605566774
-226210480
-804590769
190326146
1551384784
410406647
1890775315
-970962835
237827034
1030008255
-252908383
431596897
-238636122
923184114
-1881027619
-1427584916
-220761659
1608633016
878105911
842448814
299827361
-1029599027
58915411
-1003183316
-461086527
1620609139
-15453973
-1848687133
1086332491
-797005654
-1028196876
2013553696
-1039105334
-1290756705
-1443864833
-913579250
-1441226959
-310991775
-1187160606
991753616
1687646752
613477850
-1888478569
488651344
833924709
-1280131844
-2140240029
-1055054056
1836377540
-600525766
1191416634
1329747296
-536929285
1960445497
-1700356511
2119009319
75105792
663453127
1848841557
-1089379578
1407678860
-1129934581
-674998805
-98272639
852021468
-330435586
780681912
187024800
-71350602
1124883993
-73586510
-1766272834
-486043991
1592883024
87415575
-1474006624
-1226822247
-530833346
965290381
-23302968
870209146
220498336
801117322
-101737461
707612507
957075207
-1704434699
1608084065
-1242520922
1652426953
-2027453427
-2016495365
-2118016859
571410744
-322712439
-133463653
1657075016
-1930872554
-2124900863
-718812641
-1839376859
837371719
1894498700
986692957
-1773368129
228106184
-2032036183
1101266230
1298424074
-1914446368
221649762
151290341
419244078
1384754580
-919516498
349805208
1115683723
-971911073
2025704727
76800833
1420745725
1810053410
1272977308
-2099952723
2050311520
2114679641
1967527127
163728340
581957206
1337510287
-507134878
136085875
1292038215
-1282679021
-484230025
1010528984
1036055465
637317356
1960679894
-184311044
-86508415
-1353043447
877324779
-480795946
1189774120
-978651460
238783279
1634790381
-1359641262
271098729
-2048000050
-2041360337
2019531596
-478735750
-1181528439
191304449
1284349316
-363633259
1916669405
1450377111
-1780638130
1904637457
-1911259804
-739176316
-659473436
-1431742299
2118144380
-95585132
1715244719
1459742818
-593685210
-1488372519
-1772144700
1168674019
-506444241
985030659
102847408
-175657022
-1048277100
-1638547723
-238660232
1071158605
1244907042
-419240300
-1341911590
-372732808
511806301
282348257
671900377
1194109462
568507042
-2086463671
704412536
333022019
1332479119
550449211
824992709
1754766117
-630956894
-79087109
-435786472
990148563
-1025630944
20297909
-776089956
1748734612
-1352399561
-1743151659
95439374
-1876846772
-34245274
-625879403
-491333435
1709156146
1549766172
-6508585
-563763983
-389836090
2025264287
-1156242636
-847523033
-1030406398
1217479215
-915578540
1338499100
-859788849
785899882
1828138367
-221407568
800539066
-1091084814
-1914839436
969335342
1457685735
-1226069428
1851725945
862519506
-357754043
-493150197
-150170445
-1536435573
2026299394
809287213
2123532727
426344449
1813745217
830040516
1948485984
-1215818280
1765475594
1573786840
1684269026
834711606
1013798530
-1834029173
-1413742561
1958339202
-476309925
-750123138
-1617303239
-44759185
853384077
516553075
-1348439704
1115260216
1711679813
786405684
-1320521204
-2120642004
527315742
191083442
1097257221
-1155515027
-883150706
-112177296
-2008890558
-391069708
-1015827550
1700990753
748496024
-551855657
1970452205
-340747632
1742141652
-781434930
128014013
-1886703169
-662541805
-1111663373
-1159239280
144494163
1353898064
-407114552
-1849775162
-852003026
-1199190467
-463523458
1936683671
753183325
-1937379497
509463156
930159174
2070348085
805712692
1740861181
1285989270
2045735608
2124743199
1793134950
1321415805
-59123652
-754186522
669888054
145322007
1113233486
1157286385
894323639
-2007770659
-985556013
-1426626154
48229813
-419186666
-275451536
98698156
-989429371
-766039667
1816642347
1264362589
116393544
1069441667
-1384611246
12766784
-726960783
-1093450521
376139163
277409703
1504128900
-946485308
-2027629172
-1735567052
522383647
180543994
507036444
-697726542
1952289853
195226672
110879898
-1737759967
671556025
789032456
1570497742
-741401326
-1945897199
1912703637
1457754205
-465172427
-1172962195
1465286665
332492145
189232944
1976395487
1950150322
1588439449
-1611702095
-1770921238
-1232643289
-71925267
-267940154
514523976
-678584386
1204324725
-1726255253
-1748705305
-218939072
-925208118
1923078756
-1211379403
1580325599
1843018238
1769005133
479826845
1355404648
-336336967
-1502284049
244490064
-865411660
-1121440093
1465259732
-461719480
1401474660
832285193
-1774805475
582220425
585695436
544050362
1968245906
-1414797655
-889243345
-2005996750
-1429279494
-244436334
-1615814099
-1157495814
-518750292
-1181916537
-1551463560
-33871282
1032059493
-1727173020
1841422286
1389573887
1284796764
1174206249
1549501987
-870997093
-1958363757
1814941880
-351460836
2079503306
750515312
306570205
-1170151484
578834682
1147290764
1215147151
327054969
-843416514
43928521
-764290955
668331815
855538291
1629108905
-2004760149
-282478152
-1479926108
893212893
202179013
944418251
-398797137
-1194344676
903723283
-656305501
-748790232
-616605130
-542169562
-329504159
-1709098116
382307176
-1302185581
298007669
-1681560743
-1523713551
-891563530
-1396550830
76406349
751069669
-289166279
1568743777
-823022419
-770134976
-804547562
1752809783
-1082907464
-791872450
1721407706
1383482633
1970083579
-1179361816
-1695528342
-393000609
2044658934
1763430898
-2024783221
-1613988089
-147909121
5403332
658931293
913530956
1131214438
1173212886
-614904792
-885029529
-787020583
-95873984
684052826
-458535882
1110012426
-292363887
1332767952
-817445077
-183683442
497471454
-217941676
634791814
1290142472
338496030
734213222
-1850730810
1829539462
-1572108875
-397292225
-534531236
74770218
-237391794
-415047662
1643455650
-543774452
-1715427603
-2029788780
1467677194
812072799
1597983299
-812958018
-1915369062
575968209
-647314364
75773137
-1688288873
1446039608
-1078373642
-1676565094
-1576984192
501618282
183397516
104033271
-1593979330
-1143778709
1167888563
1737356441
467105176
-467563827
400710442
1879842571
-719784724
1232294740
-1236423784
919579378
680458011
4605400
-282528103
1902425493
-56033851
125347183
-115076071
678497183
-1924838986
-1226600502
1401626341
-262122717
1852724895
1226596575
1079196031
-1525001759
-87564792
561392840
-59880399
887149511
181704069
-309955606
-2007756700
1816589754
-551740377
-805407398
-759169743
1007409301
-623654091
-2082684037
2139679032
633274481
1041784348
-518979861
2104522160
1840571431
-373709405
-1998201953
-1525311808
875983122
964868706
1327748172
-1038693108
-2059499751
-1056677260
1730228232
-1826233199
-507203348
-1197302165
-2011546063
2006469813
1606720652
-390491772
1551297677
-165913191
-1557784559
237779227
1112611762
-370336078
161584807
-236804256
-354331224
-1486658921
452559321
-1830505141
-391263540
-1755558885
-710878447
-602316851
61978870
-1076195170
-1167330977
-360561593
-445538082
550046624
-2140131463
441315391
-1353519685
991590294
1493452290
261290064
-1982598356
535519232
1663186447
372312674
-1918147236
-234315589
-511639578
1383362331
1319415648
1468925587
2144598536
-722751851
763415522
1215685916
1039799409
782650449
-1334213628
1529591233
-1010332643
1259261546
-478201730
-423554019
28889806
956400653
-131622647
1552264073
847621900
14991144
2076569087
1035463157
-344467347
1889432929
-695478206
1192070139
-841444330
-477201335
-618943651
1613780529
1056773505
-344730415
-656161302
-1304653890
-156129409
-2104051204
1730972722
-216788433
557834624
788031190
1631119642
2100429451
-1286836974
-2065381468
-680298180
-1848080476
-1769136217
-2075030948
-56572844
389222832
-1088394086
-751222185
-491706147
178063127
2119922548
1054380868
-1487708677
-1847203187
-1988874646
-778135713
387100571
1114197603
-322861782
989918435
-858105640
-1688065766
1336100822
74929853
225026208
1732665145
-1916774832
-756466559
-1730503529
1735431776
1349089208
-1458285151
303545914
1395369372
1389602354
622910427
2067435079
1620326139
-1379609876
486318323
1351629404
-1476759965
-2022021537
-781401182
-1733895970
850831775
-213843756
1783709646
-2003794148
973188538
-1918288087
1049939450
1052231091
1653724560
1589479380
-218708481
1450358579
-742124127
-279370712
327416060
1496917250
774957352
-100587049
-9521526
574320256
989494379
648280247
-851087052
1414973036
-467490731
1269584072
-376785371
-616209787
-1542679743
2049000565
1118333987
-844136076
943131416
-430142694
-1234989636
-1062442264
1853484189
-1888159802
1972687550
-191836669
1575103495
1695750209
910032107
-1730534924
434983631
-498974640
1230683117
2145184996
-643922229
1949336887
742874247
-455731946
-520851844
569666942
-1803110643
-1369595831
199788195
1586977016
-1823207146
-834960032
1268104473
-1794120448
-1945835921
-595233724
1907188960
919064838
-804663982
-923355127
1497290612
83699529
-1264784938
-656304305
2001164135
470199781
-2078301015
606852842
-1765472212
1635771408
1594923261
1186874053
-2074013902
1273040800
-1046614592
266952963
-1838009804
1061953232
845647375
213889894
-1738897713
-1465949630
-1874332436
-276288780
-1520957612
-1855233208
1865515053
57782743
1745428703
494492254
312049335
718991236
-161247576
-2124150277
1707699692
-703616225
1861031576
-778239608
453122657
311390238
-253035745
374639792
283350996
1309104428
-818530748
1801114330
-1387772836
-698145457
632279549
1869933299
-454014238
267909964
758247872
-1123489936
-1153541937
-32669879
-1299226279
-1297080685
-1407354106
657465012
-335758082
359609068
1731417621
1342289508
-631535968
1950851106
-1241436762
-1695811843
1385217155
365875187
969502523
-1821758569
1804977424
1219689336
-1187597286
-1361688927
697025513
1607883949
68972165
620714243
-234443714
1714254896
-2072463826
1586354051
1397138526
-1508546743
-1704859671
-392408471
1953205905
-1214006742
67243171
439452516
-1189623004
-1446974857
778910610
-1145907794
-1397454908
-2030850553
792685485
-936063889
-1445253105
2027608556
-725522338
788589406
1049416552
-256887376
706469238
-1761671762
1863947274
-804339999
-1441091999
-131459289
1831301983
-1478811440
1148325018
924257170
1869156242
-606772075
580518240
1041635417
915023458
742858069
-1989386582
-1394766737
-1377767111
-1263430457
1190939479
-1657324947
-2016366980
2056502259
1071505065
119005437
-675615708
-627579844
126320372
-2095434373
1931634573
1760920737
333313938
-305302312
1518048910
-1546416321
1469544985
1256300226
-313250359
1480334105
-1590624561
725204737
775698499
200959515
2012526685
1452206372
-1636789194
-1664584868
-1119383869
114608732
418375974
-1883125341
-1319185012
993719719
-1113560271
124065324
786346306
-2001449424
817758123
-892946516
-1007362013
-123718667
-970090774
1110603153
2022365716
-2117642582
1288425309
1553655693
2070248405
513299165
278541795
1243173205
-88624779
-2085716646
-451954855
849933989
722523144
-1250983728
399221
695544712
-119099752
-919424589
-1694007086
-1262377771
1350983257
-1204863900
-2124643766
1021889788
-46759393
1855754639
1181486475
2053382402
1040739604
-230509355
251939556
-1215374903
-1401073499
1064194474
-365144480
521364885
2046792124
471251583
1225538069
-805800501
1551875380
-851298782
1740224957
-2075482886
1938280329
613891941
1997390725
-72615649
-1525759025
2043648766
506436133
1340261924
1199676901
-1347655763
-163574736
-485116758
-1273601046
-1671918429
-408925012
-1107627768
-1798259986
-199677406
-1418379035
1142736530
1676090092
-251531168
196171646
-306828515
-911028744
1297973425
234634440
-842137918
-230412620
249052388
-747569066
-1470102558
-413672952
142485740
1168146384
466539371
-1107245039
-1216167230
1640966919
1120555352
1948680281
752088202
591557962
1552573822
-1607082679
1910998260
1440974839
-1594491772
945165019
1145350629
1891764820
-649423566
1297804435
121741653
-2057629025
-1806115345
1808299695
1887925370
842372195
-1951455612
-1446279523
678185254
-827924468
-984438234
793630380
1834411373
-140048451
674559410
612608262
-1218164342
-1681506975
413331001
-2034489890
2041742338
1272020480
-1983956033
-98768667
-280878071
801513043
166861888
-1937477119
-2070811099
-1583805287
911532787
-1185518272
-349260015
1112529835
-994072623
1118832138
1672186083
-550048946
-914101416
-2119059050
-619415952
-1109311032
-582536564
946822303
1295040751
-883692875
1830608702
1005471830
-1961937956
-1366823142
1798228112
916775578
1201789726
764099258
758667191
2070803813
-1059293333
-1875246424
-267375358
1226148233
-988064533
1762623773
-524775140
-825476963
1489922075
891689611
-466667891
-987157967
700372212
-1251196942
-1816588410
87175240
-100449205
1838457457
-68207651
1650767623
-1894143110
-560100321
-576826539
1429306281
-1344050624
1949594139
953782307
336084661
-1330978075
-1560800287
1354210733
1630528883
-1255673695
-487801889
-1589178476
377142939
-1880432578
1520137543
1034208500
-861020592
1122750204
-1651619034
167689194
-1905408692
141988788
-1855396683
1492261206
1962002267
1149867583
-1325526289
-1252300575
719512845
1061173528
-1581767837
1838963009
1726090406
1732753727
-1632433077
-1412794181
1987901017
-1847089056
725927388
728675817
1528303541
454386996
-308189985
-1716148035
-406377889
1838954023
1997392512
1282205637
-663363071
-1076237765
585956709
-1356206672
1264315778
1059726379
1981906946
-1061465328
482922359
1763226579
1979529259
1976393825
-703227432
-2146065970
244300778
1287076937
-1841121034
1475072353
-1395910766
-772392415
145947052
-1092264809
-688103149
154209459
-405520683
-1986589012
-1903514480
1811210565
-1852204547
1660854446
915158574
-2114279722
-642663590
2134219873
1140118831
-1897724505
-2069893892
-692778653
472255550
-1019491588
1452084547
-1320925040
-840021237
579456291
-1811333998
-1267744345
625095962
-2109830219
-179424703
-133544147
1950548440
-969863141
1897753816
-1912187759
432163311
-1297755565
-1638616711
-1876784496
-1348151846
980002292
503746204
-407433766
395002299
1161818991
-494152190
1218948085
-1690269076
941932951
-975289885
173599329
-1512319021
-2115546270
-1176782487
-691772419
1803819130
-1951769104
-1558910879
1655380137
765018718
1780685517
1237392943
1084920619
-1057993466
-901727630
-1751341053
1038354774
17578199
-696648943
-468313527
-801973656
-284182618
1100408722
1568816485
-706605132
851987087
-1935080744
-1521118816
61260672
2028792068
-800824504
-1579311523
-912289232
-122190552
1630569098
-119308145
-2122876509
362938717
787465617
-280728466
1355598556
1032088347
-1830223655
-786164120
702747109
-1998876925
-772899601
136853333
-1280239633
1339832883
-208519370
-1871994897
-3513410
2087238875
-210789657
885690241
-759833533
1413710352
479088217
1997619677
-935759478
1362284768
-2038189950
330360978
-750981162
997657253
-482692419
-366050466
-295411447
-1892287842
-879510835
-1362998303
1503961161
-2070738245
2090440993
232106131
1880818656
894792119
-15130791
-226960648
312164708
-8737172
1144855304
-53945071
1425338391
-1423645598
598259899
668017173
-1339798128
423226792
-425290950
1593585249
2025334938
-2147404313
950203149
-1126090068
-386853285
-111430989
-1014234559
1064064638
1069307320
1947372836
1192949867
2067906018
2062484728
-596750171
-1196064019
-921414054
575442343
-2129546485
-1899565705
1186105107
-1406309700
-1523562007
711249616
34332761
-632705795
-1175797470
-989119018
-1583004084
1199366562
-1826658626
175690435
-1290235181
1687109432
-510189567
-931989327
-2137529647
-1670759224
1784945593
-742436001
1765540503
-170068168
-1966549545
1663515957
1751690649
-1669920528
508772417
-349789819
-435645085
2034677696
1799431398
-1221085421
1863214029
-911106816
1023415570
-1665048873
1657220205
745352184
1324120579
-1211749632
2036203853
1292810882
-275211589
-154250692
-1044930851
1946218478
-1071797481
-1570303178
-70753494
891731493
1619408928
422988896
670434384
290605328
193103264
-1001829390
-1757824467
-1875353542
-1114853128
741481521
-2117152937
2012180147
-1079268048
-151597068
646237519
-829225673
-647926705
353014627
579581942
546529936
692177389
683705602
872680511
-1664442824
-1519056122
740596461
134444581
1558665537
-1774057712
-181987227
1515876831
794237305
1508462158
-1412737142
1232489554
1574482633
1541136742
-908924054
-964806969
-880712995
653086257
1265262138
-528391714
-729447671
-1278589486
1424822242
-327724095
868217962
-1208352759
2133457086
1244851611
-738088372
-2025717815
32199842
-2089036725
2145711819
-1498870521
538933791
1971925076
1618378172
651130836
438395396
156498200
-742395443
941619373
-712793305
333856582
1717501930
-1078083054
-1230444956
1613769359
1494551778
1699321684
1939936998
-1488806241
-1427986102
417397939
292737701
-1789215925
-603201631
995611815
-1452482769
-1725387770
-1534017356
-1042416002
-342645078
-2106623335
1803014723
390580774
-1040514792
1019402514
301876197
1766413644
-1357066788
-972876035
1755057704
476194213
-213835394
-578374191
-1844944900
2134348938
-1424684118
-2082189139
-2075328944
-1963860022
-1344718466
-481899709
2008906237
-1558645829
1214380037
2019621908
1100046307
1235960466
-1246340355
-1548401187
-1842428079
-1661321996
1588890592
758699089
-1205542230
159203276
536708386
-1331597305
-1498646972
-880473250
-523584074
-1977082443
2071878035
-389605476
-1770747690
1366949022
-366057850
22632888
-275239421
-1909188535
-1120175312
1613516538
-784794293
1574838643
-588549717
-979738413
69723082
-1172094395
-65785287
-1870596559
196166770
-565739063
-1990114389
-859257324
1212750094
-1748276582
-759726587
-1098367136
-1377198205
-1357453093
1313784674
1212422645
1717114713
-719350935
-1003232491
-427858692
1741640569
-510798764
157485841
1544398467
280765496
-1658346358
902654858
-693182388
905698707
-1115762987
-1365053221
-1549365790
1104641468
877391367
543373226
763097068
1275213781
364812914
382148425
807614661
-1113692422
1620998813
1707515487
-323719605
-1401934459
413150005
353680839
-758246154
-1375452020
-770952638
547741111
286193708
1257619374
-452628070
-1284331228
-655121452
1273350415
-1851798375
-1209246875
-1038523607
-245065312
-204540655
-910345194
-1766729520
1715155363
2051052415
-121998017
1007649835
-998664850
-726385024
60467124
1071957999
1101369966
-526977661
-61414978
-1974188557
832721006
-724626754
-833496070
-1752521653
-1163316455
-620697499
700162177
-2037969003
1127272381
-463241959
-1771700152
-281473390
-853083311
230693790
882932426
1433369336
-726715207
2024712657
855145443
-914508923
-1545146553
2060188376
-1775954945
-935765161
-448429691
902205595
1530105459
860109434
457554993
-1745780622
-1652782550
-1648684094
1382247816
-472617186
-2009106300
-1852079141
844584135
-651503619
-516118918
-1665122914
-1725937170
-1842080903
-1266404347
846477221
1041276358
-262614847
-1942839872
-443375839
-654117339
-767428933
-12993333
1748149226
-766891408
1053302841
-1159765773
-1506053673
925099106
-1562237078
1502144783
1496181583
