-591346104
1705252180
1457382980
-1113508258
2074359922
-1953834719
1670120072
-2032882586
-290784724
734424800
-173900602
782036916
920576820
-700129163
-1315849349
-516260990
1135633120
-793735910
-337492713
951716530
2139912547
1928225612
2012521696
1719526621
1090683214
-2064562682
-337626603
1952868523
1388219738
2101481777
659379543
1984456548
497376868
-778112678
-1039579068
1211442631
-106220104
839647909
1104759653
-1711204838
63899537
1574595329
1878744649
-105668734
-1774726688
-1731566692
470975985
1314621076
722082636
-1614813799
-298971794
-1737962709
1466424954
1338568192
1651616969
-1117384837
2053989773
716147958
-1864451550
-537338778
1210178032
557921325
1226623259
464606990
444238930
-535299939
1059216502
329726890
-956548878
-1890993293
1619299836
1416311197
-25834468
53243465
-448868192
582012100
436497138
-1281497448
-1473105692
-1853435889
-716651409
321975402
-844253316
439911763
1035071145
-1484214189
-1622683088
-162775459
37901397
1531327649
-697637114
113267529
41383568
662451666
-1066044001
-1813433835
910526172
1507798598
-898602271
-328707216
-928768664
1293947189
224692950
954018008
37326739
2102048994
-2122181421
1785616355
-1366906189
165708816
198968796
1029363419
1137497873
905631413
-894788282
-207110512
-788207816
-2092404243
-585168994
-671554198
-1646454929
175363889
-1878240311
1122998205
1394147714
-1850725688
-431483284
-682884767
1175881928
739068285
350707597
-675079040
1021772386
1762330001
-693967238
-700171855
1369185728
116309747
-1460170775
-729385658
-413380247
-488781138
-1220103584
577220065
1389023226
1794268578
-1366573865
-1926508467
-1786033809
-139989386
359867291
-1807446902
-1972765535
911688396
1526249332
1916192809
288677135
-1253467210
1198639882
-1951112742
651874528
-563235479
726256260
-917104061
-1674425560
1731235376
1107175793
449492498
202950250
-844683101
-1588540693
-770855595
1286660957
-1269449448
1920354297
730397704
1738354675
1370754648
2138552373
-1976899601
-160310634
777377173
-1739202386
363974566
-478685772
-1080460901
1677061391
1123899126
394276733
741246278
-1497491712
-1420458903
-1540447765
-2031578829
1447747531
-1651661793
-619798782
-764767046
1292615747
1005716450
1563843929
679596571
-1809812767
1363991672
695183576
-641281546
-474072017
1866464313
-1340703806
1754145280
-1393109656
1442186976
-396778507
-57029900
556850528
570908325
-1165363088
-1634225722
-969149535
-1499723126
48816918
-225945570
669573590
-1600836107
808403633
-1175670780
-1280280723
-652352130
-1928206024
-1991182633
913963895
-1280533238
-1667679660
1807076227
1782339793
846934808
1517661728
-1195904014
2135124105
-166888102
1926446128
-345340478
898956921
-1245511033
-1396051243
-2032245191
1955044408
-773194385
1604992670
-175286923
56028723
-392757937
843556384
831387879
597718806
1457895270
-330498566
-136734462
141888880
-1384325688
1758550291
1480820270
273813397
-763883663
-552257243
-649242365
2060742
-1585957476
-1631337601
-771587661
1602095759
-1244929451
-259260922
1874385606
1166262640
-542735283
916609148
1899705101
112821183
-579435539
1526400516
2143158992
336143308
-354968147
-2028868891
927842377
612861509
-1063252571
-2095242610
392791894
1273610716
-1034133405
-1395432999
1618217065
-1690692314
1719074047
2025830803
785380034
860608198
-729432979
-391086788
1075596768
-2034514998
1107894802
1449611786
-1118276044
-834908076
-1769076327
-1349735885
486453527
734256765
1037819398
-1756811156
-576746498
-1842544779
115781130
1728833452
460815084
-1925766418
1373483417
1395393333
756771367
1809340602
1143215289
-444482860
-873449682
-357103438
-141878371
-268329114
1340884201
1219282138
-1342049294
807023518
576823074
161585602
-1319057545
1095486726
1686266164
-1759411922
-885398573
-1636892349
1933071361
1342429945
-1544221790
1033773980
1040447273
2073497653
338052304
2130351805
-1859753609
1732297879
-263014358
1791948471
1872553119
-911918574
-1217694158
-1810145462
1319878694
1382992577
409941298
-508997017
-1910362207
737713417
-819897197
1167655663
1969172513
-1565657602
936767854
1379010497
-1867294483
1193397765
1110915171
786283251
-1136491663
-1174893637
1138958505
-1043216034
-465338761
234359061
319540326
-967461281
1705722004
-617593144
-668480959
-722053156
-1724625436
-261000725
292803636
916885125
-192264967
476717017
1288775590
1442627164
225232656
135455836
1906887352
649120630
-669241467
783984135
-164801825
1400282882
-1735012728
-413575966
-1093009230
428701834
72129297
1426384716
1973896452
-1608740999
191270928
1002357021
-44432587
1140443356
743844073
-779228918
-170646331
-1224768148
1177202975
71086157
-1784524247
820169676
-1133946034
-2007584635
74179809
113988366
-974367906
-1200733222
-827889974
1392718203
-1100726283
-1837180060
2118595248
1865167763
-890509523
1588844493
859245095
-1379590318
-1931154809
87148596
-1430473574
1269393332
-1504719330
972698452
995818404
333059195
-1757364449
1021333221
888641694
-1081679313
-801780360
1778862402
-134617224
372956774
-2144695089
-1815541429
723612364
377488453
-1567600459
-1821472628
1278258480
-1568563898
-1877903333
-1995363426
-1938199605
-160601541
-126256124
1720630477
1964897834
2077218962
-880626308
66055418
951238484
-836253735
2095451848
-1489273149
1041898523
766681988
-48753698
-1934721056
1144294068
1715066094
652350999
687092943
1150640010
-726216291
-1447209182
192846515
-837489842
-1204598326
1019309883
231383929
471232082
480197407
894853789
-613838788
1978232087
967764930
988682805
2019233258
-132957660
544149906
1963996055
-975570905
2026293529
-1738692177
641621045
-881334671
-1096933629
1824146495
-1947817011
-914233468
1309275120
2091436143
620540451
-2073358593
203512262
1089336504
891890672
1704966471
1438940240
1220353891
-1257532646
-1225872982
-1113403751
1350761294
-1878524380
-2132580665
-874104451
-233741072
2026832615
876575022
206184316
-1320387687
376737922
-378113981
-1132574255
62491390
1606808718
1894437223
572723906
1481935093
-1461813354
-639085224
648896825
-1877398660
-486703931
1329207256
1431718292
-2097620225
2140631265
-452878964
-719099976
1489437914
684184696
241030183
-464370068
-1371958757
1642577240
683634887
-1270716445
-1145862515
643902275
-1061531490
580830106
1248594929
-1172444189
-1359364139
-1757360796
82079118
1097615867
-705181012
-2091623998
767805420
-48038945
1886780645
1860498296
-1671991077
-2039413467
2008560482
-747473316
-463250502
1667071901
-2056756212
-306969743
668859893
1153859453
-1307279369
1133355571
1625782223
535660256
-1398418493
1991123764
553911649
-1013760911
-1555854779
-1785718809
1016986593
445340003
2030581093
-51252293
-1890330841
-825425244
940343625
-528045461
-1428481171
-1349320367
583497138
736190356
-1886843050
241340011
1290201510
-508298361
2132709937
554083787
818482511
-928925344
277123710
1962480723
1709846051
-1083964841
704309424
848409958
-332916412
-1089394091
-1223452108
-1763208295
-1846624216
2000282058
1559283889
-506011478
-696777860
-1249152835
702271889
1700395184
2005059653
-286126300
430989760
1267917972
696499016
1410854517
519995828
-1664741441
-57383252
-1009596292
1299373484
-1788992236
-1114931747
-1529149585
1699008059
823936800
1945338802
-2109416641
-1117919993
588715920
-1857868079
350539824
-890830386
626934243
-1106431918
-464602453
-182242390
1983872352
-1793900382
-1514730414
876669589
-2021311927
1417844393
317449813
491666734
-724144561
1230908719
-786662141
1829062332
-1126026167
-897746309
-1418026845
452059507
1014575904
902594109
2049671045
1052918006
-429785074
-438023763
2008675667
514339101
903147527
1038181875
126745516
533265655
-413201290
399490249
1544687602
-719961582
-743235796
1566173022
1818796643
1573532665
-2064971371
-991688835
-48176538
-1083829251
-2010457300
1696108270
1987804199
-4595400
649747248
-2140169956
46472037
-697793330
-2118059625
-408962313
827705226
-1161036170
-31761597
393309467
-1407095557
2136036664
-243206797
-1570999247
-1883822159
1050431608
-1163694980
183036821
-1655561464
88030514
-229070409
1464063545
-713547049
-858569850
2138823869
-485402168
1825507776
1057099895
-918496303
948242446
1838411976
-1998989329
2138609565
-1754604906
2075370537
-992939258
-587426271
-1101937516
-248669850
745447043
-2124240664
565378821
292008608
501390754
326718076
-50367724
631923496
-701643497
-1860137189
875488959
-2006841003
-1709591982
974779562
1476579258
-1589931626
2002662149
1302748649
-169283437
-1761626422
540483810
-1116302105
-1131928554
-1770949682
-23743063
-1764249416
-1715209486
1688828503
356817761
1012603494
1688866716
11649794
-1123664667
-641372892
-1618594701
683772585
-1507255647
1896785353
-2104958940
212553976
-1400494179
-588163716
-1875018673
-2045531073
681145019
-2094150741
415529578
555812489
749051964
-1182700736
295654117
-1295935508
-53020792
329359126
-1273310577
1571172898
-2057107154
-1584586327
1044798007
-1041911464
1441673512
998083597
-1339231082
-1104796090
-28280476
787374113
1257203308
291900799
-1838702465
1171128836
799841512
1397827593
-1589884717
960517318
-1558700468
-206452432
1536988083
597814882
-160145199
692628886
-810636043
-1661593876
-777966649
711110543
-1776153936
2027489030
-498309376
-2027623253
-1429314234
-256697960
-1135215506
-1409470317
1241230244
-1484725057
-715280373
724416792
-310478904
-514888187
-209972744
2085136265
227067779
1858792915
-2087325975
148943684
1086782847
-802040285
416015039
335147407
710766212
-1981476743
-1166151306
-685848920
1121648374
1525262099
-1418376640
-240495590
-1485204318
977227103
1766103282
1847261265
1900896441
-1506640980
-653162081
1934930800
-1601157605
-804777436
-452959614
-1914403486
-414785575
-1580484871
1302648864
80943407
-699339787
317285343
-1553367122
665211280
1758404203
-36841799
1594983343
85363396
803512436
-464463466
-326205727
-1393187420
-2072330231
895981022
1520345433
-2129448971
-99511387
-1815320888
-767196179
969555453
-1391421873
-433266929
762596817
144361816
213286871
625341924
308023428
-1493587701
217570655
-1503555803
456097260
1855944409
-1550832099
942133967
1724341439
-1269828139
2105641054
-1343617103
-1209049307
999870008
-1552217395
1437853026
760692635
-2103463308
2086575604
13341045
-444708838
-167427704
966969859
739752938
1051567992
-2023540074
836084944
90607335
628635917
708957618
1045568543
-1559796313
1115464344
-53914116
-1702289374
2077523633
747695204
1211246832
-1990954430
-974578355
-850593882
-1840830724
-1344201696
51629619
1163622185
41077074
1914426070
920372101
441404972
-888575745
-93730175
-1276412928
-1154123382
-670049476
169655811
1025649005
1106896667
148832004
1371090693
883984988
943185754
-688255002
1007821370
-2000868588
1685382471
-1149840868
-1381114901
-195608123
-1152438130
1924393947
-551853906
1950259711
1561798121
-1928658964
-719798664
-1669708953
-1914867262
2146524538
-119119402
-450955353
980789531
-1361880786
1713634167
1430350758
1787270322
52667256
-564676115
-367001607
-456684961
-1730596817
755555252
693273752
-653231935
-2060745891
-1637687950
-561642540
312510745
-1442416813
-35207040
-1288320888
-1654424715
246140930
654599593
674370446
-364633840
378154893
1322080304
1087911029
-97478408
-1078575079
-527407849
-1645807248
1947415281
2079074023
-1622447458
-988435824
1908153497
919377061
264686601
1111688245
1356217548
1131022080
1393907110
1114956994
-1580998327
-1620045955
727702798
1194893711
-52026731
-1267223671
93594026
-713083101
-778296801
1303984590
1979887993
1024444578
1198884516
981268679
-2073045489
677257860
-874128684
1102183062
-1713910304
-415615865
-1954762186
-366310891
-1889086018
-458705178
-1484736440
-898892502
-1221998944
1887727307
-1509290519
-1006612386
872696740
-1416968703
899324155
-972200016
1405482070
-1620203027
-1678169532
-1965094745
470263602
934274494
-453075564
-1454513754
-586205081
984640483
1599232045
1186935427
1838098653
-1885584707
218483038
-1910642087
-84618887
88475798
718590321
-1259909475
-329810273
-1705164080
-1127533882
108167023
-968933384
-1737560991
2020438335
-130323150
-475893644
-71567490
1569047519
1433342814
283458194
-376850794
-1382286163
-713028460
9870558
-665100159
-1322677538
-26749966
1398452923
2026054649
923335474
-1465235544
-1389738654
90996296
-122512739
1316372683
2114709802
-51852989
-221372630
160912489
-1410651383
853685366
1471904540
-1566961188
-495545766
-538403424
1999846998
-943369629
-1389004064
-766575519
-582931972
-1314886162
-1550644470
113726769
-102639015
2112317752
1454099064
-673814636
-206132478
239825179
-1585472323
790072203
1506883900
2137995039
-1107155866
-170102195
1556752538
1802765139
-1600138693
-1556365769
342691306
1264947040
-1469176636
-1621318144
1199416401
-383779110
-2136876018
637343536
-1128746827
19695833
-129096273
-267187246
-2123024550
-691624248
-1273232122
-1119811736
-512694321
-1929061252
-1831240761
-1797198050
1050469131
-465736312
-843827530
1927786819
762200018
1668322254
-1343503694
-233345036
1955066205
-1341715623
-469529100
974988057
-204868551
-1412626582
-163759720
277996949
1361831279
-16849712
-1045954723
-425238087
1200056292
-1413599876
-23449688
1305088248
-421987326
-1365589676
1396050894
-1963244831
885271960
507852871
-655654766
1716526921
-1047380994
-1606626911
-1996716820
-1591601209
-1347379075
-493058913
-165535476
894467172
-1138288915
1901069894
-288595555
431630227
1406340254
405985392
1784134478
1863415134
363895163
-785861081
-1875467635
-878970398
475490156
1314910517
-759800939
-1349342467
2052336636
-1427925765
1542604459
-974229179
-731015108
-408132991
1257843875
1907905595
1819140838
649918926
492588969
-1246513728
486035652
835110010
-963099587
-424914745
1032085330
-1147505279
1329845887
-417796277
-1961986654
-58707367
-772702292
811535235
-1868021889
650164549
2138320872
1779617876
-1861151019
-1419110165
939552829
894577927
841031503
619695396
-1230036765
-1995378629
-1705510846
-688958189
1232558017
521608733
-360044343
895456888
1560879923
265418197
-4806096
-1828543930
-1974782706
-1741989309
-708823915
-2074694030
1591327200
-677211670
1096561100
1522293005
1527046267
152867372
-1337755005
1482000532
-357444172
-1382987337
1087324582
1904311686
-882296728
1746837055
2146357764
34597175
-49657409
-295628435
201916978
1133387236
608853428
-1451409130
-148471121
1554951174
312233940
591705776
686844489
-251854613
-560725947
-2104247807
-203381570
1628691073
-963240695
-2119361768
918038437
-1213815692
-1377518716
-63690879
-2044128882
739971708
-702708165
1874083507
685840232
1634831343
-45710626
1151908301
-66919389
487603357
-19745656
367991425
1440960149
904781532
-1126687164
1287173456
-1966503519
1591120609
1917118931
-1766831369
297775766
794187601
-1485195605
-27572952
1349738964
1132066583
613111107
-1174041987
-1828970059
1548779639
936276621
1191321001
-1856507991
1462016355
276035524
-1124467728
1858874274
1762018573
1545937511
-1029312808
1230739891
-189600067
-1476749180
2045199649
258497011
1131597284
-1726350023
-1879136527
1638070951
1935669104
200919415
1323268435
634783903
-1342394271
-1291621111
-1181645598
506446304
-1169959525
1380449236
-25570367
1050791555
1823960318
645655392
-1434518835
-1593236516
597603251
364029078
1183597078
1330542045
853949896
-1332023861
1496998026
-1294869828
522844927
-947293955
261865202
1215988948
2140812514
-407969189
764769826
1525528264
-269886949
-1096054006
-418546580
1996379629
-1920619775
1837775910
717862485
865648361
926489462
-867635706
-312287605
-997932905
1398734319
-1800040508
-1855358699
-795746002
-1140241453
852085499
-2130033204
-1235201631
-1418944759
1780006866
6481417
20656967
43069644
932052281
-1248941665
1604260798
34894273
-185779854
394180363
827441933
-706506934
745967315
372245226
1503586312
176716316
655048905
-1056650581
-1382091016
-634895858
-1167373024
1244563076
1017409146
32168756
1743015296
-1821342039
474316455
-1687052244
1783524666
-263016517
3571317
-92068425
-591628476
794757758
176935772
1382560651
-435142526
1853627087
557854524
-2116094362
-1862995385
421605844
205932669
-985219226
802486554
-2126434444
1782280312
-1242045289
1769577404
1352361737
-1958564843
1088460493
425623145
250190676
-1075432780
-2034712396
1587779166
-715307599
257390416
-1565768923
-1708371557
541957259
1665408993
1920737978
-803014934
1478167825
2046332674
-770934108
1057194527
-379315159
-1343298604
-2057418565
-423526240
-1779244379
1785959457
-732862762
-774852057
2055837876
2079786179
-998488740
-535793210
1026024602
-1036663737
-601081061
-2062144725
181002403
-455652404
2004516440
-799842267
-969077676
180185649
1385110310
1649934950
-894001948
-2093171345
-202605829
-549837430
1603920106
1360584258
-600616577
2000178519
-694899881
-1247469042
-1485307225
1144773702
-450692699
-451602687
-868231678
1094018626
770328912
-266985868
516787026
1336208303
-529510267
1283312022
1237984350
607928493
-1917317607
-982590389
-1328547834
-1649793891
-1182047044
-1525605807
-1423220073
1283509731
-1444498067
-1391050076
1183164256
689106413
-1822479056
-1576477404
795072389
944664948
-1984710145
1577565812
1907151378
1397522690
-901522691
1281058340
1258729811
1254262195
-1171865615
-159343855
-1525859998
536360511
-1370461199
-1357518325
862460928
883093559
-1596338339
231729849
-354343512
-767106674
-564392689
-1552781639
805808097
-1262303654
2023644880
1007353611
-420498220
-760004900
-1680257779
42683310
2138112029
765919677
1758014921
-1717014133
1261598949
1139633818
-1963647275
-1664206190
1242362160
-765639486
-1221660865
927185954
656434803
-167148994
-1784435704
2039543726
849133417
-1195987183
1276888088
-1811193443
-1560800474
2000885952
327481206
191459952
-1856385685
-212286956
-1630566989
-1482971607
-912047044
-639104227
-338997337
942378475
1274254000
-229223046
-1471618977
709351389
-49427193
1731995864
562925909
1303277908
-1981423103
-851272776
-1452720671
1695819569
-1844855443
-546831244
506411504
1052469382
971079679
-974113149
1757118451
-119402625
-635772826
381997051
415779353
-842509185
2051082654
1196317527
191335103
-1164882039
-1832678782
-1189656198
750188583
-1654674463
2076453540
-535427085
-736321688
-132681230
1261221985
-1148471422
214250149
2019036018
1661674543
1027163867
-503544191
953148867
-767328968
-1903888983
-1014238511
-2042800484
42771244
-196705323
-2133751149
-779704600
681951571
1888522503
-1661051105
-1970444306
67102433
36827244
-1155972452
1929344689
-1023913843
1544680634
675724725
-1079357031
1031092067
1060567152
-1515311989
805020754
578828505
-378100126
1012872940
1487154675
2073472033
-1396455820
1276778437
1442866531
-350652227
671453861
219178965
926711800
-3456425
1856034895
1004232611
-631259552
-1494942254
-543462996
-1455438671
-305847356
1312179100
1959175068
1814492658
189135657
1497887557
-437908572
-1363686536
-1229140198
-1395852203
1469270586
-1494139535
-1429358716
-602513319
837879103
-1697380780
-1505025568
-503528897
-1403887924
-1488473002
-1738770538
-1023207709
555031600
-491069917
-67221856
1453017833
608745785
-666538294
-1295396754
716108236
-258151502
-384877320
627843849
-1139060169
481712941
-13868696
-1408032645
1777427347
-944729854
-96206695
-1265035155
-1119907615
-494902121
577600450
496883728
355751113
-849713183
-1275380477
1195791424
214303473
-797632471
-1364618532
1246384615
620581522
-1363749101
-1625600286
512340127
1522892361
-1688473637
838146991
-1579598949
1509821738
-1449055006
1334033946
-263117626
1454872859
-1824276119
82359719
1197837868
709240414
-1469084773
260829249
1320404377
-379002769
1572926160
-532118234
-1829431681
-1670361073
999286287
-122311902
-617458148
1061772960
-1324499243
-1387504129
-1000239652
1994701491
1175981076
1581082427
1581869051
282554847
-465663618
-707609093
-467910034
311088084
43697922
-1720552897
-973665277
-736169297
-1124318058
-116877481
479088582
-242985842
-1647049161
-1694441066
1446567
663136871
-1082727379
810543940
-1390975143
-204759019
83762067
530011352
-1615799172
-748283469
1770119958
-9489306
-169006851
-1529908691
-1377695747
160598102
1051572925
891129619
772593512
-1571577514
39652208
-1503273552
250927068
748205969
-1753817145
-1012232869
-1167452418
-1443881184
1697830097
-1364157684
907284382
-884027455
1686101918
-1561165262
185953271
-1056754746
826647333
-406018366
1823680564
579957327
768262247
-398603117
434952502
13478075
1450018003
-1050202136
546053012
-1596209317
1322162924
1201476430
2081255139
1963197800
-1318870743
1838274216
1478820150
-741990345
-1453208805
1597172616
432418536
1300552106
-1420889899
1399863999
-759383400
-1463391767
-1400262521
-1164193993
1196622196
-1013065646
1543472748
-1147610625
-1821331526
1503424429
-1873674522
-168926297
-380520068
-404110940
-1072011546
-616350003
-5399645
1075047793
-368206191
487460855
-64804555
1695620568
-1162350048
748519075
-381851430
-670666152
111353095
-2125864035
-911587685
-1023948899
1211554649
-1276966769
-729539091
1774654264
-892949142
-998126370
1427857390
-585021807
2118496693
1779352499
-1950492179
845278491
860076288
-968089769
147677232
240515530
-1285228355
-2025685565
-1739595536
1650030530
-239599693
1960143479
2118067112
181604944
1852035293
-801265270
-1954629490
-154425315
207767698
1081384962
1287838817
-2121310816
-1936117787
1534946661
404444261
1143530196
-639196594
372083343
662800043
1683939371
1675340169
2078278086
-554085738
82230977
740963262
1385927691
935882137
637485012
-2089170975
-1612357710
2017478725
-505899148
-5727141
335469621
-1932345470
1414987382
498398185
-35176636
-1276502500
-1256722514
-1897601852
-1352294625
-1367264639
-1267628964
293662210
-689805784
1140882632
1000776678
1004011323
-768873549
-592332555
1828846279
42587759
-223656416
57362811
-2060129081
1535039527
105622060
1227441665
-612960660
-339556903
-1180177533
-731762071
884289968
-1846937968
-449383783
-1505648115
1726542323
520025548
-110543943
-1579988149
-1884837070
393260198
1110881117
-1194504381
57514105
-1302890184
-222460992
1733343711
1833424278
-236332997
-91773007
937655827
530178063
-228621072
-921282902
1129804389
1376105301
-418630844
-424698335
696652207
1698493496
-1905702866
-866403299
-2147417053
1727324061
-1353173925
-1648029941
391361680
228454511
-631417587
1602662097
779253219
-2011467565
-1154646208
1487078179
-357040913
-2000262497
-1343842034
1872554774
1771713136
1472899852
-1376918188
1212369394
-62152371
-559690327
787801492
-2014835381
-1794177763
543916690
-1924139492
532217938
-430523157
-2146860062
-606599064
-1853751192
-182311363
1365831269
-2059198524
1736795892
-156818349
886960530
1601532981
898677877
-847882324
-1893594441
185032601
1832978650
-1339242035
1945911157
2086304013
-1429514991
-877784764
-1592915089
475693710
1205023197
-1458687509
-1198197442
-1582494494
1881298924
-469582487
75234983
1373435320
1974580520
908523518
1477927952
-482532338
396720972
-304675458
-1919394002
2114987730
266535867
-1054711139
-219291389
70818252
-838820724
1050029678
1268938503
-1668254534
1773966057
1520699429
-644427867
-1337743172
-1138094439
963806500
-662990360
-412307470
983012058
372278068
-1494975370
-185076893
-1172555660
1255463698
1459224508
45951776
469103882
29898542
-546453654
-1945363288
179602354
244257454
-1498814686
1356618638
1003602632
392570040
-1652973973
-1935282087
34708223
1881390065
-1092229141
-1411184214
-1609514056
1523895872
804210645
-1466360924
-1995769706
1823785174
-1234072161
-213249657
1029076049
1921723506
437615864
815035806
1771816139
-1100275231
-1207987719
382972763
1890471008
1854124740
287986842
-1199581249
828048513
560579221
122548071
-1977715713
550000003
473916395
1813904754
1535936100
1079711668
312296957
1170326411
1451462002
-389934673
996603492
-117815122
1304045900
1275758577
-520422620
1487733180
1394798422
867545515
582748396
1388381294
-1630383076
921708249
-1442784867
-1364724346
1698615154
495557523
-380868856
-1580521914
-786653477
-1621328734
1653116412
615028006
222874158
1119502677
-199664257
670221760
743263862
-261454187
1564448346
1992401935
-280849638
1712867127
-593158438
420603608
-2089775811
300533137
-665424171
-72112793
2002007399
-122357169
18364395
127931518
2060727140
218864775
-63386099
1706663562
901375084
494343946
-1292823485
-1669805288
959586179
485359356
1566634409
1715186054
258694178
-1223565402
-445672774
1746187005
-711123177
-1419939958
-2087191856
1565611934
-350301783
1817739959
1898883563
1522510587
-1041078529
-1419227554
825580208
-1321344056
344552385
1411895718
2124291253
-661282095
-405693441
