1189598659
-1297637359
-1350375871
-1939823338
-737426052
-1275954406
852138575
1509103935
-682696124
-769890729
-455150481
766899534
-814928662
1144743813
1968562098
-784436559
-174049879
-821963016
-562604786
-1875799200
906772141
-504845872
1322888070
956471599
2038334164
628599657
816858761
1716592226
1828889784
-2024580585
1307330199
1320657798
665946605
-956343533
-266002390
613721726
1014769287
1371519407
976829651
1432721116
-2133263138
2079483345
636816034
-1981006991
-1302112876
769500574
2081496523
-892576474
149386199
814182005
-1631696763
1507379981
138889699
-403384034
285265205
-1272706126
-1302892086
1651516739
-1517678901
1834635191
-1265865097
-614006754
819094380
-1624278625
-1001621265
-1151729037
1646980433
151342825
-12952102
-2005820991
278502894
-1852103072
-2028851390
1675350195
1087358806
400140209
1794690713
-1973835044
-2085756963
-1511886786
1051431680
-1046870108
-20096002
-2085310159
51220422
-1016381316
-1800158593
37034707
2137276206
581695065
-1226809645
1702406429
661493109
393658974
-1827129922
722937231
-1265254382
1334558171
-1922424769
809726528
-1070394049
-1196026506
2074030249
1890906678
-971835464
471538599
1802094098
1280221943
-636833086
-565997975
350745073
1529199455
619418222
-679017427
-1925966846
-816651340
-1922450402
-1232292846
-1828138899
-2028578057
746163016
-367784621
-2010397658
562601340
-1163954567
-1955933695
396663702
1503027388
-1326792547
119384305
-788762757
1738537066
-1793885571
1489722103
-300184564
1325496515
-927426424
416427859
-1172699553
2068458026
809705685
-1978524821
-172375025
1849631219
1522513256
1920317882
1485232409
355341438
1095761587
765410312
1174757382
-1764576120
-1091978656
-449458981
-1155387313
-1939721283
271675981
-1323101139
-1148315908
-176834416
-879026217
181916510
1728148877
952491343
601571163
615107691
-975148258
-399078287
-27846662
2026661984
429255621
382979634
-1930740837
361287947
-2122421698
5593953
172720949
-1787727375
1738602442
-993523336
-760214706
1301812358
-486539693
-1655086099
-71895874
2022509463
-298256172
1379075783
1855647160
643899914
2059193847
-770142605
1264240394
-1756675894
1902162175
-1537986345
1919850915
-1423048708
581020903
-508865625
-1318371242
-79128714
1911766475
1658172408
1841113564
2015486576
-1173119865
-1484328174
1135593247
1802726012
2061934749
2042862729
-410576459
533048755
-301835172
-1422394994
1858414250
1020138544
-1540958403
1054360962
-921874046
-474855230
-309556593
1970739147
-1498160259
2019289308
-1886682025
829953771
-416791780
-1203585072
-707308431
-107853618
1061986276
-1564278468
1923753978
502699106
1874204257
-562547004
-1845774607
-1956362131
-1191407507
-1184049919
-1769543653
637451162
1626465713
-629560392
-433369304
-413902380
-217317268
-399530674
342223123
-784813354
1489373811
811174267
1601092302
1192779266
544794232
298497854
2101294621
-762919054
-93619826
470485520
-341866303
1530083917
283085036
-2067833252
-2020132391
-1619805093
-521654288
1823566125
-276842107
1181322970
1529033319
491837225
-708983092
1353476241
-1791054069
-961354051
-888090689
1705426214
1003025996
-1531645543
1689628638
-2086754900
1197508947
-751199905
-561221447
-1005830528
-2060024509
1958710166
977727706
513248852
422969025
1326190820
1285592290
-1742386548
-733539914
1184029564
1996318449
-369423160
-1555257005
2112342228
-388937653
209243585
1474839637
-1709274469
118888759
-361842344
-83936887
1120365290
-81659094
-487346196
-558808942
1400348601
-878898907
1225918699
-366460182
12509588
-999792037
937781931
-1985627866
39008653
993903381
1612565370
951195773
1935096436
-118822950
-964104205
2006389898
-953280187
680003274
864352915
-527058608
-527148831
-1188254902
-1772887925
-120217217
-253035263
-1851023387
913364951
-988099339
1645115495
-351726991
-444198257
1596185479
1022478933
468473456
-1078830212
241872896
-2050392254
931195321
2058577901
1243463529
454658251
592486232
-125635893
-1698131830
850665703
1541084337
1145173227
1686515633
1978084447
357356779
1647218339
251697841
-1879519108
-285553014
1377203871
-483628755
1189818369
594345822
1216414196
-270519018
-1450540197
906853019
-1024910987
-1168406671
-1371013097
960441673
-1743736763
-691450531
-1349041261
636617950
872189870
1795561812
1537946872
-2030019544
-1732211664
1135785136
-104164761
956027504
-1624148005
2099234161
-700211855
-523374372
-32283168
-953709507
1787402957
1391673877
1487934309
953613991
-1736566460
-1470250968
-1742042727
1058521523
1771254767
-2022327119
178408713
-190789479
59982757
-176249034
-1316377039
-1450468407
1890431918
957830608
582487892
1514703919
-433066565
937669647
-822463601
-1601415496
273453338
-1310196705
577760043
1500904467
-1329436379
-1694769626
405254451
-355217220
1700255483
138295792
-1470230970
442173749
2033623666
181948110
684709038
-1391114602
880764491
-588675654
-705984080
662431560
-1624568921
-681363009
1805619237
-1343152115
1120143546
1110319767
-364386231
834871618
954750654
-1721154155
1763154130
-555365272
236999465
-450064187
-2004413116
1179893216
1889927201
725058641
-1508756093
-1664110859
-1132767185
1704365606
606442153
164328480
-1595561677
1020263382
-960209639
-892724346
-229692777
-1579964737
2087518164
-1863913531
1307525831
1240907373
-1403771637
1719886575
1168977888
-1611180740
-462229516
-1162205738
297273255
2123993922
744390624
1968566153
764035772
-1507150997
1387008141
-2064729825
784221966
1683238628
-754562120
-1984400974
-1602443887
124500668
-666001417
-1363513682
-979108050
169016265
-647581500
-1864950709
290833659
600052936
771175388
595571287
-1735243860
-1256820025
461557706
-1100484296
457296456
492403655
2019479486
306850609
-558920673
282657692
1645002914
1561075172
-94962182
-839275752
1157188462
1268342807
-382560620
1100582248
-979509061
30435258
-524354999
-1694244931
64555414
2066443304
1121741325
864839470
1245344151
564045997
1407430047
-539891492
-247661007
398050120
-2115834627
-17500073
322602826
1337088945
4861210
-922564545
1988756749
1859782301
999711694
1068097838
-1192081665
2086811967
-570075379
-1521949995
-2018998192
125102354
1749793627
-859458716
1521710451
1674634197
317343103
-492977873
1728083696
-1316674601
223716214
1401305742
16930168
-61430668
-1158639446
687693828
-2020766919
-32474401
840333667
-157526878
-988293516
481703713
-1570217603
1175130285
-104472245
-2037591712
-59440549
963533438
-66383137
-1032935580
149967899
-415110743
-313729638
1596149335
1346237962
755964001
1430003400
1488731339
-1219155366
1922221850
1454138220
1266913537
1950112018
183195248
1960453713
555382632
231034437
-1483613369
-1248961697
-768019101
252880774
661647666
345955375
1717115983
855778459
362139416
1295026656
380889284
1159647087
1831502357
504969259
1939231258
947466061
-580226403
-569592396
1987661358
-537724085
1596364775
-2094955101
1622134117
-630259709
-1485243000
351215219
1110045424
791489673
-141983907
-766459383
-1510142639
2124806808
830988206
1895121672
-1890315490
-1044929010
-1783719025
-1500165277
291809285
925558682
1500782985
1462695987
205581839
767305395
-1790554502
440327881
656320296
-634300725
344347833
1742458631
-214930722
-590089276
372863357
1461446379
817230953
-1289104990
1430590590
-293680276
-1229665045
960410498
-212640292
914496137
1025168888
-327426613
2078742080
1933732510
-987727785
-1473636446
-470514368
-1520669960
483949322
-1802645597
-1882797560
157743532
-851982709
1951684557
1263508021
697844388
-171993000
201616573
712608516
-206226438
1117317809
731085854
1173571755
2005668744
1637356704
-1100718497
-1351852026
-1657839169
2089543225
-116688985
480411254
2133931447
732677411
1098871813
623397894
-1317384568
-1372811946
891097836
1639793614
-1169484329
-1455670747
1532474845
-945803620
1438199731
589339519
-1151883674
-1531173936
-841632863
1496685425
-110999734
891958407
534078197
-1605642258
-1778932479
-713022214
-1034588061
-273640238
-682354334
-368650200
1869393109
-2076947932
901510814
662262195
803351934
840258203
1860332912
-1734905337
954187566
1191738979
-1139006830
-2098868031
-1140344089
284266016
-853465230
-827958963
674959281
1182390835
-718714331
1487637969
819303850
1020504635
359198875
1113756745
1056177760
1574764766
1034154772
-74550798
1169684067
196927432
-856741421
334567660
-1263252460
-1488828429
1494262288
2009410586
-336318525
-453215703
-2055623118
1253416268
-257040135
-428327994
718619965
1076791712
-1847436015
-1853479998
551052681
-676005852
-433003763
-1960168465
-1666617676
-290890048
1497260198
-1089125762
-1307662631
1890783571
-58843996
-343083065
1004756737
-1018101989
-1372966288
-1129356216
-195663143
-1443995047
-284183833
1431007982
2120998821
-2069871052
96173680
-145245293
1801932404
-828700963
-1059967920
-693798456
795012501
-524472333
-869362884
101034963
-2085919415
444554537
-234371281
770874875
-625003591
1986986278
-1273454467
607151618
1951128618
559167148
-1513086936
570102514
-294496914
981532667
-1456257678
-763259620
943680413
1657444471
1234053299
-1579638179
-824440571
76790920
-1566871700
-176088413
-1362847138
1146686401
-1650037349
1867624623
1268122177
-1398871740
1906149456
843832091
-688795685
-332235165
-1269846656
-1025486433
-1193104163
1218823050
1936258328
2041027215
625292982
-1022839971
-1737506987
1289186471
1900590852
-933229539
-1119558574
-1442453237
626945863
-1266924721
-742471454
861401480
-1440388137
1658425247
-199201633
-246931681
-179564008
-1604571903
-123026110
822615236
1430248939
139083544
-2120746187
525757026
-1424555417
-787024421
-1447732378
-994128861
1084678600
1353242742
1103762014
1792797165
1618317479
-1241556371
1430652049
1989468975
-983312277
767172359
378886135
1102699228
1943039231
-1840869655
36340443
-1827749961
483150276
-39934976
102364146
-1627138863
-1996265015
1271795620
373270446
1632616015
-478392519
2032213753
-1416085804
144119409
-142340588
120783257
-168007092
-980824369
1749274146
1598510703
-888750025
-962666012
-1630013405
-927653147
-1193718202
1964710096
613450315
-1377331135
-923173559
530049369
-1920659476
-472167604
-204596730
1577824306
589224053
-1388002764
-1582000308
1671744384
-2115663462
-1644725069
-933241529
-1478665831
687577300
317905519
-1148962284
1514512398
260683788
166495140
-67549289
-1075880213
740319634
109459455
-1716266356
902075453
521252691
-841537587
-662221092
930640851
37024075
-523289772
113165617
-2014734519
-1851214024
897379457
-57399860
-686249406
960446863
346330819
-980157291
-741927180
210537907
-1365089995
240812659
751138536
-1152618140
-830593278
990341086
1085393922
1414166901
-1901395452
2055943345
158451135
895254465
2120375214
-909487804
-1565157698
714878047
-886790100
79629498
-728490367
958060052
-1377292344
-863685482
-2061931660
1427011081
555780751
-187756140
1504500013
-1204968771
978301492
854384054
600067828
1306248764
24890931
428672924
-1213308282
-953810031
1223892537
-940779752
1217749782
597983096
2054792898
-1365883135
1719242900
-1923415976
311591940
272705607
-771685584
938416495
1095829259
1882907208
-622852319
-432450226
-264503004
-2112265119
1082454177
-543550584
-259006081
-843899706
769567804
2144472486
-355301105
-1885402986
147165002
1672066909
-1971980107
924660009
1342319802
833744386
1819622812
-1619449172
-1872350704
-2078561475
1353269222
-100833296
-1104703312
-565465347
-1723246713
-1750632578
-1410435236
1772770475
216386417
-63275538
1628102650
1887373217
1130929905
273580408
743355802
-425063715
-125087400
-355444021
1029035704
1845921777
1677095901
-1655742691
-1965721667
40507710
-1960166974
515053443
-568284725
651576161
-2120390988
-557540990
178784698
230920684
-1703788681
-1885580059
-266937508
-1061860520
1928814786
834562768
-1223682808
-356519878
1613013095
-1447239148
1471291222
1033632181
2040683703
-338146107
2117094694
-998143185
753655331
-1064520950
691884007
580979527
-922505434
92395315
1207053333
802674694
-918876574
640886544
1301377539
-1803580844
704372489
-132845952
1363066586
-1876329300
-946422914
-1539203256
1254017505
-1778415341
-1827860933
1578320421
1138000382
-1482804667
1441354996
800744739
-1676411012
-1815368654
985002492
-1792730321
2068598286
1823635368
1841639400
933093611
1094013715
-1870822064
-536650895
984840897
-1474341862
-1700850722
-1649010786
-629661638
-1338646103
317373828
-1013297118
-583563120
-1983894982
-180459353
134508034
-1532449663
585431429
1878855636
297579131
-1516678810
-921114620
-463891211
-1651778527
912175491
1270972084
681513919
1275755083
221762975
352342808
-578328722
226988718
1434678231
-616210558
-611854412
-1744732857
-294361169
-2106057835
252125422
1568021118
2098009961
-495249147
-1175499880
-1250048120
1591433881
-624547680
-515832061
-1636387572
-260852231
202328978
-2055898300
-960723959
-884735879
-239405852
802604655
-1077785354
-1220360806
-649044155
-590964475
27489578
-1082001156
1454832397
-1905416790
270661246
-1442787531
-1932642178
63297563
-665912016
-1669214237
-1287572916
-2003007650
-1702559735
-421038844
814480479
1665734458
623425218
1089137540
-230647082
-1884832535
739807908
-1708799721
838198607
-1280353524
1829281133
1369492296
-617948571
871672030
2088952442
44495826
1645029241
618404012
1478673954
1623037486
616163509
1532965252
-1557926049
26684013
-998513330
-580825044
415475635
-1428162233
586861576
1624965973
-1099049656
1344337267
2088973311
-639469808
-1793264807
-2082056648
482829731
1829413761
1965468881
-1407400125
1391800324
-1929760047
-811270863
-713997893
83709519
-491367831
-1041892426
-374545774
-995286633
-1624448164
936031418
1120358942
-872168743
1833745956
1323283802
-587231001
1161277753
-709755504
1124085080
-1628160574
-1099784046
450331901
2112801603
2092017950
1704799277
1981691331
-329402667
1664960925
1844212175
-301103118
512839067
1921738214
-612378376
1949858366
2136966619
-1119549511
1904052842
-2140336841
-1140319311
-1919841213
-117416984
1451474364
1618996346
-1653054029
-485346241
-1618496847
1619797110
765780492
35269513
88576495
1555047080
-409007300
-539628624
1273639036
-1531234559
-836111250
-261483215
-1490972165
1727110845
-2002188132
2039327778
592046950
-459382005
1249062503
-1567567499
1164549369
-1852703245
-1105996502
2000637054
182605681
2112612724
1407663948
681814194
838000758
2127265004
1283497429
-71832656
-500422059
224836796
-685911741
-614652027
250852081
2060189739
-1135221858
-1463587541
559439355
-1149398646
-1167290422
805299027
-383893920
-278614887
-192517605
505873764
-1975975165
-896827607
1973321262
-954380606
187955884
-404484094
-1260947978
-1011820973
2105664319
-1017368570
2144312853
145923646
295565360
-371402346
-2109711508
-1511089163
428536886
-824860109
1973872117
-1135756171
1272183358
2111513192
-1858249521
-849516340
50239906
99186664
661161882
1881951963
-1466146406
1632257522
456120580
-534482339
-1692551182
-1020274692
1939506852
780585511
1097787133
-2129835377
1428539910
246214065
1921226441
1271783024
-264921338
-193358124
411313555
-1970546176
-274558111
1135147989
-90991747
2005507301
-375620728
-1707194975
-1000606339
389401064
-1606213448
1348183642
-755326056
1512942368
735263814
1621546002
-1832610224
884946000
-1219013569
1446243285
-1813076133
1386104717
1605455152
604831980
615295381
1385635876
751486273
-15934368
-1592423370
1312950201
-2096657272
1227337917
-1555432121
1801107891
-520696165
765773335
1681801041
-2120214313
670351719
-730308015
1985947224
-1756947661
121105727
-1340247652
1247113223
1364594748
-1260232137
-1052593346
-760616148
317433146
-782209357
647458452
4203109
-1463333916
-740054214
-1723861927
-1899725285
731834182
2086825871
-1069912024
-1199173200
-2044206358
-1653537534
-2105487809
1812170740
1903695927
-808769021
-1455638139
-1242176804
365241875
-809911561
1966011854
1746600565
80682704
-85355442
79403612
-223533291
1353560132
-1861877291
253817000
-1147936044
-746247623
2075807560
360119138
2116955706
-1256519928
-790409685
-2022577737
-530803655
546822783
1693639897
-926811439
409839965
1497287435
1494547164
-1735420509
1526612545
-1094649581
-372877697
792369382
-1560142524
1263892641
75710370
-747624610
138474365
-47922873
-1891828788
-1894091679
1021256939
-333400000
1604482950
-1293790055
1615361009
1666234580
-1002852122
-1540188408
1078363136
-1289011455
722253673
-232166836
2004094869
858199
-360295162
1373917732
-438761114
-1770504413
-699943809
509047090
-2071257897
1019397071
209819897
-2086065406
49365427
562063496
233896655
370631242
1526748951
-579349727
-1807213150
956028787
884079025
564033847
-439716940
802777943
-1755969238
329558676
1517478518
-1045149108
-864907040
-1337106984
-60736417
177423201
854394840
1348707158
1271202814
2674663
-42787853
1306124859
860408914
-1585017038
-741835682
-792902667
-1235039655
514210465
520247119
-1318456879
1009019878
398415322
1947238125
-1257043738
141297591
-2045698214
1367304591
-310679503
1207499462
-734231252
-329416407
-756368127
1796458207
197272056
2011264514
-1975750251
-1686043022
-202078657
-2095675222
1453089282
781142442
1022317028
1118764843
1096776538
-1468190531
-886578707
-496223874
-1197168374
1819694981
1714722442
-57730752
424457348
-1858410928
733214039
-1111838555
-2137130211
-1620124685
1980574686
-471962452
-1210900937
-1463065307
1784133215
-27513196
-836628062
809358601
558902994
535955598
-423941057
-1750789364
-1457747924
-2026466893
-1508499738
563581425
-1056818719
-873331400
1859974537
1235821609
-1051385942
2106433759
-1859942759
357122407
957223304
611710640
-1600392024
-1345875596
1139046407
-1931205143
777987663
-560607169
-675913529
-1605554382
451565649
-1397006537
1790891831
-889858028
-77517312
-1226827811
-2049800796
-1608724052
-1539972129
966341524
-2099846542
-1206643045
-1185970040
-218342213
-802656856
1807594560
853565391
-332776195
1239990961
1466921769
-2070096856
-926737177
1249215072
1736708805
-1792697787
-1907529542
-137012940
-2112353185
-344069373
1304374914
-1929861667
-958721721
-2104428666
1658382694
796886014
1723775057
223869858
1494298178
-1785774284
-2065822077
1130664572
162925938
-547524009
-1618936055
329855345
1541553648
-1514711297
383370860
-2070680267
-1305385567
774900041
1716118787
590212415
-1795157269
-821509157
534725801
1630810468
1874410378
-325953500
932283823
977571266
1031558308
1073178344
1741858580
612630751
310663194
-1470948101
-1568309773
1339148305
1835617056
183531596
2074062908
-907225569
-623175153
1791645989
484714150
1814532136
-2129797767
-1843076176
-1484903964
-895486781
-1157833602
1604122044
1880399638
1672515943
-1205149603
-91048767
1869617026
1521543693
-1596215987
497055777
-1136285821
1365391123
-1574194035
153064368
1164163265
-774922909
1848136634
265340534
496847777
-315145004
-1420020384
-1797893709
-6071297
-1643908913
-630675758
-2004222942
-1228710630
1630863157
-931268803
1234797954
2105344207
-921898624
2014458875
1568165457
1129365002
1304224808
-816392668
-824363046
-78919047
-884631481
2061710699
-2031091598
1542290305
1143796607
-2079140826
-2043043842
-766688651
556866075
-1426859858
564095159
1160230917
487622516
-996980760
-35065807
-1007916300
-619657067
624547107
1573717144
2035115533
895728930
-2080023771
-478006723
2070716759
673546869
662196864
1536400720
483578503
-861180663
2052708649
-1149029393
-1541517131
-1317096421
718675786
-1345422241
873463635
1944302478
-2072490666
-495221864
-846760870
1920526350
-40618146
1369944070
-1067528763
-1148778120
-1287163485
1693088909
1512696386
-1622284423
1637784171
-50700338
-505153241
355462261
-253432552
186803112
-523135582
341338793
-219057547
-1443155711
-1165172428
731322259
-190422445
-1899850810
-1147907744
-1158850160
-1106474412
-1764181201
369894559
-906998841
-138555898
1335540295
-85085546
1257020485
-68217805
-2075784021
-908129398
-907564951
1033581942
101262225
-1767859437
-764707966
-564805615
841039628
1470480911
1707185078
207987966
-517597299
-2125947943
1998229797
875897411
-576185427
-1688706373
-1168166067
589659786
927876649
918890400
-146192209
-206935568
2129449004
908251406
992572595
343545884
1876837332
2028508498
-1968640056
1675388820
-948129042
-168729604
1478796751
771009099
355538436
823456397
-449751367
-1232673923
1886066586
-1325899666
-1666278034
-1116565825
238276531
-659511772
1221132528
1579828305
976368538
-339721278
464090048
-1760506186
-685752866
1570562718
-997005952
1394181510
488379037
662756935
336906969
-1215102590
825271301
857204918
-83640418
-958366231
-1926915304
-439009854
1465362225
-1068008695
694061230
582293977
169930533
2059171352
1619894976
1175611373
549247012
-751646140
-2038525469
2085935787
2072701203
186715912
-595455215
-1614093070
-1142689677
97290176
-1488227921
2001094018
1949644810
126056575
-1482875446
-1521935884
-1909928254
1029141536
-1724783964
-235098903
-1242690352
-1696204902
-433815185
1745515398
-716982760
-994122087
-1192250280
1090711071
1729584847
-555893431
-1875059258
277176369
-1281100190
1487113076
2119690211
1763087254
-13394794
-1341322034
646125658
969153267
-246995729
-1245613425
751688802
-208353420
690482262
4960834
1170067708
-1466022469
772728053
-275157539
38374264
-2019355115
-430572443
804768016
1050207804
-2053418002
550977547
-159924255
653710792
-1782710137
-1074830402
-316091784
-1029895692
1472709861
-456159571
-1120789961
264363900
-1365811444
1579455104
1958681613
-338336322
-1106825619
1155002556
1614212108
1046641857
-1855024228
1863406187
-695634376
1624592249
1269634885
1793414651
-2000158559
1236840008
-1723036576
1636357990
184236723
454036936
-60382813
1471026835
142241227
-510906937
-204630472
438525947
1043112718
1639230610
1790903728
220273551
1381356150
285280886
-144507082
1932486105
-1323339987
-545267325
1405672455
1684641633
137159965
1532188051
37128481
174612049
-142484537
1446379658
-105498566
511790684
1275679316
1856757470
-2045137933
-1718285606
627697897
1454833753
-1503030451
-594317513
-423302337
287310109
1227532379
-647014002
-1245515662
-1864462615
-431389127
1404173200
-1641405416
-1674674535
1847159356
-1200106070
-1889039212
-1029556749
316757098
1033879655
1177936556
-750031456
-1976157396
-2120833006
-1809723815
169840503
1813530178
1051778719
844405982
575485185
-357284618
1756112842
-1844722660
1653377593
1309266836
923001728
-1397438685
1489803411
768205848
-713885058
1158303756
1614528063
147365417
999649592
50893573
-943073874
2140719686
-1353333509
1398558380
-735653548
2123775038
-1041205419
-1991180895
1059639216
503836901
-551916620
-713552554
-609162359
-195439868
1602026316
-1400099288
-925479815
1106860945
897901374
112267443
93535151
1868529951
-609259274
-798940063
665338095
797289111
-397176620
828386116
-1591374883
-1834313432
983212813
1008908070
273362299
-98075268
-516474157
-964172835
24438256
761572395
-744084556
-859577630
-892433781
2097194356
749242687
-701551580
2044348422
-1825348566
2120973548
2056742938
1805796622
581117931
-256043459
-890476777
503539970
1719611032
1576761632
49592801
454511355
1527255296
1985875607
1616560003
-610300660
-1275808034
-653354086
790379617
-223008822
161355269
-108895685
1232326285
1478650382
499855577
-605966069
1123341145
-805916423
-929429503
659457212
-519597523
424614967
1553560410
-1765728249
394051738
473940616
-1712122322
1799077327
-1949518930
-478336388
-1966873947
-1971011194
1174917769
-232912003
-2118852485
1856571856
683875888
-456549614
-2033374478
-629257883
-1834687839
942074465
-1869522422
2021100091
165864742
950409206
940821232
-1986248989
1967432686
1107581378
417102771
-1399552461
1951496921
-1955060891
-1463390659
2126742820
981189010
1216539823
593217152
-2053965058
-1802029342
708467812
-1223092241
-358517838
-1241887421
-1850549441
-1131178449
1152826502
680471732
-1773022407
-1761272562
-277315849
-367886901
1919819530
1585202099
2131961306
-569683440
-905351697
2099113751
967405763
1491647879
1792384942
-1916201037
1621055915
-1972963954
-1234871081
-1840990597
-1912917812
-316208919
2140630859
-1121252086
-1201532209
-327056101
658546434
-1086014179
820190505
-1991402249
-1710221560
-1405525179
1662452930
-1612995467
652646087
-157112104
1884287703
1442510281
697889676
-1024851672
871353376
1154519985
781889091
1646822903
-2017901004
-658170610
2023072133
1573103401
223506220
-1490688586
-306181164
1090036155
-1938453625
-1233237880
672299557
-1707871756
1974955597
-647264576
898848414
1378956505
244887414
-989935477
218505119
-172806939
-1760992117
-790228259
-1549235450
1600839161
-1596113011
-1177663870
981997999
-39848815
1093154838
184384627
-107028679
-644092872
-2007358786
1413895018
1552843279
1627171133
980540096
711590584
-1396918362
-2111145561
1795613148
1527268950
-1492860669
-260525723
-479028610
1201240121
476425088
-919120439
-229605345
635464425
-2058528306
2087685175
-182517270
