-1038457505
-2080198663
77838612
1398371048
-1583774996
609567854
-1916952273
-1823460814
875490214
1205311761
-450414898
790088221
1550220961
-1952382511
781142301
-706444698
-134188805
1048042914
-1315945684
1482442658
1582218780
-1742242963
1038475214
558046030
1489164351
203086408
-1477462077
-973737692
-343450318
1743173863
-1437856231
1294306736
-545664167
-1440700335
-265781554
1195915809
-241913096
-108522026
-174296134
340943204
-2045100112
1801551935
-1841593429
1387489902
869594698
1496534087
-1806950447
-1516936231
-439709005
-1793659830
-1561250980
-919382862
1812656711
2143833916
1633392995
1694713488
1595168337
-1211577637
1594002695
-1582408471
953862866
478803240
-13600808
1034063264
-2095532671
921182483
254001783
-2085695775
1080742163
-1199345036
64588667
215207473
354031804
-654197438
-1181587304
-696220480
-1046845452
-2110610434
1568642558
-1038926591
-739454338
-843929232
-670484482
-1360208516
-360646491
-1757337195
1912902387
-957510430
-618603576
1372089815
-2093261473
1393492833
-1356400871
-782872450
454266964
608312633
-738811743
-46718106
-952542700
-1057324401
-2018838905
-229913102
-970778885
-1557366655
1584454800
-774941120
509703325
-1037160582
1900334569
-1957738083
-1372839125
-651222330
320177956
1423816763
1656600858
-1693622936
-908538752
565884961
1528278277
-1468418005
1043320941
1495180130
-537818670
1389978870
571276878
-475167343
1361363220
1046764388
-39506560
-1582338957
-1843871824
-437945708
-300777318
-1246720010
550054082
58356797
-1162906378
837256546
138042049
1895748868
294970992
-2115046962
-707878176
1101970961
286133101
-247238700
-751779145
-1975311393
-1618891490
2026740872
447654946
2123540051
360718342
1170964389
-467036311
-1998629360
-895893319
1642840841
1131337632
-1465189623
-1785071387
1788898659
-1071705775
1919987798
-268496746
869667882
-645941417
1077668171
1531400117
-1818773296
-135466484
-1576913977
-651152431
-403258057
811619494
-1792652343
-1232290271
1645337443
-421329698
31478856
-819716663
-410227599
17316050
212879683
-1873135012
-898348344
1408708395
-558039275
-596122974
2108795789
140117378
592659214
293643162
1290881884
871960831
-270667456
-1461679167
1908386356
723557699
-2014768234
2031902356
1334284978
1969829255
760176169
-1403847596
1284857985
-1336353787
1053990102
369558025
2053356048
1893061526
1918166539
345236936
-762465914
-1194729572
888252129
1998721847
856522994
1390353953
-1215112080
-1675506607
-349284921
959307840
193990237
-829631898
-1240801402
-1757076285
-441852233
-1112859803
-2032560708
1651349773
797852419
873928541
-639440593
1990280250
-566314347
595741249
302830676
-1850720124
2138248737
-343720469
967474947
-89315608
1588110480
-289271709
-1393170067
-1740500728
-583608041
325657184
1619317325
1194939731
-859849082
1981000206
-1385608099
1771266402
165923805
701246993
-1832798453
-2009770331
-746197467
1749626057
-394064276
64113982
308665212
-1548323881
-58472848
-546610900
-224132240
-750916640
-528702121
-1243550292
1713614992
1835719824
1628983651
-1630430501
-923455680
1806626017
981566927
-1146478177
1765477837
-1996463203
-513072385
378726856
-275068479
-1761776607
-812872200
-2011765135
-176521609
695755619
322966289
1076974764
-1336776463
604860725
1117274091
-98156451
-965585688
-1734217270
1847355549
-1704725658
-1089976540
1420981113
1168886836
686404356
1043790094
-295940927
101321818
-1684902024
1675622786
-715387252
-1634800556
1751665129
1236174570
537548472
-1482781903
990909576
808285831
-2064333102
-1959883456
-1482018571
1820572946
927540004
-1410340670
863531233
1847094403
2066013681
1560037856
1315888371
639122223
-1891921154
1180778974
-892369425
-136058856
-1888798892
30586257
1330627605
-233828224
-805502652
-1586413810
524781766
152324799
-1078047573
-1205307741
961652333
542153302
851831
-621521141
835596956
-387083965
967258729
1536962780
-1306106251
-1584614762
1808146972
-748363452
700686667
50588227
1963502661
-1910292492
-392072824
-1363661254
1395776827
-818743205
-1753430064
534289589
-1006349894
-2124070377
1025554534
-486757424
1187737827
473836712
-848073009
-188924322
-139476346
1259237990
-1813235788
-116805127
-603724380
1222837940
-1035614964
796342874
1032579887
2116211574
-2083647366
-572908053
-359065325
-45721152
1340571635
2002626458
636508537
983312847
-647679837
877191664
-737027511
851994172
245795857
-1695846559
-673406735
64800366
-1242264704
-1240525851
1861293669
1489620048
2095402392
1174389703
-756953242
1975591235
-424615355
403000252
259134725
-248754602
-1632866081
709289526
1142288746
1599751092
-271639413
952259066
-807418671
1379492701
-1032434976
2021998064
-549214507
-509934824
-1395314483
1777409593
-1428613135
-2032625240
-1563047495
-423707002
1640482626
-276690115
1441766635
-1778899545
840200337
-1187002067
-1361382101
1148493410
1624184465
-192235293
810380969
-590612090
-1401676444
797382167
-581501154
-881631938
-924448413
1970193471
767876145
67581354
780002846
-1530215611
291628059
-253027669
-2129880671
914537337
1178758285
-1079918850
-796416007
-1262168888
-1060922416
2009873548
-138401034
-768127698
1673834542
1776374271
2116747825
587760233
1059248528
-358455912
-55738544
-1316396306
1340508520
979198271
-86895992
38369824
-887399216
1885846491
771537763
124455871
809108723
1831879651
-1620098621
593031838
1016975788
621444917
1818852134
-949012840
-990526868
347059238
95559722
-1094545980
-29671073
-1147211815
1033434707
-1891484441
-877204271
-2126078508
1296781836
-13432022
-851569970
897025232
-1067436821
565787916
-1638284535
1145715920
-401503175
-300758375
-1766679810
-425889164
-622046288
1635927260
1680519258
-739996786
-501636986
1191059089
-1446953574
-714899211
-1761683286
-1329640418
-235801359
-1083309671
1796446797
-502960444
1643912558
-1072876841
883955619
974520081
-1013195170
886088206
-25236758
-1210111335
1585601774
-1195099278
1483318955
-285320987
1350537237
1355700768
-393763265
-25850966
1427828400
1431717233
-586489196
-161870275
1501977582
1430564754
228511536
2138712134
-1834420755
-445314732
1063879542
-576796749
-1229608283
1774698304
-887114712
367613424
1151055620
-9260050
1285570861
505228372
-1747094437
-64058474
2140429203
849828830
-1187244040
-122381081
-1193441322
1865333792
577587475
803904279
-915734430
1671525754
-554061587
-1940501190
-2002502570
-313230709
-726537930
205842135
-751919478
471639269
1830382766
129422776
-1028615981
1435527423
486370831
1121589506
345280389
1746687343
1248311594
-773163644
-1259149000
1938018648
561775184
2029001555
-940493105
-938815968
-120567821
139104406
861065141
1746690150
-877188468
-142674531
-203047318
755856435
117268158
933099064
-1691616963
-1646653329
-922116678
-2029585338
1364779866
-240198251
-882853915
-292325492
314006023
385344426
1468378552
93212359
-2045980118
-1245138070
-163056920
59297283
1876052494
1090612932
1695563718
-161503699
610538342
936862857
-622947097
-321400345
1842723217
-1600179361
-1129163513
-463178853
-1591244769
-1591629829
-1455449814
2015625426
1584362899
2007222926
-1134353661
-248230202
-127961494
1029558144
905482650
-2107485131
1303346268
-22814885
1405926440
1412674679
177317345
1103030793
1436571461
261449683
-1514446346
-358418110
-624080828
-564390643
-738816992
445888063
1164135133
1182265411
-1160133455
-1096870221
-1531523827
-796445960
2138540361
-1310628613
329721146
1636794737
1288163743
-670754925
328173209
1935135039
-7850879
1151609804
2116573139
-1671322339
-158672616
1012398011
1423232998
-384192005
1194113137
-1482709132
1160969545
-2134556326
-1171262664
-309012104
-545088685
-1556945702
1975467973
1340673643
-2049353251
-1115009264
1378595932
-232923126
1096907557
-1107270243
1212576176
244659035
1196026869
-588128133
-1236536919
1278597669
-941803004
1194855066
-345047449
842291106
161942683
-961513557
1315804549
-732513166
384172923
472499002
-646300767
-1408905773
-821944323
-160125694
-1586985956
1223486479
-828498821
-1636161924
-944516834
-368219083
-916695570
-1255397959
-354185252
-314484469
-153736232
-147828367
-952077027
1383386946
-1831929244
1887492699
-419267079
-1063491349
93983434
19994046
-1520977693
-1344115670
-1757587976
-2125943481
1327504106
-1377062616
-61844114
1031895069
1195042107
1773171533
556932713
1323389234
-150577430
326402479
1160647491
1693089500
914024177
372081349
1305114393
-1028489309
911647352
-1453506721
-1325297746
1138249820
-765506730
-799987494
97550734
1817214838
1309926103
488083086
865421942
-1903255149
-1551872833
-1114753397
-60326413
-1946616998
-964618609
-1359655547
-1020417976
1158444171
518385414
1538056716
-1645511788
1986275411
1439011306
-1099800833
232991540
255403744
-1103221753
-2116634302
-874079899
1780759608
-1140229256
2029864110
-1915012306
-1288384442
-1292095452
2067686473
1027462780
-66243530
637292683
-834106954
-475955570
1759899905
-1569544510
1158494191
1542943379
-1252070581
318208444
1684995376
1143194256
1461612652
-918874422
-998205386
-2076385657
1537966283
1882124132
-2055947095
907178965
-135140493
-1669574871
-1117705515
-1703265061
-1615589665
-1767772636
-420540768
-794319135
2065126168
2145510224
1815992760
146633270
-1649037055
498973533
-1143141109
739684507
2121259761
1867954100
-350968452
1438041568
-1360995710
14973369
-1208279085
-1171894577
-1643300952
-1949000113
-229423116
-1308814775
-1997210363
1783238048
-1961146541
-877174609
1850813818
1390084893
458860199
175605123
-1908769023
-1848045116
-498321699
-1640353970
1811967673
-396449632
-2065164977
1762587075
2102723138
-2095981674
735657781
-363575772
1331874378
1128559709
-1658623909
-1358385692
1705507432
1226149838
846006548
322493325
-120935896
1018776413
-535242898
-22215197
-498625690
-196131097
585179046
-998913719
-568466977
2063138477
-1930711074
2082159460
581953540
695026080
-1216066804
37164286
2050608401
-262780962
-1357457611
1735202348
901548126
1838951804
316783323
1849886897
-1068712459
798348677
1550589364
-192150363
1620725860
808876355
1263730844
-902767791
-25248813
653158332
-1279565621
-1353069475
145591896
-1504069249
-941172150
-1919162068
-326921847
-348128096
-78938718
-1391539577
-593069742
-384557824
1449577687
-1118471048
-605017079
492047569
965677972
1173341304
1983772607
1796993368
1367707303
248980940
560810201
456710133
-977332562
-1799534549
-1554729506
-951896224
1166033426
-914905948
-685673327
-1609973452
-1723518412
-2088854338
-496071614
488196017
1086095334
-987471904
166484320
-1397310531
-1642071267
-1081457933
1673803347
-1385396436
1697460708
1554083397
1011703176
-1801664704
-777325934
-1997666896
224745676
748563315
1585986879
663891706
-351301154
-788431757
-697018253
-208102785
-1775970242
1291456365
412548384
-691244531
1762979915
-826037874
2064305618
-622407154
-934707316
1468307398
1881902372
-1682427668
-119870899
1104346830
-823343243
2054576304
1648162414
1173399404
-1601903652
431871724
-2087565450
-1438594315
-1711026088
1499465435
-659355666
-1263557613
-567558837
-16442938
-1360768020
-1627666488
1851104297
-147078744
1929591021
810388146
-409840276
134636053
1539268328
579401360
383052235
1955588951
-676417889
-712305660
1392571050
1605419993
-909866697
-1102345062
-646171181
1116627912
608986379
-135796472
144261222
69633782
-1271864388
1630400439
-568574706
-1069475582
425047436
-2037454974
-1501922955
374489014
-1101275668
113099453
243814137
-1920456785
-1215484590
869693048
-2075106657
-1059686589
1864696912
-66256381
-267751353
1183550366
-369511454
-137958731
-1428744927
-1323703250
-873787641
803876841
1229540703
1283612737
2091909522
1649998665
1528666412
-210619669
1558593601
1547800910
-485884708
988918061
-1377540594
1449018886
-1332653980
1638882898
100668101
-21399016
1433899531
-1429939556
469688022
843441157
-2145636255
-1182164960
-1467860884
115059120
-1629847696
-287213074
-1330938435
539954720
-706753231
-558644876
-214505309
-664946813
870959425
-2011632093
1847664491
1123799413
1515664340
-1030458542
534019821
-1067806846
1428162537
681142371
-1323798052
-1168780311
1995019455
-370698461
-1647416993
1150221986
-1212269945
1094749302
-1892857120
64432290
1228389978
-1899327693
-739940573
-1007988899
-60397203
1030857036
1990479513
331953292
1403938690
-336269518
856758005
-1207175632
7870625
-1001303689
432989695
-1674861866
1629964807
1411368116
-828582487
-2023010789
-761755041
-1870070868
-41450145
1559587186
1084427567
1457352625
-1903039325
1079928100
-166669932
-1309437114
-1216331048
79814040
-714735566
1516505861
-624357283
-986785580
-1410616219
1456869571
106806493
492558403
1996596411
-1072929551
1312632548
-370949448
738025126
-1937411515
1926779062
-1143412046
-1005254291
-544766056
-1686532516
-997477151
322888804
-1046721519
375234814
808887017
-640813988
-485699197
1279081336
-115751323
-802712484
908192019
2028760102
-1129586642
1500831120
-721248738
1873659906
438808540
-2131879295
-263914663
891597553
1897936780
-997344890
-35422663
-1682744999
1345255395
-1965329798
1049353364
918957814
-1552193453
2136445870
123863175
-547879186
1493905308
756656673
1251761818
-183035614
566157462
951384302
940378658
1698990278
-1713946836
1957196805
-1040372762
-1228749
656101803
-1916325347
-2131312891
-1900792325
1836565052
1113688553
611498006
-1823248578
1366578351
2126925449
85981841
1081758523
308573305
-2026447037
-640040852
-1425726423
1359224575
-1310720398
950687753
-185421497
-1702711787
1981064126
-878617522
1010472497
-804174144
-1876476532
-1273836779
-419980427
136507459
772871608
-532243001
-780202906
485005145
-2175615
1576454211
1396119087
1400078782
1255417028
1634976259
-1047821270
1955395060
-559382419
-1675231871
1585540466
1811553091
-597629910
128250327
-1621121098
1758418432
1701008224
-754804059
-1460989104
1776722962
-2102735518
544510518
1326650517
-1061110351
1321359584
-1737348635
-153366930
189857393
-861875555
116466877
1612247591
1588615807
-253332636
-1511983009
-1570424697
1236526121
-2053619396
-274810840
-353380320
724018595
2038751194
-1021702510
-1199928089
1278661383
1329689686
-603592486
897058054
-1063872355
593793057
-1711949597
-1092368656
999885148
-1047505097
1676833114
-831920970
-1750994511
-1958980208
-1591697382
554045593
-2066771330
1296218075
-456963376
-1515788577
-1069184924
1094441838
310211042
719028457
-408394939
1223584119
-1855038068
-463559291
-935546364
1405710711
803412300
1253321345
1191478926
-473876751
-803618432
-314418304
1264760350
-683760034
-281442484
194673168
-1870964292
878486883
1282182849
-96425222
-822258938
1571664453
-2059990213
-613096228
964221234
1031243420
670645770
1115927541
-182234542
-386289338
742406995
960423744
-1071055654
-1926276194
-1134323400
1890286275
-911135393
550219246
-215192266
1492341544
1455563937
255035169
1965308879
1988009612
-427966005
2100198332
1441840744
-1543377258
1610650872
-986427377
1628152691
2022399947
1891702265
-1512349273
-529290032
-1100324319
-1411054763
1547678726
1038536816
-1586301231
2111778192
2105644181
571162427
-506038415
1946694320
16124377
-353929676
702102081
1107881468
798130661
-966279719
1900914628
-283795450
1740665871
1622260687
-952986222
-2023419156
509405670
-1091765570
-1587807636
-213958950
-1183636637
-2010018694
15355793
1353921234
-1098855843
96217698
-238668977
-2017704529
-133863102
-1952876531
-1600446244
916116326
1141250307
-1443869662
-14331546
1973750415
2051643984
-2027084922
-1890313625
51940899
-2069869051
-2100354371
-469541570
-524423289
1355727075
-776386167
-148644869
1253786825
-1712800125
502316247
-95189126
-1325179096
-1051320442
1859865307
1835276978
1201890777
-1650866415
983534969
1331664718
503896328
-1987673224
-1619374362
1065318269
108413212
1360315960
1794315407
-2054903546
-42136001
1153918763
-283904967
-1188321890
163015709
-1598232842
1097275241
811154557
-1905979925
611181765
-1900113659
1615978798
-465946966
-1158628550
-940480198
-250178650
1524662700
614824098
1224934304
-1340099176
-274911401
-508778903
-606583908
-1168154361
1921579560
197039055
-605023482
-772140004
805419002
891295708
1875586827
-1413626311
-1346483320
-858980719
285826899
810334797
-1435391440
1958712671
-1543472283
-428694934
-227411463
1505757917
2096357962
-2073040748
-274396201
463312308
442058864
-1771032358
994293293
-1939958051
1795293137
773744810
1629082514
1276390158
-355590572
731510625
1510009303
-1865359503
453060211
943055906
-1028670135
-1240892009
581309981
1755579624
1926845491
664937131
569049053
1807452893
-12964186
39392746
-952462790
2116780011
-170215813
677646930
1885090145
928975251
-1564857448
1428944793
-347502847
-505248514
-997879693
-379709856
1005759606
-17444783
1899125460
675908520
-2078780631
-219589307
697101534
-1812832380
-889876683
-1683445515
-1387849137
363551504
1374234702
-978397958
-149733882
-123549279
-337079074
1926077876
370975685
702388541
1568998256
-1561175574
-1745466824
685739597
-1259530671
-1901580395
1613054262
-50954607
1121727860
-557790728
553396293
-133576877
17996438
-1853235980
-254701213
539914975
-1090552926
-1383659111
1995656195
-2007776975
66647893
822933504
-246096811
1700988912
-1108105179
-2037138857
1863819978
862526875
912654686
610520380
1626306519
621724673
1931598478
1956792655
1733214200
1913177590
-793719517
368450050
-1418642441
-293618621
-580499374
1850297778
873273709
-520442402
35946297
902222587
1827014537
-44630182
1979684167
1902524231
1777751056
621503904
381463771
2136750760
2006865060
1721421791
-1344226261
-1512026905
-108355512
989297856
-958575513
-1557903395
-435823326
786804446
1529317149
1029503744
-881645949
-1284459403
-18336290
-930128832
-33927388
1652307545
-155609054
515863059
-1941994574
1990656552
-2033044632
190532302
-275508851
-682376254
2018116001
-1383230153
514217419
-302030343
337224142
-1412911529
93526146
2018767493
424242919
647248019
1000003654
-572360390
2059444479
1723109373
-1310602768
-665000324
1166204068
476360679
-1614180191
-858978062
-466824053
1339055545
-52432378
1390175865
-563682963
-1752847100
-967963940
-1878249381
755938347
-713936682
1114097590
788252352
-1538816456
1064398415
-1733057026
2043641700
-843944905
1253532788
-742457031
296788873
-1123635486
-1162134205
-1399623538
-1350903505
-94613970
1911782406
166066312
-1975882878
-34008404
636894444
-1621027558
1650599572
-74264270
111499732
-1879646237
-1411990964
-721435462
439847020
-516368716
5822621
410526345
862766458
830932558
1991672570
1796885651
1028497785
-943678097
-188794104
-812300771
901399143
1161571343
1232997013
-520925532
-1090048291
309203686
1039636168
-2068265219
775108191
-536352974
-1277578598
1412023485
2015562485
566480566
-294837116
1019934682
1107582970
1505433605
-906914951
-1302804846
-1732009421
56070912
-1416179945
2058994571
-1097032413
1340304796
-2017073384
1025499707
-176184932
481532136
1621083662
-757199479
-427163239
1076165198
-356629681
145622196
191493451
-1352340200
-1516249043
1417454196
1802714481
125950006
653632618
-1399786914
-995420436
-1463231427
-812790294
2068101260
1583829906
272752051
-988985430
-724873348
-528110526
812347273
945101808
-185728968
-1929535433
-1133747736
-2070915644
1601386679
-1562348127
805894448
297403806
693650563
-687853711
-1492774595
-1775084192
962292635
414157940
-1601916693
16062342
500079514
94004131
-1434136100
544382363
982056727
-807997000
-1083809672
-735010322
-28301489
306572292
925612084
141435014
-646468607
1516268671
1890656279
-565052590
1375757721
-1729098976
1749093242
-1477794396
-1435589232
1444853871
-115006705
-390556960
-1574891246
1712401752
1934645795
1894014064
1181221344
-82312127
-314665945
903664378
624398711
-1364144291
-2132107668
2116579029
1665970802
1683079234
-1450999251
-1023880264
-767558612
-2054179655
-1164545326
-1211737164
-1652093783
-539509548
-386737037
-769335965
437232821
-1913491898
1575114394
-2124275359
-1322393011
-1810327314
380010316
-913196293
1732853054
-1043976012
-255131062
-542033882
-1488311796
-1309572968
-939896684
-1614095181
1870956309
1578760968
1206373422
-1582539585
-906414092
1006844785
1690987557
1613384303
1384878890
-1373237993
-351331116
1631595229
141395451
623545129
1671061603
-840407475
2127532693
2052828687
-1989872752
512133027
-770700169
691395079
-1481147727
-814645479
1417099024
1446462191
-1710916871
-808264660
1447307942
1278359907
2141725690
384512727
-1968659591
-456215286
-88232598
-2145705981
-2070929624
1575596077
2054835497
1880334653
1827728466
1901471881
1518602626
2089268137
522981504
946657637
-893195344
920940086
552282177
-434830619
-2120001884
-1590424814
-1338399338
-1312697696
912295429
-1113353120
1183387792
1099252081
365525368
208283688
942026295
1645378186
-1571631071
-733214833
1872703918
647438286
1282168936
1591928135
-101098604
1895038814
574183423
913844040
496413612
173215348
439799844
919932863
-527267649
-1784562320
323699235
1614283079
778470080
-833357520
-764430305
-1025682858
-1776905423
1464167844
853153296
763192313
-466190395
1288953248
-712182001
554233795
-1928314041
1671865331
-793666863
-1291337470
-45244230
2017767865
-496720016
-1114813132
-385530688
-2082759187
904315761
-218505287
-1540482753
900700738
-642888702
200690889
1786883905
1339384114
417835907
1786994599
1510007579
106197334
1204163655
-992643050
1088167633
1122052600
2145297307
-112719092
1605557944
-364667674
-723242746
1228667557
-365667235
1014573449
-1027977774
1315895642
-1939504219
-1561578187
-801490741
-326538126
409900597
-906062655
1986841158
-628915784
-233496301
-1579648166
1722326116
-1403425683
-399693683
-818478444
-348916841
1083309440
731295321
2098372545
-1174525083
1301940988
-1794443779
1151801990
-1879266452
1680497345
-1320211599
-1209280342
-101472091
-317389706
1016614914
-870018255
-46975252
2100461245
474386808
203409577
-732598593
-789197911
802975610
-851869501
-1584223419
229800044
-780643535
613299492
235742354
-1340709804
-916619988
-1540164739
197487145
822379256
696479107
-402322216
-620920382
-1289941586
-1141822914
804578869
-1813467572
2131941439
-887355401
131382869
-1763564748
716487901
1423431869
-1276281644
-1203427353
-1450355884
-1730108101
-2094473603
-710578282
1433036672
971265049
-1799253287
-657544904
205579007
1165288353
895426313
1574865877
-1762058714
-1028515419
-275998251
490529536
-1527067592
1526975904
1389794564
-2073469020
839841493
707539227
1825425389
969879811
1252113583
1166785106
-319729842
-1941263876
-321599612
2078709015
-111372709
1997371020
-2039567033
-1181368843
859979034
575808918
130199712
1326197655
1090424813
-652735770
628069527
-1556436373
757163120
-936592013
-1786022005
383995521
-545755259
-2091338268
1941825896
-1550344263
337668268
114872661
-1842826984
254469149
1043631767
2108079194
370341178
85208203
1293508861
-1934718397
240237585
-1865283689
-36133970
-802161503
-1583089986
-115605841
986840807
-277987575
1676118961
-372489857
-1671114521
-2085020905
1701844061
-466738283
-898825023
-1492719435
-1356905942
-1459335096
-1045036428
1946599069
1399463600
2003032278
-1490809800
-100227301
-1217029343
-1381007156
1032166682
176282903
-1691868411
1490087082
2013502666
15160658
179643949
797152966
1262517427
-412542992
1392692705
643804784
1738773068
-1716965835
1268339035
1670464854
558842541
941697171
2144247161
-1324716246
2065027941
560824548
-1663548499
1472542593
715781258
-109683469
-426187721
1754567166
-360359920
235107648
-1600288874
491890863
-1966020002
-1394531324
1460837179
304426166
-1019248610
228122738
-1145076352
1619168555
-1249571500
404728383
-2003630889
241514561
-1742620238
654387556
725208646
448678567
-187079127
2125891106
920395538
-1509732048
-358254653
1900297542
28718522
565510325
-1317536849
1697281198
-418716122
230623289
1141143709
1567069195
1378794784
-184524465
842269004
1443177959
-1604491517
358466232
-1422959520
967001321
-1544401487
1370888527
1363367288
1358371160
-273112630
-1087689943
1099991936
-1988810019
1268138778
-1045509896
1454985283
-2069329268
-1072153518
1340551599
1440050499
172235045
1805567482
-1836872597
-1055071796
-1274319466
-313391962
-1052533615
691531334
-1065017404
786953831
1585714227
1177813195
809532298
-103332988
-481089353
-117287175
898949121
1176102506
-1742254662
-1084331768
-1604235519
-77734176
-477349327
-1689816546
582414568
-793680770
1454939089
102345185
-389967719
-1516549025
1648434352
587793230
569201607
-1587046891
-113008852
-24607544
1668887411
1434145757
-1179659253
-1924756108
-1583744846
1023566355
318803684
790076355
1145684404
578593255
-1676968772
1840146767
1142706945
165129041
2059608307
1301901291
1915795716
1193093698
-1205781407
-286577675
148700621
-443720933
1160643259
460566509
1496905490
-1535092126
-1501904325
1070030155
410611830
-1109378126
-408100480
-1011362164
