845648468
-37575404
-1580833726
1355484315
2103172733
1115852361
1308736706
-1708921288
891963539
-2077307946
2044016701
-1253733544
-1362020673
2000453725
-479736506
1757997396
-874841308
-373036443
1091835748
1845266402
1086992231
-276040812
-2131949511
951723362
-1896758159
-505217251
1819936485
1524888696
-1688745357
965847926
957030828
-1744365862
414070058
348879694
535573973
657092970
962404452
-523462210
1288188373
-1850856058
1951291586
236137918
-1577331283
-1215202401
-1142805314
-1844055846
78222735
951675656
-965621265
-650052316
-78216505
1630333712
-482104693
2065499756
1945263832
-1729672878
35313454
-1072401746
-273990427
-1339834038
-959315751
-947059253
772756819
1947857196
-1174423748
-985394052
-1274679381
525092848
1672560439
2034659971
1347585732
554090673
-1575105122
1169985570
-2065462496
-1564639433
604777020
1549171409
-1537185898
887103954
566296346
-1582648022
-2071942095
1353702505
1340889089
-2104092121
166757208
1593028817
1785796156
-304463984
405067054
-985180061
1900633249
-2045047890
-926696133
41333448
-461948974
1966305860
1366046283
388025878
-1792997696
-857436993
-437116778
-1476731872
1710057328
1096909228
-825096671
1404872969
-72700927
728625001
435306851
1430611738
-1786110995
-118764001
-453154262
-2078219307
972522895
-1894712081
-1896076097
931297866
244966372
541847147
-795676856
726423208
127016085
-865982393
564783469
-787554538
1473845812
852134479
646746686
156587459
-219232570
1223725211
2012710996
156371003
-2095076735
388826370
-1218815947
-1353867268
-4246826
-82586676
-452672259
308439113
1477502385
729675690
-1622313159
423992637
-1032125186
632402154
-1170590186
359536674
1078027887
-2105902106
1292897978
352906499
-458259588
1227193021
1488195057
-64893569
-947583573
-194099643
-584355828
-1251064609
501764881
-38577600
269773573
2055741803
1733746455
1418236109
1205794535
1934925560
-1790753919
-818847456
-1709229972
-1306843451
-2138217044
1928582517
-2067172889
-425215864
1342254102
-1127191487
-859726236
1677873347
-624130013
-1824892758
-165209331
856023131
-911878114
-1288776135
-295238962
-1380538006
-1117264515
-1514044466
598089788
1558254931
309920616
840890835
-222455374
-1199089641
-1180233348
-496627788
185842621
-1120570138
-646289717
1389069454
-934509127
-1715963911
-1969362649
1501757222
325311675
-1288767074
-1759849312
-1910269668
-914519887
-566870380
51050314
-1343395489
-53125176
-2074572392
-1504942781
-155663901
1442595853
-501845441
-571610893
-2119232367
-13314218
355357958
2042344341
343454591
-1819473565
560083111
1791496694
-695607199
-1518345153
-986872659
1128540541
871161662
1472019180
618792266
2058944875
-1433534362
-596959682
1119565928
1408326754
-974531166
1175403527
-1964617731
-1477892565
-867367251
395086964
-1669540445
857700787
1608022243
1082388918
-247071897
217350998
963886648
1730981348
788243936
-343096481
134414187
1654903583
856523651
-968395569
-1311451782
-687861258
1320011062
1433279581
-1131428264
-513177076
-2120725470
597656510
1882085597
1951105272
-1212260148
886613286
-1894517763
1420829548
1577994087
1143098125
-684458692
-399199080
-567327389
-602773450
1105717857
554094544
1568664649
-205755412
1755855465
-1455316885
841858506
-1583606130
262638014
-217304082
-283476716
79336014
-1953614424
1699236458
1303691623
-502934475
680018691
2142456098
288267752
214862185
2109635634
1800483696
-908692811
1977685170
2087647827
118738408
-16565448
1626497082
1281920436
-1959899203
726068672
2086766484
-1678788220
1772635747
1722728525
1742446079
-699713843
382242678
-285055317
461313258
-710856031
-98857766
-1552900671
-554662213
-1448232045
1868953378
1093179434
1588259275
946737769
-1744309707
-834330620
2045865909
123982351
-815118290
1365737992
-1385589552
-825351475
172617348
867014107
1506288633
1936092348
-816563862
-1987086429
1801728661
974208373
29909368
-488192292
858740949
46880012
2063155083
606764651
868395580
-802812356
-1479253272
-1744324110
-1574686114
103126499
-1438521945
-1036977050
-908002839
-2121882192
495100750
935513055
324261865
-963070438
-1226263108
-1472874833
1236374343
406117267
-610247608
1891833269
-520677230
-886521091
-1761758935
1017323506
1516161025
-739212963
1965412631
-606067876
-1127342152
-2096026931
-634365646
971241202
637355594
51471543
-666345693
564263440
1160657279
1093429055
102909824
-930007804
-1587436202
-89185791
-863101324
1087336160
-1353472180
733378556
1413764767
1593789585
1063977438
-1140799795
377819707
251710768
-982940595
586427679
-503293313
-725305448
-2091603296
-1474411423
1543498055
1903217976
318355951
-1467399750
-97425164
-1844193751
98622685
-561139143
-1644540271
-1719281022
-21560218
-2138618287
1026339382
604118251
1768853722
1179017348
-544814671
-976377232
-1127020760
478108509
316467554
-938044521
1766610527
-871122270
1533554533
-1520098637
2035446130
-534725686
11681014
-1296456838
-1462091461
344062380
2084086289
-2130276395
-703515966
-164751495
862510937
-312461833
659350974
-1161910548
-1522523590
-1170723919
-597115045
-1143751233
-890757295
-1433656573
1159947581
957804128
-1134776566
106230773
-827693884
-1079470108
1018957962
-688132185
413305489
-1023557316
1335752400
141152423
-639652279
-253496411
1877722134
-2136744830
1726412440
-1413232539
594974588
-1843328355
-2071799432
-493740621
187568360
1699365957
-144679757
1886070518
-257626329
-516550141
-618571098
-170800078
-859902888
-1679734220
533188423
507579583
456490121
-1540647719
-937791128
-714843845
-1453895006
-721954644
1457724476
-1691936575
910217089
1849550195
-1209283302
-333787814
-569786522
534507415
1420245377
1203145651
977734033
-2016694025
-1480703653
1726593552
386217513
2068333305
-963919483
-1901639040
1850404448
-1246820894
2394767
-491920302
1266735827
-1179178649
-417235008
941928647
638485558
-1488934268
708715100
485211912
-179168720
1790237323
1480461608
-1023790246
-1575795581
939508607
-1582291923
-569133681
-655400337
-1949631070
2001632444
-1732128065
-1874863016
-1760048564
1646674354
-619362760
-1461621850
-1126201347
61020157
-1384227406
-431129364
-1270950987
-213006498
2068507846
1843728459
-1793004669
1455827824
-28605535
291421208
111552092
41726184
1191763188
-1019234884
2128188718
-1624251619
1846392622
-1067318052
-537452237
1836502475
1113099501
-1526184775
834976650
-2048313581
-1303650127
-517892136
43414018
-570231355
-1632956462
-999902747
2092858681
1743775714
1570562228
-1037886509
531078117
-1706930853
-41140168
336336456
-1863757967
-731018465
-1739398539
-1380401608
915066315
-100951468
-174015833
-2056955953
1772272764
1360242659
-1018266009
-1125784684
-1932588808
88909882
-1434933220
-1119198773
1038185015
2117002060
337882289
318335002
450008963
494124252
251746439
-584323730
550936723
-1807532805
888833965
754937887
-695479591
883104975
-643846834
1543625297
418162712
-582788203
366337642
1919731869
993278520
101752808
1211978697
1350309617
-42133411
1001711939
1747556139
-1096427596
-909125323
-206350909
-1848455228
2084051245
1557659281
173277233
-1326784026
759373093
63634999
-1419691456
1245206016
-570628406
-2055830539
-1626888430
2021931718
221594325
-1909964551
2034170368
206010033
-1891652113
-1905075104
-2076615270
-480822102
-2127905456
-1057433332
968083180
1972869121
930278825
-459307846
199342339
-390708317
-36111292
-468106158
827538607
-564182900
1843539560
1926746497
937169033
1904205690
-1995756799
-1083425404
-1385212617
1061433826
-115586432
-178008761
324221422
-490334681
1452835072
-233962834
876899640
1713656585
-114407766
1770612529
-2124851721
-64260517
581182041
-1187386450
938563753
-232690951
-1338983808
-744164998
888974572
2095053303
1925746763
1826377912
-1280473276
-1904628963
-890648316
-949817362
-9725156
-1251493741
-1173313096
-49626924
-688965366
-1963521576
-1048205031
922039919
-520516265
127232504
903887782
685541471
-428621123
1073704190
648527368
257775476
1377242482
1499642022
1009656255
-60979322
-950279579
-1550867369
-2125053955
287728261
160358087
-1433377713
-1649281326
1620400334
1020142540
329987103
-1669172088
640152256
496642738
1345860698
-1327016624
769443727
-1127131902
-1576341623
221214493
774671703
-1113735915
-725960095
-1794594865
1039898228
-447673639
471098167
242848148
-577417200
-358461228
498263219
1046710667
1892193788
108934505
-1587277884
-1191172951
-766185533
-2066092966
1155096787
-408373536
1933970172
-335690610
-629902278
158605437
1960576736
-1127985645
-2080256521
-1776710191
1584686363
177691749
-936646500
541920531
-1815039002
1992583408
-1348747382
2025135748
-262847147
2086017491
-1269086114
-1561943340
-357857299
2016997606
-27160662
214354884
920179833
-1051891970
41381095
747172620
-325860067
1164572527
1209991594
477657982
28273067
259252177
2132244502
1276977258
1041558837
1876793351
2025436305
-565553340
1429831906
407258748
1409412794
-1584355452
1099407365
-1260014416
-1343920742
-1231938355
1712324971
-1893431310
-170745063
1277769553
-79181324
-1267154322
1764623026
1583611507
1507775588
1738199146
931360618
21698989
1544692347
950511052
323063038
2106004403
663472962
-1224167457
794935387
-780915752
-1323107673
-29188266
-1331442862
391600561
1977865804
1633177232
-1069879413
-680696073
-1829741669
-1350612963
2000014522
-2068364367
1162382109
1018671488
1758031377
-873138030
748254476
1236377142
-415548683
393403295
-2045248730
612765431
1923923699
-1100813548
526736323
2003444027
2110225653
-306810232
2059983401
-2014891265
-1183432272
17456719
-1762977761
-2138374456
-105076384
-293936865
-369822529
1554969576
160746679
-1369878539
1539114128
1378242303
633751826
1644779577
-1312033069
60208836
-2044127251
167310368
-743343075
-935894779
1023011225
469287249
1135116837
-1762720789
-1676871892
1735433675
-400369441
-745990270
1258782647
-1236881659
-339634999
1363094393
-946379586
772618070
-1144995196
1314608421
1545837028
-278012522
-1909309531
897907147
-639149082
135219974
-221459251
1385789726
-334142774
-677624980
-1345213194
-419005434
2042594135
1231133570
299656720
-1397494877
-955092025
459977104
915764939
-1427647344
1396484027
542788695
544871862
-1771128213
2052224878
1689781297
1249398153
-503898219
-923728339
826841717
1312819902
1027032374
-2054906874
2089411360
622784101
-446666877
3040959
-741268303
-767165896
-1210910141
-1181690359
-1827335597
1807051245
356231566
-779548939
1197130817
-1644409397
-143056169
-1806765401
-716221851
-474039680
338094637
2111657032
-636619453
-976313807
-257310787
-199394751
1101844756
-254760239
-1621206629
123893413
740871990
-1289251403
-1336707647
830628590
2146118082
1316359272
788826199
-1248613653
1873382782
1286596283
1377471028
-2009099527
1510733302
-424591839
-1903383644
-1711641231
-1030641692
1122165305
-724373653
-1132121248
1457581528
2061042346
-377949686
-484215683
-2008843500
-1739447754
-1702928064
338416215
-523528008
298428169
1558112211
1783134925
-188972770
1311939666
-110653041
253777347
1435667847
-1012631275
-94114929
796449298
-760342026
-687013826
-1541970758
-982794816
1450066780
-2003333640
1302573712
1732965745
-340335628
-1834260929
-698794458
1954592540
-1313902096
627562675
-516760209
1415607296
1614718037
530468271
628972732
-1866924583
1235288610
767004826
-189817723
1715948367
-1430863944
-1074599044
-1971304599
-1557360721
1854377589
1497556948
-1852677005
-25060900
4276897
1744095400
-1126020706
1464643207
1004565389
378343900
1890628250
-876719715
1056995833
1326756039
1027735504
1592570625
-1421709130
1521981955
-1364991580
-494095749
-1601102964
72282244
2131489785
1050849007
964810845
729680363
562433529
-1709927215
-177144183
413852700
2026981909
-1482039336
754602132
1167056909
1052183115
-1164082191
1146381318
1806554593
-2095612762
-1078922890
-970972270
-1899833804
-476355573
-1158764385
1185664890
115027128
-709678799
-1707208648
-440721359
-1193838592
8878065
-1596882028
1641836353
1050405531
603974847
848481217
-26408337
-1765144219
424187511
-1740539908
1793922332
-2144896231
-796438435
1748617575
2036702189
736738601
-889309089
2081564152
-1196835154
-850931247
-253180516
-609728843
275125363
1764768617
188039977
1511429405
-964710912
1746065658
-485182703
194866153
24533610
-493651948
-1602789986
1947414260
-258731523
-1712115746
-2060676906
-1087803786
1793960800
-2092181138
1757434952
1577355640
-1613283593
-761644709
966399240
-1685683325
-1867457400
1833479823
1586204151
-1585118821
-1827244256
-1800045983
-1053855673
-1070751125
1170746167
-1119029790
-244608963
-1118100031
-800177390
-947828618
-1654482375
1724979004
934190440
-496077913
861770739
1870327874
801069640
227723317
485862918
-802757320
1660744249
-1796138895
-1874122318
-150744595
1619532706
-1301070902
1839093469
967637334
-1957551508
1035515816
1097592411
1661308032
-1127967259
-1712938632
226380910
869346497
714830055
-859107833
1920552848
303422769
1098326073
1559732755
-1082204305
1931941720
-300020940
-1835263969
451305528
1040250664
-2068086103
1780666246
-1243507176
580235821
-2115749374
-1390495533
-510804737
-836841982
-1828278617
-1891945649
-23603034
-811152890
493887906
-19681318
-41451309
-1307103152
846530437
-857592578
1563667931
1164067295
-19524982
1934680129
-350664344
-1239502314
694762236
-1263755078
-1501329540
224339302
-1012897322
-1980045594
-135115851
418801484
-872568407
-598772293
1646993106
-638284930
1495204290
-1125449474
505772149
725118560
1107976075
560817361
-288661206
-810268483
268710449
1597719183
1637068967
-423933261
-1379820409
-1830807844
-1517589419
2140762605
963731753
-80536329
-407369201
-1139405033
-1725633308
-711552175
-2112578776
1721020046
-1781193899
235812195
1309156275
-879798185
-690695729
-1000145220
-1538022915
-228566189
-935531390
1012370265
1465551454
1577129903
1358756312
-615405256
-1718568143
1590066337
-218345438
-1089278161
-452645600
-1183109808
392104308
-1201443591
-1162812508
969048339
-1664364084
-684799855
1420157387
1554961118
1539175289
-1664787262
363996988
2675704
-4110918
-1980224257
-943261320
1131206129
-232005212
1658831471
1219820898
264126419
-305938103
-963951028
-1898846976
364946071
1492954390
-824808083
1831122307
518594778
-2007164036
1501169952
-318641788
175250896
1113515731
2018791741
-1311706224
-2056886407
604700026
-1054655625
-1354177306
-721924079
400388162
-843287563
-1962263426
-458462516
-781090036
175360800
-1671945651
774299586
-162815056
-635818818
1880330951
702909224
823225120
1527542847
-1740685659
1713396672
786304205
-2006273449
-176479512
1991025810
1751373896
-1291470900
1918049565
-178825764
1886499116
404355472
-1272184863
955601222
1232970044
-1110695406
-1202787417
833113433
1514399943
1473045456
-716509256
-1647707086
10236244
1053745456
-1780402309
601254258
1604109946
80919952
1261455350
-1781939336
-448923378
-1006982245
-1139338860
-118160430
-1842474876
1591217374
-1206855128
-711972112
1588096654
-851773798
-2007547087
-1299709158
522766601
-1732988965
-1020792737
-1754227037
637378073
-2055504695
652186198
-2023422626
155928210
1349471037
628382129
1731183953
-1841083751
2128876695
955651656
-559981912
-261497718
-1580201778
123373238
-341531924
83729948
-1589061944
-1690264555
-318189708
-2060184637
-1206082069
1623045643
1969982235
4155989
-1626827533
1156848394
-988723406
-1640467728
-52964859
-312332078
353690552
-380503782
-774660092
-590464710
403646152
-1050093784
580771108
-274032848
511293266
-44667676
1444208316
-1928667138
-12939507
1537301610
1417197151
1812085966
1243617196
-2021478062
-1728629716
-741875600
-505059505
-839657965
-1018873243
-1081698983
416895036
-86246490
1380005438
-1987532818
-172345394
-289810583
-1543253513
1958850819
-1190926163
730913606
276902956
466355357
-452209601
-1699787756
1932419179
25676031
1880848221
-2041259460
323194119
98957796
-562047415
2023202975
-93486549
-1454777336
1988117472
-832590409
743265841
-426793747
-1331828725
539982588
658971444
393173723
1184938363
-1661864312
-971681309
752824615
-1693589868
1802306301
983578008
1703470264
-1678857815
-1753116250
-84593240
999939270
781100138
-682575140
975974396
695079909
-1052090726
334461098
-573751072
236064066
-336595964
2143872948
-702333926
-677881301
1506639279
-1402391980
-1307303106
-570199084
1368973904
1885964805
651832640
1045228887
-2111849985
383243012
-695389365
102711804
-1369097938
-1174739404
-1089104176
510116794
62871254
1845398849
-1826687775
1631219197
1608753650
-81748728
-1858979138
-287727446
1458010672
-55913930
-813437008
-1303378081
423534566
-795126738
243058709
-1473564417
1526615874
-2053635536
-170928708
902404973
1868192453
-270078281
-1185748622
228013974
11860210
-186077919
-385680932
1488955829
770783554
-2059971179
468165511
1234029010
-1673309094
1649894176
86382141
-1222367093
-390509697
-870985695
-1228602470
-609051626
963218249
1300305127
-1817681186
-301393531
-757299818
-1071584104
56958467
-962044340
371291841
132842580
-67503086
-2089472512
642632212
833681561
410803377
-1539626911
1546244474
1386628328
1033672961
561544090
1271186553
-2140993112
-691069530
-960760122
1289042526
1337117771
-299593178
-1502396234
-2090167367
-1144220241
-961765001
-694208783
1439106827
159650502
182728658
415283451
92357822
-254174344
-144094771
1806722010
-259529132
-45530169
1799059624
1614283221
1905269987
-124298444
1131554790
-110316930
-1038331200
1188757089
-2050631649
-1003155725
-371280774
862822135
1423170324
106352224
721868042
1198564809
-2015316733
-1860456761
1749606728
973640505
-1488011459
240494083
1533023903
-494976550
1950605301
-192504055
-1330286332
-1284165802
-1907201191
-1603254415
166642723
-1234964590
447119846
328511796
-994462757
775040527
-159744008
1081658551
543768556
146530707
1068126880
-1694105848
-483141905
272078344
862373305
1433950310
172696709
2022437027
965156669
-1927598330
-303690029
1882640968
-1408721964
-168943084
-689400019
-359023572
-1691311954
-580335369
-2040753647
-258647365
-1598048623
-1288465703
178874966
-1902617924
1156620853
2131794534
1386767268
-2098991949
-1746915889
-1651019309
-829026266
1309317766
1454340075
-434951391
-1581716098
1356092259
914086782
-1694359390
681598201
1878839776
224707899
-1599389252
375286531
-437272477
1820920357
-768284692
173152733
-1091027005
-1972726939
-1713014771
390013836
462402607
-457149603
1559647194
1321953044
147979342
-525551620
-890904655
-2125892378
920352424
-1714647469
-1413635943
876277398
1647802692
-1997632664
-1668434298
-2123584048
516693905
1269050954
95368923
2017060492
840602249
-1952387227
-9229521
-1985824640
-1904660717
1361735959
1476147283
28697558
-1419825496
1141024130
1281175956
211064095
-1372604871
-345113181
402070588
-296584058
90992464
-1652230749
1404397407
174302280
-1944711307
-786328979
1399806931
-328418717
1988325842
296658048
-1633548161
-2141077107
-2090981607
573039621
723922648
103439719
-1392664667
2046245412
-927337559
2093100530
-1085778977
1414318994
-613525486
1698623041
1188335331
-28010386
92585682
-292730256
-1384595614
-209337011
659096008
575709396
-1860865335
108323219
1496898486
1231102579
1633771170
1096007428
1922148936
-433649994
-1423827909
417246874
-932590507
-1144469923
-1597867388
-668977512
403382371
-32665166
65112637
7443934
-963090576
104101377
-1887188912
2024777855
-1872785425
-2011961785
155323003
1711341968
2010590480
-136537304
-1217916367
285429315
-815423932
-2028601818
-860952126
1224955443
-302732544
907645968
1985834937
-582734592
-717449536
28711607
1364964484
1737451806
1709044046
972705255
-1267986854
1016165354
-787372221
-894269547
864487257
-1289599234
-1372907826
1596174164
545622510
1959537349
1537223859
876686605
1511452536
1692879441
1275579799
1984090863
431412527
700067947
1069485946
-1151667548
1848695618
561807851
-1477834877
-1935928892
-662785473
-1122334390
-7524349
-1423904370
-424731976
-512923787
-2016892237
-2122261035
1649064738
646249955
-988880064
-742033609
-1885999104
14542313
1623479817
-1850315627
1331493440
321849676
-1253146841
-1281173570
-1746259996
-299913192
-1770768979
941044077
1906053860
1190139823
-1387137232
-597028747
1519088210
1814816548
-1840715895
-1577506758
-116393537
1226773705
1215793369
-242009501
1223938781
1127944454
-1179160627
2099441613
-921879195
1629702764
-1341425630
1484377282
-1728102086
-2030739703
-1373749909
341423210
1330699982
-942502147
472439826
-1781616767
-1726193212
1324696653
-308920676
-2033063350
1418639831
-1141455882
506952496
1598692802
-662110727
-610902971
-534641319
1712117785
-332104257
-644570011
-979847158
-1681434531
-1552153349
-1505058503
-1729299486
753725816
-547146326
-1395793044
1867877809
-416012196
-1386275824
-907021627
395094331
-771030660
-1386127071
-92759361
-1713398725
-1291964035
628735779
-2065699752
-1586100822
781591853
-2113430384
-1580857047
1714898240
-957868877
-592449216
1404308406
-535240901
306746888
1357502919
1267900679
-2012686242
-1183817051
-1791591140
1224222583
-866955716
-1539619714
-1707136902
1429825227
1184026550
-231449042
257869194
-750439035
338639297
530727539
1019875009
-2046517382
-664331156
-336032037
-388225529
410935714
-1810109407
314310079
507736473
664129327
-732331222
-1220467856
-299572433
1781167072
-1323976841
92097200
1644825952
182388630
-1439889251
832840804
265333573
472090407
-580015582
-725336442
1545109085
-595097999
366112247
20936288
-938039632
873926578
1445155653
505141750
1820580150
-321543145
1212792172
654093507
1590499448
-40881774
855807815
-816151640
1980027767
947393008
293136053
-443765727
613191373
-1954126038
938972245
1285903033
-1337099246
281569530
-1366725744
-834331457
1876468608
-1783990351
1917490907
-1499322054
757957594
996214855
10427453
4828441
-512734072
-320094797
-1867112945
165846702
-2050550266
-1038072963
-671489022
162210909
925351039
-135283312
294187110
-405685616
-883539787
-168631980
-1345018455
1701201133
-1091710173
1165364220
-700039139
1487830731
88927588
1476389404
-1349310467
1147961057
1306467797
1206027389
1752555441
-581090752
1019570553
907003444
101782097
723546755
2038982685
-1167601680
1066829415
-149300412
1401781948
-934761324
-1138493192
-269466927
-1279599580
93076229
-1536940859
39098911
-1421075496
-2019925692
-341673522
-755517442
-745295048
906157246
1642350871
1631851406
-276591393
1165181922
-528324435
-1177275919
-2003208628
-1106047756
1357550571
1240841025
728908739
1184411169
165678073
370436804
789630581
1191717586
-284738411
2061979230
-1290522402
1144824388
-922719979
-1611790010
2129323374
1298379608
-1643010644
-1334637060
1288088427
-1079326297
480289004
-635239558
-1729145323
533440473
-574553717
-191313495
2001791498
-2044280009
-551265175
1195430166
134458604
502219901
-855308591
-907167259
-1638724800
-1680489996
-831174402
1403219461
1722972312
-1042544960
-2062502687
-1044567388
-1923240460
97352566
-593124063
988163301
2069097062
326960113
1816733795
1151595984
2016680436
346187365
1487396043
-1699980918
-948304191
-1556181068
1938456513
875613637
2096822382
-502314752
1454192119
-135550087
-1182636611
235942529
1282723755
-1823254572
-1688888201
-1383065705
1610452265
925010030
-378567792
1514074146
196290451
-1834740032
-1179395192
-1526062319
-631627292
-349956394
208380179
836886073
1450092082
885990723
2018670075
1876662119
-952274125
1768169558
-1802030011
483592888
778018305
1051443338
1068502930
-2081666521
1938435105
-974339006
1157949640
1634644582
-1406219839
1305125557
779663345
-442902286
1887117377
879229478
1543843938
546490209
2081984756
-1081791143
1227490079
1956190206
-1226418138
-823729087
1478714238
-1768372329
-1123787679
-1982372867
-1812876791
1361498260
639970796
1850798597
-965316184
675537739
-159253868
1183757984
-1920406785
908185491
-1473021522
329568921
-81321451
131953559
912200795
2023201841
-670170571
-571980821
618122765
1551185751
256762905
-872824604
180793674
-2106327786
-1155607996
-1458410205
367445168
-1605671346
25833390
1184831859
-98776008
-601592410
-1867144026
-949708331
-17605954
-1613128512
1626699252
1221146583
1309145024
-703711057
478849597
345142828
1123966309
572998053
2085855659
-1014826631
-2091183423
-1649919504
1140589516
-1280464276
-755571113
1998645287
-1448925254
-451910381
1959857375
1207470240
-1698801028
895076715
-132257720
-1707728348
-596727892
1709375798
1657584383
1563226598
-1093138343
-1105228016
228510577
-1695604048
1803689006
911375044
1317977039
-1076346018
-1935093549
863596251
1424955920
77869200
-1729782893
592681846
-1147966405
-778148454
-905959106
-277646755
818363622
968943807
692037712
-710438825
-838145031
1717126815
92541266
-604477509
-87668809
440226029
436277632
-1002602426
-375574017
1845531748
233470891
539385903
1477629390
-667502085
1341940576
1338012281
1743532295
1021200214
-1832434102
-1153139065
1770714742
-1865256320
-364189740
1116439797
-1165620206
14286039
921748242
-2110515804
1951738242
450120007
-1079953695
1568568086
1345936098
1105535418
-1698901940
