-2082732036
-486008322
-718410853
-1769581145
1002842696
-2060745829
-1605560557
1226050442
1230922563
-387733054
1462173809
461453774
1880612165
1341354265
856746894
-1342204151
-853581168
-2095048868
-1873154390
-504738599
1672021976
2450833
1146030734
-1939564740
-351307004
1920881023
-1163517711
108168478
-1026360778
-661536160
1882680604
1971629619
350369544
328887509
-448568624
-307695097
-730355175
-1164183015
-318957721
-820013998
-2089149753
-14225799
552573240
1026902672
-1846059203
416285443
-1487480512
255332049
524064943
-917051779
-1041560835
1936051149
-1031835676
449026456
958897821
839988795
1849693684
-377431451
-1929037480
908748642
633605459
1106072328
1638944793
-1390539537
59113229
709132202
1262241891
-1143520759
1786191954
1784381364
1894597490
-824351326
1588784181
29181497
1840314272
-515341808
621688240
-1250632269
-369017846
2128353755
-403253781
-661933327
569453171
-1706988072
1000962749
-936567984
2060450663
-1101557642
-1206429326
-1782609367
1960509603
1780537943
1143851471
-917034615
1227514292
523932706
684592466
-1125332441
-392528163
2084891031
568575677
-1208000878
-2144461251
-1536263709
-1108548139
183858602
813942577
-994567883
-936506521
83322960
-88412169
599431056
-738547317
-984469920
-1681137261
1258397922
1747477548
-704770337
-501254667
1319897686
-1522960954
-555507855
375526491
1647517926
2000821361
-64174323
442470388
-46150349
-1572252897
-1399408653
-1922315066
445489304
-316318943
1922372828
1605783248
843652988
-807872017
593868147
-215672974
-1437082393
-813854936
758627844
188052749
-1764869289
-686430505
-2139095438
338143462
-457185580
-1569788937
465554542
-1901820081
-690660286
-1160749255
-878523163
-296061432
383914485
-1664027133
-2035588934
-637440798
1599870346
-1350498884
-622024523
1074519205
-867224844
-1887559866
1489786042
121937971
2054355157
1755733708
1588965949
-1812440084
229387790
1196061629
2051714549
-615846060
-1414034279
1244243223
53918927
624942323
-1522215531
-780970520
496164901
-452539268
2091291298
1354616337
-452380369
-1802794191
-693364625
1922714445
-1042686023
1180380805
-1652515184
812293745
1825173526
-1914290942
-1077706604
1352456436
-1172241324
2084700525
1555758166
481676978
627608752
755592231
1254359443
-941920276
988003148
-836753707
-63510851
-367247469
1206777631
606125635
841094926
616655301
1272515116
1718158981
1488522719
-1127399785
-2034008330
1732648287
409416505
44045589
2121457970
2029235942
-1386517076
1155127942
432330174
1698193510
526024031
-517025293
-184205871
1168344454
-101485464
-1672853526
732354932
-1542552662
-1156390819
-1706934657
431955249
944146328
-1197049557
936072595
-1870844151
-286690979
-1228117723
1099723608
1608466090
-523560335
472285791
-18484972
476622049
535190041
-2103773891
-1602727900
-1932609971
19885068
89218118
-1930249405
146314581
-137126567
-363581123
-260974580
1376472923
2026660743
1009516402
-801395523
-1794596559
1667908093
1196091221
-1372742083
1946926795
1725833636
1031030603
-1191327137
2032523830
68026058
397778372
1623278184
1434953160
2020348233
457373837
1849485774
-876329575
-799681816
-1478851230
-140575422
-2117245903
-135100416
-2072504377
-1969519120
-1185980798
652160610
576370711
-221889275
-1139819752
-546310536
65769436
933798769
-983605106
-1137857879
-298399903
-524594707
752172867
-541611774
-308533114
-1705654977
1486709326
1654215442
-1167680813
-568841540
-2114741330
170661908
1029098702
-410586866
203440070
-913474221
-132211056
-1429724873
952148999
-1941780278
-544202347
-1544633386
2056017134
-140889590
-837008940
-1723803993
-714918095
-1233928864
2053794831
111711824
1585449012
1897538870
-1064057493
340402265
2104357314
1517712825
-769537981
843231612
1830233337
-1284555076
1654217272
-1205402594
1194176644
1726906331
1364766604
-64318691
-1433467377
-350768413
1730121648
70370508
-1839865097
-1997957007
318689051
1185759803
-296382399
-1860326696
1357189724
2050817723
-369840690
-2049877176
147598962
-2046970976
-351470388
-358384341
-773080485
-1723083704
1121508718
-223181870
2123015658
-453820836
1447982046
999192144
-1538070051
-2123158955
-455890830
-402932314
1202169134
-1569578942
-1154124002
-611176160
1202666409
922088647
-260029911
1393951997
1506298302
-1397747096
436083747
1126072149
-1757838952
1794020103
1048263958
-1854367945
1952040301
868674987
-1237313797
-1812864495
-1636887785
1746353282
1211350384
320500564
-1168632604
-381198552
1552979110
391287384
1794993065
1115913513
-440370272
-597464452
-792394211
-423777084
-141236839
-1439688303
-602728093
-1319321102
-278751547
-503398280
696880872
-1051031130
-2083522500
363821577
-1737491601
166982997
1017132851
1664179254
-1615105175
624032439
1354015596
-521934993
1708052617
-1413862449
237043951
-1718253496
1870740632
1858226985
80134394
1052118873
360846725
-856530846
-1430890955
1331577701
-519143745
498405613
164960297
1497100734
459158471
3031315
-616994317
797188327
-1284345856
-1475591877
-577365964
1644382587
-1387593783
-85456021
-64413109
-310527668
1899155149
690836750
1110532806
2098234574
-82409575
499874039
-1892562155
-1268405578
1575819374
-1535345243
1904223872
-762032674
-1486671528
-8406072
-1844930470
-1481627285
-1720184961
393865476
1158564214
-778460368
734734780
-1023112460
1665464538
-1580064683
1782551150
1670583921
-1138334798
-198279117
999498382
1391738643
-1457407865
-948182654
1574224385
739916535
1752336816
600380854
-1987682003
-1287848254
-2125466872
-129407323
334264271
555070950
284944096
854299244
-1898570486
2065890084
1011209783
-1609948781
356912322
-740715183
1251158056
-1085768849
303443498
832420956
162739363
-301835064
221540251
513616526
-605309345
904500410
917572519
-1235059180
1191569423
29895648
432245614
1551806138
-2097954605
-1592043090
-831710673
439196665
-1809316879
798878750
-1414267359
732362547
406001604
1579091342
2145208963
1226640956
1843517428
409752808
-1664672014
931084828
473618151
-689624061
366413818
-1305610734
-796278154
-205645752
-1206561554
-1792351524
1919934435
-497884776
-179865861
-1490077131
1357632267
341775213
-311902853
-1867024737
1807361239
2077455422
1208091526
-2000997534
747846904
1652625192
-841604401
1706330323
1256374994
423146442
-463323220
-234198823
232757688
1082658928
-1123138954
1109770157
464186458
69978738
1524306451
11623648
-1550845061
299907294
2015454160
520153250
216376294
-1028610732
-607308685
-2070189760
-1230123102
1702836017
800013968
1839865070
2099136100
-931271440
-650182117
1557441478
486641989
-1745664052
2025664830
1444935184
-1869224524
1630244264
1632605804
-2047540540
-1048884307
-1692285645
-995309642
1170854476
1990292266
24760391
796867421
1732123021
-13046566
1947682962
-435383897
-619042520
2075310608
-197983625
1546070006
-1145142020
-1223399427
-376743370
1698515221
-831066129
-1533662686
-1519800503
1656393429
218886126
-622614529
-805719535
220547288
1427770929
-693145072
-1525323854
-257229652
359028675
-1529589255
1517488186
627856155
-1629756863
-2143360513
-665838840
-1878391104
-2024384287
1418549178
-645434005
1157212125
2082067894
1257885192
917897097
-901625492
-1458009295
385899077
1542218625
-2068944013
-315948566
-1568716616
-542504236
-796805476
-362287456
-1324032945
-1228927488
529947908
1494541438
-1082897009
1233189485
279917651
460941215
-1600699195
-1785949555
990436620
1836196820
2001748865
-892015554
1594198821
876235684
-1441418940
1416401266
-1502329894
901604244
1210351480
-998013167
-2052217667
-1423704665
898930847
-1863098851
-540178415
-864933593
-152531249
1092137751
485628504
859216550
1866808669
-1866809440
-1898040021
615895103
-1642769960
-190324124
-2014964919
1491908129
-592973767
-692567757
-152391183
-814051507
966321752
643164528
-761695373
-566614370
-104586592
-2101603666
-1821714684
1263438858
-1804770810
857040791
-130786862
-437788122
2103462198
1622898960
835638616
1648951279
-77832945
123191194
-929829134
-153163066
375623249
-540487941
1602907315
1439132860
1069108373
599040028
1044546422
-1607185648
-808758147
-2099571404
-253726157
468508917
1679600939
2127174694
-1763377517
252191383
-874608394
-1077472472
-1171740987
-1089123232
-999686821
-589868124
-378037102
931775094
-1299659215
-1425275038
1384766894
61793416
-1448441824
64203750
1190395217
1253235146
34031187
1096149014
-597527802
-718563011
25624428
-1996187616
-1422228797
311145011
1817290168
-1713949798
1557729848
-1627612910
1617553059
-749473302
626589547
1997175895
-1897368210
-824422169
558877828
-1563826722
-1936405218
1407771072
-1484213019
-572543904
-1644978761
-197492708
246644606
-1856505541
-1884137302
-456829054
-528637346
1338074745
249204875
92035835
2078378892
667777290
-1280368634
-1284893962
1491149591
1309145940
-373273581
1340990827
1704843883
1464531949
-555526808
465779777
-787358491
195916967
747449647
2129276404
1607677354
-1996038708
2060927225
1574931570
-2071789900
1291989418
-1787784719
453803590
-1525158611
-446749615
1881967444
657720824
-1990930688
-1985440870
1040469024
-14214222
179359147
546534252
-914991093
2121153830
-67073446
212449850
-1417944138
2201519
1821140785
874058191
1040855074
-1088999242
137466345
-1229631411
1535748451
-954159017
1508942750
-1749353102
1024703634
-125259197
690350566
-1226938339
1625528583
-1483095833
1758768421
33034256
276123847
838295245
758122527
107440119
1435634747
221495874
-1692326706
1934701481
1446987043
-879548615
-1590431115
-1267792211
-999146295
-141042833
-1370445580
1417258751
1590174073
1929406671
1245293918
378558482
781621040
-594312681
53128136
-1147448807
-189818990
-408185414
1013906019
-1010308734
-59843295
858663688
143825357
-2128532798
-1286189652
431582603
-265132381
-684724649
-35514364
-594244940
-1180348326
-1464227574
1469348085
76924343
1862379854
1483046005
-1748739212
-1711577678
-862002149
-947696700
1706641428
73589268
1399149100
-811018049
1616009151
-1059327684
-1522354288
2090151175
387784097
1271618912
-533477356
-66399329
-1214464921
1764475824
-88088179
-984242514
-1060070744
-1913085510
-456812683
1513698690
-603100509
1668437264
1716249528
-212793640
-869107413
-424677081
2096435408
-1430504614
376469470
1591611265
-1125273329
1300386920
-378128739
-1999110642
-50120901
-289987814
-601161673
-910495793
741540959
-213900411
1533382247
-1041689667
-2101608736
1652410429
831113472
552383976
-1899362610
1799322139
451331174
1862913762
-1233921156
-711897024
693220160
-1790007971
1396262481
1700709465
403816299
383411730
1069063904
1607853860
435945009
672847332
-1674576842
-1708467918
232649658
2033222213
1389340532
-602698771
71850434
-1581575208
-148331620
1599082204
884153740
-1941592232
-2057609553
-1072435931
-1307653867
279269559
592961526
2087280467
-1620653171
-1927664502
-910030944
-487631527
1199265026
-802839645
-400444531
132095191
896579934
-15809281
170909032
-2107988069
1545440915
1899485666
-410057221
-1748322711
207616532
888576064
1565426109
1611164671
880140678
1104320351
-1367508304
-553186222
1507521207
1143204537
940292969
544140318
1609217742
-1723463898
25401200
-487533411
1454646468
271668794
1359578313
746938261
-766548205
-2104484885
-1966916910
1383567256
853395628
1955172983
596732495
944384135
-1956184787
-674733948
-1708891453
729517143
-1455015853
1861209480
556087553
941891607
34392236
1678071914
-1632484607
-945324751
-639161967
-1802857367
-1442382601
-9374993
-739458989
727543869
1561635745
-1640489919
-812533580
154356603
-699248672
-86864451
-1376406375
-1964671427
-1403011190
-2073829402
2118206204
-1492371711
-226429058
2030934448
-51424729
2093929169
-1347159304
-95109309
369037598
43979684
1400165413
-1114961665
-1193413540
-284763900
409504249
518391488
1033949634
2114338544
-815718592
-1479625886
-1994504244
-990230781
-105255181
949501063
669770757
-1411223595
-1171457587
326435479
-1839022916
-815931744
473364764
1584207112
2095542776
-652280026
-1121367332
881438430
2063387048
-1088504366
-1939469567
-1348634763
-1066968289
-1295597539
1127476755
474581886
-1793327682
-623100109
1432137984
-1252289977
907669234
-1553241899
2074227245
1117872958
-1444093087
143485569
-180123699
-32309321
1117943647
-1310618929
663529334
1761338604
-1816022362
-1892420323
520123121
-1109853627
-259353786
1632836462
2119581265
1798348762
-1330719782
-826355057
-914283706
1140760885
-1894489860
1357548667
2005448114
-1683615652
977613306
243160320
1650453884
1643597069
1480030409
530085025
-1319085659
402177099
-1168876231
1825299902
920449176
1946481689
-1437419670
1723189234
-56553019
465133445
668892542
-322495045
-882537360
-1738760473
-1453533041
1954848864
1334755269
-1223415702
-1297607453
-1723144689
-417060816
-977998645
178119006
-841902523
-2094862869
2004026465
-418541001
-1233418126
-1907210025
-563042212
1698388718
1681369308
-958804592
-2140341167
-1626819715
93374403
54982587
-1848153099
-1591649075
-590825787
682657185
1268031784
680507499
817715331
729512193
-653371851
85092219
958170757
-399584991
-973633448
616064236
-1890193062
1660965414
566414976
-202895635
-1291297021
-1936331355
-899622827
-431434850
-1801852015
-568549255
-994485893
-1605470966
-1585369075
-544286250
129033496
-2120214443
1707045783
907132830
984776083
-578513871
-882226479
-17701901
987487391
1394651798
1176848765
-1556266996
-1638418569
-1158981198
-1554863516
-1316911028
1147241322
2089209885
-1026813575
-1273811568
1847754394
-949120944
-2057122754
196255688
156238080
-1126932649
-931580825
95069640
762272178
-1324705083
922556604
987487840
1076083816
297595369
438652995
-1613316439
2016346940
1947074110
-1781343331
-26828383
1108756656
-994349273
-275236688
470138106
1491574261
1958591707
-1703949178
-270856402
-1179754134
-516188515
-564885644
-1419732265
888666466
-1383497679
-1870780546
1004634940
-1885145302
-1803464054
-1858814726
1709497902
1867441737
-1828416569
-1387965070
-678211819
-949793783
-1556620704
1029435598
158515013
-167208138
1848946588
-81451854
-1900755051
349577253
-204298938
895226405
1963564850
1269049591
-1258319201
-418410126
-2135776336
-719196641
673852566
1974712402
-1179857311
1086521120
1472294198
-1690100150
-1015239958
-1131399269
1677622879
-2012904622
-1884642541
2141487240
307633080
-1194869577
-325602339
-69344829
-1454792732
-1532294079
1547689945
1053796298
-1910558477
-277854824
838922935
-678780475
-1500790758
-1937414685
-1194235363
-325272634
-1982803802
1784840625
-1380149319
-1409713840
1853569582
791489820
-1707716455
1771115549
1259297288
90685995
271171001
561267483
1405249533
-740021896
-875814435
1941892536
1428677184
-980940526
-1233803103
-479965345
246760603
636124580
1867485901
966479681
-1083343126
498188758
-1412934674
-2041442216
1713954509
924411890
-1749846751
-1493434968
-1929027432
510659019
-1794879183
1753077447
-808019058
1172673242
-495976988
-483426145
388742479
-839808855
-399247727
1092853363
-537573234
-701827725
671374326
-1553909985
-230978810
-1948133108
436067656
-1027872093
-353239378
1986282494
-106652022
1757117409
-1258091989
-1831370507
-1665486814
751547045
-277687163
1563422812
-1488065624
2113526246
-1322311651
1599633991
-1509537279
-367698357
-1173528354
-448480621
-155515220
-1940041488
-86539854
45566795
-1327094693
1614598761
928714040
-801648307
-1997330747
-332092922
343256499
776646444
-1679878726
-433025704
341129285
582386264
695016823
1768610804
869316444
297913980
328491067
1860817782
539175019
1595243303
-419377894
281903048
1537728733
-40433747
-1278603248
-699012188
1573113414
-581461681
-467603624
-1090693801
1965426139
417548185
-370890242
-428184634
1463637796
34491147
1092037555
-1774528586
728225263
1611919867
759179744
455513415
255627143
531988409
1614577148
880861633
-1969299674
-1874503180
-1829220062
-490487406
-514976345
-529717157
157805789
2141151895
1268476031
-1723610489
469517638
-1693000038
-1139057683
808601623
-1626501039
558375451
1137122416
-1368056036
1569160802
-788202669
1683323769
-1040608073
-1396185050
1497339253
-1462074526
355265537
1297745312
1521280054
-633874786
1951246122
-1807383934
-1608268913
-1227403728
1563244260
206177214
-1150824511
-1899197600
206748673
47510107
-1317324391
-837717844
-967458982
-2096586868
-511501579
-782453251
-128842765
654906877
-134344826
1313934362
885249884
-2043401104
-1245375018
-1061780639
221152345
1395633544
55245965
1264003507
988072901
1157349
621731823
389223344
2087028658
-694926992
-1569031256
-1236318940
1866259669
1334283511
1152210123
1537617088
-1837326815
1556699387
2067922968
-1091066100
2045036209
-1523324727
-232060803
1554103452
671034858
259129543
2040084959
-24473727
67099104
-1464347889
-675982311
1589062658
292393976
205889857
1075014212
1974612108
-106126385
429008788
241594937
295731430
1153422426
2118657326
-715208621
-2045675352
1563567950
1881380278
-1341740167
863719661
-581051710
-831492058
664532314
-685003449
1080796433
-1128923419
-1978232070
-998276109
-1582347515
-315153132
-1568702098
-2051746483
1471476785
597763367
-868986141
-790894971
799334813
-1412973384
24084452
328528787
-2528600
1592174999
-64091941
564300904
2145215530
2026761253
-1156633640
1311248741
2126992856
-1629529375
-1303170415
-1729166576
21504492
-1709614269
-538272599
-947578619
-1123417339
-53226552
-1596511692
-1733274582
694617163
697412430
171215483
-1898610650
-1270065194
1939499425
827765500
-1765746670
-141414576
-1321939627
147333811
-1962425743
1432746712
-74159403
-1814915681
-332015523
-1814089175
1058646204
1138814079
979807235
-1229648901
-123425437
1924222172
17891921
-460470359
800133562
1983561036
-1595968531
-238654189
-1577489061
-1617313292
817736040
-1357109563
-1178660900
965459278
-570382669
898538072
1824750436
-180807381
654563793
-1671109864
2093380736
294288379
989585614
951390950
-868959433
1514507852
5978863
1097358688
-270483109
351409296
-2144052950
1706316094
-899681759
1246781730
734511576
547603454
-1807982860
271999627
153369512
-791653437
382985605
-1992764928
-408276009
1914151802
1002119974
31082031
1554174877
1176876350
688638296
-1370345926
909015274
1650460413
-1989466206
479852803
114656849
-2074913445
-32571741
76475562
1363263044
1669343446
248770666
266039891
290823554
109089066
-908451323
-717039060
-113612596
474198774
240247383
857136046
-1118510626
-1765667937
-1368692177
-1823582686
1956370333
2102890355
-134608491
1428755814
315295116
1075774993
730617445
-2067489040
-1163921788
-2055452407
734015522
1556237075
1861607076
498682047
-2085442301
2036280961
225484933
1215560596
1759069266
-1688037360
2075554226
-220619962
-1013790218
-732944704
1010487895
-561130345
-1751904434
-1332298756
-527119305
1843580204
1933393215
-1337602528
-528110365
-51305544
1210203024
526835515
-1921732824
1986874969
954317172
749804565
762791881
420084545
1443605352
1143564147
-1236989587
-317892711
-560901569
60904857
1391547354
599351457
-1656348806
757849103
1983136355
-779771109
1033505501
1606859176
162499999
455806185
-1825886914
-186393921
-1741466533
-630672139
-1957317473
-1972486716
-1731067951
-328024752
-490306177
-1600513034
835827481
661304221
1686510956
1904761457
-2005068321
1616057264
-516519203
851543915
-1799611819
-572141455
-1114075586
906815418
1081704043
416286470
-870762421
-1804838759
-1704464323
760430640
-1888839264
-347207254
83746253
-143727627
1228887953
898716478
1958070257
1874510719
-1318438345
1879846100
520900750
-1639588540
-1944057909
-938276896
-40601594
-665141402
-752139978
-765652276
-2129805842
540879963
-624520216
1169893443
-152102652
1762321872
-255060760
-4723028
-476775840
1596178890
-382428885
-2053379084
-881864728
-1256493554
-289161430
-1699180144
695450121
142181827
-1485668946
25789634
669083811
1320344917
1123240941
-1335122150
-712289468
-1676597093
-1412942118
278766399
876200088
-1712562373
-1307281479
-1355415057
-2147266272
1777042253
1473798129
-940111037
1251410210
658026046
836742693
1906898999
-2083531296
-17922058
882352260
-416860055
-910579188
-1530688451
-243050400
1742065697
-1867395718
173654618
-967154947
-1308618095
130378775
-320877827
1665563563
-370000803
1763373081
1612343390
1198709527
1572057692
2035471223
-1245977435
-479156259
-2023757664
-694184804
1583413900
1293507680
-1015532109
-669269418
-320789438
1104229854
-1251404253
-891268332
-1491438446
1469644990
1596040257
1942797136
-683712956
75486764
-1723578331
-1240107191
-802222653
-1275420953
1013179380
-557515786
-1530447617
-1280282791
-919535516
1470513974
1739098516
-492302105
1504624000
-674273461
1154811179
-541832054
-926970968
-1334443639
1797396512
-339621218
869658844
-1457635254
-286382491
-612197382
-1265246663
1238427684
472106661
-1491025856
-1577625150
873706590
26413996
1466056053
172195939
-1222456673
-313819131
54435027
-447667149
-2002700825
-1893222428
546234589
-1191802119
333552835
509975878
-1015134028
-721809167
910665404
791992918
1274246313
-1339837488
1112917264
2144798226
59686930
1504561668
2080527012
1887663918
-78388127
-244094401
-617988296
-1074077384
182598002
35604278
463911388
-1764417540
-1115674845
-1014627419
284069538
-1755982551
-1603036119
1417888407
-595383404
624606260
1131060769
56686563
1173651688
583063676
475285221
-1505444615
-1203359630
340517294
-985939167
-1164497442
-1238122407
-1125281174
-373545435
-1357540748
1148765453
2042674470
-71489797
276715519
1646081656
-1293530286
160832188
-1060299036
706045043
-718239043
62242847
1694720178
1518878331
1097559350
1791144018
-1983450522
1678107299
737582710
-636385012
-470817046
-1457281076
1666225213
-1702157341
-1951164961
-1936582892
-1669333830
1626238682
666028699
1410631820
456863535
1694415422
-49455243
-1190570195
394494677
115904433
-1828861633
1722605579
224702460
2050254470
-1616685293
1110491338
2078711670
994036048
-523621806
2086930769
1883393077
313180341
854338282
1598051518
1750113075
-760178809
177634262
108723609
-1791734383
-633320428
-1928121366
-1468473013
-1280413437
1645888189
217013968
1744201424
-1935740310
511577541
301042253
1838988459
-1540802878
1565285995
1117086665
249070106
-1290871234
1512993593
862267917
1272270731
-1437526608
2039846814
114423629
-456863154
1196104238
-1116043078
-491247767
-1781567605
-1669410062
1827525497
265117295
-864574859
-2089376382
1057456099
1594487652
-266827329
749594640
-1546281551
2046280516
1689999438
363042338
399410722
-1729318842
-83452623
-1722733707
-247142641
-841526941
-188377395
1048168734
1219029821
2007537177
45417820
1742997747
-1924983822
1640850028
958804120
1322459944
-305489974
-1462278355
1960842418
1312442940
-268281142
1503967870
-1011750263
-1217437419
-1314597963
1196029076
1269399320
1305505642
949514910
771413182
-1005384145
1612806240
-1511301954
-1838566746
-1282435995
1788778359
-676425337
366362583
1508494412
-2045212761
649448696
596139391
-232699162
1429207238
667073331
-453244299
78016344
-215591124
821514572
-1966101124
-96921123
-704583272
1976852323
-237617207
1619484157
-98211499
-1027166220
29563842
701015037
-966428520
-1097447316
1576891400
593816985
1189124908
1899011840
-310004041
1686057456
-377842352
226482618
-1397268244
926221503
975066335
1552837332
1062602375
500497617
98814129
-61366711
-352546255
-479162954
1018251841
295365800
1576141216
-331003726
928480655
1259415338
-858316263
834975992
783338312
-1296051961
651497782
-289321192
-1925457629
-384288252
204244457
498732980
-633690995
-95080880
-1031658048
-1532626566
-1311366265
308498320
88369770
-1438951859
459313103
1137535800
2068568953
-675386427
-2083602371
1407672860
94281832
-1423556902
1092826224
-821594810
-2108903712
-551723301
1108063913
1682377737
32119094
-330306652
94156790
-566147242
-1837022920
-791196913
673434258
-1093208498
1882125097
1655128490
1572658827
610582551
-1372148471
803693226
535569573
-665741582
-746744295
1063193376
1262009214
917031053
-952178019
1120492650
2061667058
-1781252203
515170275
273279467
-846204480
1505806991
-23247740
-2037248514
2088118637
1744796648
1949393129
-1814947289
155812968
269776714
1285348368
-1584343413
-596579730
223658032
-260593520
-1976105823
-1094043857
1136254396
-830259750
-809248470
1325621042
-2010421305
506175937
-1728405154
879132405
-1003761350
-1420753349
44631911
-1909114793
1171719067
1776746344
1219013138
-913178054
351707114
2101515732
-717882429
1455181412
-841418578
1824569592
1080138922
-2091996762
936712522
1912788486
67150900
1216100927
-1858638188
748132070
634621379
71123073
838329511
-540930693
1357036704
-1590657611
-1689022984
-2123247830
-209007824
-1930320581
-1989072985
-509426533
-1734207131
1443052533
-153546985
-1484541503
717508215
-747861530
-587301696
-1439778280
1751630292
655524373
-1834936253
-1515231955
19660629
-1159936841
95107518
-1631197341
-1878009167
-433709172
1403153505
-1735413005
-1909406154
923414664
-419101119
-80112332
94134453
1343753910
-901191317
576709660
114847421
-250864295
802996796
-1325039610
-313216244
-2035192492
-1295100176
944942516
1245534786
-1792192309
-758268808
1910049944
-1050939944
1862141193
24020111
1177169231
1545601615
203396771
-351979250
1499630701
1657279660
-161979426
-1131366273
690156927
-298431709
1138811213
386156529
1989055053
1434717457
-2035252034
1346399754
-746313121
-1004362193
-1762395561
274066274
-2001905982
-2021234428
-1060173829
1469015054
-2107199989
-1858272101
1389282033
1819512442
-1590678372
-886636170
-375981113
297466747
1334140197
-359163454
1486881908
5360547
-17758867
