2144601923
1557254700
2087199705
-2071033623
-794128674
-696735552
-73258112
404581105
383248702
-681772433
-235900522
1272518576
844699558
23628169
-1328639757
-1956325616
1467119288
-382043688
-710516379
466599175
5844026
1553540372
1549596
-1374595793
-757125860
-1110949220
-817715128
-1502809195
-1681186887
-1947380125
288012032
628670160
475373149
886545192
-1322283675
1170392917
-170287609
-1608524823
-1595202041
-2048933878
-1939997329
-1981288295
-1816950137
-816567272
-1904574390
-1278684656
-1227453828
-528345595
-1065698613
1475967298
-2120254310
1339204609
1170583917
-995623501
-1768591855
-1175184001
-2034683665
-417224918
1835164722
-1720044025
-694934880
519956132
-256207784
2092413258
-2063900452
1816881803
1604630021
-595217290
895012822
-537017817
-202190005
1562269899
1410121366
-959626156
315439980
913658734
-1167731643
-341693067
103250884
1825752701
-153875032
1388259496
2031190759
1109495651
-217084182
829339707
-1688907258
1302570604
-1909174883
-1707462307
-51126122
936666011
828364546
1122516760
-702933454
-1939227461
-361843064
183246974
-1504641344
434294963
1984643218
231609890
1547345107
774067230
588760445
1487450826
-1335951792
-1082084581
513437921
56492898
262371155
1654586464
-1359914730
-522010062
-2025838765
1288235413
-822508807
355273043
715533443
-1588619041
-1925456401
909588575
-1777653381
-869020742
2011135017
-1218510489
-1804271337
-1373389045
-229602519
-160181975
-932516705
720760949
-297807739
-2025388414
555700264
628778218
-1852395797
818130209
624423225
-822000507
-2110261404
1287303037
-695176272
932110231
254151388
-320097272
1907179750
1520595199
824905697
-878569052
1045642513
754332095
1537753259
-675231914
1595600618
-151744053
-1929538212
1116652345
1109130639
654813730
-1119138168
-1270758220
1597515945
-1415234526
912466934
-2107427345
257629905
1347080728
282532776
-201369470
-579414481
-540879594
-730837736
1112899951
73026404
1514449929
1580733636
-994336686
1174063785
479148042
-941458452
-1294563882
-1213847752
-1220656652
873519258
-194273941
-183073558
-1869566666
1959782882
1495797301
-1060726751
2011071465
1579480171
1208252231
-462454809
-1638191068
-508452051
-324289776
126328407
363951759
1924051067
1153338901
-1389620421
-137624010
-1762026684
1177861344
89439478
-1124683361
1660021909
-155689673
1087169444
1672586525
514249057
1894145681
-1838615937
-648991130
-1281487740
-215798331
-1936465020
1360652643
1065977093
-1821810684
-1898626731
-1036884409
1104213147
-1352427255
362472289
-926901021
338262642
-1216208754
-174077887
1696252215
-2117265874
1238358785
2113647205
576212299
1770016560
1834064247
-1367512337
-1257679808
-189494249
200668385
-844378402
547844769
1710874249
-422893443
-1058534801
2008346622
719013682
1100193678
1273865919
-1129060933
1433187852
1864968782
1637043636
-1033339099
142756577
2057965091
-1334220770
-176773435
-1694721523
292185361
-1316881896
429700345
722336136
-229146512
1975476660
1859253183
907614755
-668843298
-331490346
-1347875884
1024028946
-1621056138
535163744
-2017218819
-66439766
1344658497
821313167
-1339681885
-1081542806
1720962540
1583681188
-720497243
-1547890625
-555756869
142144966
-556068759
1337816835
40890045
140592934
-1697593804
96646727
206895937
1215427940
307292347
-1211430063
1991865224
371749681
-187951366
2125656423
405002427
-97682892
996435011
708091214
1374085407
-462300111
-632767335
912600333
269018758
2045035112
-1133397442
-546402314
-1852880888
1078198075
266190986
716270310
632402675
426595858
-873238531
-311788341
-1169914113
-190718590
1720633240
1084966758
820562374
798678956
2142144360
-1725038511
-1769775758
-715006749
1560062050
1267273283
577007287
-1546414959
-423232138
-1832479085
463687171
-1932511142
1419923933
-324477190
-1430116364
-1281806975
1246730422
-2077456484
653283594
-1006698357
307757520
1818616137
-2139547491
-435654879
1162086345
468116479
542660369
-1746555846
781634391
800033203
2127375175
-544128391
-438022171
1149407568
324442966
-1347274541
1865837921
982838784
1326255226
241786228
1945013076
-1976670551
2047264332
-1293034781
-1046513358
1144400313
1822750003
-159679645
-935593997
-938583770
-913711078
1347894940
-1314141982
1020121776
466634083
970270075
1537365428
387430505
-903408870
-2137761707
-961591845
-893092490
1509158509
1490357074
1412601116
-1601668329
-388874661
840811784
627244894
805327332
-437539412
-1952715930
-517024315
1716231000
-83732448
369474259
850170111
1021489043
1037309675
75631510
659666141
1272742747
1627496543
-679704201
-1199843035
1923474019
-686067989
1637040550
-666834010
-1434744368
237085507
-1573606692
993591179
990701304
-454863392
290687936
1363492340
-2084209044
-1048769621
2114478987
-1015231550
664223544
-1208139276
-179422994
-962479950
-167754136
-1523497559
-1333595342
1561152429
2125125326
587975107
-1691246175
-1843117987
-307328765
-1657147133
120542500
-245839357
-110757974
1418903262
-75927507
885616519
809266171
-900193355
-1479634730
-253160240
2030784127
1207965768
-890668726
-57817771
-1009295336
682589292
-975725980
1955140596
-1489371324
1173859580
307963029
-2000280574
1757609378
-1123875571
1726137098
471248802
-396113484
-345260444
-291543795
-1734762662
1354559717
1992025388
836942250
-163903773
-1003274802
-699641117
276251030
-1468622017
-2126383436
-937171819
525146956
696448529
-338427819
1708613709
-756748935
-459458008
1439033572
-109199929
-1030450278
-325980836
1380917072
-204224918
-2074644254
-535225443
1731254988
1726300276
-812216992
-1737943224
1601009291
-1958667913
-848109215
1355049660
-1238153781
740377603
1893626642
1157418797
567419925
1749433508
-159962518
-902939465
1447249346
1020357134
-35619002
1838311350
-1992356671
2087242902
713516501
310263636
-11213418
-1969114908
-1567744715
-1885322910
506818725
-917022233
-1101806498
900708204
-593527888
-1502751224
-1813653185
-1809174265
1617203101
-1546619999
-303561178
-323104916
-1493035396
1014925488
2137055588
416560714
-241672759
-680492601
2074116912
1201354199
-1713833747
-414553017
-44034613
1529184807
-149272566
863006669
411550693
-904983615
425076471
392489707
-252008129
-1649029777
-1481242487
1067394842
-2069976688
1422992213
-240188908
981784559
-372223572
1547632453
-791377103
-1205872243
-472832285
1165987409
-290392640
-556998053
-826210137
-1999821919
962519600
-172549131
-627472271
826768517
730805245
1254086503
1387027428
1501999565
760957562
-1750019944
-1550561999
2136697432
-486833712
-443894524
-157659715
-473488662
695615558
-1683430995
1971752705
-242180285
-1210313790
-695301037
-1494235726
-561653652
-1846959217
-1899967518
1066990369
-625083309
1731230303
1985229867
1401983203
1799574170
-1670124396
-1425278762
-137798988
1538661035
-1812488518
-2041328745
1024520856
-1309231345
424767576
-2093160032
1976871747
-2131314176
-433533208
-1472590762
324584634
1907730236
-1821788894
1440559430
454805305
-2073592037
101833344
949316954
1817847895
1695573731
1411569406
1083850567
1447337575
-943586725
363609890
-2078993079
-1950497247
2119979677
864877627
1399912978
1738145410
1434267184
700146925
1237556479
-291070224
-1922652586
-1042818580
-222156403
-1452545120
-682234463
-322573562
-1612209654
-1863357380
-716598324
1128548455
244953487
99780799
-87086393
104596504
-1670108883
1803784355
1985849619
738453448
1957862501
846565438
759373136
408740559
-1791831843
1035311209
1434552083
1169740911
-368970415
-1111860126
1918888189
665663068
1729221575
1303726579
1462888456
1820814206
-942509306
-33914925
-651588572
118535924
-146810040
1854359115
1512830466
-571728036
-1883573714
1894051356
-1126490578
-203898287
201302515
1142962591
1519645027
1741118516
1224327140
778810414
-1874764262
-447084497
-1369610737
1887804354
-1948637341
1649507447
-2130791366
-1520418595
1802014968
870008528
-2127549417
253100202
81279119
1139330390
2016287924
-148882078
-189288336
586094457
-586100424
-1520764688
-824135866
-907304120
1529247436
-304810537
-2016220871
-1953838349
204533206
2064024147
-977607109
638615178
1746074220
-1224257090
-1377867359
1517049355
-1271166969
486410293
-1144701194
1542340506
-2032864138
1116363899
335708172
-677294574
1470731798
-1449855972
-1028151213
-22647876
705556800
1677614549
775293293
-1270811299
-617328383
1717095987
1321235713
-891059851
1179957008
-1687256455
-1647562802
-1414834234
659511036
168881606
653623811
765287698
-870379355
-1211427721
1144813774
501184297
1356111340
399751625
-1152144077
-1537888990
1479174062
1547846595
-1542183906
1757054952
793523693
-1571587758
-2050581574
129922808
-1116917936
-809926987
-752625149
-298697368
-361112627
-792415205
-1863135078
1039969066
-1562698076
1676237449
-901469737
-1512298862
-736470130
-1996479743
482087716
-2047292907
-1366934730
803081184
1347311752
-799794606
-704986392
-1262342009
-1648220798
-1989175210
-1629047929
-807506114
387514136
-481053669
-674012220
-1305867948
38652718
-1481317550
1112770956
1526440330
-492570341
227336290
-1013930302
-1579533136
1013456761
2002408879
1945505070
-993318768
-1145298116
-1046906593
972271028
1868360971
-1911145467
1361861593
616703688
1879944066
1086024120
-1886260657
-1665874399
-1565683593
-101503157
-751363970
-29527636
-851166349
540780257
891098740
-829314109
1141522729
-2019409129
-1362794222
1545545374
2121673691
-1428762212
873124627
-319710455
1567530492
-1059876090
-1064568244
823318103
-1616282858
844004324
1875645749
1376334742
-279299347
-388697329
1718774951
-366480381
-2117088539
-1649106619
1247393255
1638410944
-2134597216
-169269769
1118603490
-1950863420
1546250475
862963041
2036102842
-31797742
-866065958
1088381915
538281089
298754349
912516912
456417903
1420299843
97080778
1871884805
883241130
2013222473
-1789279801
-1813265246
-2092062793
-1352973156
-444659877
-373874769
80511657
770185927
-692963441
927245711
-1513125865
1698111457
511911917
-1398616053
-1757398803
1908902090
-1790939274
-1437033427
596383873
-1510006604
-1695695144
2037895278
1520493028
1575384549
-1958017056
386597139
1273380474
-1326149958
-840816595
-952830253
-1207709235
-781030674
-63435994
1636654013
-237261155
582931740
-392595667
2057359960
739150139
1027557506
-2100626924
1681447691
1608530710
810741511
-530143025
-915264577
-660051050
-1805059202
875144811
-1561436734
-714837464
699130924
-1658935746
-1126689298
-1917008487
1455899015
1001512288
-901838070
-1172206425
1734759744
1787696985
1774423663
-590928939
-1218085500
-890641893
-723551506
1552198783
1452349565
-1293482702
-1617646096
-937166547
896572446
-1743407047
-1071157537
-1579979989
-1371216352
458247312
-2146604859
73373016
-1706227641
758857291
1319115313
-2015119298
-86698775
1459675244
766238561
-1895994525
868659120
-123791275
1977809565
-1182726178
-1834260834
1754324087
2144222944
-1821267924
1301092177
1728342607
-1152696130
-1076309692
-1189026680
-1804965997
1984049537
877074664
1634566117
1329160872
-247740268
-1937220291
736480244
-91986346
-131997916
-743743075
838670955
-1648716610
2096865796
824566956
-1748333901
-1462698614
1142980048
-472153175
128273574
2121737062
-1955911339
-1705050362
2046544794
-83237712
1520988720
489337913
-1807481442
973060971
1628680116
235299028
-1023175933
1204062328
-1804795888
882737875
-1781390819
-1700110841
1079227313
-55907788
690056010
771226954
-1974367515
-749514803
750903603
-176882837
917088704
1888617817
2009833810
1365164480
1841849923
-1674046765
-16291661
-508502723
-2141236039
86988039
1382781182
-144813783
-217368988
-2101841563
-1392682572
1103159573
404205145
-613174505
-794361417
-1050769912
-120659800
-1838013098
-778603248
2121564927
1979801535
1888321273
315134700
-1262826348
726993935
-1927630002
-1013624856
-1110853636
2024786415
-1779155923
1830369422
-608754378
-84069951
1897296201
-1851320290
1830787200
-270754222
182026441
289195920
237172493
1622621574
276421910
1068919001
-1373381899
1200883508
1616458742
753111661
-611077523
351911503
1567572698
533016325
352656951
1619877957
-486335373
1298339233
610354011
270378667
-163925110
1024761296
-1380711401
-1196261607
1033355025
2013770799
-1446095853
1698798930
-933868684
881210158
1832721368
-1525183576
1779600692
-818838502
-1056546941
-887693922
1465960631
-2123838378
193305781
-2065340210
1331389273
-863098132
1608225741
1882826765
1373139398
975424068
-1057689511
-2097632052
456742794
285329970
-311524151
183976641
-1562620951
1953646133
-1965748891
-1305007675
23123947
-1961821187
-1674989952
1856211455
493724091
220223021
1752408557
249431618
-1984489167
1021173602
-1782921294
1390416052
854317485
1534878068
2051935739
894068143
19191078
990524667
-319560623
1668731115
-473654142
1827570964
198323723
1828626652
-242067161
-1777300635
482240516
564816984
1049775057
-1050146723
1467872654
-52031876
-1092164442
-1075414080
-695613275
-1709310768
1327679623
631038306
1147656551
-1676059735
-1473947736
-1476790734
98574531
1958114510
1411418466
876169594
1937377904
950367326
1962946887
937139812
973771297
1847037936
1868038518
998597055
-1310031882
1008139260
159309361
321402883
435124277
-593603720
-908896596
-1054283886
1304023609
-338930234
-225552601
2105746240
563374762
2096832205
1380345918
-1576994539
-666704658
-2125447836
-1080619137
297003345
-1410461730
1691175927
-779803331
-667293265
-1708826180
490663780
-1502465117
-2059872018
921157477
-1545445338
234763019
1176446604
1528103618
-981999180
-2141702256
199275220
-489884540
-822424533
477357025
-2142033125
660057360
899550250
-1482508968
255682117
1769902262
1765162236
-915571382
1986102670
1811700521
1730724092
-1619289184
-704520825
756936235
-477529035
1008389798
81587037
437573511
1552356680
-1210864606
1738332769
-1994931644
-1277173614
-1868294232
-260350525
-2139338985
-384312947
289032749
1889723041
1136185369
-674607497
757087961
-2048762304
854885305
-436723152
2104531232
752434328
-642356493
-253900696
28006419
504705813
-1532737855
-2115346439
-1160647950
1676934043
1616169170
186879888
-1185449210
330775499
322970489
551028883
1911258797
1448680580
-434821913
138204222
519170486
1234458028
-9940579
-1917858033
769494766
259699248
-1927957989
-1675889052
-1646885125
1059147848
-1241167907
396520545
1096790119
-208002561
361586055
-1032497641
-733242113
-739872270
1571628638
-1845495838
729972830
-2029621161
839737594
-1773554670
-1574964284
1191578689
-1839468231
339201996
-1735875797
1562877217
-898456201
2133598770
-75155556
-1269751664
-653747461
-977464895
-1938746690
-706146230
1169225139
-1171946501
224440239
1285297277
467722020
-137256123
-1643332330
-799730108
232915099
1582800657
-309574536
-884640147
-281678680
1299827263
1790538443
-1049400190
-985519156
532790208
650237512
924897799
-1771839375
-1206233732
-1810094715
-1363354113
235222554
1019794806
-315956286
-784886603
-1623322662
-1652337364
-1435208062
1672867768
1512876554
895834947
-1378975651
806486566
1909072693
-1838587037
1600361748
-628974291
-204857257
622362720
-128476442
-361088817
1632895047
-1299219303
1044409633
931472612
1364677232
-620028763
2012058619
-521451931
-1557887801
-970758101
-262986335
-396761882
-720503560
368581904
-853990256
689851492
241504482
302952664
-997069020
1858225985
1231655493
-1681619899
-1611688850
-613960565
-1342578246
-415355580
-877059510
542162564
-935543581
1055324937
788414639
-2049542818
207436770
-1021175688
1524149832
-1410870714
1023717902
1174466758
-189763004
-716740957
1623549412
434682464
800118633
-2040644705
1583633467
340478987
-1171684241
417244645
1411347131
-1321885620
-1015528053
2010780076
-839834225
1673046793
-1815258295
-1600582924
1336466521
-933796496
-1847237986
1672807952
146541158
-605080553
-789501379
-1679315869
640806434
691932003
999622953
217821550
-163587122
1400632878
-579958133
159872009
-934084753
-1548492124
1948811973
165277680
782223881
-1830692499
1897062854
2114372481
-2095153651
1654326032
-1649092961
1350979011
-2074112241
57024406
774182998
44771498
-1374041925
20010093
-866293766
-931232872
-117477111
1304196239
-42229769
313074215
-1132013137
1151149795
-1372330837
321323813
119936215
-1896575261
199019064
-924847137
1565049106
-465282178
2092401563
1327469474
406986891
1951096895
1235447549
-1534358658
-1276317825
-642769747
-1366453431
-237044147
248360428
1086445045
-1293819138
-409045773
-1130147704
1191126726
-1722984378
-211301658
161320180
2040211836
1937587782
1974853360
-1674627791
556310656
-1803994186
1881672755
-404335021
-1188773651
804975284
1188671342
-199553421
1905361783
2013219285
-1789510531
-1595847191
-244736120
1492824701
-176510938
1387853755
817271979
-2116353936
610085394
893064527
984835629
1956030120
-1419732200
2109346152
1911352577
-944607896
438891457
-608817585
603644900
-1239157359
-1250251000
-1519998128
-696577599
1518902579
258413921
229330280
1571436117
302881126
1388557308
-2050932933
76324118
736057691
-1223982006
1129413707
-2125301167
952338093
-424900673
438188903
750941841
-1797114116
2024594394
-2097673120
-1422455737
-1997004100
-1816229278
-822436606
2137103271
427095370
-2071356943
1637636418
-1798285105
379980352
1734877877
219896499
-798853074
-1572918263
-414684299
-1232774337
-509067997
1503143863
-1406840110
-1874878702
-1880961308
-233879021
331712719
248449497
1513224097
-210888203
-1418306413
988795692
-1430507032
-1943084074
293544556
-519074233
-494950326
1112992419
626423319
3373312
-582939841
-1702735405
-26026690
-1669315083
351756614
586945723
119836225
188208644
-2141047472
-1550999776
-612475079
-229337857
-1956001954
1498864398
2016420153
-2077135456
-541121688
163104743
-1433080874
589859002
187449985
-1788219714
643570921
822234033
-1251829193
1584220133
-1101262701
-1380890068
-82264513
-300325436
-645278336
-1217454328
2116941906
-1931020052
-1157537424
1998151823
-996869551
-107282069
-1195505165
1978475497
-130740561
-1043185311
811287923
1756546002
50555663
1614333139
1479669879
-1085088115
1116506411
-1106144578
-442051803
-1981235433
-1354782216
-480257169
-1681751287
-990534240
-1001593081
-196855791
-411779820
-795106506
-955746770
1479921543
-1250991130
-1577190205
919339879
1776841852
681004623
1028671801
1249461495
36573367
198996499
-906182901
-313578030
-701304397
253982445
1541235934
-873110979
257542766
-1593379370
-1811211904
-1162358091
-504004991
-1764300666
-327112935
958832911
-1251210640
-1516171974
-1157671521
-1544768544
-1120985789
-898284872
1283829903
-168715234
-1817430187
1103437968
1921020889
-469651193
2015322731
904810403
820565019
-595491263
-1957636344
1072916201
537040402
-1520426942
-1359535362
-1688252306
1755294028
936217329
888972616
864778908
-571065822
963753613
545288983
-1522443840
-1485738267
1480179406
2002254378
-399245882
-1363917737
-2037383095
-1185418142
-2007580601
-846643875
-197812200
-2013233003
1675775685
-1410278927
-633706055
1989244065
-2010540748
-1154741923
553264950
-850838332
-1988866884
-1900082267
1272240006
1138875435
422392509
-2093189564
1372153651
-1400577336
1980640275
-1552986085
1651560252
-1566020504
-338372454
-1166640986
1985068604
1305771268
128867060
-1680683408
-1100795957
2020691542
-2077140855
-1265841975
51811875
-1011588433
-1750501937
-1179813707
497580550
-590647033
568840907
-1148050138
1761653983
-775848363
-671069226
2053174894
811182375
529250337
-1533836636
-1319607058
1131945226
-1016011690
-289279102
1142578963
1488165705
-1982367140
-924542242
363813507
1319730785
1622391142
1592520460
-1811102574
-1603073555
-1919922168
-1827786169
531465722
165230152
331442443
175792373
-729641525
-477687178
804991364
-78299090
1936496544
-1008345020
-1065210845
-1650831233
1355784467
1851543213
2109531592
-103634710
14926450
-1302563202
-1554784421
-13631951
-1267835214
339901757
-1081753380
-558212525
-1010180445
-1648360889
-903665224
-148682666
567372645
279886391
-133778849
2092529735
1873370138
-1612260210
1611854610
388243327
884230876
-597932144
-318135295
188586279
-1903164175
1804566124
288107156
383322877
854903357
2106451359
-1631115256
-826863017
1006931959
-1769021031
1087364414
1084865896
1178548895
-1057899617
-1714194481
-2060954431
1898709807
1782214899
-1427792797
1083685146
-669549680
921292851
20759107
1301567827
-901192113
-806385410
1291858987
-1562966859
285791632
-952430115
-2018194844
1092492668
-922860222
165316703
569553426
-1810305127
184984724
728035205
-807414326
1022046131
-637500762
174026848
1334819687
29025903
2118636163
-1507622664
-719131874
1813728240
-803341745
1724257648
-477285426
206264225
-1893260868
-589414553
260792476
-110688207
432632770
336322464
566637503
-619272225
-355317873
-838513180
-22431080
-264793865
-1315937093
1459428134
-1286254843
1135490715
-1882073409
2107593192
-1468409355
-1119259194
-1389952089
-1829250850
-1153356993
1687909006
1991506439
394910672
1655863983
-282294872
1509173803
-319136060
-222992798
1186004529
-832307567
-181510309
-300547501
-818758741
155649947
182397051
1946275125
-726932411
-1493651840
716028974
-2069979518
731921246
161522563
-1863813175
-925244973
-48833461
-1258063000
-37464496
-56642702
875453784
-843370462
1644000536
630108717
-1633575155
1319794896
-286736722
-1942578580
-1707881551
-315020054
289071095
2017263238
-211924205
-485022025
-882447464
161787983
1040428679
2116442370
1706643351
405385205
-1953048273
-201061364
-1787166398
-1100172276
-1823086469
1102345668
1269498703
1858510566
-1926455054
141762869
-307844540
72185128
-1899338959
1105058111
271794969
-384194151
-659296972
651627145
249036827
-327953859
1591307220
-925380426
1335447570
-578807134
-373448560
607724246
1560347558
578684792
1791172495
243192606
-1883708162
-687317145
-1006573083
2099664348
-62610007
371871005
307226645
-1826192476
449988289
-455340379
56035542
2087504591
-454664371
936035839
1903429658
-495483867
1360782567
561266412
817570379
720658137
1854233246
-1126646264
-81250345
1682249653
1370982941
-1567478498
-759159570
-482611307
1533291276
-213829449
386486666
-192637671
-1913840459
1748382452
1278131631
1782936981
46077418
-1555771491
227610099
919644492
-1815285978
-1374745223
2143116353
519761630
1467149042
1627709663
1996083417
-48076290
530292874
941323149
1544832922
676731239
779513024
-132641353
287278467
-1532348400
1302957343
-797442973
-410008969
-1982530146
1458063698
1287653619
1492093760
-17665511
-1736978745
831739395
527581141
-1392162590
-877419889
664450420
-2076593697
951449316
692899207
88263625
41461625
1043363850
-2062735684
1642632369
-2131474889
856979440
-476422133
1987124452
1795336810
829608412
910866696
-775781070
1866804897
-284255249
2111274017
274834136
-247388303
1690775959
-1831359998
651743509
-1545463943
-25956025
-324044999
1270990844
-367222880
-1697537686
-1958248419
-1584034677
-1600540768
1756147860
1604900588
922930685
-1144669496
2037564666
1372147763
800867420
-1726483203
352931620
279294322
481682521
757193729
-831646752
-612522497
48299103
171413751
-1753095815
836738602
-404451611
159761958
-1683168215
40959137
642809347
-1569569539
806309323
1480668694
1268735048
1852854358
1407730900
1648150302
-213649718
977430270
-402108797
-633396132
1614605437
1563896437
1069787223
-2020538146
-2089163064
-477663759
-64207679
-1114454330
2114144085
-1227378264
983719707
287866412
1804492584
658476623
759552728
-126329277
-1707769101
-1671572259
-708713989
-286698310
397185191
1630037652
613381837
-44904604
1354742350
1251150145
2002971849
36992026
510896663
-921125951
-733774629
-1042877728
301683634
-337162553
990603465
10835526
-1087830306
572868061
-1610456591
-1256163824
-1589274817
-2017049432
791357236
-1597738984
-1986941580
937593967
603491890
1649560435
778212713
717901277
195914679
-965858861
-552788504
1247138566
-1527902348
-811291861
-655991434
-1619016281
-1539225871
-1695520872
-1781829540
1231492529
-1901454398
67281791
1511949315
-1817558008
677560568
991994354
-2009545851
1223038343
-380345382
2140748119
-415893121
-767692217
-1167141931
-336818613
1140325164
-428575455
1505637808
-570812221
445460655
1316941680
105657859
-1809361036
1560727215
1927734555
331181801
1253299573
-662661847
418956498
1198716148
-1869257183
585443200
-1863360361
553860961
-343819455
-1323871784
-79697281
-1654857844
-713508501
-1764110427
-1558021703
-2112308314
-445305180
894723966
1672436687
-1532444508
-1222652084
-1951502281
-743852500
-93634694
750427451
337908525
2123643869
175794568
-1590092506
-931340317
-1204487269
-879583148
-522453433
-1742764851
-696677880
920751226
2062358589
-513293972
-1795355591
1060843488
-1851595984
1285612954
-1719277964
978413357
1946209848
978874918
166269754
-1570926981
1794906111
635547299
-1373804921
-512541366
2105740708
1360808061
-2060893865
1068387768
-260123678
-2061676724
356088172
836608750
-1094312335
-42261908
785938766
-93363491
-1552320085
-688774195
-1255613293
-1720019158
-307754381
-819903481
561450080
1712154982
-1465522094
1467661232
-1951817681
-911839614
-1888782878
309757425
-1420785966
-1707952767
1156012911
-1126600617
1921989559
-1907258001
-844953638
1320997862
85888108
-1908787567
-759964736
640699251
375829093
-256970019
-1192140068
1091566387
1652212989
2049714604
-1542766679
-1304478322
2060109754
-1673948499
-1986024117
1897974073
-2131633964
-1766941667
522042287
-1910332285
1817854968
-870678476
-1404261904
2110093806
-490111671
-1735148062
1174668028
569123328
-1937618778
-29759301
792092791
683243099
-1295281870
1878000686
-1003816993
1041220107
