-1176495937
-1016693748
-205573049
1221978795
231953097
122437423
1815716181
694866145
-1328663957
450521105
1457062251
-714663911
-419241660
-392399207
-1185276029
-2121480703
1899228453
-1835602758
-743128862
-1970526369
1358131919
642292711
-282077316
-233628498
-1218203392
1215223237
-1029966186
1336679404
2000635824
1980724258
330165677
1839922098
579839895
-653857755
-1465012842
-944579708
1037858291
-1752702777
1514920934
-1656636054
2114381959
-1965234047
1437776019
744727743
-139436570
-241927610
2030909915
-394768824
524006897
-1219873356
1661567588
1813239176
-613601635
2143287941
-292940380
1555290961
581224697
-1490255029
-1458868606
814219678
1340832367
-1244891300
-2105942979
-1960456032
-1043616183
1679697930
-896677491
-756197098
1567742839
-1090556649
948097543
1734682593
890909326
1919439975
-2006955579
103374551
228370452
-436954889
1666194245
158533335
-1808212230
51975437
686497681
771354396
1205319529
16884657
-2077207392
-146493994
-267352639
-253287077
-498166276
-291531274
-996395554
1987353581
700365732
1127003721
1908465308
-976383517
-542751949
2114729416
98863517
-885571384
240707392
1572708653
-1575079095
445197035
743557384
-1529872951
-544717035
-1247732653
1298337866
-218122860
495459336
-597571857
-1973082766
708751493
-26069637
1568828945
-1533220359
-1944834268
-534033376
1760122141
-73231605
-1668859299
165831492
-911088259
1560873577
-140526442
117468760
-90521641
-1902118512
45586434
1848527533
2057776258
-1524047077
-1399435721
1511657854
-1803378891
-738595227
199691518
-1666120141
-655605247
-594589326
1950495849
890479844
1985723264
968246542
-1140807125
-1864526565
1836033102
-1895067850
-1449095645
1790149853
633954232
1832398775
1810375737
-1230688277
-788444237
-1544606955
1164773229
-1861085371
1150909456
-832049234
804452909
-492589841
-544967444
-1808797411
-1082726426
-1143474186
-1086810004
-252701213
1559227356
-389811019
44055466
1349049156
-2028375746
174404948
1505859306
582112110
-248070028
-2108782959
1459160336
-570727968
1978764732
-1745642302
1163085398
-254420471
477781236
-1600910054
104643129
-1730976721
690671288
1275467563
848676020
-1357820782
-27841873
-39451989
1871434416
1972347089
-1627538654
-1044966022
1234809274
387071883
-120074802
-1194367517
-1626788106
-1777287607
-818319878
-55046879
-1971637933
807684506
-1586877494
280985125
614122239
11592575
921863381
-351009642
1567800861
-780557303
1878966774
-644304871
-1859841867
1353048128
2024889951
-1022939182
-2076324884
1001872199
-917746701
559243817
-1060408716
-1001396803
1136240851
612211920
839465541
2024214373
-428754375
-1858801403
-1610664564
611766024
-1371193211
-2046103532
-901277980
1781548185
1768978581
2132980768
1214743747
-1648887398
265051737
-580046559
-1440927690
-1275378754
590939301
1313411632
703341264
-878268976
833951304
-1544771838
1800140767
-178287917
-1388063650
-1304255055
1936520417
-480176279
1577330146
1328202946
1120482614
461360504
-34567033
-1533316765
368074006
563858954
1827214023
389162484
2020018116
-306870924
203786043
1620321480
-1940757245
1583738298
1933547821
1792645932
2017180105
1487803185
-337008021
-2057736025
146716722
-282607770
492857950
-1010022781
-1448025417
1725656638
-1963815334
-1826526324
-931172705
-845287074
316357430
-1547122665
191125941
1192912332
1499526175
1407256133
367699770
1356029910
-118218071
1693022856
-1908082659
1018196274
-1205498842
1686868070
-277286295
-1554289306
-889305029
789036925
1301621758
-704442262
-70775633
937158
1649314947
-2008093813
1223549574
-728998883
213736090
1370143889
797612110
1635390976
1707173974
-288517341
767264184
-1858148970
-686288151
-1413257110
-1977387927
-1894968589
1822820769
1241910517
-1200438766
-1511637606
958533653
1738313948
-1299771459
604928835
-261279845
-1576629721
-737799574
-1815339299
1303907324
-869606032
-2005116710
-1146197035
-245608598
-673715002
-750642519
1266006424
-984849999
-203599660
569730210
-212087977
-966074707
-1515880382
1199191630
-98344951
540966908
-1028126374
325477582
-1757266250
-1634832909
2045985262
-238528790
1105806065
-1866585131
-1881763463
-426447255
1877093797
-998272190
1797568900
804926114
-1871495660
1541706476
297254987
-661024685
1408554781
222405777
651583904
-1887059280
-121260867
485305892
-420140530
-1794262593
-1777437225
-654884275
-288645056
1646203362
1821212215
12088340
-414703452
-1449135947
-1582271276
-1261588008
1802719050
1221155610
1909514837
-352167035
1123959826
-628598639
-1614957610
-66516987
1514460422
-1417840692
2048108011
2046209527
1497342724
1435994242
1182981092
-847567970
-461910880
-54550909
-801101998
135080475
399010632
-19287540
-1916484662
1240430558
-1193787736
2042523996
-1427666200
525825626
-1460131250
-1224206458
-611916650
1465231095
-642160239
-791323511
1353381774
1286267725
794336687
-1992109411
1652284956
330624142
1850284597
-1181989681
1692394280
-464519614
1342051235
583854799
-682488973
-1171105734
-859466673
309233160
1656844065
354546622
1466129289
-725304335
1447962486
-72099832
1633159935
-1974255198
96523492
-1706573322
-693942685
-1525502806
1323696453
-1276505350
194357578
871431455
-574168476
1995520852
-1322141865
-1593297675
-1890762559
1925911427
183052952
-1546219373
-1770486123
1791088888
-1250540497
-1184287581
371604243
-1983397363
-1738079436
1646486825
-1999606288
953376052
82470362
-321283625
617142053
726019955
-624027440
-1969683554
111128307
1853507087
-1029883671
1793677192
684818983
-1305825401
-138999042
1860170436
1875347103
305532867
-1187066350
-1489458174
2011837452
1450820493
-1556870216
-266738175
-1992416008
-2039003328
-334165327
158250853
-2063629302
1801245886
-1251784744
236665805
-1104115319
-148542297
1350310210
66871845
710135070
-1038893369
-71966815
-605696968
-338464803
-603019825
1070885352
-521825400
-534617466
-191026617
-1309839564
-1572927647
414534663
1974157507
-1946139926
-2130003925
1002755141
706721620
-854448356
2054906880
10704667
-1394670015
-2100109008
-1616078722
-544455774
1583216631
-1998359357
349773277
-1368151118
1772248125
-1760352054
-383484093
398509993
1421818539
1988442874
-1358674858
1967551082
1203583068
-671881879
1493872659
-1116151384
649536738
-1586783627
2023626973
2064653924
-1946295686
-635200796
-515559975
-1673854541
-862577280
1036470861
-991838856
-1367426619
1603634980
936764853
1354289492
-2086986974
386697054
-1175158660
1908421440
1921794613
-1568368097
1466461050
-845762662
1648773390
1324010440
-89232796
-569530142
-2108680861
423692511
-1165665420
-58732400
1143898839
401093887
603465
-1583736543
-1881051778
1426078992
-1310359797
452539762
-775397216
1115330744
796174034
-78694062
-379785795
2035216145
-200025528
-387305647
-91426863
-267857252
88688012
-1834108962
-10535207
-320812940
1070914649
975111568
-919496811
-872280378
-22933145
-1153185085
8829838
381802112
-451731440
1846144103
-62386854
597943368
579128375
-503902700
-573690594
-2074882897
-915162011
-650359968
-499623597
1434009510
-1348808140
758887029
-204302387
935401264
1072964848
1632785373
600238841
1759255897
435978874
-1567425633
1163269990
1775222118
-718038417
692774800
-1667711610
-1660677043
-1294911606
1424690914
-1416508492
-1120005017
71969606
830852864
493325432
1718333539
163958727
951718302
-1591159542
-1122811523
-1571863558
1004683275
-136833004
-1600742160
1453049338
1005492169
1422811324
-2104652631
-1326329931
431469662
-2145093151
-1316839620
-11347505
688874092
-2131704413
-1969716453
851699910
-962392065
1158449449
-78814972
-1649457066
-1373344218
503034014
368372155
-1910761186
1482823620
-1698803845
1071188729
-1122069374
-1723641433
1694720267
-360939612
95300307
-650692647
967347500
-1988513985
-398663763
-36115402
-1058343598
-282357597
-801273696
-1752196546
510217681
-1024097297
-2088971758
2131387436
1012385626
-405121092
1661677155
1390775623
-1941271354
1751248277
1622414162
1825011063
-1291593454
-1999621723
-1797183073
-216450534
268364202
-1582868046
-309439760
-1167585256
-1925099286
899325770
1507699192
616147764
-1534038815
-1498027717
1562960085
384779941
348194391
30545991
-94395975
1240998629
-1464640495
-2068518120
861459916
-1739748152
-2115101102
-172577423
-776538543
-1388330545
653205157
985081510
643681287
2084324797
-1183795238
734952270
-746962735
-945062549
256848461
-1413614026
1644373912
2056037080
1370073197
401599639
1352932976
-1160485244
1703817084
320156043
-713953543
100913661
-533116781
727829693
-1210445561
-760070215
317513193
2136074336
1530213253
-1575060442
-1075621804
352004706
1451159446
25715711
-14198514
1467870432
959646204
626365409
2002895804
258804188
1920132797
-854000354
1345995948
356134444
-1399057661
1488876495
-1443303586
186640309
1856178499
295209519
887755077
769778393
-200043614
-417313497
48133326
72289069
248148115
1411102244
1782468769
-1678212241
-1869472316
-153557456
-591042778
-2125748042
1493626170
460947008
-1067247030
-1720937237
1136969914
455780554
2132899714
135386231
102975339
-337925989
1067614223
-495369411
-1460995656
-2100428570
-1426902652
1436107979
-340193413
242715295
845681285
1211157451
594852951
1793067785
-651212848
1150018751
1301020261
1143545742
1166046593
1895413741
1155771154
-427257138
-49090415
-1672726889
-1916737978
-555061511
604439711
1686693743
-1179621431
-51289759
-721989133
1953859145
1171403490
-2090777782
1890813886
-400397550
1127654464
-127345660
-730464602
1950346240
1818491422
16592955
-1032194174
-1087688950
1122613921
-2100694387
2062582370
-126738790
-832988028
1147136349
1454264785
-1688898175
-514599434
-729588250
2043477597
365631019
-875629118
1695148179
2132704855
-420339437
-375280976
-858247540
1710872022
-2129822088
-69788373
881157268
1859404546
-1691300016
146587427
1127459601
-796235122
-1592329859
337819188
-2104912020
-328120186
56148798
1026966535
1118469787
-1971394230
1923953128
871354616
2127582459
-1655230759
-1522229292
-343638791
704853858
-2012666286
1894432155
2078628533
1050145140
286110136
-2035617152
945076472
-606071499
1340115445
1752551469
-1363403187
1896576992
1889066273
-1375892062
15981288
1139025910
595004675
-152388246
1893160134
-1156894567
-1179561513
216642319
135229970
1995292186
354501969
2065976271
-1624324662
135231439
-1173317150
-104657265
-1286511966
-1648352470
293831225
1716246287
539785256
1528816646
-1824289524
-60587938
77078056
-1430868412
2044066071
819675792
-2090864047
1343798422
1807009124
-95832145
1338862616
-1805967206
1288831437
-1308967953
-1087829285
-1967603670
367076287
-1124033244
-1935818166
1878610930
73032512
988040568
1572620546
-969852094
-488086478
1696173400
160574842
1351235876
1043378136
-1556660050
1965217058
355626673
-1981037927
-1690082475
-1269904951
1066411680
-28724732
1717915849
-669517506
665732639
166506260
944263966
553110330
-21072155
-644683596
228830515
132526460
415981191
-1340239228
-1409510361
-117500362
-2105116917
-1606741027
1695140874
-1851405145
1556241594
-120151277
-1570251817
2145150984
1055106362
785371385
1707609250
-1417732948
-476081189
-710883159
1169401869
1785859938
1895907120
-440252540
1386228224
416429853
1797454818
-16215689
44587416
1545614551
-1986846528
-417012352
1057586527
-1771682383
1194883097
1563113072
-456974658
-87510178
-1124339123
-1565250574
480972975
1375889090
-1648202335
1043312587
1982770614
-1320845099
-2019907757
1752992610
1981120785
991043021
800106990
102619523
-1893150930
-434919812
-1512485665
-1297133473
820425052
1278694390
1318951239
1069918167
-1482770235
-1573598858
-1730729966
-1753702407
213994652
1206642817
-1955869369
2057857994
218773394
1653162828
1372071073
1541964869
398596237
-996880038
-6433953
773203876
-707155301
337955433
123966296
1900087517
-61007836
-827798642
-798860463
-302976145
-1964192417
174041758
-1979959150
1044080477
-540246521
-640902192
-1349603914
-1714916998
1190154829
329682336
-1541690685
-166312985
-2089062640
872865525
-1409191302
-750824742
2057456970
-1337273467
918225135
1736374688
2132186317
-1335006600
-1742223525
-185799708
-1672909264
-724206773
-915222224
497547057
-1272152061
-923910921
-1432443283
-148055883
-941028535
-1885430959
943488819
1713253191
-1886921945
152436404
-1037394792
747549098
-1124336680
1605069276
27187899
-835747565
1202547939
771101204
-478162920
-2083008536
-1245691248
152360340
2036338205
1928621258
187165335
160183331
479483645
164176341
1264420891
964210180
-854139709
256804902
-57959722
-498225905
-159982167
-1189408867
-110074476
1563909149
1496658346
191774435
-312752155
-1179119447
65248597
1130459054
-624656627
-1669322061
1181089251
-240022717
71041599
-1626763545
-401497461
1640598332
-397971958
359538431
-933730539
-1796357493
-568904941
-175975324
1718772653
1759785662
1518238724
246898971
-1605220871
-461999741
1160150724
1607760607
-1453480083
1324212847
-855036696
212939913
-1222380323
-495761158
1275197288
-728102472
-219956397
273086158
1794808213
1756004525
-1151898078
1901533760
1982144330
973375094
1480587835
1645080862
-1173120414
1222568270
-1313555778
-1249254485
-1701758103
-921266877
-39476524
-284308505
-1842888299
-1652263143
1333113019
-1734873838
1484223990
1662265710
-2057241054
-277717133
1832330732
364236830
-960298570
-1820855211
1226100954
-167262744
176608764
-940255663
-2079916776
-717553583
1733597537
1169844691
-1792415699
125783496
212614030
-2123222570
440600126
309514762
374295553
-2018263823
934839488
2128766151
660643289
1444798103
-193870732
-1445022075
700044528
-1779189606
49348245
-754688059
1298411566
1170364657
826640714
588463715
-1524423396
-1399066694
1870229345
-791427774
-2066440009
-1631460991
-1491841218
-1727061464
777257350
-379110974
1501082897
1263099365
-825614610
-1379319380
1971348550
1983568571
1378218437
-1821098201
302990401
653841657
-98651612
1382457368
-1298406325
-91043352
-623280512
-131787293
-1758999866
1575282923
-1638277125
183919921
-99548248
280883937
176537592
-458887693
1456054822
-898028595
1627038444
647507877
739846575
219366073
-2055521157
1676463575
-1638460901
-1026862122
-191254333
807262440
-649274588
-1882232600
-1716250894
-784048363
-1184799980
-813294624
-157413090
1361480113
-1349094208
-369279030
1504415060
2142489269
-822296396
337621993
-310508559
1624759931
-1143884369
315802911
-1305032912
785753542
-1078072239
1346224530
784742404
-1914233851
2061638162
1904517773
1010365480
1173351896
-1580482698
-1133973341
1633767795
400847827
-2075523714
2110932505
206355056
1449072001
-72450463
1718752133
-1512456146
1476024490
260881788
2144111282
733803859
-1230626599
-1983448442
472568774
730850935
1838342936
-1260047353
-2053574490
-1218002002
532009469
764904714
1700000409
522096486
1066747370
-1860460015
-63740373
-631314829
373089679
-1589071544
-2015159981
1801958760
657281715
1669591550
913350616
-76255448
-1844224204
-1391204528
335690223
-1140614980
-2058416564
1416559142
-1815936727
2112536166
-971839979
-411187613
-9797749
-1928583691
-1201121970
-778533032
-427551490
1728369242
586035551
2089441145
-369307927
-646009733
1676841114
1432106834
801412636
322692422
-1344699197
324341691
-1078339857
648930569
-1076463150
-54844598
-991623254
-415540223
-1676264202
-1397316856
-1904496345
1082017840
-1311510563
-2021893528
2037964214
-1845754765
2092133426
1088595572
269685312
-144263981
-950019225
-1124979639
1983264174
110666779
34965171
-181992763
464128651
-1771084119
-1029037218
925778814
-67887385
-843721079
286727996
-29935883
-342993281
-1800848193
1371386230
1169068043
1878618906
-1349043229
332706703
-1498584397
-423280843
987189235
-1293121882
-271777304
-1256309022
20707172
108366072
2091602145
1745554156
-1824204422
2113527721
511447939
58833471
270302681
1015257283
1556404759
-836764282
-16684710
-2051774082
-1676008388
651612437
1097053218
463768769
-341919969
-75175670
956132593
-906852887
-395992344
1233730478
2059230647
281398216
317369207
1309232672
1690371436
-1105027089
-707000241
960309044
1410587424
-720529872
1101770706
13438104
62336593
-1126068130
-2062704210
1600876088
1658271868
-1339870634
-2098469737
-577264669
1363620854
1565069891
-1716507850
2132566318
-1465414661
-979359460
-112307104
480707480
-1825146361
-2098706575
1954167435
-1492967698
-797137820
-1547922841
-249133443
1415048177
1628213764
1838697729
-737052347
-1384415947
1856309136
965243296
-2046828177
1682562635
-1032609344
-1029775412
2123738994
-97746654
-382320403
323232308
-876683923
1507892650
1238309347
-2066673421
2089983506
1464952761
130580476
1000985620
-2033842462
1715814194
-41763735
900205144
-43865702
48971363
1788315346
1765414966
-1043803923
541641391
-140250334
-444996830
877417586
1046285164
1382213787
786267410
-80332833
1992977166
554661424
-850885571
1558481271
691308164
866621459
-1083360475
929379265
-360501534
1377649291
685284567
-1669351814
-903782081
-1995651573
1945432433
-1246517
-531015456
1886183552
1812113125
-1514424642
-950198379
975048682
-1396739589
1003688942
530399331
-695993810
-1703937124
-630420098
1980072034
-1263731159
-712991156
-679921333
-640564760
1866023432
2100688888
662040677
-1775536665
-2005675306
1294881777
1718946490
-337494125
1948625238
-1375653576
-44326380
1201188423
-304895982
-1302697733
1153142852
1659384233
-1416239437
-205342369
-1751999329
-2121421813
566746771
-1658865536
1070238889
-1327347948
1471564944
957445045
1004342288
-1644532065
-362226653
536100632
2075762651
1744770530
-973934672
2024896837
976951523
1458809555
-392685026
-2131605664
459094401
-983737402
-1832510038
1492356445
1027244680
-345599142
-1800436744
2104141435
770005877
-832319850
1131357035
-757161456
-374404635
-28495538
-447863371
298977420
-2019414969
1175616715
-867474511
777350327
-467817519
702893226
-1466160529
811289917
1993890231
1240448516
-137642608
-794162580
291810202
783017167
-1985991980
147911739
-1194374338
-126700669
1732264689
-682511219
1332374912
471808256
-1803564122
-2072012361
-1367137146
487413934
334774030
1017808191
-237166281
-813080347
-842683335
1631814374
-1817929746
-2143804529
-866874120
1359301609
105725033
-1420462836
436643064
-418694526
1708165383
606156117
639254033
-1503301196
-1037253326
2008106851
1149261280
-1956561592
1026129689
1759582929
-1011642222
698936850
-2072154974
-209867840
1821050114
-154225032
314369951
-849928966
-1738197498
134892340
-2076739265
-1160818599
-2097623802
-936817576
1415456966
-1005641367
199092685
741259922
-1682734720
-830331316
-910419037
572390577
820085747
-573367586
2067158939
-1842202264
-1600063917
916544024
2037350440
-2020931248
987809850
1573521849
-1701359114
1852032307
1599307160
-274342878
-912733705
-881134457
-613165849
625380481
-1476372293
648257591
-1619977053
-1865582286
-1715374332
-506294871
294054905
-945356703
887648153
1788192252
-1890897218
-536050957
-490835366
772017553
632870050
-2132201050
-1984740204
1259974605
-1838398556
-698611594
-389995882
-2057747684
1307233736
-1143759806
1261741700
230426936
-1222340088
1835441839
-536098710
2057752490
-1226026873
-824820660
398216083
-1659898736
102730252
-304760585
1466117403
-1317375071
233611949
-1727730050
1180952515
-484032658
1984691146
1539412360
1150787844
-417961238
1855732029
-1295163210
-795241626
261220140
-1902041649
218472964
12536337
399235442
-1909986579
-129330571
-1289715292
-961753751
-1500868709
1803267055
-621034939
-1484372054
376959655
1297605987
-1056831752
2081324168
1157936162
1667191088
702875188
-1130746104
1750909452
-1647985207
-131534925
-966329296
1437891662
73153684
-319573111
203986564
1720951788
1179759381
-459200904
1328526797
-897349254
1778965067
545560450
799653660
2127376079
1162104922
-2068469058
484731150
-947171336
382705769
-531657361
997253200
-518027409
-875141939
1835456338
1521889381
-1504116339
-1970739354
1433120054
-1237650266
-1181846724
197125193
-1544357678
1827313034
-187414544
71783071
909822418
1109038631
1251162839
1720866764
-1100270542
358135288
324194126
219728083
1339441103
1062398688
-87139177
1992351224
1653521723
-1481214097
1017290953
-1614938970
701961168
1911791971
-1018360057
-998786157
661019911
-777532304
-1844097804
2140833057
1452499210
994573635
-284388507
1520794631
861554823
1187121348
1020651096
-1755347408
1797986246
1214968731
-945465307
-623402526
-1380169987
-1258994186
-720122893
103999779
-335672349
-1349363832
-1639453843
550299479
1073752194
-1039280172
114049972
-665508563
-1285205167
1440945834
-1686782570
14618300
1880919169
2000670962
-616766208
1183291368
2043278487
534807975
-484461647
782648074
-1831995334
1810798374
625529648
-1112183344
796058957
-557269847
-434861568
-478672800
1907768640
891455501
1314572305
-559867197
-911976285
628098011
753469048
1856224385
-2037239813
459189637
680390242
462971527
-34972199
795693039
-2084308154
1938728785
-637555161
-590839247
2049412185
-1737428668
665374405
-844509541
834148679
1007786843
697169236
1305724408
-1381269985
2001699846
1028296272
-609909993
-778726770
800728654
-166573724
-18587002
1897234511
-889478852
1269438201
419623584
1969065186
852578683
-2139428081
-1449631798
369183355
-37625540
1737316688
1663820025
-121543619
1783231065
-2003149214
212592758
868972967
-1708734787
1716447868
857808101
-900219570
-1543992574
-693829317
162094723
1677019852
149694299
-133266762
-205038418
-26122248
1823914675
895152591
1272414122
-262855338
103490582
-285029428
1027812001
834146769
-1336656304
-2011675355
2081921515
-237111897
1166324179
-1731821665
1110827408
-1660893020
-1720221475
356879769
161861642
-1375250542
-72699430
263902885
-1007830706
-1090761489
1238350854
-220024486
-605196787
-132083488
-909927850
1406748263
-1294277833
732902502
-314922856
-1071247125
-706523712
-82289714
-714428712
-879849468
953923237
1692130414
-1665155322
2087320997
-275231951
394494349
-1370568491
-2038882643
1261563260
432549026
-2138896411
1491238964
-822752972
1894532289
11644963
1025816103
171110559
-804705966
-1575912336
-673878250
886457823
1555340291
-95812736
-1843564212
621098104
-1036102145
-358025468
1766774048
1206648591
605371487
-1253461749
-1980493686
805086580
-1259935775
-614616155
-91510792
-1020811550
1912828887
-208994615
-1995597726
1550328965
-1665480607
-1489018760
-1701523813
1368467515
1426576350
-232381663
1733836778
1222775710
892430239
2044706375
1808037849
-305890494
-196105251
603024736
1396682572
-1317670341
287334125
-555953920
-1758478124
-276526623
-159165519
799931958
1316654661
-1624438314
1117512529
1901109302
-600921211
-1911151544
539706923
-1528623048
143352486
1456745075
1921189895
877168542
-1552128713
39126377
-559019121
2024394844
-1139884329
-1358137579
593613053
933631892
849992970
531949436
1278276629
-2115254657
2100346959
-1510391226
-426568362
1997243796
-1176720783
799058045
-1209687444
-623522334
417586717
119339667
2110534120
850767041
2064925620
384401065
-443652558
1132567977
1035143010
-1305008370
1048349629
1550163553
930055279
1362640133
105080445
1612177755
675877333
-1674218549
-1884626282
347849310
1680638993
447915991
-473785259
-219356827
1996978237
-209072541
104493923
-1616476217
1717353566
877058347
-690709193
22657943
424044795
-378039692
1992420044
-1463376563
965181422
189707599
-393202284
676604837
-2011683715
-2111191522
1331570603
720038342
1924448428
-1317179561
-309931185
1141302183
-1750488116
1973708423
-1356149360
-804938578
-2036717993
-28762726
-2128363453
-202607463
966442751
-1679637416
-62216388
691891873
-1763412732
1732402738
-2033701701
1932445404
2045193157
-1766526913
749328678
-1325663774
-807976038
-1727263872
1030621688
-1286790477
-650417184
1814968171
-1864113159
589026008
-1933770156
-1629159257
31175855
-1521825593
-389114972
-1934184429
-1275627756
1503144075
249647427
1928719884
-1833799800
602413732
-1256484740
1343346159
-843967736
-2040531669
-1878022454
634731996
149007776
-5745862
504608614
1290548925
1493007390
1429126794
-556775904
1743980678
-1102500600
1134939996
-1264278670
247606974
-1703346993
982312605
2145224145
601823549
194240835
-394860988
380331078
-1775127242
1191737418
-145126402
-2054461891
77267575
496348620
-794471923
196017309
-1073137425
88296689
578812525
-350521320
929710704
565571726
410658872
-704892733
665160886
938280668
1555737418
1194791657
1959950248
-1338975126
2032165416
1157408027
1500570589
1524752980
-1400515043
369744779
1623041377
-1439063115
-1117784667
383995034
848617144
1059135065
1654886671
-1330210130
-1645180894
-1186499913
208895325
554182473
456238880
-1646321891
-774667922
1159750486
-2058945993
1008155181
498757982
-2020781882
1621892339
-842440569
379591725
-968750757
1298688046
-1255388729
1045032862
103243459
1441075857
-521783119
644052577
-628234264
-1813621413
-1109804373
1872630899
-316469370
124492129
347761259
1592108485
1125119997
-1527320491
404662768
-856825061
-16627608
1107058250
1235126197
-633949897
323761901
-1824671881
-1193327836
-756826570
-867539882
1642075706
695084104
-593096391
1460886752
760491360
-1958438201
465334343
-2074226093
-503645533
-1057302514
-856047503
1892148050
587505011
1028479181
-1609645002
1937441780
-375433735
-1829957210
1229380649
-1882367086
946401368
-1663487200
-1833062960
-1891980318
678764597
-1778599711
353227983
471602500
962564217
-340183012
2094465606
-2077799332
671656789
598450504
-813945226
-650963744
2080923270
412018962
1415626922
-1337453134
-623747111
-1746154349
-1695166124
-807249359
624670193
-108780347
-413734283
1471747275
-1731622584
1163623731
558361154
-1012435242
237863283
2099634671
442231812
699052448
-371969367
1828788425
-1440261313
362181828
514744197
1156299197
685610262
-580747841
1990595338
464575148
1272757229
2080967874
733796072
1144406607
1253089616
1209488072
954239485
713447016
-1740641774
-477221653
-296183010
-842122951
-513486663
-842874637
