575902075
-114414310
-1123486950
-1624952733
373325046
114444105
-2143528447
239783097
1420925333
-1702135540
744125041
962073246
1022212560
-1106459893
-2013154616
-36018662
-1203201466
-511442283
-1772474777
-1801844053
1518433282
1777815693
957758357
-954491559
1610739455
-1985684574
-1354951773
-789144568
-155502355
-582372926
1950142801
-1052996083
636961845
-1366872880
-223121040
-3038718
-1974439109
1525020307
1395964360
-1219439395
-983419934
1668339698
1397566011
-1960643009
-1997975724
-1311717538
-765436886
68230665
590541314
7793294
-1828490218
554723125
1126543338
1392017266
1717209482
932053986
-1390409449
-2054430623
-1911936712
-748683600
-207867282
500504468
-155429534
871382350
524363430
1461958103
55224443
-813918128
-167427176
2016075900
-577405427
2006981701
814151608
-1554527597
-1339406883
822528008
470041571
-998634151
962159948
-59876266
-1633544870
-239823891
-411153665
-164884319
1329642510
1910836809
356686018
-1399307997
-768933603
-1155850385
634357673
171862581
885105052
-1349010718
-1435571592
-272562976
-602066538
1784702295
-2024836540
-1337583436
1371319125
1157188780
1110841690
993695448
-571003169
-778802407
1847646302
1418187362
1179366851
791882149
276629943
-499668504
101826325
-216320550
433463082
-247908777
247084982
1809219259
-1291350587
-1681845502
704651992
-117338890
1799820285
-1075997954
-530790720
-945116587
-519389670
1435006892
-1324654130
1480035450
-1843376942
-435880810
589605818
-1611761973
1015145012
-202224514
-249911521
1754990506
-338814777
694662068
1029801789
1133913321
621275379
-1863244888
1486532090
771472253
-307953506
2090326975
1667434026
156255856
-499683047
-1534309527
-1070186993
-1451011812
-1905666243
1656979827
1626121763
1046177941
2043896273
1126939801
124893204
-836030361
1167809070
-1103040161
1588431375
-914977151
205132581
1191401760
-1350847935
506077807
1629446688
-1696637337
-97624422
-1133085745
-1612380537
-885556612
2143593683
176407549
607495012
-365569982
-1561899342
373935888
-621334711
-661336000
1613735564
1763952650
-590217615
-177565188
326109195
-1502221238
1209781028
-2064281969
2095986993
-1188099515
-557817760
2100066422
-369373284
1515632501
1782041269
263056549
2019108363
2020897168
506737520
500766945
-678189536
1001070333
279955963
-1231424689
-413635993
-2144886141
-173711485
-1828137145
-1715438442
255358531
340039899
413571949
-1792265194
978289128
2099042976
-486836990
-157845310
-779182052
-490187876
-68141961
329838062
-2070771907
-1152202385
1335813955
1062881706
1194789200
103680876
919620341
-315073466
1078648629
-482332736
673873292
1914539033
1960342300
565575385
1282696966
1714538878
-485728713
-1023004412
998791222
-282640609
454659505
-1237818792
114866906
458965621
-704232738
-2092113710
-1190711572
-621328242
1095525042
1557182657
-113268424
-207232239
367708279
-662985884
-1039243474
-1305736833
1898745786
225164240
1602276345
-881380677
1346800006
-781378025
-858883377
1219822284
-2059775788
1962529958
1070154379
-133066528
-1368280511
-2122270737
1026010744
1778747795
-763602175
1430791239
229068910
1106096497
-1719336173
-567563760
1178671139
-1808168007
95585974
1723997210
1316703162
1024928100
100442907
1248567366
1015674272
-732011420
1128483419
983410284
-391652456
-153220304
1089651370
1958537598
-48278765
-1638809472
-127007539
708042477
-669284668
-932211883
-870576695
1584805963
-187694732
-1763142852
1401690076
1988647729
-66219502
-1104681774
-1863323984
-1649675422
-1640440562
-1420813686
-2006265138
1497432880
-1828180250
1806620077
-1767464880
754783774
62088192
2094724002
-586666790
-292521530
-1013319238
892455791
1912017099
1726718204
-284123969
481050495
-96710738
-1915415244
1095288988
239904677
-658598922
480418336
-161854318
1324537696
588902890
1559127965
-1231042131
1869857888
519857630
306945487
-2112586219
296128841
-988839517
-1467263094
510849443
-890175306
-439681728
-1923744013
1052334007
-285633408
1242767073
-772618137
-1615742392
449174847
-264163825
189888410
677986875
-1209025008
895706657
1896403715
-798805768
956606616
-446358543
-1438750345
-2062983365
-1613884087
1520896723
-1617785324
2107987239
-1804420125
-1046807357
1165340256
-1370861664
1431588926
1853178333
1090152113
935970521
2072364869
-583423215
-863373106
-2108601813
-1561171899
1183906838
-2145974058
-353778392
-1475465625
-1188099938
-473643936
-1359117840
1399602811
-547295028
-1430857757
-1114932030
-299862794
903753954
1881200216
-788276011
-1801629634
-1553041345
150075165
1211278953
-250627292
1939962759
1256476188
-1923417576
-699499599
-2131413469
1283777068
-101288591
-1987360220
1603948268
-79936074
1622247622
793760827
281908258
-1162504805
662099525
405876913
-625425758
-25427371
-571937211
-1488419064
1899760728
1099253596
-758448926
1479012232
2082804209
-639519542
2043559115
1609486214
2121221077
1060155201
-1270660263
1704015337
729079380
-352138740
-812942876
2090466282
-1044974305
-515842172
1830312018
-1813533158
844513785
-1371419724
2123052272
-748650071
-943871315
-1498501824
375504260
1620695524
-258297278
-51392382
1606970786
-416013825
-1924183699
-1092966155
-1880254914
1182007060
281784902
-1761903402
-708523390
1722687083
1500932926
-1252284664
198428129
1990927355
-156019376
642749239
1738481516
1870495025
-1426421385
417716288
1423859300
-2070209553
612536671
-868018992
-1392229361
581524950
-695666850
-1848872373
924933839
-511073336
2122277285
868020718
-839632273
-1441178200
-1844269902
719317047
1130086848
-1644130717
-1469794039
351095427
2123736420
-1407841228
-248979422
1705685753
-553919511
1183908131
853427365
297680550
1821478681
1303605198
1164079572
290367977
870386319
-636370837
-221643192
-732016879
-2001633395
1364695564
-317446689
-1048253628
473215501
-945124315
-1490448652
1669746082
1958339349
-1831908277
1508224721
830624937
-1745580977
-1690399682
99451233
-1302536742
-1564819240
513977385
-2146596823
-725447779
-1291303080
2131217703
1661224057
-1944484511
1615905106
1721501705
1849532638
1442551303
66876348
24497238
1750531546
499731584
496010450
-1582126190
92984790
-893648204
347915046
-1633610557
-1063375785
-1965625691
-1131001349
969655344
-1478935440
-260726316
401053396
1692789611
708319863
725129955
-1678515129
1174623634
982990075
-571028101
1184161302
-1401418799
577446132
1281705071
1534526079
1953447466
181501244
848577057
598361298
1107391608
1019066686
-1871477980
268551492
1921928112
-152462612
-226130142
-1424575997
-1801567382
1162764278
1359217664
-1200642678
-673882208
-1048988104
-298457281
613357109
1875354292
-2141894797
-1109816923
1254140695
-770923593
-1741763521
-930350820
-358184437
-1979726617
-1271276992
-918520615
-1643842807
1466879609
-1465654888
1852422080
-128205638
-1185877607
786828700
1453853958
-893221299
1857845166
344456393
401025816
2020979339
-286154270
-1572764680
-1978736454
1489993769
833977569
-1248268079
-1173774221
-481701028
866102496
-2030141571
-1994041816
-1227193166
-1968540192
-381880417
637104903
1891977504
-1098611661
-1339906940
2034717606
85690199
1377319231
180690072
-252156821
-975983014
-390823807
-587887589
128952365
837214548
1568633045
1520596757
-1499822821
-847442778
798703091
1648305799
1401355229
-1004750784
1156202044
-803719966
-1258050312
-1621808335
-1327036234
1996484028
-1548726154
1957606528
550629205
-1170967359
-114588731
773205308
-1966777988
1275914215
-327872033
-441055279
1180091074
605679845
-815130197
981500061
1401053688
-650544667
-881674590
1523827650
335264875
-1478198921
315559861
-1344660419
1809688934
905513417
1248587886
1406500919
894994938
-1162723563
-2080026539
547819163
1202043136
1721921882
1809804436
1339576808
1618179934
-2086933170
-1497016355
-1821025209
-395519862
-1027653486
1048978571
-865857313
1941271372
-22702809
1125649671
819342952
-1368859961
2081476640
-149209491
-919015682
128590777
-2081265767
1575758190
-1394716361
1406138881
1496654823
1510964599
-1228317065
-67237279
-893042672
-1430244845
2009596546
1598342277
1779801469
-1861598579
-1164294062
1131198788
655884013
778239961
-628092886
-1708975836
1468628653
1650072755
-1576824086
915478307
265532421
151836680
631785125
532689844
-220840971
-1565070955
-1324681104
29996039
-218916575
609424590
18427772
1794099597
-721969399
-1544059392
-1202508441
1453534651
-65217412
-810000967
-1095950386
1600140813
819575118
1436356199
-2108074202
1702536269
-1183499448
752578622
1207867084
-1398819052
1995351648
-967463073
-1250241959
1212825233
2042784809
-1434027978
-477893573
282900873
197795468
-1210513885
-1115862656
1943125662
-702785096
-1272907685
-1796059403
-239913517
514644310
12587280
747838319
2022516303
414985473
692470480
1318196072
2040077408
-1607876619
-1975865302
1226183117
1496017858
431106053
662864278
-2107747819
-390344159
1951330258
-775637610
712140693
7814621
-1181986759
779636504
-485894638
274775308
1056738573
-113474018
-587456617
-320612156
1496836358
-1393500512
1313037193
1761433
-1806473992
-1711453776
-2119652616
-63968668
-1918386617
-1818708769
-355262921
-999847354
-362454887
-1042371617
1139204013
1573947116
-720814386
-1603604375
2120988653
-1232859629
1687275308
-1153684384
1292844805
387329358
1116890846
-1274207690
-532132077
1166971655
1949782175
-2090467441
-1842967524
809360323
-315458894
-1466059229
921834784
1363406761
1436944405
488472296
1978446441
-1780468668
1823445237
-810095761
1623659811
653039239
-1552220572
1056909710
-1099826127
-160386799
-671421112
1940413758
-2145627587
-246771021
-1781543785
939275463
1252825361
1740564782
-2033833280
1982405402
622147109
-191196096
99083884
1178971261
1237873784
1823204577
1336096358
1828999533
-125153374
1073351882
-96092970
122364863
1932221482
126190134
456726965
1803715079
479813908
-1782293525
1381085308
430896446
-479758658
-507909765
1817679134
-40809314
-1330069780
750324679
603771960
-2074995760
-812250591
903156164
-336360825
-1209284791
141033008
-1812128383
-2130083942
-136746255
903123473
351950184
525744072
650471173
752349944
1950967235
-1528581789
-1974546627
249439907
-716433790
772358445
-759597008
857997043
551024955
-13417974
515866359
1241199294
-218926223
71928823
-1979635951
-906579997
-354244328
714204730
1157247622
163674782
1908018008
772466907
439490638
582200860
-221999215
-1576074926
-3228430
761164370
-647507297
2111213185
755470707
58784521
-1039094690
-211073052
-1972290453
795206717
995555184
-233937914
150483314
1623818152
1378849085
1060516406
-404563261
-933304424
1274009146
1381964666
-1936049890
1444080393
1129717358
322387652
-1048437265
-1870059793
2130640434
-1368712093
-635935825
-1220484910
-270053576
248317116
-601569143
294942368
1108821453
1039679033
-835104959
-1130399810
-1198320030
1277957760
895306321
1447344991
-462295224
573199080
-1933871788
2102331417
1573145274
1017623592
-1395801945
188489909
2013191456
781484369
570929997
82528838
2066719634
-2123477507
-139819245
-1318740100
-74000742
808153032
2021417716
-762854087
1117111613
1298388735
2127452094
934925413
1786895420
526532247
-1512897803
2019265790
1661623703
134473568
-1308492810
-1890048398
-507278254
1241272954
-480088225
-457813712
-1571663749
1014345479
1297714350
1915633020
-404777110
-933368030
1514121767
-1776764030
237696074
1530640398
130630395
-1582839634
134759640
-2124045902
1249850278
-1651892678
-745775510
2015983941
609474712
1478530312
1575552819
-1760003259
-82250985
-612011343
-1170686011
-108480339
1769240675
-2062355491
1669275862
1437277030
1311813402
1427613652
-81079994
546881021
346439390
-1321438891
1320310880
-1515091307
-876276172
-670482266
-1464512416
1859212575
2049657519
355654380
-1868579532
-1853889335
1929860941
1714242236
660966278
781426868
594894112
-2111597071
-1798800390
-1526344727
-1461892560
154105023
1190854324
-785204084
1758595743
968312328
-1298742500
-827401646
676341774
-1048843026
1661337573
1736323120
-1254327489
-1219247192
1609217866
-284070572
-269888517
1008332697
-1828750438
892875096
-579421386
-1170840930
396457975
1953947573
-985484432
-594272857
1508622681
1126282869
902601565
-1793030008
323498969
914758700
239212231
1900540689
1977245740
-561620696
1545740723
-443509925
-345158292
1167798247
1842557379
-1716087452
1742017310
678561993
-30438950
1505824734
1849790320
-2003458810
-938433531
2142302787
219135426
838503649
1041028504
434651181
-2139393689
-752374499
271094167
91827683
711686316
-1505306704
-1183912616
-1099828682
-1464964072
-1779426378
-2005185690
-197959282
463384053
-1371658072
-1573367641
2049812031
-108503537
1760112845
-340359232
121612833
-275495493
-1928790289
-918595913
1152058718
1806106650
2012623698
1273965274
-363362675
466870942
1875762145
-160694561
1581164544
1542941133
1218042794
1392222028
1636337241
-1727713723
240375180
1804554520
2087267427
-808344065
1730121263
-175063406
-614053858
-1428146729
91552051
-107590014
1251646747
1413633867
1220634027
-1729934963
-1626486774
-836970877
1200258508
-1577422371
-1332992111
-902534000
395644385
550498560
-1596719522
1194539512
-1707293054
1485946897
2091524735
896329074
743009796
1523314197
-910570000
-1795202323
-597609165
471885990
-1505205131
-1333090602
-1325456578
-1071633707
654262954
-1701197414
-1177563918
1179514444
1486547543
-58957974
1204144939
-1741620557
141565961
-1409873859
-2040879994
-1512042667
1554828765
-1105298405
-1769464229
433349378
-1924939874
-920610921
877734122
-1336097226
1171229714
1626549404
1232132819
1224274810
-2136326255
1008245612
-1103548469
-629769718
-113468458
-1037666330
1947369100
-199283017
-1335820007
2109390599
-425207283
-253540594
-958180260
995123378
953930227
1667728058
417888005
-1104404045
-463190457
495060774
1318921132
1621563905
1168327272
20369766
1546994742
-1381215421
1816007490
518971991
-633203422
-896316523
55774399
-2102163196
-118052318
718889099
-1925074307
451505995
-1437095955
-1898420619
1308637122
-593670976
-1580447917
1270411236
-13333844
1580098512
-262933103
-1581053587
704011948
-1623118551
-452647450
-820482644
-696063435
1319556441
-693163930
873428363
830622639
713846965
247601677
1679182020
201968049
-821098117
71123478
1182405283
1720017520
-1988105158
-795512691
1575370512
-362389903
1433851505
2106208803
405537740
-1441015162
-1434064010
-1023808191
1512225275
1035304183
4035481
-1540211618
-915026975
1541392894
409774473
1178278293
406665968
367840120
124492277
1500557169
-2004221438
-1986854950
1309104502
-1582767349
1088411618
121095265
42685611
-161551529
-500558320
-1489391987
1018674853
-2127525446
609339333
386042063
-1654398586
-509757474
1551312180
-17832320
-1537059484
448061130
-2026832110
-274955499
-2143862414
123923244
1448664664
-419176303
1770982241
1438634745
1829952583
-2019763910
1650858243
1579507767
1110210220
1411324047
750290994
1231508761
1893590117
628273016
2023424239
-278839988
-1230131677
-1937229889
67896781
1165983887
-1561424016
-1966392641
-1310759281
-1859220855
2102125555
-1731735718
1595652368
1702108118
358163699
515351343
-2126775197
-1700521886
-1185072359
-1925586164
-901395910
1550018298
920299641
549238433
1137097355
1648408095
2145504979
-279559305
2110905712
-1017890274
-582298091
1245080351
-1388286130
1121237085
-1144457436
1220130990
1661414201
-1281264650
1755393755
-960941720
128180119
950390665
116038995
1899625658
2143103235
-520832947
-1210116764
391845741
2085123955
-439931288
874946668
948864537
-2027372132
-1217757567
-1049560498
1208924887
259689108
-236978030
-1554232899
-547872198
-1528291911
1002008578
-2133288774
-646313090
1907041489
1188704498
472633690
1049714690
1972305010
-1938352426
-1817034035
-453845517
1268345508
-1590460344
-659295589
-1817064886
-2043307068
-321659880
1348943407
1267420663
890735018
1206578087
-1648521063
-1492258210
-1563676402
845698676
1495216271
878178562
407714087
-2059115785
973564596
1765689983
-1321930348
1223551149
-1379754980
-1185294147
1570359935
-1495478412
-1968971505
865521762
-714691841
1073524760
136342541
1706452360
-562574914
-523736531
781895954
-1896249424
555346907
2671390
-578252517
321317109
1208233489
1823826566
1749111272
-1014119292
532855832
1444462526
-1183994366
-943056821
1208687179
-1555245898
1190787327
2066105840
634971530
2070915592
-991964156
1891716868
-1715720863
-1689513910
407801482
1868570744
1756417129
-1499194717
921849701
-1186750129
-915905810
252718752
1268140546
1942255764
-1972971566
1948171592
442401776
-921649522
1357611952
-426903187
1738141345
729222451
1939827267
742006596
1291180400
1752015833
-2136791543
-923786952
1843920869
1631294003
186477091
50187770
-575358920
-485155206
-2095759745
-2041199652
197854739
1205590762
-1720624584
1873724767
-158820964
113647215
-1415036868
-9747702
1158931122
-533146464
1833108015
-1550897540
1327173750
-983967508
722390414
1842834116
-651545332
1636847890
-1560828137
-127439376
-1103880798
1435220694
910751848
-1783175197
2132070064
-943611663
-927542298
-390954388
-544914303
685583176
-1487072544
1973423763
963393523
-1701118367
1980740083
-997739723
-336598150
-1338040814
556404655
2145972434
1869169770
-1736849542
-725552774
-543453531
-761744267
-1268025803
-906661196
1160365300
746698609
768051403
-2040184293
1710373033
1499064670
-99075992
-1030303375
-1120560094
-465241945
-1977755694
1225153372
1578961220
-1956185944
91131286
-1704795252
151218390
1550506096
-1290076795
987272482
-1591903477
87228871
326079838
574104400
-1656662688
-347708302
741437644
-1549725636
-1186502232
-1125355083
-885978990
726597161
1116498532
219073560
-1443094268
-1199018280
-1430478760
-1088442514
-1139037256
-256928468
1032226138
1857049874
-824078211
-446948084
-1587824532
-145565581
2039845260
611257740
1044684557
-250126381
504348413
-998233778
1631340491
-2069066421
130166140
-602509018
1808753181
-735609838
689628220
353611004
538074991
1257754110
1480734251
-506126602
-38792835
751865161
2076768870
-1391868714
521361892
1754719896
-920823826
1113639840
1522777845
99876665
-254535524
-1690756737
-164234804
-97031252
-213928110
1235554792
-1580281439
269224548
-374497933
1805907967
48748637
492390094
-1724562540
-2103143622
-712319888
-1882781550
1519135091
-965019068
-711842847
1929040664
839702823
-1188190173
-1557609307
1342757197
-1152489063
1889288092
-897077707
2080115110
1603089458
1849991381
-545179558
-1207675292
-1258507819
177288508
875973450
151698970
-1708805361
-1436183129
1684894968
-899753876
-755800179
-917705028
-1649049688
-1607865576
-2142967602
-1694513261
-318612031
-1097872582
-1778369512
-903016807
-1240695066
707137227
-2113994832
-221474633
-324541881
435049066
117192516
-1845543246
1707702835
1921554271
355330988
-1763449644
575059185
-1440809508
1303155153
-1123206964
1774468816
81551236
963996909
-1129291310
-704228995
-2032955855
-537632780
-462332146
-1893325676
-1168819470
-690691503
1059385402
1163219832
1292814674
-1801385003
1127605381
1443974247
-617835809
1823534060
-1680477254
-1103749944
442392298
1146855441
-1275034207
1367420615
256184970
-1702961789
-1160246363
1342819363
1790762215
-1433869768
911003830
339638854
2045207476
1182531858
1585865585
-984382571
-535972867
-417186480
1215757949
-603962871
1151990562
-1977964218
-627928265
-819069186
644172834
1506901072
169433744
1964276811
-1915357923
386864132
2080378934
-395478382
-1668339437
-1915136858
1216232433
36294872
651887089
2066095328
-571658929
2074601815
612638414
-1785413454
1294503300
1830074258
-811310479
-2075148377
1095478154
1151171498
-2084399594
-2087245239
-2068519280
1185539824
-1545538447
159869654
-538256751
-1162119750
129687795
-1497930446
-627756222
-989326726
1066422091
-2004606432
494225712
-1884072436
-1228824785
-846235220
-194450135
1626011982
-1201213349
1532653803
1799620059
-228570123
842674905
490421991
1307829179
1273087134
-371492989
-998626093
-1373016280
1400176163
-1830075194
-161495674
-1795844913
-1702709712
-1175522392
-1296955354
-141192112
-559177451
-189834997
-87715293
-1973218015
-2030688548
-318619854
-366807961
1840653747
-1200464482
452162436
-2062571573
482707666
-1586309870
-682988400
843928780
1349776721
1431177062
-1816802223
-883334530
1707027429
495289170
-1162460494
1151467712
594544465
-311614615
49714260
1959076272
-1292309821
-1405229391
-396965491
2051085921
660746878
606420598
-858994252
-1589263669
-923104584
2090526042
-862132581
-1563386621
2004570308
2018808753
680598620
1110240171
481256051
214967563
-436336296
26539947
1370292152
-136183023
-1009720708
692593952
-694574454
1883171220
1171384262
691349396
1257828622
-36349982
2147163399
1670825328
284569076
-1891876004
-1552200982
1372905134
1932118816
2009194309
-2114352076
1273146066
-397213043
-1359049252
976087885
-798072294
-1248355986
1283280555
-1087908866
1086703091
-1537592939
1095515681
-1578934917
-1986642769
383372568
56425054
1868214436
283538549
1960011825
-1798962866
-1806627193
-1793932936
-913781402
-1200399367
1340685097
-9131157
-48363543
2145790744
384913541
-890151372
1987123265
-1081612054
1877622229
-1171131937
782618409
-1978698680
-747538673
-1643921963
2128212663
348338423
1377278130
-1181865139
-1055649344
1732577597
-2145975359
2062465793
1908517242
-548832074
-1928743409
1252209189
-314605213
-731518873
435020477
-566943084
1731289442
-683850733
-1229123839
-233225652
-300120533
50696397
1523693352
1994933788
1997174759
1441043662
1418969053
-297913445
825239315
-851705720
1168390059
-152543652
183464871
870994170
-1119540032
1574536287
239567483
-620297402
-616391949
-1528906295
1563067622
1593175424
1450030599
-125357097
1417008808
-1139355448
185340977
1599853328
280204809
1024686234
1538292951
1419996346
-124052927
-1172309148
-1173659750
-2084373618
1891101722
-1985613736
1771911062
1846607790
-1208671021
-787698045
1276468968
384706006
-1874503865
1423829278
1523324528
-2140885550
-1887606961
-878232284
1919862231
-1598864337
888861539
871269412
-1579042861
1312768821
2132096135
-57147305
600495785
1723174676
836860004
2105193973
795684083
-1629453988
767728052
1825605059
-1984614749
372021170
-1714611485
-1561010960
517082695
305977792
-1434466573
-1581380062
1605935757
2005609069
-85263201
1424664522
-642736118
1797257294
-1285617725
1323129791
-1193989322
2049966427
-1487131398
628575242
494798523
371596773
-1559934072
1602867455
1612112366
-1047902521
-385861254
-917107572
1396607901
60181211
1656569356
-954081579
291507467
-530847824
-523153846
-313585665
-174853832
-513328775
-2052788231
1859830603
-1749533596
-1711032761
-1133254986
-755464345
1435621334
1643718778
-4714657
1776130048
1991407065
-721855371
-556003917
-1928977253
-351653369
-2092010096
-1044860876
1367847077
616329673
1692737106
-1825952172
-1063198520
-2126264035
-1177745441
-516381488
1290291583
73983898
1979542703
-484346794
1182864108
-45297232
2027063936
-632986003
-808090136
990308916
781469581
886684821
-473639332
794529820
-760908032
-428307027
-1892499762
991450246
251556004
1703875988
-1749237442
485428478
-796069922
1533991699
-2126372557
1501120000
-1287754275
833671162
-1456936176
1973541307
-1290179824
-2132291704
35364011
206221080
-585278504
-594403569
-1298119905
1893786873
-2115490689
1427100888
1570972129
-2098074171
412848231
878594371
1797011217
653811492
829132934
1136064051
295186706
515865095
-538768111
1093822632
-857560740
-1809273110
746727031
-344577876
328775824
-200367523
-551173744
679394163
-1974978612
-659196481
1055300374
-1442503747
1211188032
-470788019
-602825133
269583487
1963250177
-182410150
-1262324964
-817706559
559183645
246615263
-809208067
376273865
-1709924370
906207030
49124789
78782585
198435763
1473879330
-177621788
-934424843
1499412572
-1086819566
1923393282
-1385309816
-323739484
1951616678
-353642093
-713444920
-1382078619
709171570
448803480
-1059820809
1886796839
-2079925247
-2073833144
692682412
776193273
-130364132
-407460352
-395397198
1471183236
-2013097653
-1641015945
-176199889
306666332
-1417974117
-1829561547
2010335240
1032871833
518224033
215850821
-1336560508
-1607230042
-1172899649
826995497
730337839
-1910499496
-783968603
-984831475
-2132502528
80637505
766706970
1872511039
2049233597
-2090263994
-531679492
2059093471
390171550
2133390703
-1305583483
-1411448622
-1455950544
164507902
-123123505
1000323580
2012889724
772474818
141733785
-667735635
-978318232
1563869612
1685506891
159168347
-724752036
-1879778142
1327899447
2092269714
365681447
166030995
1461537313
51993384
650213156
-198110005
1462713601
1009075892
-1731007336
-1122761593
-1242535418
2076639551
-536818338
-1330573108
1178379230
-156978372
-1357333307
-89212556
1360168244
1168041653
-1240176455
-307390584
499320954
85867975
319582496
1590213333
-669231129
-2015257520
929554822
1027984569
1495472579
253278438
-497606405
-1968960451
-161628958
-1243461366
-1724679109
43415400
-1175877267
-1409008484
-1807045105
1046918610
-355894808
-1641562990
-315618829
-519858058
-2057625489
1481236708
1629695225
1775715020
-1612833726
346902986
-1196009235
162418967
-356588668
1168656425
-874717768
800755707
-1071782593
1852678474
-1188285175
1112611154
102254507
900135372
-1230982095
-257103297
-2081962321
-543095844
2078341198
-302233982
-146573656
-601191262
-1475776341
1938849037
-37523608
-782637826
1371253607
896328152
-777673856
1064542579
-1379710892
720048369
2054318018
1852368227
291288608
-1443377450
-1125945599
705867132
-1756881478
1741494790
576208410
-88945294
211099630
1665352149
2068798520
177902830
431638866
68949632
1779155794
56774597
-1739235227
-1521973632
-1358801672
-1944316563
-870321676
-1353040606
136533839
429890476
-2005549121
-1856498089
-1563410854
-910950255
-780077732
-1840940088
378422650
-1799897176
184174428
1108999981
277519671
1052132968
1957257387
1860683231
-1106431680
-874652688
1622426172
-138110549
1514359472
2084556786
-275613467
-1141722392
1251709586
1391469807
191057287
-1492938805
-259966809
1010379172
380916593
2072014073
-807648666
149599683
733477125
1380528989
731465283
-1592525338
-1497235812
-1231818949
-1797581004
837956288
-203819097
310649989
