-1037568185
-684024268
2146808627
698913198
-1165878977
-159641634
654231529
197560683
-1065317279
-898566440
-813242768
906297898
-845937389
1014746458
-1986166536
2119808915
-986856887
1764927107
-938704546
-2146087348
-423707057
1552353750
862646665
844029583
-1871534138
-20213276
134694422
1793397750
951248619
-622312885
1415130935
13694617
578695967
-441857826
1044714456
-1481395878
-429556574
-2077811163
-1921410301
1128917374
-1345900894
788281607
-1429084284
419724160
2146307444
-1596995131
-2043844145
-911232735
-414632672
461713450
-2593758
-1978710845
877067299
131801344
-2035368730
1759954423
-541802897
-901075258
986979162
676016980
203543734
-721311329
-1804318094
-258744950
-790348825
-1391555956
-122229252
-368187466
373403896
662920669
-617507323
687274231
1462256870
-1514643228
-1176200070
-1300696256
1242410233
-1792129300
58046737
849986415
1581044556
723212649
-2061144215
271556254
156068748
-324147344
1982511984
1130053817
-101085185
1992407144
1525850116
-376504239
-1774081336
2037216770
1920433116
1138936750
1661939560
-2002239130
-188856151
1180853034
-2020939640
982968238
1237723256
1162110140
107208181
-1055692393
1578689881
-1404175149
1066407659
1710803573
200361797
461394020
367049877
-337094041
265708604
812250182
-1319673644
517795788
1809403566
-1371011651
1371696447
-600587275
1469367835
1976023123
1224932970
-2145786085
-1427845635
-1192071954
-776032405
566787987
4607717
1306240543
-1570498151
-135706560
-399694365
-1001820745
1838222487
-165674424
1654736426
-1794834528
-732577136
2068631049
1180291316
504024553
79729859
954638158
1050101667
850276898
2077357122
1175208125
-110347224
1932943337
1303423733
937269908
20325288
-641766204
1576184037
-1282002796
1946038108
2072215857
72278455
150801212
1687441336
1130202876
1817247349
1011712058
-1716206129
-711464753
1223681940
1895796254
-1448417547
590296847
863267634
-905068720
317322917
-858143259
-1070759010
-1413363644
104807077
27433114
1061421597
1710249195
-1680954008
1123495463
-1932025365
-283133588
1128133298
2112684812
-844380289
-1197704685
1871147649
1618795616
-1924501485
741990025
-232145365
918499369
1005065571
-173276091
-1106926653
18235117
1572571572
1716266050
310350785
-1108888952
-148303849
-1846607886
1906261217
156292672
-2125450002
-243226254
2050130507
-2007122922
1568680623
-1818748162
1739010035
-184753314
-1139888408
258494886
-694087358
-1049742190
-397821054
1654382402
-1517793802
-159029662
402425929
-1442633822
-1515835066
1157963790
763666603
-1093878518
35962696
-254186248
1207701951
1635946461
413645975
-900901516
-1043729271
-394402409
