-391373337
276143893
1058664155
1335181689
642589102
1866459024
1366655473
1436920511
2095590430
282272060
1218643563
1228383498
-1374847230
-462782795
1643174990
-1904179393
-11526080
338367517
-2096042573
-2111147717
399742813
-529391532
-2078109202
2127321643
1052344134
-31312538
-1948975375
1235496986
1395650636
1538651205
-285938446
-1776624437
-1284635024
437669815
-188854196
532890568
-117700640
-2086827375
594890146
-66941510
981004225
1821336869
-883438518
2023838971
-1377345233
-270389768
-1960097049
946505577
-1633139071
549169592
-2017404329
1811288445
-1075207983
2009073260
822305488
-2146785637
-877376582
1518357997
1103271749
1977825963
-265569949
-1371993196
1571765006
962199783
-465638724
2095651124
1629724103
-1497103370
993667079
131319626
1520267639
-614094022
396180890
1677775986
-595829004
-1055276699
429015266
-813701091
552270982
1028247634
10297771
677151873
-2146563382
-839916014
584879005
1535812560
1139809241
-901310652
-1967596535
-1042058068
-1537341271
-1588505944
912666597
1724705241
-112535374
-743548426
-680866283
1184764212
848822228
-1582763028
1269527020
226321891
-1165420937
1729932197
1637038577
-1852468787
-755470348
-433606351
-704299291
-1336913332
-1630260429
-1530810527
-1457383676
-720473055
-1480468076
1770629858
919325067
-338748760
893401106
-1901445492
91682426
-89668020
92173990
-1613444868
293615259
-451817924
1520474600
-1354145953
-651626558
-1154924194
797999868
921344400
1976523093
1749312131
1074039211
-1028027547
1177079054
118109148
1045632208
721911622
-1149272065
-1197357651
-1724066571
-1016052226
-1385246762
-1342489536
-95582916
-1584844843
-1667542942
2093924635
-1257417085
1482556126
-1180228267
1123865460
-1506055997
764838540
-1838435253
-440488988
317454008
-1481352053
1888350987
-1446205605
1743460295
998411981
-1173170677
160165204
-462472165
-20145438
-890395847
2041824585
1043646224
1627724428
-1915081480
1861111656
-892441644
-1796699758
-1619969688
-855665531
948711499
966940884
-1870292502
-247914158
185940531
-339239265
1086109410
598712526
-219231608
1205598274
-1606577217
2013997563
1710033706
-162893599
192778039
253899987
791712444
218464648
115499991
2031774332
-1172454706
983465602
1164258490
1539949754
-1024891843
718669291
-2049281384
-574246748
-1691867687
-1699986556
440370434
53815450
-142286519
-351199802
-1951554581
-1319765642
261868075
1254203449
949468522
1878304512
-399053953
-85903611
2046804925
-266755161
-1123379387
-1011707959
-1952653424
-2077896850
1607904355
-2135084117
1656488575
-356290012
-507783476
719990447
-734487079
1655710935
920792543
-185378740
-343703129
-189309302
-1635724020
-1071247044
1871325164
847026213
942441149
1312000659
380694573
2133801900
1028460914
1574300179
1832324915
-231615820
553156398
615702462
-1987889393
1449207825
1400110865
-27688789
876886877
-96513836
1736573254
1740798749
-2025769523
1896992884
-659663586
-2053703727
1500049119
-96383926
288868733
586398870
1097371373
-1505983934
-1907822732
-1012702173
-166864018
369587919
136831791
-1725710556
1295615096
-1480913377
1545551633
-1032342891
-1016445306
1170769040
224435485
-1391974573
120710267
-736658847
-1690088809
-169091344
2037464550
1145865900
-1672998422
672612806
1833502087
-856586861
-1602928948
-764249522
1971379218
622335418
-785629025
-236621390
-2130783438
1117911284
986484506
-1538358880
2030410960
602033216
-1416776408
-1286475936
-1836062060
285592310
1161078288
1044218920
1686356395
1574932797
-756629291
-1306732881
-287258933
-1667558977
-610327073
1003493887
800638580
-324324704
1525760730
-356481649
1240595831
1515832747
1057863901
552250000
63366587
1239011278
-491978545
-1884796281
-403731650
-1879944248
-170561018
-1792507109
1218227546
-109145056
-811036880
505307951
-148033463
-1520697256
1069399414
1461402931
-1425366293
959267170
1431226846
713771703
-979247930
-740484781
-2015567632
1218475329
-1657210803
-666695082
1849351324
-555722657
2092182884
-1711867678
408161370
583520510
-1754312669
1837120815
-338371693
-414732803
-697698342
517986277
-162727361
-184330755
1801491028
-717439466
1186524110
846427770
-817043616
-1686867858
1994072139
-1868820449
1349308556
1119965609
-391447617
2082894933
-1332336333
-238325692
-811438125
1722091548
-343196998
915388279
1058606008
298835998
-294442730
-673924255
-1603951029
736528897
2043552656
1520669829
57542259
-1571514628
1047879116
1554939508
886975949
-881083476
1890784519
-1661588020
-860411509
861903144
-92330593
463081824
142577049
-836992174
1538323672
-540085576
744357376
-2016159632
1556067036
582658491
-402101617
1632484858
2058762499
1051383722
1308156087
1547261621
1636829269
1862786384
-419227722
-1762540032
-1450628020
902070391
1349786360
-549481363
608372189
-501353314
1100461753
1257458067
1681670841
-242795800
1427475182
-1246802143
1547338959
-1042936490
760342629
1510240566
1361608213
-1435055816
-1893934037
-1436184592
936608904
617614560
-1917055699
2041337411
-1793072527
961936537
1963085857
-466482677
855336680
710435543
2079462822
253544803
1523186333
-23715921
-1835657559
481478967
-1350550314
2136185737
-1836195061
-678794985
1650224307
-816238317
1635923584
-595120050
91103929
2098840184
-108054598
302057523
589405837
-644813359
-68090427
846481342
2047585535
577475803
1075918772
535716957
75459146
1476701162
1935291005
-1269539832
206005401
1105953821
744454433
1054682258
2020598477
2118649043
330849039
-638849982
1302877053
-2067494819
-881023798
320493474
1302210622
1005342708
-509004087
-352458602
-1894538973
1265156845
921478813
943639215
1670990983
1433857323
809127513
-885440319
-2131149047
160559316
-1250660819
-237547598
131024855
-655990970
1097090132
-405159275
112829743
1978510668
423706416
1671748598
-1505624797
584070796
-2106151502
1813399671
1700175516
-920681404
2120847871
1848583835
623398560
-2141074635
469138000
-1430898719
633415127
1392694494
-679902183
1772326676
921518667
-103954451
984673645
1550340065
-78229138
-531201038
132962464
2117751721
708785761
-135232427
-1375394259
-340473960
-1084403597
-969113974
-1497855782
1184634870
1143023079
1194667906
900085785
-2002469699
446199545
-331936668
-448404303
-1107182742
2083519779
1896204924
525849501
662237720
-969188708
-661785997
-2122235084
956858313
-2020737504
-2075135295
-1553498487
-553001465
1708654326
-1773836962
467550996
1299480491
2066101551
753433791
-991667055
1420495100
-602598869
1192283136
-999056600
442201339
-231080607
1758977629
1490520013
78363644
-1539360418
1458262502
345012969
1467076472
-1838508787
1104767347
1040120121
1070530337
721907001
-1841280556
-1267893514
-277603529
-89079216
-1332259251
-1127415498
-1487607782
1493198442
-758292415
-1092936302
-1360611553
-1493923960
913153580
2108575751
-898680666
-2119362016
-1834443306
252698401
-1113203861
372697049
-910318139
-2116514219
1228623132
-1305327982
2014591474
653776559
788525100
-1921008728
1746712512
287540652
-1969530137
-352514184
-670417623
111666792
-246139963
637637922
15159098
-1649485572
-1551302910
670083728
1084879808
-2720735
-881872531
1898296502
1912812099
878071064
-2017780608
988617754
1475424307
1249632718
-484276304
-512619113
-2466719
792109370
-54981882
1690370909
-1100259920
-503570934
2110226159
1400592955
148420876
-2050689155
297080143
1222145824
817914521
-58956654
1220014043
-2041233186
-1275679185
1144704354
264783783
1346040369
-699575546
1078335178
2095446526
254969856
18511533
1784185932
-278294927
-794144798
-2043612351
-1252436938
-1642657230
1478974179
-245740326
-1346340348
1631200418
1425332358
-814347704
1402018562
1803071783
-2042651122
1953064190
1919725877
1635865155
869031417
-1136294834
-134547333
-729167390
-1218751540
1740224470
1644235249
519142130
984901654
-1689623238
2118404500
1787949112
-461172562
991730963
1358694954
-1232044959
-1831243458
-1783526618
-1252062366
-736016553
-643399675
-1108593192
-217565638
-404923178
769864407
2070888673
-390055008
1028821054
536279145
789030720
904919388
1837975978
-116129333
-88825746
-1042691796
-1664511936
1817190453
-382982955
1358306864
410641866
-850969851
1790887299
1471288456
-358103162
526426632
-327890150
-1667967173
597354553
-1834958856
1835651083
1555759194
334591881
-1450905275
353061379
-1025157276
2032470668
1459585815
-298731868
2102039020
-1977812581
814096020
106127224
-550372743
-903329940
646259806
1888151842
727130540
-876190369
-1448166305
-1323621930
-1317732952
1799842072
1304731080
851231498
1180244909
683771725
-1226321066
-493217171
549832710
-496834592
1298792406
1705496088
1215582245
1359226672
-103815445
2034839555
-436813044
-229566293
795688463
-1658727239
-464858131
-215834969
1006504407
-1277337265
1575338772
-1157780622
505547642
-1479424878
1226535172
-866599001
-1075641709
-1913696385
826343392
898267587
364300069
817193207
-1794267379
291048183
1241153504
1159305395
-1245537004
-313809601
1223981218
-407190156
1473067980
73152178
-163685057
-258473345
-1423654217
1471743515
1515314309
1914157128
1775721388
-500497207
-1173489798
-1934527379
1011893686
-1766921821
-626294553
239652069
-954512836
219965823
-2030333671
-92880263
-74981279
-1046994765
-1758268954
-1428007310
-1915706707
-2109603349
1597097710
1000359827
-426640660
190537276
543618594
714943049
-1130026922
842848889
1348670602
-1584115680
1579353071
1009116613
-1675175102
-1287048583
-844880079
-864778903
913664197
-1109371782
1644845287
-9598489
1697829485
814731333
-713464741
-391478961
1532742202
-1582365845
1373879987
2009332432
850091218
-1498411358
1626447511
1076096913
-2049963064
1627724982
-397448681
1666540737
-2107520992
-1935760195
-455434548
-723281172
-857829102
-573629554
619878460
-584294768
-921978098
674482291
916772994
2058243568
-1837751552
-1777749731
1606596398
1888823335
2074857940
-766455592
778607210
852719999
1533924412
-1886449921
-832758179
-986040061
1572948656
472361137
1160826579
821308242
-676137546
-2091712060
1517115165
-1546379594
-1609514397
168694009
-1129493451
742544500
1368464161
420993905
-966527706
1954982757
1142423729
-75058336
-1615940182
-705536059
-414830733
1541811711
-1006633196
-1589283766
-394341147
1667892423
-1257378960
-354871176
1716820329
-1898883621
-831723800
2010751027
-1692990902
643364805
1356925800
1534058645
1548054528
819123301
1341592197
1080231425
-1925366605
1357086501
-903872102
1924740984
-187908355
1304853105
-644287436
1047436074
-1884474124
-636690330
1025157295
-1178628016
-1987978393
835805897
-119360736
1006383672
186299750
1377293882
761428597
-1834452831
1537067015
868072616
-2030148645
252545352
-1021194649
-1329298681
-1945513889
731254466
-864966161
-1844091328
567464151
1134078092
291508952
-244698263
-1587891197
1993394272
-1920512784
1308972853
-561589522
-1258843959
1858659485
-828968786
1533493146
1257474297
-1382172638
-2041324767
719796699
1798257114
294048033
-1172380840
-1927967101
-1424750494
468963936
334732302
1097942207
-2119704277
503053775
566592927
-1148633664
2082572610
932386505
285048063
-1979471203
909158462
1773380762
736798188
839679095
-1712070764
1150048577
-2112142233
-1082641699
-2140634326
391553142
1524971871
920300658
1405404969
760781549
-1850927441
-1196958259
-1159301353
1660226012
-252314037
1701745312
-720532956
-892342597
-1422671691
1100717339
-121952061
-835263670
-2114195788
1698043794
-452790404
157838808
1288294984
-2014602148
-1692026112
2084951489
-615218472
1842190334
-1272338051
-1498465225
-1816819539
999233929
-1667891917
-176030395
1301398435
1277478208
616340551
-299000559
1616742685
-1415656067
-816453161
-1152137887
1861233977
-433121836
400561230
-785639585
1831496516
-724835208
-9145096
212653472
-1598660240
-1929263651
-824519464
-251286942
-618720316
-1920104801
-2134136135
-66449899
-51860909
-947820638
1557112450
-1208151524
-2043552080
-1169756039
859577806
-2146921516
-721793888
-1576991733
2058431932
1757813716
-357524975
-1175970957
1886889474
2011164022
-1788433845
-109786328
-865463992
557124246
-2076618651
164296285
-1477087565
-1252839527
-1252248327
-1424337750
-881626945
684067761
1444012826
1976511980
-1494657711
-34916002
1424175238
196636776
408136460
-2014397641
-1142393576
133596470
-1420257309
-1651769110
1328170367
-1948743972
-373328658
-781469568
-1186552524
1359199800
1789252481
-1799950363
-773659735
-124024413
-1386791046
989612711
-1119774530
-1847717293
623792859
-1525919746
-36211592
1527542785
-1287983464
-1623321333
925947380
-1011139893
-1177375568
2128463716
-1339728487
303192923
-353509503
-962929712
1752559244
2068973895
1837412952
451142990
1455739752
1701056442
1296383815
1635407964
-1767966162
697798740
-1003180485
-613892491
-1639416966
2048871503
-1940213427
1915362778
544071928
1254677474
1505227352
1752799637
-637608171
1139111913
129844683
-2127721030
-7440903
-1430046267
578991807
1525787632
1121955251
-945818240
-799358901
-622339025
-268082762
65868341
-582006761
-1301289526
-1930506365
-951188306
-1126486481
1104290992
-845030233
-466530226
-938703335
-1031155986
-570472472
-1199689167
745065769
-189821321
-1224984133
-238069103
-609373678
-1144163545
-469768200
-1185589141
454967744
-1536065275
751517904
1610718050
-340423323
895770312
-1539583746
306524130
-1735057966
-104994660
-1281730244
-1581475448
127322119
610904869
-1606891784
-1261146176
-2041661684
-1773565245
1965720647
789094575
1698938626
2118458136
404575001
303726163
-1057927820
309881542
-33019986
2142763497
-309884174
1537034109
-2050443704
-1781485170
2090041824
1408646708
2065672226
880522281
1006788235
-776807499
-418993248
219881351
-1450173316
-1103564449
-900017209
-979829561
-2048707311
-533274073
277412590
1114308343
-1399053496
706690015
1217469621
-188676097
1673056478
-1041358661
244374326
572299197
-1843838824
1176323343
-2041273477
-1379038863
-336328225
-1498184355
-1955453649
-843922597
702445970
-56010609
-194637417
-127681374
-453678057
1571529344
1331320258
500301176
636564659
-1025856832
668550143
448789882
381691420
-1095025768
805658766
895288412
1810403403
1030499659
-1925921381
338424005
-307476587
-1298996833
843731559
-229308041
1173686524
2123723675
1091967432
601963698
-1330491454
-1864261743
849986515
996110810
96890943
996910942
1277482710
660263255
-2027287564
746632943
625482636
1662199484
-120966433
-1145271032
-1352757109
961986858
1796654608
1303014464
-520249087
477066742
1115418491
-208299953
-2063232353
554346889
-296041712
-1970412660
1952866004
-971079032
1321360648
703140016
-105092290
-817059020
1785467266
1725041887
924570973
610616594
328368461
-872200727
144197001
1572008653
-882595833
1658429644
612531493
-69002149
1179858790
-1849568131
-1271655403
-1041510049
-1467493419
735718631
-1865082516
1635970510
-21297598
-490800589
-301036694
-1378851628
-979962058
1847078986
-195568987
-29370888
-31307995
-2132608361
2092756101
-487337858
1771018247
-489011183
1541230836
-140547828
-142369753
-653421704
-121856170
-1766783601
816627258
333802462
151465655
-1476164769
-1046169934
-20348568
1726848323
1643715488
549823060
-158057899
-269690118
-734680597
1377922567
1144788031
251636643
-1637598930
-798774289
-254061151
185717761
-1781663024
-1118624326
-1815948391
-346266044
4656152
1646903353
315412462
-237641278
-1000886833
1011778610
754004819
2002262502
-1278291421
-278470540
1332520940
-1194780568
1096099021
1735489834
719345682
-1347195202
1097199990
-1108469644
1206408531
-426923310
763726934
1765512243
1174596540
-793255180
65216798
1183694116
-863804071
858885393
-1207038952
-362108112
-1745944068
-1132915419
155525515
-1564476671
-1899288771
-618010899
-362248349
-577384232
-1009775422
-83566879
-855833327
1903080605
-1595709248
-1973791135
-1908806224
499161911
-898441023
-175358162
1493764200
-1545293539
1174291111
1188168219
208804631
144751149
-48379408
1691292931
23198509
-314172740
1213265211
1311276029
-279492393
-628105747
-156848118
-363550258
461191263
-1070969530
-2129144632
-1952156769
-2090922542
-1755058816
1048136462
1933249519
-907727134
-550439779
2138785313
680933578
-319361266
-1196978880
1031759807
1386690874
841644543
-2035516616
1130875674
-1148187138
-341934027
-1360202403
2031959076
-115336839
967805410
515623071
-777314547
-966374675
1828000790
-2127226789
-1665938423
-849458968
873520155
913133552
-18324650
-2044637442
77397282
2057640338
-1235526275
-228937033
-1003764706
1103457885
792026071
-1823783989
1477860847
-469494867
801635666
-1247413364
-1895447613
901913004
-260916363
1950592931
-1879864903
1002123052
2022314913
-128795650
1175876550
-1498030410
1169260696
243456009
-368511780
1012009186
186452035
603753243
-55182264
2123640808
842490287
-688458702
-1703234213
1184983159
1920333656
615897315
-1296949940
-1173814331
-1829484118
-1125830773
1137283932
1916159718
973370820
1877383370
2085340987
-596262047
-1652890498
234388530
1883351466
-1684069120
1045915053
1466285114
-1239465119
-198342424
1808677797
-43502216
-1586719182
1167962600
-1462248705
-950567665
1102638189
428518933
-728341861
190878309
-1133954426
125223318
-45346840
345667609
-573016331
1287105211
1871590242
1159129140
-733279139
-1881500844
68446556
-1328703587
1269090800
2001027904
238820095
959691986
-1780287983
-115382205
139758482
1882770901
408053562
535299869
558364155
-2021873309
-493631713
1221093847
-713392508
-1927110805
-1862376429
267853663
2063596770
635964606
2048144555
2039668823
467001971
-1151566334
-1665142368
-1014600407
-1612791609
-796619284
-314545671
1552136542
1748055138
1846538925
-147688087
-30017488
1579431870
-1663144276
1985816821
-223388067
-1499520362
-384395146
-1946537511
1209052477
-1244407455
1422700018
-1116833108
-1632249066
1022226716
-697899303
-2113569086
1729391791
849988428
265288292
25423825
-1305652190
628289091
-547369914
-611544618
591227126
-1176953439
2104325340
-1709412039
1752485229
387970845
956111010
1846662959
-1003563751
1973753733
1982808809
1174642783
1437155509
-1273689085
691976134
1541724615
-1059921103
-114846815
-1271598771
1196083169
-1380514802
-333449970
1263320063
652852225
176952044
-287937374
125675136
-566273024
-1933475744
1021048479
-1088276340
-358137825
919719947
-1533412935
-178903764
1333857060
-1755629593
1029936599
-2134315996
1239245001
-1957535516
-1870226661
1972674223
1134124630
-565699405
-272208608
-630211731
572946828
-1712053024
2039174786
1804359068
-122230331
-289130714
-1498083166
1139145606
644153176
-1420811522
1202160554
-1948053446
1903037762
1569234041
-367721778
155552894
385861890
-1350571953
-1619425067
-1682810109
-2053028669
-402082506
-1452361513
-1042955302
1831790528
-833046920
1429776200
1486789414
2096302307
2090980287
929541940
-143579373
-186970193
-110230989
1936447436
-456265466
-1536999584
397875910
-38105568
1576531478
-19820463
326451662
166704941
1156115129
586824604
1760801747
-1788912102
-1583774270
-1957765881
1508182954
975012542
1502545546
732122910
-1590864446
-220869531
570321517
186754459
-1091992387
-47897388
-1058470536
-1936135666
-1633608894
-1564246135
-409111968
468221625
-888660208
-236170938
943918517
-2029761604
-360404649
-1487373360
-1077579690
-231990671
1863100482
402960884
1759026471
-877477095
-1608145448
1663801290
-1289366015
-94891849
-400971772
-1114954947
-2042868758
1946320700
1662090737
578879690
-102752635
-1747699741
2029391515
235012231
-939172149
-798429218
-16810845
1076678502
661391611
-809464526
1156723554
-1602715462
-1817368113
-264981026
695677247
-1752978438
-2015845648
454405443
167650117
462496453
516309674
-663936065
577578479
-250903770
-1892408605
-1842619238
-791986362
-2043074024
1828160329
2045857317
-1638930899
1541294668
-886795574
569024544
-351065349
606284585
-798696375
-1724339108
2034193738
-235875309
-33863027
-2128419423
-1050801394
-849958929
2121267069
72829137
812143848
1504687335
-372426102
718650444
48370620
-2006533014
1576708715
-1507360362
62831488
1940141942
-648411632
-1201038025
-1017747625
-819864807
-275433264
1069242594
-275801378
118710580
600567268
-1794096167
-204258108
1305254274
323118872
-747154033
1655035552
-322369832
-1080390977
702486158
1830389246
490310829
2059099366
393802651
-1292170566
729870557
2014992333
1348214551
1926983313
1884304809
-899852398
-1758813017
-668024332
-1247801342
-2138895057
260150039
820038175
1842675206
-970249050
-2044239749
-532808598
-63979062
-294204806
1702489239
874535647
2005156954
1804377185
-1462778496
-399178229
1464673533
492048694
647402114
1260951577
1876064445
-2085260236
556976452
534093084
1484684837
450662241
-935128790
-1972257621
-1478276788
232685895
1630271738
-2073335630
2007018514
83540457
1157030593
1785931143
-7741783
-608546059
-52868617
-1941389509
794733655
-1347406027
610781153
378929202
1768171641
-573584053
-1698006474
-240796426
-1973080118
24582557
427732997
224348487
1969437157
-391869555
-913571627
685484662
1455701768
866118125
-1781452275
594221810
-1135430118
786502322
342855318
-751389917
-1322193170
-1955167769
681678014
-736933002
120671433
1205392355
1270095455
-1395135560
1578706209
808957629
2108122944
-1948558424
-714324313
1562377984
-1771072070
157395142
1924885639
2032259995
1445112222
1107015025
1968185838
85533979
-1898187434
-261610192
615832012
1848239131
-453278391
1202076239
977288923
1671736058
1542068612
1340111021
850853854
1025494734
-1930390122
-1394728492
2089262126
1700531097
1966869178
-2012750262
1029174386
340475834
504741947
-67295194
-153836627
1292036774
-2132222444
-914535707
-1825676163
717972183
1445305814
1447038078
-978188640
1444411140
-2069092914
1535595443
1739307195
-1102877039
-1788382618
754212777
-980506026
-491807416
1986195915
-440376134
677792299
1956511305
1881912784
-333340022
1277600927
-2046653889
301490193
1168328536
-1463441776
-537838380
52505691
-322456426
1113540689
1079639398
-1121731253
1303509178
675472626
-640819462
-1224437964
-301165994
1944601028
1816390512
731526470
154194022
-877721061
176352760
1852622059
636707816
-2110536875
809038020
1754665844
-995101006
-30311141
941646335
-290084364
-1284056193
1217905126
-1021438979
-455765140
685583178
1391496133
-398291789
-1286903512
-585047073
-1482014372
1967937640
712196456
710400942
-325714129
1995461548
1087923265
276405985
-1641369312
990388361
-499520827
1853983153
606191670
68565752
2081926241
132625397
1309300895
1754423446
-397009274
176456187
616336376
-2140651625
2119043724
-707006821
207999946
1799201018
1216822738
789242504
1987885143
-1313570306
-542402519
-714986263
-478044265
-1909403436
473046130
1751118120
-28374915
1039188117
1981278085
-1452171768
-31738242
1153558645
1861693780
-1745501699
-847933101
-1416846791
355122256
-2053746505
1269054716
127032294
-2136058102
-1316409857
927903240
-858599238
-229420003
-204598841
1294941715
-1932042912
-169206708
-1822549637
139854992
996336478
-294633754
749902493
1664186312
125300689
-899373967
105777808
1704040994
1611536732
744081287
-531951693
609892260
602589534
586684410
262344625
-807602247
44098658
169929790
-14758122
1042040628
-1392638501
1862575368
1140389414
46423701
-2073869552
-922425550
-1402761495
532146314
502442325
-1553592351
-1214328694
-354284361
-1218843781
-295614743
56675297
953672377
-359271799
-1151675537
2117258574
-1141927576
-1148041813
-1374251313
-1016952888
-451699108
-247300758
369021376
1752325429
1123889586
1795372573
2100271030
1188386811
904417808
1576220062
-1187277689
-730289706
-310289179
-1546864575
1103431761
1667613676
-1392820491
1087510786
-45081190
-236626914
-1573768940
803227901
1935801783
-230886496
-1598620367
1038928418
-1504557198
-794447157
1960513430
542908712
-445985818
-927683023
1972754541
116978370
-78924370
-296097551
1923105157
841170960
-481788354
-618878899
246103126
-1018005928
-53193328
-1148130183
1080208450
947668469
-1134895102
476783285
-667012835
631075982
2001497726
-1084988259
154506735
-1715396981
-604826405
1861408959
-1752766472
-1313465403
1326989954
-1799419794
1192786419
-1586922628
265863508
-1552400683
-1159637090
-1596437619
259997387
-73972402
1147596154
-906354972
-1373912225
356520180
1040640207
-450296018
1997585450
-1708640906
-793734157
681768403
-516654386
-353291986
1445016266
151762979
1991266198
-606935439
-2014633072
-745143601
2142544347
1701041704
29870037
166543514
-626283864
-1928204385
925923785
1935743055
2064299424
-289928803
1228607929
-647045643
-1619260384
1927895219
1585102809
785670977
521793184
-850561319
1936604739
-484779189
-971685794
553439286
-1961844929
-935344764
313051453
2004257086
-1263387707
-804449305
1441018345
-1094307326
1251182143
303104111
1189617215
-2046764350
-468466286
-986102328
484379116
1101422023
-1025377185
-669208759
-896218285
753726063
-1799454587
-2076625888
-1471618892
-557163127
-1891629334
-98823730
-1015682167
-219196702
-1997068421
701274582
-485818829
488561696
1601674608
-1154898256
-1489395754
429185229
-729888812
-1066079228
-1060787584
-53744714
-102551996
960927252
720529296
-920360586
745606646
-2133398407
1593478741
519248973
-1382796547
-1758270447
1186400501
-1667763915
-756047414
1691094071
267559824
-1247157705
-167258891
-1574788299
421988772
-1689865734
1160549181
-1521639946
-717113934
1231703196
236691917
-1541832961
1825945377
119202244
1386600129
-693905248
-368479645
242486263
1949585383
-1560824218
534626134
-1486055125
-1935420983
-1719490093
526256620
-1713911655
-305622293
-2088669616
-1273014003
1641812439
223147856
1123965026
-143761477
1126615333
1824653379
1726678044
-588579721
63255814
1843426387
1887565524
-1638806813
1694558482
1432748958
548677657
-182801496
405174794
1676274770
942777827
429745817
-67444947
129557360
-774125556
-421803240
-2028661559
-444578349
-1990023425
1243804344
-661203948
999085425
-1917400658
883657251
-2061994948
-454981921
1544765129
-1518648258
-1236711237
-1297145062
1811125548
-2125997174
168235248
-1409433213
-2121504872
-549567027
247745771
15031851
-1835765851
714538480
-1606513784
-1597829039
1133990903
336234539
1845691838
-1381194456
-1846893136
1237816414
-565109960
-1019436324
-2098151131
1790862018
1624212517
-1074989097
-472087085
-1322561856
1182944332
-2032739777
-1327228525
-1971018720
-725816478
-669869117
2130717453
1317937766
-1733488993
-1067813481
-751278230
-1231629704
-439359602
1497338044
894768973
-1358163324
-596831196
1114689156
-1126623485
-623444960
-1555074028
-964225707
94805496
1067944114
-1968865439
1791174061
-924546708
1453529105
1249374772
1701133157
-1646191001
1277312364
1186914799
1376190265
-1324714262
-578554262
-754282623
1793363079
199495270
-1411731309
-1992914181
-1987473578
-1956372111
1469694189
1861418083
1965276825
26924215
-2102382102
1985553864
1359754933
-1758439634
1172835201
-880971114
