1833061661
1870210284
-370886506
-455351739
-1002686577
-214727922
-98843846
1177297575
-2119399739
-1115094967
952593373
1450500518
919139771
432077794
285256808
-2062006417
988845583
1702840967
-858819936
-1464664235
1667444233
738121232
713840591
-404438884
1191310043
-718666650
1471393444
-1445457772
-487906519
1918769603
1245776727
-1749315095
836126154
-440006117
-914839024
1756394809
1513033936
520908249
-713664631
232185575
1246313669
-403993138
-936394767
1163548206
1055377464
1746778726
-317569005
1592627576
-621383817
1100964380
876795063
1665545200
1073503389
-1084777681
-2046286776
1986646
1505448910
-799861611
1749982902
-867515119
752803777
1812505136
-1648443491
953337226
349389438
-270673857
30244518
-169466697
538193512
781543958
-1447011795
-1437256459
280988542
1589133329
-1508579292
-1559867110
1631112413
547715270
743838006
-216898870
1047370376
923060601
1701272111
1307769353
-350956692
-1206259244
703651738
2025966098
-313709667
-617662761
337438635
1597153126
-1030690075
-1372055283
360853087
-772922585
1632145280
70040064
807686113
2005204901
1402886432
-1884183314
-1406798544
479738425
-1060044746
380038843
-1352751363
-62073263
-647750285
-445325014
583035609
-856812084
594609548
-2086951609
1637322383
-419239288
1866669373
963551527
-93239858
609250616
1704389009
1077640404
1729887755
-1853067910
-930914209
-1247280511
-889287515
-1910477016
-1970717417
1343311365
-1691247799
-628184851
-1262723650
-1083572346
1419310743
-1794123749
-508072906
-205757068
-1208966395
-2045116996
-2025171005
-1152331335
882629635
15554790
-656907574
1304923694
1732403552
809906771
811780314
444146768
-1423264020
-232305359
1619607792
912714803
1795570269
-2137386699
1452924918
-332327242
-103926922
2105459189
224272269
-2044287241
-2069937563
-1906813065
132844812
1926696713
91410540
1604635652
-1416174393
1456759780
-898865468
-1895042238
-1449747053
-1513071459
275451837
-574869887
-806737783
-1725067050
-1477630423
-101871020
-1503237878
499231351
-1823000837
-856075932
202909956
-451117411
-611002070
1140621440
-81031822
-1552727598
1981063130
148539383
-768094423
-1718727809
1670286014
971298345
696728528
2097880222
739678391
1420994395
-1108360401
942382515
1894998209
-972228917
1230017709
-1601779716
-2117413617
-1031803644
-284323565
1753099750
657822835
-1570480269
-383150954
631183043
988507651
1044985145
1563221267
894247354
599915257
248366401
789909660
-1400921090
-69176613
-897875563
-1872713678
-432392637
-2011554341
641631213
840942292
-235133588
1519585663
1325518729
-149904200
1323940488
-2031557756
-705864640
-697407785
1965919743
1565794048
-1710145833
628923055
-1942005240
1121175494
-886406506
-1924995516
-442433443
548972557
1457752088
-1483219865
-277235918
604677203
-440730269
986355002
209883490
-678596226
1272562488
-1305556238
1177998827
-1479014075
-573484117
734494430
107862684
-633044787
650214901
-326604119
-978627060
330573206
-704803961
1969668571
-288465714
92144792
2067145315
-1074395227
-1634304542
1671184297
-2102495065
1372978397
-1862684050
965661985
1549315434
386067014
-1497557843
1102101952
1780374219
208259861
1315803686
1730577614
676836678
976624560
-1812656863
-748962173
-2134586295
-664317768
752591190
930545833
-1316896761
-2070398391
-66322457
-1367195265
262668427
2109921152
-370338160
142590176
-304354801
-26255811
-1408076259
1468129188
1663521421
526744361
99101723
-1470199482
-1149838186
-1998385670
-254409774
1056773063
974725987
2127291893
-241081742
-188237359
352064553
695878324
429142667
1421349662
1314261169
152050985
-278752574
1174941466
1194161959
816151778
-718259263
-351783481
-1727313103
-1448059506
-1045311121
1462940384
1431387203
1791420607
158700385
-728240319
644789553
-677050383
-165535601
794492037
-1077665531
1198166730
1798390346
1551980272
1705881874
-1852334685
1972892269
1778401679
1294725193
-425677754
1831604434
-150912867
-483280950
105696505
111901704
520705576
1275353278
1219223483
323977538
1329915124
1150553955
1989381581
-1710041199
-1795924577
-8383641
1886762355
-696280491
-1525409275
786094458
1984646651
-1942096143
-635696411
-1879549410
628819966
217285053
1129978820
2027516353
307441125
-2104596928
1546940689
-463163892
639797422
974579358
919528585
-1395778435
-1988866832
768925263
-1755225123
1066724915
128930844
1077820433
1380128145
1704396040
916006405
117352223
8939558
1495776740
-1253992799
-1380465757
-61837445
-2061988784
48495632
236767848
1623209071
-277398711
2073510110
1174628307
946920139
-1699813546
913725061
-1355868653
-234897057
2096498140
-746664907
2000381591
-608305046
298126769
-956592682
861728448
-1351685570
-793340690
-1456599219
-1560818728
-472157660
-370477048
1397254142
-1870269887
1979358588
-954802655
-1292950895
20364273
1959617320
-888852837
-744372999
-61576675
-1005675221
1154108398
-2049616718
1796443700
415101068
1097836475
-1501799607
1664847374
563531648
-474217439
2070687521
-1974028443
2062744007
-819071410
164070515
-955541885
2074746710
1988329047
663915158
-1037532099
-42563275
1216530508
1091901824
-1811570913
159444138
-1536857465
301183884
-1536121880
926141591
-1551321788
-1590665347
781801784
-1567027936
1696262006
-1563386174
-290684281
-1635082864
-72983336
2046166011
1463193177
-936813443
282659137
-1224004165
-666471505
1654364713
184014140
1602169231
-2065927488
105307434
240299991
463831871
-206066455
-1144074931
-989369925
-1544453037
38848481
-1151506248
-441537155
1160210392
50270256
-900274354
258976050
-343505309
1831390945
-958533546
-1532215992
-207897002
-415840650
1874003550
-834616173
-1533305759
823003931
440683869
225429926
404228171
1112713759
1852903191
-1690092188
-706905614
-1125591905
-1445551675
-21888298
1023408784
2035384707
-2119002892
-2005801923
618690111
2061154990
-994031443
-515160725
-428400194
-2073360016
204886741
1061496654
800585845
120763967
1852462807
-1403694899
-592275786
1644482471
1961374591
-1482051370
1415509061
-1111151490
-315380951
1046302135
370983706
276290907
1161423386
45897133
-922519963
2018623815
1693093677
1600136378
58537425
-1443810891
-1547298127
245715899
2022129932
1138817455
-39196783
-1131731783
1419151239
-1661531054
-738192715
1512890494
1858566266
-431772036
-906234712
-1812268693
-403943638
56428483
-101576325
1742931849
-1065525394
1209945768
1499767528
-1812794915
2091066990
-927923189
2135695545
-1577789185
-1026939986
992604642
-1498059926
-1505323283
-374555062
-1469390555
491093261
1762191388
381663875
-1617609972
-607337363
-34631216
296878969
191433084
-1122857354
-1178789460
-2055680710
-1632695618
916660692
-1039539572
-2022878469
1938017393
384921817
-39861614
-376326748
-1941634622
902268323
514877055
-630800751
1933674713
906955901
-1648486845
1796508310
56611734
346923141
1500753622
-800825020
653633404
-842613105
-702421688
589970538
-28874515
-1972403639
-1000003817
1663091678
-1009490537
-1694592609
450407360
-719142531
-50802130
-1343956383
267422616
966349167
415592283
-492698079
408809435
-895069521
-931657229
-332281759
-1996640251
1904663498
-872461716
2088594158
-92082080
153204710
78088076
-919651194
1175754206
43134981
-1212837790
-1074018880
774742824
113222795
-1919966854
-1689327571
595448566
-1307133187
123992395
378096569
1133052832
-1115610101
-1874870284
-86196649
-1281800203
-1912259121
-1635764697
-308516387
-276778677
2068256343
1790140261
650118187
-169531689
683184736
-526607509
1084710291
1822547518
366918756
-1587223829
-1960971916
-1133557397
1542356951
709204863
-109814488
-1531212381
979588268
-1535625510
-796925665
615176150
760651549
690229568
-206679988
-1646779850
1736886188
-1314438345
174002623
1843674893
-1956032668
-919709058
-2036852590
-1637204789
-1030527900
-614846914
-700975607
-993167522
-42419555
-1678622081
372533748
1573317318
1597549786
546664157
2122782040
1356634856
237890048
1984019579
1398813518
1598497953
-1032506729
-1935167690
2136046634
-310981602
736357000
2144103965
-2136893730
1202363498
1630503720
-2000584927
471514272
2116119623
-158137996
393218568
1202549451
-1785340862
-1689246562
-455027033
292192002
-1171021311
2000548040
-1102480816
1776646555
-1488603937
1013883406
-1598396280
-834428359
-1581109318
-1995224118
-1294935299
-598680902
1624374283
-614225902
680182966
204401748
-1967154634
-793453691
76170380
-1378780422
395942690
-1974324921
-1929819432
247155460
-628449524
-94956727
-1340774803
1821883662
-1598952040
687456973
947317960
1301652511
224721705
-1683319511
-1029312122
-1642669555
-2123141263
1399044298
-943537899
-828754400
-1567850165
46253691
-1691430226
1123797494
1249754055
1463657191
-159488638
-8288091
-521109370
1868854364
516570419
1323875366
382524232
-764235567
66859397
1896541424
767392451
-1333557206
489194837
1912020963
28959414
-1646907719
-1884210999
1875283559
-617010372
-474035192
823118536
-1874707243
671146341
1861292501
-1342890580
417403669
-341254910
556711773
540439350
-906208377
1898323903
742692061
-252070974
865258534
1094455671
837057365
486700219
80772587
-271274557
1200874638
-47943088
-904628625
422934228
198289246
1408725095
2106763219
554713474
-1845044181
-348932398
926649059
2110533284
-1307935315
-572678976
125876089
-1286314590
-432549385
-1847994507
538976031
-1887476665
1150541751
-2031386563
1150668280
-939853861
-1266781252
-877132387
-1687267873
601240432
2133818040
-629376052
1353861072
-763103364
-167136441
1239613537
-1706729594
1019600552
-1562903505
-1977735859
261768550
1385735142
1268433641
1851496202
-2134504805
1228428745
-908110240
-1778486764
-1945320575
-1495012592
351478263
-1423639656
-1095572410
-194179965
-220130095
-1811631765
-1670036530
538585090
508016971
232973629
583264471
-2027020070
-1560624947
304043789
1341785438
1288319322
424347586
-215383329
-1785740224
-2095853146
-604219932
1469093293
2095631651
802273226
2006998716
1474903450
-483614058
760235281
1199752809
-1203517075
667172470
-1265699689
1690971807
-492811460
1022005395
868065053
-466710542
1148564071
1618199444
1026140188
-1914346668
-1992552248
650734615
1948805148
912809948
-566657240
-1588066788
-1735563195
499372233
-1412147980
-1769184093
856703798
-93993019
-1515935953
-1304037486
116342549
-734548115
-1750449494
613223388
-1135020826
-1721761264
1001100659
-1884657184
888707360
1738680502
-1458226294
1353709070
2108012925
808371812
-1829166374
-598198320
1056015377
1880552350
-1371047321
136112806
660138910
-910610899
-448077629
-222102125
-561758938
-207159006
-1072396858
-895703881
1181874880
-1947293414
-350473347
-1062706883
-554430545
1269053634
-2128383390
146678646
381923760
-96861795
-1565901619
912911174
-723418222
-2098182907
-1758005845
-1775924546
37539084
480276846
-895838612
966356746
-537535542
2108190706
1031096385
1436980109
1597825480
1325319689
-1278288761
-1199963318
-300948253
851480471
31053950
-1760785275
-2060479571
-1206479573
892274750
-1300788567
-1865673856
6226565
456838378
-122557844
1005067221
-329416359
1534368293
-942224335
-142478634
-1408517038
1217156804
21588140
-545841359
213945945
-431975227
689970123
152101678
-268148202
-716450688
276478420
1333056771
-976386634
-1022998756
-1928949046
-367646618
-1891141906
842843203
-1221277675
-436634268
-269194432
2106910489
701356129
1969637489
-903309187
-1931377047
47678917
1069426623
903020938
222952481
-1922008536
1306769874
-1249916058
-212209664
-929608224
-1809856172
297557611
2100730253
-1777806181
973922853
1724241875
-577655478
-2000956286
-1191271498
-1477537923
-1396610774
-1170306149
1792763031
531609073
1743287359
329033582
-1280050355
2133348001
-846232137
1203409643
684638313
-1541731727
649987849
-1266860406
-443015723
-577714567
1388193130
1004783284
591150961
-1386368247
1032586886
1219140705
2010298589
-1675401491
-1128852372
-513403903
1195259032
-28679439
1333236937
1400667807
-1485864887
-1760441945
204078936
1799762244
-1797485987
-209957017
-226179176
-769909095
-135191343
2110629526
-1376481856
1552148175
-498556592
-1950618581
-1982469392
1278378435
534551168
-1448290193
1627606184
-1450383524
-565805416
-863062013
-828337283
1625315895
-1208570059
-832999129
-294295287
654456966
-333624722
390338873
-624787165
-643729611
1395519781
-880812422
-1953678769
127019853
-1532420448
2064730648
991973752
519947677
-1435835049
-1553129880
1681366236
-521608042
-513268465
1359893874
1798832711
-987111305
-188707289
-1634794574
473177219
-302418519
933037617
1998988061
512836622
-923192981
1505182147
-267875743
203943693
186746033
-1293899889
1330353265
-403334016
-3956407
-1465134927
-1010025408
-1624916297
921273664
1874672200
1082503372
563763461
790681731
628948039
2062460253
2087994546
946045128
1881971085
-677060082
1957056821
1000017838
1208040754
-14493556
412988322
1785360162
-1525417693
-843890403
29194593
-541364219
-1057039888
-2104294428
-535694816
-1857806581
-1323899932
712110690
-142850806
1729233894
-190821035
-1249438400
1826989368
241675938
1515948606
1903530571
1460459879
-82102446
1604254986
2005626559
544738028
-1133866004
-98934606
1219736007
-1035989020
707061873
161366025
1309256516
151626927
995505489
2048069206
1335059149
1909737630
1922369548
1014019363
1988457206
848146922
2078806556
-1723815084
-304950059
-573305625
-952907247
893512058
1055875009
1631615610
-427918594
1114066793
-1177288355
892764616
861627923
1776176903
1790964180
-1144231632
-1867261301
-1202392986
-1239259035
2100013690
3106760
1234404117
-808676319
436729424
-1830122053
1022333107
239328499
331250412
-29519991
375579844
34124001
-2070519278
-1253356437
-1586840121
723935632
1555479105
-517324075
-1870627961
-643508723
-252362971
1509433818
-549560655
-272821046
-1830505137
-313881394
-1286066778
-616699418
1824574759
-1066011348
1924715154
-1365365328
323010848
-1857179974
-1332525379
235827053
-1170660562
2089722346
-1320788192
-239859623
-91714188
-396869501
-1428664773
-1739334933
-682481086
1093509248
-1094193371
2102608477
-1723578562
-1959599816
1866411492
-1906706837
131622880
-302432578
378740990
273147738
358452003
-1989249142
-1850496944
-1126279621
-1032546183
615147608
-705321699
1118547312
-1951258626
-576716208
-574611607
-608314001
1335368176
-1989869722
391507080
-1919467066
659337567
840300803
41593585
-2111942050
10233376
932365541
-1236588713
-167729917
-282271225
1437154370
-1114734854
1770390307
-1533158060
-486354637
-968453319
223909845
2127154797
1384879696
-1902402964
160659997
1205936333
-1823499113
-559408656
-88533138
2025318204
-1288320111
694613378
1514619503
1506032960
-439511113
542654416
129427969
1176292307
601307921
1922336845
-1760445311
210658645
1216631839
-2109644220
-1138214070
-1596265277
1223233277
-806993616
823591549
564329513
-1359725375
-2092808630
-328054525
2040462933
1439104295
-96939166
-1151673133
1541648333
-676667792
-646711566
1043341168
104413954
-1469081722
1287193967
2143733429
-2125765692
1474805859
400356322
-1891342892
669808120
1909337268
-1039448137
-1740897637
738978697
1221840057
-1930711083
1537751801
-459473508
1009793134
1834982126
-618414399
-1430743801
-1609742097
-850239721
-1232526931
1627999746
-204970984
1118553754
-1490073180
-699956449
-209035669
2015237643
-1417151169
-1518955657
-278849738
1854267289
-1640343927
334747685
-1491848459
-1037879387
-450159098
2038103288
1503696884
1398349464
-1417588234
-1337282461
1205637432
1075393521
1171611098
-825237832
1166064543
2129594012
1167967799
1609362581
686825798
939497098
-1194046311
-2041207650
-1428412630
-1870210179
-1191522342
-103822228
696725777
2074502435
-514364252
-709651260
-2110578774
351627366
1806934579
1845909771
-327742221
1869860354
1969389407
926769657
956951258
-746121641
2014190553
-1822580851
-1371150297
1774265984
51175860
-1727492544
-1031618664
-476163421
-1358730457
-1521108099
1436767565
141113738
-1767901039
1935383887
-1709881754
675825010
277398204
859943260
1346850538
1935795747
946253157
-1981737199
679848426
2084689984
193601019
-795338466
1283051493
-998568480
-2126513497
1581799973
494745454
-299430820
1674122636
230594733
-440075252
-174271638
-1790539697
-968999332
2053541729
-372858518
1880212441
534392421
-376186739
-937481984
-1407231909
-1444444354
1030710740
282332130
2138552722
627985302
-289434499
286568178
-289307828
-1421400442
-707669251
-764298354
-1735589334
617922310
-1722982059
-1214062041
-624360282
1513770658
-859360329
-2041728496
1908750423
-1193775252
165600111
2076285592
-1952016525
-1544268492
1489410560
-313890470
1987488406
-553851402
-1500052851
1291573714
1111401153
1612998035
-487535237
2129529396
-399798364
-2109953852
-1586118061
-1844713096
1137260063
959382347
-523510804
-669912391
-1338684666
742942058
1584138952
1131203007
-1325066716
-1339728743
-961529410
-192115494
1102299522
-1097798798
564820185
607842289
1192220905
-1469813521
1099526784
-1697680167
8568228
866514648
1022136022
-1241623317
326439561
-1174016138
1489791331
-2051805232
-37788614
817089164
1220705523
-1120414818
88510888
-2054348409
-1815795266
1710207528
2128066776
-1641440524
-719619639
1305204625
-313545751
1719227697
-1080146037
-907282910
-1336528299
-1781348249
1653779154
1604606813
-273311113
766006199
2109984743
1475928658
433807180
-1276319309
1681956080
-584829136
-1583946115
-5074929
1417922965
-1944633314
-453535076
1074046615
-2146218778
-163201205
226223534
246098275
-1777449604
1473413699
-858337303
-1314692534
1106165725
1149153924
-1582676290
-1444037228
339148581
-1746592943
-1729081319
-870861326
-65524767
-188516155
-1683116570
165940146
1100647742
1352737834
1496102359
-337462482
-1649561502
-1102859893
-593010332
1357735557
319365657
123163271
909367827
664020621
-567501132
-440790425
842466809
1976694536
-1369908179
1547059059
-1932208001
-1793117675
994595471
-295070336
135162729
795594472
-1241405804
1029438925
934945812
1542608829
-325870961
-484313072
646080766
-2073048311
-886789748
-1458306869
1591454603
995875826
515813557
1390774499
-1700083194
1434469889
-1310635274
-92581262
-530510363
-737859562
2120991460
906643163
618875472
317954715
1578745562
688200223
1793449700
1385100540
1490815845
-235909266
-1832934733
-755468714
285812705
949580545
-1387136113
278414702
1593276771
-1700291290
969188744
671218660
-1706211367
1430819484
-1799885134
1622814887
1701898608
1662981664
1618504491
1789244843
-1052393419
-1161019577
1827366235
21134553
1393094142
-440997234
-1013215619
-1521133497
-706026869
-1789815121
-591285410
-1598617175
-869193753
-1873788107
-1919059611
-207727354
1786646804
2118460498
590243795
1986792110
294792934
137641968
111001930
-237421462
1102425903
354109445
-1364332141
817304053
-181007844
-882096597
-74673253
-848105301
-1891196450
2035215471
615535550
1636362880
-1067894644
-1369071768
1530671687
-1590056909
-1024630713
403737995
854977079
561529538
1646545310
368732094
-797605819
207077408
945329204
1432325930
286277158
-662231259
1171260832
-147207084
811703822
1575378629
1352092308
361227119
1819863669
-80917372
-1124719040
-1215718933
1826264606
1111615017
-1410550792
289276241
-1779396524
292629169
17866515
16456530
1517623670
-1702218106
1965782294
735259420
722983862
-1927682320
1835628050
2146256879
39144477
167297227
-235239606
-1204026128
594843601
-884732294
-1191367656
1213612605
1746968986
-805934821
-710563568
-1226605760
475321250
484647164
-1508788891
1380853320
-1533097604
-1189398196
643522187
-1685849771
-79554969
-654709995
-746323426
380971059
-170153006
1283580777
-554008062
394325961
-2097765341
1251193051
437130954
-703659342
-304319053
-568781775
-640588707
-1166365940
1124520477
-1010292649
638039254
2095953296
960083384
-639855211
-84902484
-132744733
1588620129
1045709828
-865889518
1787139115
-1892644739
1864384829
49458592
1194664932
58860861
-1181627052
-269801933
-1757109261
1023202596
-1101610236
-312669168
-1676562438
214770630
-187183317
-1443169969
-1165538578
1720621521
-822203528
1073236342
1946319591
1024626257
1015926882
-801008028
398741047
-2031335377
-560180645
986029936
114728381
-1428212742
-1082401211
-549257519
-1932910470
-220974615
217385253
1785811263
-150363036
2059878432
1226925845
-945638438
1407680634
544146738
82058623
-1184580533
122131480
-999031065
1293739143
443961128
-1374066804
1059412286
75836361
-1109788516
-251969048
-1930055244
-420587964
-1759335609
1385711641
988433094
-1835843179
-1382872733
1960900920
348877749
-794915737
730176551
308190240
-1634916216
1110069289
303471983
601322048
1414737495
1511342594
225327004
-1753037903
-387698747
559181569
311713721
728307850
1704173006
438831001
-1297764898
-1988217997
-790472510
-770904500
-355280935
-1496866440
-963484272
1772879269
319468042
-1464077537
-1528155321
-660391574
-255272307
-1842089285
-743951142
-1206624494
-830377314
-1526174718
1777324835
1571260788
1556384313
-2079565603
-1786447062
1885854657
-2034621951
-1950578817
-1623470938
2093705140
-498997406
-1141174855
47590595
1956037383
-82833671
-1413603957
-1813954267
1029701672
164819250
-302051587
566302508
746323500
990072114
-1229999313
188283769
2086421508
649811448
1816741039
161695153
-988620051
-1844515394
-1209431798
-2047632256
1662311469
-1256082524
-131598427
-1580534304
-2085902853
-1512192112
857078221
-443230309
-2129663042
-403150769
-1887791093
504994830
2692474
-1642082304
1569401020
1214889775
1117692551
805302961
23581665
-1497204784
-1332706429
327287626
-289669068
-330555100
1227267977
-1887116631
-229638789
1284978818
1870067874
-242557682
1968865311
-1631259799
491070331
-1598334535
1010156031
1737798083
-1911224744
1834836177
2013617281
-1050685331
-835316920
1322916744
1175924714
-1046372361
-1844743782
-1314606469
-375723025
826377128
1428736655
1683435102
32574860
2075229380
-165499568
-433439016
-1567922669
1901307408
-26427870
988285867
-1100578937
1874682773
613360855
-942115817
-1580961238
1318537892
-1382027641
203907200
-565772460
-297466342
1753503360
472648270
-787479163
-697255195
-1924584838
-1677566444
-714300995
441036998
-1004487154
-380249101
-369061365
-553761960
-1652022935
944740928
2142023012
-755671216
1862045500
-2104537500
-507214666
-1848897531
-1597684234
1395752964
64258363
241164595
1088766005
644041313
-210037742
1635195131
411795577
1344688128
-101922038
-987492819
1938809882
586007693
-102474047
-1827594550
1609937276
1978118395
2034044397
313985731
-179546752
844355056
1250351609
207075079
1952056381
1501286496
130644179
-88892228
-33345297
133588087
-1381756924
1745905867
-1474490065
-2128997700
574950656
1468764066
-1224171676
-719234189
1603710655
1780209972
1322700921
1875203138
951194763
-749655740
-1920077617
-499551210
1098114587
-854456349
1832082549
-994199225
-1993676575
1871359543
918292118
933924345
-2146822496
192519037
-1707506638
-1674834235
931989824
222426704
-2084532719
-1206347879
26660837
921452075
-1964954125
-391595300
1577091389
-1698557653
-480769268
-74119467
-607248615
666503705
874744238
260062541
-1751802049
146078376
-711019960
-1311055502
-317903491
1339950586
183440270
-1411956739
-1284310271
-325886104
-1506667527
1339250071
1959931624
1146466690
-1398184334
-15714440
-733098988
-1030196908
2012059209
1390731857
819175490
-1607622165
640212587
1058313068
1025937498
363580439
214679508
1926172688
357619209
1020604017
575671106
-1520206039
1904476812
1878223263
-1145679318
-1324041944
813030095
-611636010
-2068516113
-603442648
480665782
-620779872
-1253100463
1396105810
-1444110919
1140178399
1476273187
668586113
1751974582
-490514671
268184897
2067931944
418738434
-1942541868
-2099275585
2040978291
166215872
-2100696404
314535525
1081122476
-1667180426
-1223570172
1776379995
1647194592
1322363356
559784306
-576262624
-538801215
990160887
351081535
2136623808
-1090019122
-463173017
-1064316891
-572747194
-609268304
226914812
-590509734
-968365458
-656538649
-447692146
-648727347
1923164831
-1529799515
-1449834995
1116860335
2012153623
-1784875526
-104731434
-383231180
-943965337
-1163051472
107790152
-402165606
1332570146
1400115576
-105589609
-1763438230
824874961
20630981
-642030881
-425273347
2041028393
-70139657
-1894433668
2009590849
1125502079
1829377340
105270936
-670244676
-885220741
-541614157
-899812092
-371663919
2019449356
179205457
1088698187
863998274
-1452734565
-116758008
2041922308
756010998
2034417538
-716382683
-2123778200
252880891
100959679
1052737017
1472173603
-519541555
-85109532
-967780421
778104174
-750970920
-368924590
-737547348
-727543971
1361170235
-1074596442
109714044
866544245
-1208904498
1294059890
-51833364
1358059393
-2059181722
2030861103
791984052
1564831909
-225693609
1689365618
-323296602
528696755
-508051655
613746526
397267474
1630372285
1411843567
647753817
-1246528660
-2007378454
1020242660
311893762
-1026103764
-73712243
-1205340264
2031637090
-631464459
1412624243
-1254157990
-495807391
-1654021383
1666093180
186219094
1790361722
1149140123
492731244
1080434386
-1503313486
1690194517
602419715
-501189964
-643220538
-1357631781
-1075426486
-604478649
-662662237
-1144598144
503870255
-1818156738
611814170
-483544615
-935637164
-1967913224
-204086317
-1438639713
101276963
-2115690747
-645481086
-2115929895
-1394402011
-937750808
1407427417
6051898
997072788
-791385570
-568427331
2007993799
-186661330
-345984673
1938642235
-546859076
1013043019
269713955
819343293
-1611120208
701234737
100448871
-1003988744
1982396407
1239381159
2065208496
1049881896
-1855427257
-1713008185
647430224
476546303
1443002013
173894168
1359591911
-1131987494
108872033
2071997659
-1925388244
774869301
-1542371384
437652133
1853243629
482979681
-679368839
-124096211
1242757715
-1986113164
-808403341
-2126008217
-1019409302
-24168833
94843437
110058705
-202078495
1926152198
1728169214
-100269300
1999765261
1846567340
-384000578
-1289879379
-1598858701
925095982
349758894
-931752363
-1873512442
1670929298
776200340
-1119779074
216629614
-1104920417
-659234006
-1449994088
-1247223925
-1268728433
-261502024
-443315757
-309387528
-919550461
115335423
97079614
973554515
-1826278858
-358532263
1597159825
-1178185987
-1264605835
-1273160675
639119174
-227474658
-778508338
1772345160
795333485
-678487061
-1811503353
-1023069351
-1552209984
2076151083
1328009937
1675256699
394455029
-95059210
851314749
-395116567
-1446599597
2076060351
1689108591
-554786675
-643108472
-1366587243
-656001392
-1568473621
-263568967
436264101
-1475528439
-1802978244
1184479961
-2118034173
-1267050003
1273447646
2077531709
1695172521
365966006
-1709551126
-2021780112
-219311937
1832496947
730992678
1458731075
-1735216868
-1975741503
-1445397730
-2072092631
1524062476
-1183731015
-1627859060
1854086337
1107430227
1988527400
-1924501504
