-588059378
422196717
1000898733
98678065
-1566247094
-2013151322
-1946409858
-839301194
471974982
1615925543
-1996667905
1751242239
1908213207
1445349098
1901828584
1961707312
135987281
-1254615166
-2086405621
1355925531
-1218295219
1410241042
1285923000
1699770578
-43826005
-2141925373
-1781361565
2041065340
1953533658
942116337
34733444
835456108
-1567360170
-654319643
-1652188994
456203119
-981481358
-82283319
154249027
2038017637
-1085005481
455023896
-2138504842
-485974766
592259916
-1830057772
-1563086895
853587509
-2014436553
1011901
-1215517176
1054977498
1786924899
-744251713
-2128102290
-1867178772
-837498494
1425574315
-1339661416
1507026445
1384932598
-938969046
-1644130753
1496421290
1202271563
-1007395091
1071865194
413565769
2138405128
-1531711959
-1179837748
170324517
-1533809497
-1464565182
-993301142
-1227014405
653380064
-290853946
1119204480
-1927613146
2097346349
-1802550628
-101208923
1668248809
1427319690
-1912260484
895402797
-1877979893
966724221
-115433823
-115426354
1635064233
961838165
1283658429
-672625531
-791544761
-141965642
1809516333
1547211706
-1103560409
-1997592236
-1359504786
382700706
-908327458
305595133
408678862
-191109660
-1553074909
-273890595
804588390
-1433444737
960195562
1836263933
1109932871
389483754
-1451222095
-1129930484
-1590704142
514471036
-352354792
-769087902
708860430
264670478
1396485559
1957009473
-529976492
1207361758
169244715
-1330225315
1204576461
-416602955
155843954
-1206665826
468409407
-1233686964
-72388488
1676231971
-2036870940
1262578923
-2127966991
-156091510
-1713408163
893012051
1920702057
-1611993746
692403429
282921438
2025845912
-1081788880
1426663881
2030564323
-127352581
280444922
6535959
2060020575
345463199
396869633
-927947883
-1260431407
-1498460865
1273705225
-489674763
720510308
-60869487
653909550
-188380602
-377318061
625822940
570333152
-1223935828
1695852680
-2040879154
-1243964114
-91966637
1805021319
1414071435
188413768
-394961504
345899658
-541284855
1801467198
-1322602839
1242974444
844413594
-452887027
-695896857
-644510006
623519946
2009087708
964501802
-182541850
-1381116566
1949432194
-1484305204
985116367
-874727700
1524234060
-432738519
-1018152130
223431153
700769276
-345442738
-48110909
-1860224224
-1022061293
-963430673
-1169311328
-1981851079
1995080019
-1500125282
-1942849035
1662986857
352562302
-1079305414
1293279004
2127078367
-1774122140
-1341985115
1316868950
1531706014
142844956
1747606969
-1724099674
1436450453
267644561
-925502597
-1090834947
-272701204
-331335360
-911554159
172162454
-291460448
1725306431
2001963761
600508835
-161148847
-1932061568
-1042911781
815131177
-756920486
1288259926
2046581000
-969337048
-236597214
1896377913
-51861469
132892158
-308262479
1963235013
-1694219400
-1579435764
1702855302
413647624
1784020715
-552802919
-475870554
-1693724164
-947030998
-1695345674
-1705737480
809408594
-1683698650
-1857888797
1623475664
-1653989519
-1856951362
1852419889
1440908489
932401341
-1262438467
-940397400
-587747369
-1686007524
-1398774778
-1206344406
2124298651
-309981003
1951597069
-1994165992
1801981177
-570305798
-1880735095
-1640930317
-1863497753
-269110552
1642700391
1844687942
529223560
-237508723
353786625
-353436221
335057272
1654574282
1593253263
2050965932
1967294057
-978783142
-525286947
-1611593356
-217003538
472302354
-1359648706
-1258844251
-228500586
-903209366
1564864192
1491211012
-1113629379
-859509189
171264416
1324398578
-382279011
233273033
1302621952
625712148
1423812139
-834941180
1982122455
1545928758
-588138720
223082251
1394239528
-608588692
2076996821
-787197200
1830180982
-508497286
-1980142765
2013040066
1215621750
1250947701
321250602
1733109959
1456654086
1091175849
-40417663
2094545673
-39382178
355627965
-2008840850
-2131745517
1920996228
-684599787
2038977416
1177500924
-1287454715
2120469879
590531769
1262466724
430375649
-51909136
424853336
805522493
-1339125818
-621083400
1836179830
-2022806771
-1285452927
1931222484
1350076279
-362616719
1866331825
-363665349
-535908380
1511162660
-973336643
-1390189252
1642166400
707900609
765337607
-602603938
1696747672
-926443642
1418946657
1483827976
-501842785
-1024465830
372826303
1564608547
-35471623
-1750053616
494518062
-136804867
791165463
72529645
-511903227
-1600515984
197451715
-53864089
1567373657
1720866115
-1973747268
-20970193
-2076972107
-121238321
1349048197
-1421535375
1927508490
-1651316507
686951801
-503390886
1934595812
1155861999
-1253396189
223472602
470336734
602438229
582225612
28258219
366587992
576651297
1366381652
521648529
286943334
690599141
-1643967163
727354082
963576587
-1860240420
-258618332
1103373896
1816680614
1731497550
-90073845
-500176699
-1057979732
2039948857
-1803756172
-1981321481
-1487662697
-1900040403
92222806
-994276707
1347694109
1311777143
108850549
-2138141607
-159573595
813722497
1898335990
-650910282
1807729142
-737800840
-1804978127
181233517
1870945329
-890811601
-408603958
-1122459676
1532443393
-116058045
-2124196094
799743478
-1160752112
-491445634
202149962
-1118266375
677980348
-2143838592
-2009589991
-1063102724
66848266
-756368741
-1428343809
-1406265776
870502362
899144703
174366712
2099750729
2119879516
1322584598
704583173
-497561275
959847618
1349987377
735767032
635962861
423291958
1731722596
35371151
964317627
203122190
-1586701651
689210564
414273723
-286193090
1104793435
-1401563549
-172217452
47775502
780043181
-1440305700
2050416841
-1862903028
-1729039944
-107454118
-2064687556
-906323389
-390855538
-1294813420
-1490800908
-1834765652
-2043247204
913756386
-1311129313
1369603044
956890196
348962066
-1573943206
-1689035233
329212939
-556220292
1785626671
-1612809124
1021172771
-156062253
2032063198
-671887911
-1979861396
-584393154
-2146785185
-1767187767
-1404401721
393060134
653287847
-615182268
2081234700
-2129712815
-653867990
663543679
-1896577491
-218663633
1301928353
-608494532
447443355
1732673652
1664059404
32460419
373998056
-759244570
1041180154
-1015092334
1967127469
-2033352585
-1225289976
-2069190127
776526253
555974294
696482982
-1178049142
-409772742
2017899201
-1015797983
-1637661417
-1742470953
214219870
51802844
-1616176804
479850782
-703853621
192359904
1403463095
-1400672285
-1516474189
-1923145320
2100283574
-1141717606
1149352355
-195560236
-722094135
891708661
589314268
1267161623
18137656
236790993
1266958954
1732077070
1780174678
672773202
-270338187
-1847006627
89066487
-1582912180
-1425280298
-1912946527
-74810594
1893656804
1819323117
-1101073998
-2120851974
1104411254
1046453425
-992869080
-1382209773
1579611321
408851463
-1262664416
1954933952
1569053985
-764369576
-223544768
-723022116
-1123913340
-171332515
404743159
320603065
1398612992
-1925553092
1503621385
-2046361517
615084315
-2000851752
1577352266
-39686200
-161549269
-1522609820
-1715170903
647392775
2017254903
-918756295
-1000341648
1347008968
77312414
830112746
281622473
-1338846789
774073271
-1142415980
1747076739
620835075
932870073
-882245511
-122331370
-910598427
2128877469
712496848
903464676
-2091530820
210444737
-1778755626
-1463377983
1982432560
933247247
579438376
845764277
-899566681
1619059550
-42003116
594393856
-606813446
-1903222249
1987425708
-1509818019
1477901420
-2093518565
772242782
-1396623477
-1849276457
35475428
2032836545
131263496
-1871793625
1898232042
-827515919
2096565791
-192125172
-40817849
-1824182371
622938661
1850151403
2077829789
162898719
-1028168194
1053678101
-1202235081
484590284
-491101722
1996123706
-974090130
1252137357
291135853
-2058038497
-2024236211
484589742
603037891
1090054543
-1642760328
1686460661
123927093
1098506126
-1577369527
731447542
-694370313
-1125187372
-220649413
71031973
1908993572
-937911687
783426699
-1138490836
-541067006
407037420
-815648996
1801379839
1893972873
-428331223
1161511578
2095116332
-1461958107
1592961578
255030498
1913441527
738766266
-506352738
1995428769
1421769382
1511115497
-98748200
1032709946
-1226769768
1898838417
1096688394
1472724973
-1067353188
1636307096
-943709774
-483479243
-1246446721
908388843
504799315
1962155888
-145199642
-993090878
-814468248
1533805509
922991710
1362959400
781183125
539855425
1322726321
-584613958
-2026707425
-1477284285
722317947
-412955474
1755057566
2032204058
-994759428
-1947356905
846108145
-1599813908
-1928373714
-32885914
-576991119
680818137
2057805337
-1467355085
621251944
1264624479
1546437990
1467609149
1772737476
1395317759
787637810
1705466543
-1696079865
497639713
283572773
1078364069
-385245567
1676077364
1829307842
-1348847891
1682969793
1752940057
926343423
1024519953
-360419768
1892670913
1171911960
304793749
-568418176
885784852
-22576225
-1747310212
1084086764
643411220
-591508776
-2009713391
-1935920993
1701884482
-1559651517
-1535249437
1724531698
1483914816
-79187335
-1277724656
915850609
159114167
-1986367685
874938822
1796283669
-1839645574
728150727
1644849159
-1915380552
1749354987
-810024083
399198635
-272304444
1083832221
-1935457182
-386217301
1227877422
1990550586
-780364076
-1039343205
-465869406
1524290727
-1235109826
-462325384
332426239
321451365
-539266563
285207460
-961629178
-984428998
2121133602
269588013
-596659891
-1657402352
-149355128
146346581
-1665964935
-65960676
1749474089
-2091397298
-561030997
963468098
-944219987
-810805948
1391166522
-59219785
-689676221
1603122337
922747043
1539613415
-851982412
-1909463668
-538849859
-880328807
-672042827
337845169
-197389264
-31594415
2134315644
-356920761
1496750887
1776203765
-2068543339
-1172335538
1516332356
1079852723
-488588555
-1130248935
629713108
-2137397215
-2111802545
-1415713525
-2116839612
222240677
-474958938
931237541
-1732007982
-1805527274
516383267
1753466815
-1898882681
-982428765
-470655449
1098990357
-1816223645
375153907
-357936476
233258501
2139517402
-525309298
-426780248
-551377258
861152383
1020840827
1780401466
567580092
-177957122
-353647575
-1928552087
-1621251623
912151120
668708498
-1304116319
962987399
1842158377
1102194845
-440042688
-1155533164
-2059360589
2012003523
1388787560
190810445
357918337
2087252213
-1345341930
729910271
820617150
667410365
-304050061
-708786502
-1070579292
2014298019
1259452522
1379953496
1383477044
735313105
1155382138
-1728118339
-1719275485
-1785542407
74374860
-262843297
1877015827
344016246
1285122183
-1881595640
-893052158
-672289871
-819942813
246649306
1835497991
-1292822586
313106812
1995948691
-1288271046
899733862
-979943576
763745810
-1634811404
-1987481858
-650530677
-1412734950
1197323320
-1623486695
-42257495
-2038814891
1022512752
-1537874942
-724937028
-430275686
-688910757
-218341972
1403694343
1861147762
1715894597
1331183062
1683116650
1441926104
-949141127
1405764202
-699674632
-283989696
-969355532
53121574
1903769030
887718106
-928899237
537415549
1548647941
1934211863
1008218413
-896207425
-471429805
2079160427
-1482658244
319153271
-1426627507
359261524
527354201
1442364691
-1210100120
964823707
737510222
-233998646
1129208321
1537203674
1106758416
-340570950
1437320625
917460541
1512680757
-2074875312
-1836445978
1930398092
1889207971
1725594092
1014980015
-32893592
231894665
2068478403
-908916266
-595502892
5786515
2146728711
-253930189
243941879
482445401
1595223878
318240575
967750687
-414409961
-1383241713
1672695271
-1979895
471520419
-1993872166
820856738
1778350175
-46454117
80497449
-1264297275
-1572514687
1868230877
-1253309206
-600695275
1841988488
1111766588
-1536573153
1195267741
-1344727673
-2137474961
-1215274304
1416924866
-1754574573
1974707020
1588210143
-1609332076
2050208517
-527724746
1944470285
-1307628186
1774102141
-636390700
-1992464132
1676846240
447297834
-1809810429
1248623717
2067393491
601378761
-1092746227
338048555
548863501
273686251
78123802
-911517760
-502773650
1644424186
1269049062
1259011528
1013658107
-487433603
-555274060
-1639778053
-644952911
1818413466
323681922
-292400817
-2068315171
1448904156
-1399553155
1708021589
-506864726
-1011297481
701608887
-1515395102
1574540795
-172158136
453830422
1090307570
52416634
1027247072
-773916785
552545994
2106912753
1124438467
-1320644972
-1088156580
-208114472
-2039604308
1523471818
-1403229714
1944573230
-1568669292
777715455
63770364
-920414324
980511795
1931827035
1447388253
7138166
789199046
-385361452
-721614939
-309761292
-902343405
110785767
1142730955
1487810913
-5679190
1345746820
-1757590006
1105040258
1502468204
-1172842167
1214413323
283100377
191319376
458117619
446935107
-2138046917
1526689636
996406289
1326048154
1304230304
-995333102
-792314119
-2107810995
-160114887
618751653
-447095808
-1074136556
1132576712
-1182331382
141589220
2122208134
-1671571413
-232699174
-1394900595
-1987300420
-885368264
43207063
911049461
-2045280971
1948182224
-1046256331
-437800605
522879225
82011438
242529756
-638599202
-1110100736
-854064256
1329874924
863889121
1517219027
-1844171592
1679048513
-1514536886
-1113032589
-1113684061
-238064969
-533074280
-681128582
-231910599
1242827760
-1870478507
1983684224
-1344293833
-2122524844
-254715695
383485120
-297416725
-567578535
-882486512
222011386
1511428174
-1966610940
2094840837
1807929498
-800060073
190641070
1154592511
-1516048360
-617670771
-105838069
1033291618
2067311522
1446105054
-96967576
-1190115686
-1347754759
-30361425
431795763
-847567539
-526074472
-288895948
177929408
1340507087
-1979535334
-670424064
1061232970
-957403686
1508727772
-737147425
580884279
1845699966
-194844959
211315171
-1361735009
-883005098
-1176888842
49565116
582021902
-1336841732
297310998
151218509
1609834121
2138366654
-1056445937
-428926853
-1695545137
-25818735
2120942436
1791594055
136375008
-1268692411
-401552011
-922442466
1918922434
1090584826
1300083677
-1676353425
1948799874
1229514706
399054107
-993365122
210554233
-1893848089
-1785633165
1731420535
-1790564656
-883466881
1186214422
-143193402
-1634376635
-1764839554
-1794813056
-464733275
-800591314
2115254811
-183298527
892604406
-790979138
-1711983402
1522211391
-1381023662
217865862
1088969641
-1959910374
1378659425
2125837374
-1715539075
1329543504
-1202833813
-1132356411
-1174593057
-1346588541
1611809839
1643210342
825461747
-262662344
-2025096973
-1924865443
1239380136
-963898878
-367952676
-1141589095
787853869
-1891788065
-1297717889
-876284478
-1903131997
-372751903
1324454839
-1697523588
897493011
-402959344
-496362824
2137639661
-1477538911
-628618098
-698874780
749396861
-2007070719
-155241476
1895106269
721629148
43985706
-1753296356
57311067
-1340147384
-1270128822
-2045323849
-533477826
-1195341552
702918393
-2097817919
-196530074
-189714093
-284616528
-1889708358
787042754
-2118935027
68101500
1131357014
1394300199
173781587
-478923026
-1394884769
-463569566
-1859095075
-396476331
-728500774
2057839503
-1279207739
490299183
-1956775064
1511179948
1016873870
815859419
-1873755665
-172621720
1789682023
1862513555
2134794873
1682469697
-394435921
1138383002
1379975515
1839859149
1255588283
2100034993
522834073
-75104425
1541301207
-1700184114
969610377
1914821037
52193419
238201104
220090037
-228139977
1398155550
-380103700
-107777274
1082250315
26946655
-510751316
-463058147
341147328
491197090
1857907738
354446340
-676235584
1801960969
-1801811336
-1718459899
1124646370
-383304956
1649992114
-405195046
830484856
348990746
-1934889002
2008266246
1239318820
467911656
-1621777725
-759360639
1886157489
-1689748374
-191120864
1280891034
661503775
1806774905
-178465648
2021014297
768029951
-156088684
-1689478109
1108296355
2129251329
-1109730334
-77478385
-2119540638
-647141941
1397256823
-403187297
1600871652
-1137641461
-1050451498
-606997910
-39141309
1234320335
-896927818
676000200
-1629939578
916487699
159923976
1423102850
367379015
777217435
-1659456711
866130376
431429525
1208467971
-75865164
309822567
1958488347
437368852
-469414998
-1109686470
-813800063
-564863144
987619861
-1676135455
1922814738
885531887
1281435129
-1145599311
670613406
-2016114780
1625467628
1228236523
-696120671
2111504698
1405250009
-376866257
1841786276
1528770828
-1308075520
361827122
-1186502941
-1256612908
-1456335296
-590779474
616344111
1695388874
920588952
-1217963622
-447267819
-1595137040
-909367829
132562843
1305058112
2018409900
341273603
233932985
-558588901
1827135382
-1395538985
-1087145131
1619188410
1400366739
1081306640
-644067494
-1720785158
1229173282
1461555145
-1661963341
8228582
330131701
-1200972394
-1298385156
-957879460
1223094979
2049700551
-1715189893
990319343
-751436964
764614894
1573502545
-1936877809
-1190358275
-685145187
-836294164
1744383847
614137829
-1230912396
-219198529
1760114566
-759917272
-88507558
411925813
-1632836927
-735403326
1930659593
-1024266270
103172694
-1285696786
174471632
-748995333
239974868
-84440904
919705236
-1887045624
-1150100038
-4058159
-923936233
1558853847
1863301214
-139473502
1147327612
1900302515
-1998880496
1888383907
-1428367606
1932336854
805949823
1390760684
-734250449
-1133660133
1803863386
-833480437
-785858616
1270437367
-71897030
-308191720
-1476242017
1336066218
40127934
-1893909497
62716981
-532567887
-1419800585
442337085
818795968
-78666882
-1646563321
1569356901
1378591094
516669290
-940710652
1773926275
-540727540
464446186
-19569375
1311541320
-722184583
-1943377152
1156486415
93910952
278732799
311278837
1011550624
1838813865
638797931
1854324548
952106926
1850723966
-1647133286
154955225
-2142360006
-1634592300
-1949683905
-989725317
-214821161
1330442090
-1766854684
1179927173
-1879148472
1962048999
2094359086
683298524
-99039384
-381191961
-1083345308
1849522972
1544147530
-679811242
427752497
851201812
563278240
1102840577
2080623785
949943668
697986144
-1214907030
1900155017
699098820
738718116
-528302629
-2038618430
-2145265768
1037323473
463662269
-252711112
-1993673214
471709691
1704648745
1507491270
355635783
1480880264
226049471
562657669
1817333460
-1456901614
-1434098250
-1965183922
1739215730
-1293714542
-1138689228
-197228932
62226360
350012090
1942560224
1615502070
-292958015
-1332872799
1157179572
876959596
114093599
-147748187
-260437481
-596542241
808456719
-585879924
633768234
1534860391
2143666413
1943421164
1725828194
303307824
1891042282
1682142925
1315222870
-217675579
1745165051
-1298343028
1988683225
251147920
1465899540
-1349830655
638812747
-581339231
1256727958
1655588836
1233749292
-558306898
1329152517
1813995884
-1650804751
1667670106
-1953830147
-2038140104
-410868454
682176442
40461670
-709198734
-1799481468
-1562748140
-106954522
-991108303
-1631012101
-1277596695
314948759
-1000256225
1857794579
127759669
413336313
26599003
551499063
-1399716108
497201450
-1513487712
-1362194686
-821226008
-605037228
233317542
-2131818035
-556459111
738529381
1028192200
-621829496
798667421
-1584863483
-651216922
-1139764019
968438553
-341881404
-1083898996
-1336994766
-1547299961
-459944813
-1521339309
-729626914
-676392519
1883542902
-1602922105
-364915362
61040668
2011515510
1805596938
-769023047
2013565761
-927224101
938146423
2039449537
-1939903591
402372506
-882155383
737022123
-835283072
1696313100
740799678
260355042
-1317824132
-881303583
-1836496585
920187671
1273233093
672955219
1963242722
1291669404
-1753452024
-673468771
769142234
956538610
309573223
334766
-1519737331
-1150839648
1692651204
133703962
376278558
-1481140922
-1983916737
253877584
379413133
-225499407
684803836
-1600636654
-1642371307
-380136785
-1319647191
-1091812063
-2112015275
-210203802
-183327681
-1490893001
1414855602
-1393824287
-1574203769
-1806773703
-1858099845
-842731989
-336697633
222864812
-1699467955
-1972615648
-558758211
1051627625
-337518408
441989440
1863473780
-335230324
-425630686
673219014
-2340170
648313522
1507238379
-1287947528
1360018009
930699874
-1679816751
-1833755456
90709086
-1265586741
-1661880682
1442159740
-417700306
1014203055
1644267488
-825309422
274948645
-1569625441
-1009578401
-1965791162
485664340
-945806232
1426125876
-329166001
-1762479230
-274208563
-674014319
1088413862
960299124
230379125
2005476764
215872801
816641390
2023029031
-223067240
192013888
-727147527
1262782516
1537701446
-552022073
-216135963
-952666061
-84533368
-743690612
-1566525807
-1719538701
216861256
211145874
-163414679
1832292525
2146782359
491162197
242722991
-1512304263
-448747496
-177933977
17723774
453103107
1899039903
-1284539333
1547565580
-807614338
467869972
-521826496
-1907270865
-1292828969
-1235356003
-1346822351
-256408030
-1319460050
-1939322372
2064343211
1384709768
-896669823
2488117
1380736255
-1608470352
1000034474
1772520307
251560009
729114649
1735509131
-2085101269
266106049
1739958841
1668728710
1323225729
1899028304
-360711814
1214291251
-1249341973
-1894461082
-1037187964
-842710964
1738508563
-196934646
-1152940607
-1232312852
-2115531262
209399858
-610478307
211943416
891518586
357701716
-1868275
-1372982563
-196515422
-1056958660
1164751827
-984812933
-835725336
-980858848
1555049983
683784800
-1201049310
1958190065
1868606264
-2051730119
1420976374
1477472243
1437993020
1994811268
1654988156
1551137167
383066404
670413194
-1029540831
615652199
1342046956
-499434356
-147652402
-1103136853
296562995
1632659260
501642056
-523054166
23397438
1140082030
-1172879655
-1645928277
1453351746
-2123495665
-1723871184
-1986806274
1505779426
-684041643
-336083579
-535574451
-388337674
1978678584
645899520
2067434039
-1201316211
1377628704
-1171153573
-406592993
1495209269
-576844833
-2071601979
-80170688
-781851527
989578464
1389521417
-1360746492
-488375638
1437930913
-506663953
191628182
-32238622
-2087567778
-1084816670
-1064890187
-938301883
858372110
-1031530286
-697137205
-727773558
-1374764910
-481178789
1208030781
1919189177
-1998588372
-142978009
1714137348
-891633355
601863725
-1101360240
-1648145284
227207677
-1289276686
425435528
-1631537796
1485094958
-249531120
-622196548
1473955750
-1047175732
-1610433586
704843767
-1446073089
-2053622847
-892342061
-1509771836
-380022079
1900521508
-1291246816
-1276951977
378232688
293786815
557530431
1170838445
1226700330
-464377397
1927572156
-37255182
-184558781
1749874941
54911188
1735404066
-306721263
-1851904827
633142892
-1351645967
464661507
1795600340
-1032194236
1729249263
-1453510408
-769636129
555318892
-1849201945
-1739036467
-1458835805
-1693834250
644422536
-1775163848
551737384
-654485012
-339820217
91165395
133287240
506418308
-512339069
1347497083
825916274
-1454360174
1526709737
533513179
3068587
-1064545475
1384656665
811946051
274116310
-338150923
-301388407
-2138231618
-2066722508
-1182717532
-2126932310
380408418
1000369709
743503395
-1284707256
-789748759
1691276112
1402491631
-1437625290
-1681940864
-1852249705
862544412
-399184343
653493215
1960024047
-378028407
-929668124
696504729
1193953784
817001812
1840306069
2063309236
411115273
234857104
1763710078
-1811378052
-1751349898
-2100779723
892216792
1334043540
-762264044
-914284969
-1618561037
1195961933
-1180679171
2084712347
-564336735
-1244504262
1532458128
1765190885
554968021
67871491
-1071524933
187446614
-614267514
-749885319
1568888956
426272629
-940490279
1935364587
1909861796
1478534315
199236222
-324851785
1629795037
1709578228
29290585
-1924063197
-827061777
1228862419
-429663131
-988508051
-1655458754
-943645818
-147164459
-315909344
-288684906
1418832763
-166128517
-779702360
1627744555
-1703930622
-1932561811
-1309937880
573231578
883605827
-1465440283
1479248523
-2082359627
767979377
-1237741975
2012442073
-1110670658
-511655361
646721579
383896779
-668178703
761901203
-107512654
1297835168
-844113529
-1495872135
913417144
1940096817
-418167431
1101962074
1754380886
1073824579
-123818430
1354325612
-96629154
-1952563684
1492339689
-1593302420
-931738617
1233195608
1044931390
769255307
-1428006449
-1362212868
1265032803
1148332709
477040285
-359122485
-593008243
382942392
1445930533
-147358760
2133792780
-1803412077
1193940880
-1129670820
-1780296312
-1063203379
136491611
-1273679927
-1203099764
-1341699080
61318526
-1654397666
-1004666040
1607643415
-1216162607
1385924477
-490161262
-530243508
117317803
-575705094
619203374
155745749
-1011186740
1193546421
-1892384946
1796284729
-1220498564
176168490
171886171
1283258045
-801083917
987741127
563717877
-1294023651
-2048474373
2065876414
-1420680392
984384632
1342710483
1801979420
-1635414975
-2029842549
-1504219306
-837496038
-1551726096
1835040802
566217564
-1161192269
1502370542
-1862660662
-1954937760
-493273226
1245942001
-1507242549
870085219
1742876829
-383267522
230166356
1366192655
-1434069155
1926906223
1351698168
1169612062
-936663169
-1409222538
1641069913
-87087876
1694683439
1327967201
-2037222110
-2126842965
-1521575405
-604559009
-1552024518
857634534
1882633119
-1527870334
924392501
-689194615
303440551
-1552559930
-391078386
440512303
-451376075
1095794641
-1252190957
-1136798180
-1549861988
-370442244
43312416
1999344477
-1646103092
-1704769775
1193015311
713731373
-52695576
-1804339882
1395971694
-1843886181
484339477
-618554166
1056839539
-2095184024
-2083942507
-939050834
-1792910292
-520208587
109543699
706681158
-810530310
1260407517
-387231169
1388300256
-1068287937
-1559167713
-2026293859
-676026603
192709974
-2007022720
-487857766
-1039543474
-1298610493
-2105514897
166157792
1150748553
1936410795
-432571479
561697258
-741504419
-446852986
1439553759
446179546
-1106680005
272094994
-1340070763
63020682
-521766922
1167240586
610168652
748325344
1092485764
1319191063
496733923
269088870
-1753616634
905377671
-1540723143
1102245657
313973253
-1075690436
1636709143
-2089851776
-604076290
-551416730
-2136187315
481839104
1580758816
1851386740
1832798746
-1850332562
-267999149
872227015
-579753264
-1084531739
-1725906820
-1381035096
1568535992
379687642
236988671
2090050172
-1326525902
1880256621
1039392389
754495798
381810977
-1956415999
-2107967234
-865752308
-965138811
1784889358
-1926156311
-1732973716
-1423507096
201267765
-414654766
-2069478863
1887968766
-1459273580
1732398620
1234765585
-1012433401
431579739
-1752677376
-435195814
916468600
-292144737
-23715371
1417945309
1812203865
-1863299986
-1809051247
-1053417174
344545008
1322986274
358221711
-820070403
1327522079
-101466118
412261522
-2021141001
850587146
-3701786
-1232927735
1139869840
-1479086340
-172381023
-729963884
1515989068
1508336779
650422277
-568784698
536491564
-393944839
143095962
1300059692
952376423
-961458979
-1410087057
1358317710
1527924313
1641075201
1844100909
956332916
402736059
1796477070
-630979480
-127099925
-1147081964
-9567642
-224698568
-1197763448
-2050052241
528101585
-1183389176
1921185197
-579658418
-2015485862
169925037
1113136650
1860547294
-1107618053
-1729285446
733800295
-1833334933
-1435262857
2002059281
-1490756705
-949455339
-1520798457
1045814973
1134441967
1299824580
-1927895496
-400690433
430191728
505174105
-1419561453
2144967334
