979652096
1463224921
153296578
-995895956
-399789933
-1100133312
345415671
457019410
-989186759
1356787778
-1824559561
1660900503
932252665
-1964385750
237766589
370475357
-606216368
-563379515
711569141
-1266120203
-745627856
1705246862
-344926434
-717778698
1308129355
796157867
1087977258
1722305296
356547472
1594799388
2105648872
1356922720
970504693
668776753
-898225564
1204205829
-993208201
1892070717
-1751068787
951909874
1182097502
-1487298424
234373656
-813064443
1121537989
1054361737
1420376484
-484641447
-881217959
809615444
853943839
-1810882345
-272946591
-234171567
-52773273
-1179640813
1037959677
535785262
1912034612
814070101
112508082
-132368106
128063540
1404558580
-363955931
-364920286
999988599
-1834579734
-607005914
1779830543
-952212723
-1292726875
51488240
-1325897935
-1633475347
-32574437
-348836178
-198795608
1717972247
-977898208
1264669505
522080208
-1218575875
1433440763
1894322496
1571272701
38672159
1710694966
912742720
-1484313752
-174955532
1661364917
1350883924
993875043
-709688048
-1976626679
609255895
623882708
-1775350910
-354253307
-331762840
-399111968
-1681269122
1114089106
-2077786827
1663090150
-1012804805
1257163199
723012732
-1617475410
-1942560994
1759079708
90826319
1089288162
1848313880
1304111175
1453435031
1887401916
-1821477045
-1562463033
-1333176486
1232896
328487411
-1636622568
-1477117376
-725103315
-1256080253
1815246086
-1312125358
-976779026
1546087438
-40598210
1428983813
-468711978
-661100056
1807057953
-566976137
-2080501171
-1462309491
-280909349
-1346645768
2023614148
-1726320448
1043602868
2122466251
1269494575
1826644471
491307685
1826638124
515542964
382408950
954579246
-1203299947
-2120973152
1936257465
272280166
-2122856900
1383570842
781693334
1654730835
29039840
-1908949990
-2712925
875229051
315458501
1661345051
-233057964
134165947
1759384061
1753990670
233306216
1458778710
-567253016
1309232402
-1298323706
-605742256
451218429
-894537630
-724787933
-283913219
560222153
143601934
1954601510
-1959663404
-2061237961
-154966802
381680077
-2087979896
2118151186
-157748269
719092561
126337625
-1662685240
-1315949570
-1259809080
2118304166
-1945326224
-983754283
-1392212790
-1838440761
1474433550
2141138643
1971280983
-1948510951
-915390187
2007860160
-231052553
-1087025575
592093996
1089671714
-394548445
1829921589
1778588981
925581554
-1042531101
931778848
865448842
-23756653
-582024008
-957351579
181706121
1748120063
-1330129733
190446975
-612135598
478825795
-362183675
276925606
-1317457969
-1851360467
-161245103
-1163954515
-1257625356
703698498
495871456
903616523
-1720643513
-452081931
1606338972
-195955914
1260073378
945991446
171499904
-376435913
1006245432
-1768007544
1710974774
995021690
527833557
-87434441
294883585
-421279514
-1365340055
-1070731704
1003723997
1059915821
1542995910
-346892143
-305894941
-1737525916
-317509208
1026192458
1959576562
-1137227563
991764982
1596602885
1083131275
-1342958316
-482996921
-922319141
-995494915
587635279
933274535
-1105227289
596703681
1032321770
339780505
-1396456200
930095911
494347595
1601528160
192048257
2123694385
-1116567823
-1937834374
1938092756
748541630
1139891403
-1165945492
-1940645233
919057386
1699820743
1662901701
1901194326
1383621556
-79596376
-1848570788
-1612166206
533139426
-1302332900
1910633435
1651992472
-661602527
-2139674611
-2009552511
-875660995
-170651281
-604048073
282735138
221022057
316792509
-1652043782
-510919821
-1753341925
-1901683761
1456434033
-1805703804
-1704444468
-785733273
1588382146
166224012
268422119
-593104479
100800439
66151148
1309703799
-1067092064
1706569101
1790786414
-1261637342
1451736426
296798476
13173709
1642938709
1182737424
635032791
-544819335
501258176
-745035246
-1705160443
455619226
168383749
1789897728
1737404655
-1469276843
-498936405
-215381148
-1427127733
-440219825
342557016
-2028576801
-239832711
-1925761169
630790463
-1275586927
-607256804
-288558105
693008854
-1300520002
435911405
-11778445
-1165671476
-160290130
317102027
1719861475
1816928314
190463955
1278291221
1839597015
-153250792
1127786801
-1379337924
-1556342327
571774706
1334984954
1293711763
-1443479471
772235482
1431232120
740617065
-480630365
162309024
1986488623
451332697
845640795
1157538624
-1782613438
575365087
-1515665540
1263722907
1420636181
-766822354
1873676470
-86748822
-323479501
-729116607
-1325583641
981025903
-1388162190
-318369488
2069598435
1336772844
173889621
1568632004
1814651000
-1417909672
1916663729
-2093043891
-827973204
-343045808
-1881569390
-1430889806
2006193736
1224916683
1701861470
-152723768
1310045593
-2055962990
1332205627
-332053785
-1844963211
674065646
-1189541714
-1790896965
-2100715140
312286114
811477636
1288237143
-1299421793
-704306661
-873151500
1210168719
1984436454
-186448667
578249989
-365969786
-380140691
1003266145
-1643852243
1702472581
-1844854097
1989937845
-236954310
226203662
170908422
52633859
632415349
156241200
406019442
-1586613284
-1144434684
-1790622435
1523262873
-1776253193
1059896720
726307833
1194292238
-454256611
964553255
1552615924
2147412181
1926586727
-1976690078
-834166118
-31841754
285543084
373678282
710186345
-1395391631
1289272884
746088055
1036164003
-1003427678
-544697168
177215994
1601584998
-1496364635
1657654382
431810684
1241286649
1773703724
-1487355960
-2060819162
688756584
-1962856017
-2129965347
868647619
-652014254
353052596
-620515197
1099416484
2006008576
1605275728
1708056187
1342964676
-252726086
1925182701
-1546055450
1213677867
1536044117
1722049868
-1633288968
-234092906
-1854308080
-333472563
1103219435
2112707671
-1301544799
-729237522
-2114521291
1410622330
1462949257
995507729
-681274628
272760617
1054015152
163218305
-1697409079
710357073
-548557779
1897244598
-245284228
-863697020
1636636004
-1450003496
-1199593089
1718571297
1459625045
-2087084671
1722614334
-1567924303
-1459858893
-182963769
-699053610
599169172
1935880500
-884986759
660161804
1654040284
1451270055
-1636237401
1005652864
-821069704
1290145866
1697124199
776966689
272198036
-899230755
-489003562
-1999640349
-1895546304
1049587698
1351033693
298590127
-77993393
-2143613177
408039221
-641136997
-346163327
-158900778
1068166188
-1650377381
781548004
-426219030
102430120
-636664330
-1248548234
1520653685
-2116736788
2039320252
-1467588593
-422579104
1297448602
1553377142
1035693693
-1058101596
526809208
489625055
1135498224
1644233688
-521590922
238124371
-238430056
1097411594
1040780783
979176902
654804108
1115476433
190145071
-343314953
-1620766739
-1820962398
650999093
1441961188
394146123
26176098
-913948231
1776567936
-1299550650
-21599427
-731158673
2119444386
148165240
-1425544523
1375606413
-1401643711
-172117870
1682201341
-1005015157
-298194210
-625684028
2031751048
2011568937
-1284619199
-1969440926
1251051484
-542630218
-242694553
1156436676
477303723
970469518
759598010
200988525
593110051
-1142779677
-1857794174
-1809478802
-1516511612
879995584
1976194203
216381964
-1200897037
306970955
1659077480
-25547616
-838696306
-519099062
1509159687
1916128702
-919059521
1371975399
1452429765
98130585
272960469
-2129029193
1789583572
1988904614
1752104656
1573277944
-2027292869
-1811040898
-1734893957
1459356186
64438285
-2099204344
-1776921152
403004288
-571856931
985985495
-1755323081
1435421063
-1334629008
1744832464
-404781825
485381062
-750974540
1209041167
-379596847
-1082938217
1065607921
-274761462
-827405486
791360726
-1257242818
774031863
1510580647
1206319080
-1322997195
769954411
764534862
722265087
-1567931926
323678531
-36220884
651805339
504209176
1988434887
-2086749471
-21187245
-600683363
1030828555
1136603491
979843797
-549436888
1524659608
-546002998
275382314
515315248
1922418252
1713371752
-1074331074
-2033984729
-1598781058
811184156
-1343896673
2114591727
1444175717
-725742105
1738447493
-1382306932
-1286583623
1311657919
-1386325231
-1653523429
1085157018
179051171
-2070683175
912322819
-1419393359
1051818991
-215137628
816799849
261914005
70846961
-440230031
1730852841
-1411529361
-741410373
216591294
1770453122
-315762976
842874426
1909923846
682458577
-61933023
-1141767033
-634609270
1411466369
598720108
1499537789
-95428012
-876829695
-67452006
-2104081270
1204321656
740585336
-1582892532
1161233354
-647474275
-241716747
-1032749873
-862907055
-833918021
1669495275
-191337989
-1740486200
-689005531
-1767020581
88104283
1355619386
-1592180790
1800074322
635728210
1262873392
-2141815881
-893476586
-1538594308
-1418580230
-310454049
1309247900
326561427
-1619771057
-1734658530
1418397372
280098067
783518232
1165383291
-763668057
-1806842847
1616520584
-2067624019
1517392408
-1670762712
1102993263
1443716320
749020105
-149425979
1402953680
-1575822920
749657896
-1562097820
-1283291984
1436510613
982794570
795818027
-1644796624
1129189145
2032357151
1701354518
-1538266658
710293478
-380342297
1416518498
-1244305849
-1434189652
-2083849499
1745386287
1317126096
631387490
-1511756719
-375004832
902999493
-1253207598
2052158866
373748421
62023346
1436354139
-1389142868
-911118468
-2118234383
428016882
-1670684938
2027630996
691108996
-645391767
-1519318255
1877979634
-1160567772
12539891
-1109408235
-802261128
-608812134
1524191463
708505612
-853617565
-258400948
-1992118076
-1704240221
-109603340
663247130
-930632331
-596636386
-924874158
-715989398
856021461
-1897433972
-1634336594
1872280449
-1232462732
364222268
274769832
2115022356
-2012164453
-1906385809
1393454576
-1287315170
1337608077
-1762234034
-659207888
-540888076
1600542735
-1795524579
-355793111
-541090154
-1668449749
1751611057
-912814820
-874215609
-233391824
1844426783
-1988023958
1062509918
-44722692
-1462069834
1536809854
681315678
-1706333316
1557846830
601798122
1711874628
452728692
963295776
-1828143408
23439392
2086529915
506396857
1843458691
-1337236505
1030302281
164267946
654265453
-693652346
-1974758091
-1113191582
2079783474
-2052083398
-351744520
1220535423
-764404459
1137137950
1243123894
-187018367
-1361986150
385067013
-249558465
-476687424
-1020996243
-1399282550
-2014065007
527706527
-603745406
1002552164
2028221345
-1903026174
-654950788
608435198
-1523706790
1435838717
131160402
1777273414
-1719255067
128865741
-1379996112
687528389
-2057955029
-395617781
1859593114
2100135407
-341562729
1680838174
751468503
555080635
856404512
1343628529
274890380
728524918
-19764858
13994213
-691839834
-1082777132
912002779
-1790503927
1688485501
-1889469624
909078852
464885640
-1386146762
-1773929323
1052313088
1682466402
1813766248
670150051
2100513193
906483551
676939009
677702550
853373370
1112764991
-807503253
142441244
2049782353
460405813
-2091576086
-1153242106
-248472523
-782182506
1553677383
-1153850854
1612797721
-745248051
720189874
62854950
192592929
-1445166446
-1132494876
-2078299560
1173918886
-772578469
216961412
-1972793139
-1862500042
350715410
-161715765
1210432359
-181121826
1869347847
375999338
1280886242
-1975799638
-586050009
-491775574
1505444649
1989692268
400108398
944545749
-1355154714
571920828
2125777562
2037672660
-792466345
1065138752
-1650253024
-510584551
1484073576
-1745753555
1012699491
-1781185346
-510991107
-960879091
-733464029
-63738898
-662817906
-15840574
-18683597
-1892648061
-613911303
1952551626
-366434450
545382384
1689082002
2136959940
1949121515
-788447135
353625215
1404215346
-115405713
-528594912
188288323
1148115327
-1833758429
1838752314
299610775
-1425949116
-324022394
-1017738398
-433384064
-2027867962
-2093444956
-2117558764
-1740760163
-1585417789
735659656
-952779523
-747965503
661531501
-177810194
567885721
1201401793
1729734838
1808707901
99599646
557295502
459128014
254545331
1920684440
2013247877
-422306071
-1339554847
1732876629
1873460229
-1864614331
2047701594
-2104942974
-734841790
-395521429
-1001356889
568329493
-1054955944
3648436
-1932196739
1958854894
731714211
-1441036274
1765680945
703529528
1418884173
-1789399040
860168811
-1965194219
1856050471
1739808747
163308825
-1820614278
1852099260
1174684049
12315047
-1382165418
-1518571357
-124683813
114338412
1537377017
-1526713323
-1547202858
-839882393
532332467
-153582402
-1442076162
-1794293974
51175100
-1605189929
-129631553
1563665685
600835667
-2138185100
-1068417736
-1295323449
-506585816
2083187738
-2095748799
-1008769326
2141960958
-632184172
-1813000785
-156958035
590086028
651423238
-1066722346
-1025711634
-241142876
-1756951486
376317775
-726201160
-434939753
646657626
2016435706
-882039439
-558036522
11504501
-1532019642
-2140536392
356209884
698963174
-179289681
681402006
-1156846773
-1858930822
1913596296
-1076222989
674845525
-1499978223
760245242
-1458508982
-281281955
1836722543
-2090054836
-585122400
621235677
-1712303789
-796462749
806042801
1230306954
873849545
630088076
1627695980
-406924875
576198588
863978105
-941389406
1482269939
65799119
111002761
1777383161
-326465536
1392341612
-1033885620
726421798
1828262112
-2052779492
-1633900218
1092010331
-1777316282
382042393
929353969
1041804541
1538391097
433327905
1595176456
1194114457
819322613
1737181324
498789378
-1721142248
-2029426673
181575328
912860892
1899526962
-1033762341
1846001956
1113052955
577514784
716627217
-963936974
1334100497
1429946517
152861870
1480406353
-1802053026
-1642737426
1525169175
-1314044222
-1697850183
902182311
-265413756
-713035750
-1598917392
1468226833
-1392566629
452955408
-1718341843
-1832804799
551807323
813054872
1047181690
971650635
157927227
852770352
427440518
-2064587600
1230405778
-257314952
1181399721
843209492
-1199988167
-1345365240
158005285
-1862437836
643308398
-964440195
557778862
1209296406
1448695291
-142672427
1446029355
-1374526591
1558916246
1171257852
-890292034
-1609211729
-58432629
914206886
-926311423
-212668608
-1245476968
-1675844001
1988922259
-2038798990
-1721608425
-786885664
888414162
-1095383921
1536432482
26604451
1430753257
-1305603418
552044658
-88681288
-492671476
789519229
1395339465
473138905
618587138
760335557
-77763694
259126204
21541859
2052301199
-2103486715
-296502872
293142819
-1296772865
-642486000
-2136319157
540485070
6173758
1125038131
857610441
658184212
-617932875
-519997781
-1031748072
460465160
-104699017
-1498211374
1011298954
137297316
686687998
-251082811
-1384581717
-1464176880
1232466969
1397517639
2114958668
-615897309
-630131419
-1543983644
884750559
-1263047639
1197128314
254006361
-140976635
1906816743
1901296424
-2018143950
649478757
209025499
1358161123
-450273867
-1897384257
1866963143
89888571
-78010114
-351908032
1672107120
-1932550641
317600619
1228186903
-588992861
-828268733
231357497
-704733880
-1536062856
-1804619856
-914528913
22464703
-390853414
-849869988
-1266388486
-1221840473
-1720516282
-1480921878
676676121
-545871364
-1004583214
416866388
-1274826245
-1113526434
1873119600
-1539216170
-1073529179
1582348328
2093730675
719544877
-1654418151
-1443234367
1092584274
970822913
1478782900
464263217
1736528300
1865610910
1461675479
-1956872457
-693660788
-1115950102
-1429433911
182207257
868308205
2061127571
-1055837988
-236808581
301426560
-1978406009
1167434189
-513280908
119644588
-1844693591
638739824
-1775059042
-18708011
387656641
-958790260
-1087411987
263975392
-1908659533
1474299395
-214207486
1574127351
-889324301
1004225590
615247041
-716924535
-910107592
-2077988697
877470240
-1773166188
392583791
2060930783
1126349378
815416102
1902274034
197691281
655127491
1685608224
-1671701255
-229746434
-1813698475
971029565
2138989648
-403775077
-1778981749
1085535314
-427395766
-1929690894
1828202740
-1384590890
-1347692811
1916398277
-1921800084
1962408357
-602016114
-129988488
-88270931
1080507648
-318188745
-1203762000
-1834294740
258084824
324038886
-787751626
-1619666910
486317899
412878496
-598788319
-1063441944
1712540782
472472551
-109956812
985547911
1221627725
-2005661327
1742864516
355820431
-1400928721
1061392666
-1618582690
1146416167
90289438
1265533210
-563587481
-179378843
782416293
1372591738
1277982723
-154328608
1424815835
282137283
1363525114
334098050
583957920
112965881
-1494523559
285346
-1387416282
-1910626873
807871638
1980263761
-1493071949
-1812105477
2046777334
1316281331
-1963386972
1624208947
319963187
1106056721
1794850996
-1705526568
-399588520
-1681933714
107374974
-1260357812
-976191504
1706477911
-1132631744
-48863906
-1272728993
1174939711
-965311007
1817347590
1855425679
-426620278
661507636
-1097619378
-280239154
-486927447
-1431546754
521464717
1141987573
-688109978
-1614148299
93171931
1686200013
-1198123648
1346917898
234532800
-383401297
-2016564870
933194025
647438894
-1728210070
-249778257
630800575
245906353
791134824
-2062793046
-1216827716
-332636188
1280916243
-256713804
387165401
-1985819610
-1320670092
1421462957
200550620
1597483150
-157658851
-1399199457
33739035
-554978277
1987051849
-1155853936
1601414462
17694768
-510444735
1158982679
14962503
-388927682
-1998303744
2100404017
-484931369
-1087444286
554961433
1817443284
1438716073
-538934158
1029020888
929145796
-1099041693
-397347150
-609191512
1443135782
789918349
-1776404404
-1254296140
-478272686
1508047073
293934944
203192783
72865005
-1004993852
-621342823
44592792
380993333
985062420
695914401
560023257
-928846178
1300040740
-594861610
903433263
-719827810
-155620092
-282121155
-1435692560
-1226054971
803943173
-2042479689
-2024426936
364149519
1445030011
-1601139087
-2017511003
-1660882563
1172234692
802279841
-1018174380
-1216427295
-1719997047
-52345234
-197979540
-957160199
-1767488189
1797177903
361043434
-1266379840
-63962623
-1511850536
338378525
2081210367
-258041497
1654974640
1458948932
-702555351
-118675719
-2112556473
-1600153227
-1465729944
-855800423
89030567
152684991
170375923
-1990984370
26148809
-1311790445
-1705862750
-1682339514
803558218
1014077535
-1101588541
-1766983139
239303518
-1550077061
227490606
375617631
528991236
-1164472248
1415817110
361835339
-5120645
-1949940330
210868002
-2130507814
-1144284940
-298681018
-696301509
-760673281
559168648
-1063228624
1225323687
-800560593
-1300716948
762039878
-1858230826
-887789277
978425698
2095210489
-1423672708
-2069562405
-234541966
1036735963
488124767
118576614
205451225
-1011689083
-909111951
-1440940064
-885112510
580557498
-1358272735
1372860476
-302435021
1176428492
-515997971
-723227581
-440026167
-1993230274
1023436091
-706824868
2128740008
830748074
-1508177047
588826253
1045441068
1892667109
538038818
-1725553087
-301394460
2091929952
83634419
1143607371
-1731428289
-35584816
1673728797
282033195
2014105991
2142627089
1995548076
1187300238
736074255
-1026288057
-557395256
-2006143717
-1917108312
1622865734
357045834
1984880492
-832729511
719418931
-2030446702
-454164390
-1933696946
641829739
-2386793
-515242883
-1700081392
493223587
798173759
1605989106
316387318
229431887
-90976784
976003422
-818993701
1655910728
96636006
848964659
-1147780592
453319336
1608737222
-1534841038
-1371250028
-847837192
-1388888333
-780533200
-2026591358
-1254368883
-1486581728
-1468891620
1128989130
-1373809362
-750184281
991366719
1098743075
-2005736710
-923977704
-153611834
1036944704
-1613974392
1824386195
505893245
-38859199
-704136625
-1246484902
-524448291
-2031900564
1356925768
-1754971999
211577160
612259612
-798645551
-94260312
1691234962
-802528519
-2096785196
1174688779
-1158065213
-1608082584
-1629472728
1579529048
2113235226
522042181
558929719
1917613538
1441547349
1775494351
739808992
-64179756
-294559697
1117481187
-184390755
-1915376760
1285457962
452087149
-273738520
-435256551
451721358
869091099
868902618
1347921718
-1972602191
741087826
2051246613
-686808775
-1452195465
-1629579419
-592243228
-828699017
-17331684
991995396
-1459214176
-514663719
-2142911184
858199026
-1692917163
-86175573
2143570915
119413498
207283620
1196085683
1896408450
-441069021
-1320697110
1285508485
-2099863231
-731382238
995193249
-451491563
1419446330
73790735
1051835398
1394477965
-302126155
-1932228260
-2081177348
-1500298143
-1666624598
-756600830
264630320
1659289247
985878915
1137366524
-1498602372
-2008877685
1743502117
1852053752
132415632
1682497131
2066485809
-1158949044
290189775
-1972995170
-160949370
-542094554
536968566
94047475
1606544138
602940679
1549777923
-824348361
-213096534
-1758963342
-421648684
965643535
999525278
-1551591968
-1544152051
-743781624
1781654769
145592566
1777974463
-150271764
656349760
137341433
-1292367546
1563854423
1708881857
-1050178687
1889263601
-1521702775
-816265081
-1081490068
-559300120
749119356
650182659
473272853
-56982966
2084468792
843020237
1397897926
-569425003
266963046
-1745238620
-1392914582
381511499
1716199203
-2035192397
-1624562298
-550022191
843806487
693630229
-1775742358
115422361
-1642207803
-780986213
2131104931
-1699800957
-709778397
2110204876
1061413043
977015424
1477315693
899277869
-309623549
731922552
-975937227
1832916161
1311938840
1147526253
1143894463
-489873965
1762077701
22789088
-401428597
-1310518030
1486120480
-1710890637
-1690597070
-1609635524
-56421896
1431504079
1136205429
940312543
2105884806
-565693241
-1243504238
1442792668
2063301793
784463805
-1076495910
1903234062
-76201545
-562262460
-485131393
-1479860629
1314236858
596327431
-1661679438
1000234888
-520059305
-1585399064
1333342189
-1640401054
-1039967891
-1274463124
1650137997
-496939942
720429244
1121492309
1426548387
-1534551679
-809686819
1440067472
-1885295862
-2030820074
-53257359
-1416249775
2004802748
-1693623476
1258142877
-3559300
-457390495
-1124249265
617319349
-1653576378
-1488438488
-1882819447
-1146635466
1337485084
2078478810
2125687328
-963726342
-290164541
567295276
-1051335997
1484822438
816201919
1103730004
-1313315162
-592398746
1206077177
1804609246
-317563446
1498033116
1048492187
-1842210113
1451088001
984405845
774764094
1832815530
-1927095247
1199907645
42643527
-539960158
608450647
-581677099
-1473745522
-1293785904
-1747572785
203830562
-1977001921
1474987158
-1006157230
-1567838168
1415083269
683833315
-2052554177
935866200
-947017628
1665366472
350839453
-192409018
1535258214
2003504459
-542549665
1780797598
-1568511879
-1086685317
-454020630
-1881072552
1121199511
1296299716
1546849237
-857836758
-1653159769
-1423400060
1361314287
1329910590
1146417443
2037442013
-1675182715
1290045221
2035649018
1331723468
-1872463388
-762036982
2117362358
-1191832966
-283231204
-1661149910
1357428449
342276562
1149518599
-358100093
-69056603
2086351187
558232457
322683083
986442674
440270630
-1921137384
-299972957
1443674468
-1186547085
969994878
578085644
-1624297693
1625298415
47379165
2128875289
1760034317
281771961
1027145459
-2014374682
351034066
2084465254
1735009951
-749514552
1784805600
811766618
2059188900
1155846597
-944696385
-547104167
1685720747
1227328838
2082679485
1489731165
-1462904946
580622859
524243661
-476982359
-665409069
-476207522
-1350614357
1665976093
409033846
-820241013
-1643741884
-1317879092
1311855594
1500819598
1404517973
1930348491
-1823213214
-1747634674
-1281946286
465293643
69067340
-2101996150
1362041480
-1114974998
240413725
1723052497
-1917662587
1272443973
2096025683
1232045751
1182340023
2051584977
856028343
-310841851
-923037102
-629781781
-71664669
-1144471631
374896247
392454445
-347284989
-631619250
1082306706
-1894396670
1864069599
-2128668475
-1742864381
1167468412
-2097742312
-2009909691
565889024
-1964488348
1115540145
-1089410696
637521593
1270285714
-1456307503
-606824970
-661763396
346469503
1141610182
1856158462
-682696038
1459315992
-1752924595
-415612317
1570538187
-1808742700
1309301520
1021856451
1319906766
710811912
-399392913
2058477823
-287364460
-1911428231
-1430545022
1440439526
647968030
-1527391182
843817566
54285619
1094358372
-1740276072
974291352
-481665351
825245816
338601915
1439888646
-189527332
-944085013
1389648878
953185484
-1660364477
-244835473
740424089
2124606358
-2055073589
-1015226179
1747303757
685435682
-2100579394
-271096391
-846793960
1226188033
-1326709948
1838067923
2048747802
-1025758307
-1151646183
-846761041
1978988376
530038653
1279575679
-1304861689
-1436471089
159460551
-1610269834
1123466960
1416794572
-594379514
2055868715
-1551476325
492814202
-1897496275
779633837
-1962744258
-2121618244
-126879780
-247937306
-17281869
1894955068
-1123658783
1987287752
333594431
-949872700
261744384
1348608710
-524456746
-1598675764
2050585847
468996485
-1299253827
-1148756397
1487893180
1196143059
81528433
997143538
-753043960
-1312130601
-12206905
-1451823571
-1218406120
1579425162
-988038316
505169932
1802622642
-2084563867
-201715954
-233992726
1956749925
76990044
1487751987
579360140
1472086293
1656476682
1608646505
291709812
1227400630
-196596180
-1194136538
1350275447
-1445734825
680112211
1165728081
1908918925
1399266658
226833109
-200592599
702771175
1786481441
-197965820
-1028796059
-1881326777
-965637244
-1817241438
-1484747619
-1685327221
-219966431
-1827531885
-1259928088
-1190756215
-1685639557
372139220
-859880251
-180074718
-1734483322
637888428
-447017154
-626524527
1412154730
1643546656
133439562
227063300
1732358279
-713668693
734191731
1844562285
-419076935
-1897637586
691373240
1577836697
855776732
1376978981
-1606436941
-1993454720
1173379730
-1686020325
-1583795970
2008633311
-1479812029
-210976417
-1488724269
-2066793468
-2013584539
284552184
1125680626
-1509207320
414968829
-2132766251
1554185159
1873995138
-1505989020
-667678904
-1065001269
-87151271
-1140758450
343322805
-1523846870
-1017398181
-424332792
-1062918010
152140197
1152030189
-1350802432
312561761
-126988615
1712604483
-2068787062
937738653
-919965696
-1542355728
-1700014624
-452636431
-963817000
238635968
-497726357
1498519918
279723842
-1956425019
45913408
28754607
943879691
-2027657041
-1823109908
-880806322
1554800944
-127130015
1842046580
-879544167
-378432130
762370240
-587746666
-657024892
157250681
-1634749491
1118574421
61074146
686856574
898933493
-605979724
-807369521
2128311595
-1975629145
-356013119
-692999823
979679998
-184021209
1549580500
-14836001
1102611772
2139960481
467900952
225746528
290935571
1937075329
-1778003638
-1889791016
1859273986
-150182911
1474566081
-1995841410
-18597000
-22337533
1746294701
384079058
262912955
624128544
-1596230237
10016206
-710689013
1498034944
1740484184
-16555685
590860294
-369103381
402164908
-397253114
431102542
1634384288
238664682
-1128783373
755519592
-543229339
-1104790962
-2060190447
-319386649
-1179571873
-1734234169
1821807246
-1692038199
3947811
-714216195
1949851021
-1978927840
344819596
-1214982508
-1725825770
1494252020
-2075124530
1919893682
1457537870
1248660071
1050613707
20938430
-768769049
1957786650
-1408807003
-1518425237
-365111847
1724257231
-361344364
879226100
1124809809
-801800880
530430456
1128085928
-1998198038
-628212338
-1926288463
-1082826583
-1533798118
2048662284
1942396078
-1128572176
-75097874
373979261
1352509636
-1432147821
-1085102855
1794620844
679220160
-1485259190
-2031707767
1981541019
1023854527
-120469713
828017948
379762927
701490364
-1915535676
1503984658
-998510710
1100985705
-827840710
1385626531
1961544825
1939316035
1622597616
-688084974
1799858449
-1337109536
871817273
-510016990
-470467500
-99745397
1805703778
-1085394999
1467817880
375263506
261065458
-1707781085
-1931642518
1656998621
-62408653
-498175319
-28577105
423103810
302130673
-160722526
-1051698676
1786361368
125469057
-637038631
1683724679
590713225
-1611494908
561734031
