414829347
-1329472766
1419094690
-244993160
-146927900
-1648402202
-639691580
-1628376162
674896704
-578516380
-354458159
-488238584
-1329242857
725286938
1842648431
1702157113
1341419361
879377093
-96908268
-434065148
671121450
-1691410956
1969191336
-468056479
-787381795
21367294
-154455449
-711768956
-1264341820
38770997
-1654393332
14052651
1761940687
92765275
-145701589
-530444745
955275155
-693622188
-1128945442
816405118
1343596181
707614493
399478947
-209945633
-357322295
-304978436
-447370620
-941919595
-394906027
1514752760
-53110408
1850152400
-907528806
-1443262580
204615177
-2033645183
941889651
-1721864553
700613942
-266027659
273433279
328612757
1611248026
1815136677
-1678058724
-937129708
-354594099
-1652999221
1031785206
-1324629408
441696009
994093624
-1095746881
-1854264192
708354832
-1275125788
-2089087361
680624742
1330723917
-254069305
-1029036401
-1466982303
-1532522183
-1484067482
1064331424
470938325
78007296
-1731256144
-1176447742
-661349330
-1706747037
1234541322
-613733341
971605522
-1608532512
-1862586457
-79763371
1702023637
1146100495
-1356308195
-314732589
816798769
-1836708018
1301835317
-1590582523
-463517642
274582944
-1576806398
-1483756798
259114367
-56624174
522499380
-2124731305
38569382
-551228193
1797023405
-1172209146
-1626303239
-288973419
1336377684
966321361
-1517843859
1264801655
-1379532503
-1903025481
1822376658
-844292635
709564826
-2100311361
1997118280
1268795770
-601278700
1732104435
-1879515407
1497232821
629409244
-701436241
659086311
1473062106
-2032430562
1174749979
-1259351184
-860897766
1967183174
-1779959819
-1315849872
-1710831119
1790264462
-1458573677
-1866238178
-1858891569
-1076087593
1449507112
2016617722
-1745256454
-1455544388
467362885
-1195020290
115275954
-1916054044
-1715940189
1393008147
816410005
155978392
1395244319
-1034361402
-105680316
1363322005
1252421893
-1859842757
-1063149241
1991004194
178329232
-1347058591
1927642157
-1874145693
-1988821583
2109566567
-1127503369
955440623
590225167
-266842514
-1195034698
-788522847
-392493233
796543871
443662195
-2100798805
-1854164332
-1521729602
2045417806
1693845232
197401673
1222444768
1764588265
206683281
-2079226083
1941225433
1384589574
368660936
-1210203825
-680659494
-1715134610
1686841333
-924063445
-582753158
352277268
61484278
-954305069
-1362867406
188314234
-2035278405
-492926910
184976399
-2127738796
-1230447080
540592270
1940967842
-1652153238
168491485
1834242925
-198174662
1609526978
-1957780701
-1003717639
185955925
936823037
-205143576
1816028599
80769106
1256481281
455928030
1114094293
1194566507
1714577368
-879344769
-666631502
-1046662173
-1032420393
969724260
1730829476
2105240187
1893690626
358580951
1359323892
1769551146
-1768350545
1852377766
-1000523219
639991564
-1778212504
-1155368646
562368662
1084461977
282659861
-1852050201
-917532164
-970850022
-600173734
1138238340
-503016524
79212121
-1063057090
1530665278
2047638751
723916696
1261897484
-317792087
-521195793
65988291
1155625853
971042839
2067427946
1893882600
899172118
-563797971
618392558
1966682854
-262950193
-1026951246
330751348
1571557220
-1517875979
-1220845398
1241397208
-96894971
-1337907120
1713511075
-111165288
1680027609
-338134648
-1472758194
-1248505893
-1490229994
795455172
-656841136
985492149
-23115769
-944398957
594760026
-1708343895
-2009356989
-917132529
-762375818
1534999406
678240034
-1693707713
-277832540
264233974
1591149165
-2073580355
1397084837
-973703253
1881616980
-1505156712
304892950
319986427
1024384932
-212754821
-1579383105
135671318
2108882745
1411481358
-1695874260
-1747919626
-1207356496
-1865447780
-1719326851
-293131361
-307421599
879202293
-895943814
-112754008
-1509602420
-490088555
-1447816726
1961164793
323890641
1664238597
2077700900
-37220395
-1080763163
1950437504
557948134
-1371467238
-1995273342
-1076462118
-183506075
1359581127
116713631
2141613469
-88604764
1030014143
2007949281
-2055926923
-2144569592
-770145844
-1951371952
-176265011
1694992428
-1333548314
572225613
-1927336263
1019631858
1369953716
-67704381
1702349334
-1323621926
407882834
-1799327331
-1076644369
-1561480554
1708456020
2018553719
844138530
570895325
2124544522
1292677783
81175618
366936703
-927928315
1234896158
1664071871
1523359673
1965568730
1308735098
1193634372
-1220398390
1327532325
1819679006
1465176416
-907376699
-791930928
1568548725
50966119
1691154345
-437939564
1619969043
-1690404966
-2143828562
-893161280
357648685
722249093
1801616865
719530553
1299061579
548069800
1438591218
746373313
174142267
432864089
67791180
686758267
1505284936
622053096
479712614
-539366738
-1955734612
-1267119356
542712664
1958887881
84439618
612884572
-420218447
963306918
1614475647
-672061559
1696823687
1775900946
1875399331
1359214890
316659150
-1768259187
-2127919317
-1462848432
1939311597
-1906493875
-1077906039
682463004
-479522418
1979661193
-158167786
1692061095
-904590411
894758387
993535303
-275709151
-331980012
71443077
-296281057
-491929284
-1755395684
1322122880
1205495780
63265226
2040497495
877513649
-1651273707
41850532
-738225036
-172864266
902185370
1024953294
1829076643
-575187200
-1285787075
-245176360
-688101469
-1284656807
-1569405096
-878745978
-1176553704
143885224
-119262256
1182878131
1680730529
-1582312653
1247740225
1390410865
-845258966
-2111187802
982300794
-1342684043
-472171906
-1965222382
1401789739
1364567474
-1315396065
305644855
-1129336611
461102147
208671321
-369060346
1987866913
1049858189
-1552858988
750128480
1311229196
82553252
-932696086
860959780
-302264862
743629294
901562105
-934152600
-2115727600
-614235643
-1949690119
513520389
-1040604833
555050465
-942066672
369934169
-1206688410
998813750
-1647632668
-987503801
-732141248
-717369317
1228188530
850596226
1722217855
336968940
343331102
1154408459
307885408
-171996048
-914624502
-1893825289
-2142785985
-1478047939
1634965418
1118329717
1341389389
-1849155750
1282122391
-1200409329
-269026689
-955749082
1480506276
387250992
-1635486775
-486271367
-1254252497
1573610725
-554742900
-2037693432
-2022067272
-1505508121
1652807500
845252877
1659680951
-318557223
-510987355
891150631
-1742552407
-407856435
133371519
896673918
1137227115
-459906548
926666880
1219457578
651355596
-406206442
-132943422
-489758507
-1139495075
79832295
14534085
-2019760738
878384010
-1626694276
1582701223
1713310016
-1196837395
-564327532
-1343354990
-1104501901
-598029855
1377639867
1571661428
-1901779822
-1411922602
-636030077
-126798603
-414395011
2041179364
1322564116
-1834266458
-848088640
-62175
-1223488281
1049772661
-838844428
-1045433033
-1038868786
571608425
-1700230043
-1063549264
-1408372937
-800836470
-759846412
-1459458413
317722544
516516896
-480551617
-675488843
-897466963
980462112
-1366174210
350537288
-1482599287
-983938589
-200303952
1126472887
-8758326
-1333971175
-997979530
1988323766
957855145
-429960196
769497405
293914516
302756304
-869167416
-831182301
1845769427
-499120027
-594322839
-1230361581
-845636102
1268515143
-481788298
2064735409
2093363368
-397456490
-1771605410
1058166141
974244844
175393145
-818563104
-554809550
-1620401708
-777726950
-1907693376
-353597585
-426516925
1531493365
1256876983
1913640089
1635870471
-1055553198
135201962
1669428222
859310378
-626310897
-106777569
-1324511682
-1645041784
867316131
-1928291860
484339174
-850182494
-1952838561
-1056583888
1599767645
-1468018256
794480373
1813080967
-505194237
-1921477380
77349182
1612917112
-697186666
234219885
-1464792265
-185901518
-856806696
-470680223
1360963404
337000568
-1008112530
1911236288
1731966169
1132952280
-314180853
-1373025715
688025325
-1436867294
917384653
1377952831
-154318000
-1329413864
-72899610
1690011152
-1399847482
-1742846366
-504788097
-1595220588
1165990805
1797966276
-1433013544
254843212
-1488979131
-1928303726
173311923
958447099
1708551334
1287403874
1364158706
1334919546
2014049559
2139748099
-1460081025
664207048
-1931789308
-1106443602
-359953557
626349925
574206896
1594280059
-324850087
-1491724833
-867956172
1519155478
-1570651107
-1134271060
-1244518714
1900345266
1770438815
1967060026
955725630
348336956
2029769221
-1172140220
859214294
-577741100
-187227631
-672148377
645820209
-860045960
-772421178
-3947019
1233502366
285537538
1616337745
1141135623
-533027171
-1509614508
579708455
-966831912
-742175839
1976694992
136452458
394984273
-781506793
-303816946
1392797840
1316856543
-990712665
1858595528
1798067782
1120520588
1566157753
230720025
-774714991
437944653
1201267514
-1480894490
-716926665
212628888
-1052930657
-657137252
-913082020
-850036166
827877673
-1836682213
2005964655
1484108646
967311466
2141223921
1690628166
1598728976
-1886570744
1471382731
718003335
-204609669
1300979393
-1765948377
-1933258934
969791249
-30074705
-1726342322
2093507324
2106140018
-1859156276
-368524159
463917190
1140968910
-1367830089
603529074
-1728826195
1723760247
1805993655
1212109045
180963259
-1727651407
2123993600
391621111
300247903
1762303948
1770707253
243599790
-1035390255
-650826124
1228093998
313962258
-1875982023
-1911045817
1882419706
-25875061
1337449041
-1716752472
-1644318681
-1201833749
-251731640
-1916476462
-1266427328
-726909795
-189529623
1931028272
1787298710
768274975
1833684988
-645505045
-1323950781
687041197
810068204
-1778166845
-1248189844
1276493886
-124943447
618251297
2004239557
1551360435
540236495
-1743718547
1949359449
-515559858
608736519
-1679359075
-1601559157
-1112026016
-646705235
1660661262
-1421476777
-1158879418
2079043507
1118368918
-797557795
-1794154347
566795460
-885877799
-2049547488
831881364
2059504300
674701020
982620170
-2146483734
-973753098
1499626455
-1026013773
-1816406888
-201756458
856349262
-767894814
1560761384
-1560315575
1063155298
-485266221
510733606
50878842
1280949604
-576699846
191817167
1521719655
1176676266
-888305017
686177800
1625592004
-1713415258
1875690860
1897192081
-1775827937
-1075089869
561815196
-949293190
1222504516
1185961010
-410238508
-2025742891
-1425463326
781900117
-1896781026
1907161260
-300636306
351318074
-252135596
-1372265163
1928250183
1541828539
665581795
658459204
-523201510
-1819831932
-1346202415
682181376
636896647
369575397
-1261687808
615794905
-1455740156
1546268904
-1467607885
1816627385
342343425
-1595513690
1179674705
2060769145
1262350413
794307798
-1212176023
-416024170
758276536
822050726
1939097078
-1061277148
1569161208
488843213
-449742365
-165720830
1500090832
1920203744
-197044784
-1460627378
-604428690
719042277
718007830
159744283
-685537772
872957477
-941361656
2023278433
-469825285
251502662
1449872252
1678015796
-396658573
-888833640
-157927799
1067337017
395632206
-1376425553
100426129
1861518420
1555654270
-1439082959
292736385
926972582
2046375677
-73845008
1574585943
1571583926
-1218354708
-208763078
-37610524
-598958611
928077311
-965805968
-2122898733
-1155798713
-198414057
-2131281451
1108558313
825650503
-289433296
-1155929689
111284109
-2002452948
971833213
-22805645
11748235
329103713
-995200560
-1618387035
-1812201196
-933224135
429973055
901847134
120864009
-1207255077
-1185813244
1589831562
-1687305096
-1473018502
1421005989
-1808543184
-554260634
770397641
2107755604
-10373877
-1448014898
107509934
-2035433321
1393722970
-1763267351
1159389749
1196305963
136667380
339643056
-1280801337
2030257958
1523625118
316640670
1300179098
-227490213
657061792
-416079174
-1450416277
1506284801
693720470
157750228
-259792021
368879254
698570627
-721543154
1747372662
-2004373760
-1953369813
2092112030
-746639734
-1909549322
1932910497
-1846901295
-801841034
781308573
-251697890
1747654738
-917978671
1719664245
759590420
1976920748
450806317
1650681462
2106028930
-1881680116
411958157
-86090890
1474014857
1990419787
53584403
671939277
-1031245505
-613214932
-1012090115
-1641460678
-1091913533
-1907947295
-792867118
985192968
901860497
1795773396
-836826408
305735532
-1742143721
1735029155
-1241348664
766683441
298050440
-1621120661
851549124
-1544543082
918392047
-1139941048
-527329912
496146550
1223404166
-1534089700
-1652617504
-870837079
-747924152
699231120
-1407922087
-596761686
-1726831932
-1450489768
36311099
-871454087
-519024333
1589621434
-1533063499
1043358403
-1686200116
-746913456
-644857510
-612216001
-963760553
1839182859
1744077260
-327423398
-507452672
673696124
621802422
583114517
545213805
-1053580210
11474431
-206029778
-847120366
518210838
1480241979
-346080899
-565620541
-1478304689
158442853
221038497
-697043574
1134557343
-280059701
657224155
-1486062918
-1448290977
-1047840183
-2075428295
1592065604
1546358106
-930046791
-1412672522
-148366264
-428657197
1069130153
2005721120
212605167
-876796468
1305559375
1197559931
1171149687
-1983320699
452169145
528471205
-647342449
-2058763710
447130952
555185530
1751194084
-103259567
879003742
-1192312135
-1302705925
-1185893045
321199702
-1366477081
139633473
-952980327
-922438220
-1455655565
-1926772385
-1877858246
-836740195
-446904550
-1232925741
-1952848958
-1804179831
1985640589
1284116156
-1386106971
-851447754
910688080
-1512745228
-703038795
-1709999393
905644260
-1399188381
-276369431
1013986733
1305008168
-1963606638
-84431777
475305070
702584059
-1273016194
-690073181
-646304124
-1945603546
2016103598
510064689
1711020319
1500302713
-716391801
1210828344
869019822
-1535201741
-850471969
417771168
1269761426
449922470
-39312945
-405693362
-1413652460
-608414181
2101421005
-456684122
-1209692263
-1467767822
1377162233
542991441
2010511636
-400435955
-75850570
475098431
643668155
299328111
960664444
52225263
2112252668
-1870364641
495848683
-1335690258
-1351028558
266280786
-1545216476
-1783816292
-50904428
-1039896888
498655060
1738312501
657549293
-1980269194
932610961
-877304561
-597957487
-57351324
-1260742168
-429396960
-561204721
-543320872
506170294
1614838211
-210626525
-1543945292
-210916298
-126919749
-910550930
1601368860
-1058837157
-26883465
-992452248
-113729189
442207712
-1806336105
675544213
-1382994938
-1546939236
-1389055825
-148558858
1053413986
902180122
-1698663863
1342122690
1032780290
-350078615
1058260784
1281934677
-805693004
-1524585169
-1576411157
-425591704
1859710622
-777222652
-1727639929
-117168254
-1034920029
221345020
942027418
-1456649554
1279243018
2084244869
42574211
27169646
-34669983
1775734132
-460009738
-611241745
1776146591
601264729
1392294327
-1220281475
-1741289848
380456986
-596942683
-1640521927
-558417579
-2058412865
-1111243783
2146844168
-1574416493
-1360894582
-892455216
-1302414130
-508303285
-500735670
848938214
-650432549
-1974155166
-1780018192
1214754979
-1452467547
601403971
-1542031518
-1010676389
-378440009
-1471769670
-742204017
-1666139694
380220905
-1679872477
-510009406
1208827645
66466769
-2051171133
-1322225861
740054799
503433849
428825973
-1756243205
2061410483
996507217
3260296
685301471
-2038938987
-1513720473
-1585652505
1730285552
816612134
2088742357
1801617786
-733464071
1628739744
-2071189639
1141482700
324043352
-760941240
-1283623701
1945459182
1953850393
-393964558
1066788779
-590325350
-1189291712
946735306
752667546
-1620800870
-1762179739
-1106617776
1366713771
-371708822
59372934
590472868
-1175410214
-322926564
574703896
-1526736637
2077285468
1949584251
743692383
292090769
549294615
1208349299
-998167553
1557049688
1516487764
-705633616
-1504978478
-552336240
99412914
940187012
1509432058
1682519328
1221023325
57650189
-1181405382
-1437031580
-824103552
1832921494
1625891201
1802924849
-1349919241
-527036355
796639687
-1062116587
-248194999
-1646744618
2054613020
153310179
-124527659
342808335
1759466750
-316390291
-1003601590
1778247380
-922041622
-506804845
-1107429284
-1071552524
-546505419
1546726012
804400308
-651259132
-1239478245
-844695261
1103283751
2019596931
522249752
1852464917
-2055260118
1610168127
1250354806
-1275220360
-537504635
-491579658
-1161139929
1055467343
1639716167
1134170431
-846392364
-1040609029
-127036935
1647789738
-1685294027
1460692996
-1121807338
-1623355866
-796628061
1537385497
-1073774919
1371853987
1351892970
89086549
819035544
1156141816
631465316
-1513635901
-2067124431
1670233605
-1316989374
282480676
151993922
843961628
-2109404372
-806675217
874880637
-526323044
993126669
275744920
-192454532
1476559583
-1243006937
1434710549
1546539250
-1393523371
201488493
2129532061
-20130013
-1147920
1888364305
1176969138
1980876437
649948355
1234684250
-1008415903
199956487
903862757
-1942138693
1147727048
25607586
847958939
131083297
-879276328
974128750
865306805
-1360684404
1401541468
-585415417
117111096
2105610977
1968644154
1704504719
-139481283
-488844035
-1136632585
1380097766
-1774738920
1895954445
331269248
-1962226920
-579688517
1973586460
1228017446
2135749399
-993519524
1270715629
1987901674
-372954711
1092126806
96345098
-605198342
615698851
-134824884
826501148
2040657787
-1720661161
-80135276
701641597
-478745975
1583252810
-400022319
-879522805
-492778629
-1149443030
-1012848415
-2076213697
-1917109397
2094872062
231067642
1000267133
1735833076
-1859148641
1516662031
1743830445
-1518842563
94493542
1906205560
-1036684791
413835830
-2045389786
-1405312303
1814701368
-294675167
-591134884
601718049
1121803932
186034772
-1378141276
88685374
1853229287
2046000956
-1109110673
519902064
-1219768844
179153829
1272307699
-872782252
-1962353708
-568231113
1965098082
-430807549
125462310
1403972419
-1177678754
732072819
-2060026198
1918613695
-1136391509
-1038582244
2140341272
-872822129
1791831334
-1931849250
-221061586
-1277985786
999624437
354041633
1244379143
-93090901
-704808449
-1209321154
1050141107
-1120488897
-252097634
-362936547
-359848445
112272894
-857444205
63226398
1055566244
1288867365
726346810
-2089492676
-1342363794
1599548084
528621310
37627504
-1348854274
750597237
1528021006
1649359954
-2142780799
1105312060
2015313488
-1331256826
1450233042
-254248849
890240149
62476117
620785863
1120306120
131341582
1374047002
-72083256
-423647143
103534591
1105257951
2083894688
555934672
-200123982
-1112442170
-1461012585
-1007523332
-1545796691
545708717
-1970207552
-1519911281
1958440230
512804237
-779845490
382641957
386395830
-1765927390
1914501293
112654725
965608781
-826309679
574458639
-1087665627
-86509466
-1000726843
-1104422588
1457471219
-51105925
1109584474
-1252614898
-1146647982
-1942623558
-479249986
1243116084
-1053765022
561795831
-1311001899
1392306582
1761314948
-1849289500
814095197
1171995009
-57363172
-695796864
-1942727598
914038596
-387646567
-1751630387
-161142892
-2136095229
765287089
-2014088251
-2115122234
-1978808630
-965137167
1962108558
-460242312
792106468
-1719587468
1272262636
1747776647
1819603309
368280818
-1243128586
-639094589
-671668954
-147774724
-1736701940
210399443
-593676408
1045489541
1301159432
1458997333
-302623717
-537042780
-866565454
-2029575607
1492780807
1397366935
-383317895
-571789137
-421454357
-579211254
-125079712
-1947782547
1500201453
1719623833
1467342646
-1605733514
1192992529
-694844525
-300216055
-1112167639
197668046
2129053953
-1156604964
-54354698
863792094
705972966
-986572649
99786567
-462836395
-170915641
-1451290306
2042899612
-1783875851
-1730095251
-187158682
-1993481480
-1521624896
-787543831
-328507933
465540475
-983316531
1055199447
-1728196154
-510634928
2007945823
1377806567
1428827782
808095432
-167624397
1029519769
-1277150852
-384453689
-1792607720
1515490119
-160968556
-391187362
1563801541
1708589928
252713025
-2097607495
-960730394
1952641554
583996593
1814378299
615520375
693023680
-542825918
-2112508441
-1318205099
1272818517
-1025834701
1430019585
-1105043694
1260148832
2020108446
4108788
-2128977400
460393889
-281258843
-252603018
502799536
1537412044
603948012
953096169
64985140
586286220
1081923654
-247901948
-1232253374
-889959990
-1201500494
1056205746
-1320836062
-2037240530
-271940984
-1300497606
-891780342
2010731493
-1809387537
-1233781089
1775608241
281739941
-1206621807
-1530382775
-725396703
-67852818
2104030610
200978404
-185405743
819075729
1642300861
-472077177
1219175922
-1712489867
1230913280
-2012265191
1678891529
933786008
127484954
-1955893008
-188462915
-1630052524
1255864210
-26258758
-1952079631
1175898083
1795025130
-549916768
-1738975979
1011341861
1163125012
-917326680
-1285570887
-1775694432
675856933
-252154278
337700707
1556880583
153562696
918656678
2023393953
-889528450
772549108
134749444
-1037851296
-1196373539
-315216543
-1942942499
-1626790273
-1176038604
-1532012233
-1318144471
418157727
2102249806
286900872
1256864856
889634108
-1335077894
1533020672
146583413
-1157775103
759704774
-1300516261
1845367689
35590487
-1839673587
-475665898
2092104253
2026058558
-58973132
-413221783
-255356222
-1347789984
1276047408
-1073619597
215045109
-1736558749
-830406070
-1101036105
188654781
2090236030
-51040730
1833111750
-1087494473
-320670898
720982273
490230590
933070613
-1766364950
-295508167
-1719936014
-667289149
-530428620
-283052526
-1257139094
1125827274
1698242162
-476295754
-1899989875
810578425
-1604705764
1078683517
191446428
1639560385
688691959
-1884330897
-1290178462
-583474592
10865762
1195634694
-442830167
2071176770
1500143343
105122615
39065584
1207463075
-2058814923
-2000550989
1548943706
-1355057800
197404643
-860808343
-1852143384
-1315458673
1026479128
1130603599
2071342058
1453182453
-2017460494
-924281758
2147330226
465441175
-1103662235
400545259
-1706540149
-1426067157
-518613171
-1408444414
844818153
-2075886256
-1609717563
1684218711
-2032430367
-1950413069
309263545
-1631520976
1548210139
1696716277
1216287417
675820205
923998341
-894292470
-1651404272
-444199341
585985802
1951587812
-1185905643
-107058745
-255749757
-758078321
646733760
-340282919
-1711439443
-1314932450
1422441087
-1842306364
-1045474340
1929322631
-660426166
-1543935309
-164923089
-362742325
996893940
-1107431289
-1349453563
356859993
-1524496188
1965507287
332615087
-39430988
-90277308
22442808
1060690022
-1326597293
-1787407528
-82091587
1538793599
1432398279
-1053565039
554581185
-779267619
1414732323
2065138115
-1160070941
-1559974234
997321879
873553620
-747092655
-603068360
962264926
1093296599
-1980055479
1593283422
-339451686
1248914776
1159426013
837888958
-169738244
82759161
-783138058
1743084182
-2033484055
1316176445
-934044006
1780839591
2140802010
-480957533
54999921
-1837472912
1376805955
1006550262
-78588027
-306287201
1763534391
458570211
-1773420472
-1721331004
111924234
1025809355
-333023013
1637445191
-197644745
-1109381158
-1805909875
752670108
1204799364
-259620264
1188855201
-314399308
1403680611
-1517802689
1485787219
-2138016842
-1111322981
2071351308
1706349085
1483019502
-1125846489
-650711334
1678656822
1545220613
-1142063010
650790571
806795354
391076211
-1199430573
-829558519
1275060944
-2064693968
-891208834
1788838093
282213545
643254193
1987981723
969521726
-1572874427
1414796306
-378439982
-628836259
-257050085
52843919
-915459049
977441662
1659881400
1861536312
-632659501
1489460506
242183943
708367589
-767548221
-1142651677
-516576045
-552748442
1570870560
1423768345
-1042996854
1041890815
1412453376
-684153828
1706639172
1162711315
-924544260
-1641877183
-1288973310
1697040926
521761297
-757484824
-1313704902
1876645608
143054795
-2123466803
-713455213
2044829175
-63035489
711855518
1637550572
1781154628
-1169065319
2099705550
2104171170
1629537330
270745142
-1467946583
-1160436718
59072187
-1193910894
-723211097
1131944284
950122476
-1305126714
836035588
-942081942
-579013230
585690763
-1295145841
-68237776
399195957
1362967586
1510596546
-960787660
1319098949
-1539410056
1378549010
-203811759
-878160493
434415492
984626312
-702514249
-919963646
-2036859148
-470778223
-839664075
1315300990
-1160921849
1327705361
2095636666
9811243
-585647940
2066776509
-820745704
-1176676383
-805373396
1220859305
556872971
-1137728040
-308017612
1421223456
634642042
469099679
900055126
-394978637
-1016048644
539496019
-696645920
977262740
-1119140195
-488192244
-1066308274
-346147036
1523156448
968537498
1347533036
-1760286263
1999341320
-1901841552
-1610021953
40923909
-1860461
-966686752
1471523237
283833540
1033478662
-201252216
-27434053
-1658375692
-1411964944
-2127001332
2054174206
493147482
964897832
-1521488891
1155142452
158421411
-1325036968
-1124231368
-2144314612
428535481
-1638084417
59486474
-826894716
198629464
1005294897
-1269433037
667424394
-569310752
-394467741
307533490
-1242933018
-1674185876
440440165
-985410304
-1129949354
-1470901214
528749423
1749602439
-695917318
-458144308
-1091246113
-1074447787
1517190642
1968039336
-1434058110
2089057036
443428165
-106330501
-102666734
-1940435683
-825266940
-1728284693
-2015090945
559040053
-1647598418
48000782
574233201
-1391000586
737946070
1911481405
1192006030
861335530
1117054723
-1224541650
-2095739656
-1845899596
1214778582
-1778761151
-158411623
1673629320
-669961870
478736922
-1315192926
1052248284
-1700232681
-1169465745
1429797072
-1958040737
289729296
2067255074
346931952
-2034025430
446585295
-430899054
-114392667
588000565
596606294
1273947693
1310231145
27407115
323528919
909673033
-869563951
1467749057
217824414
-1128077516
1705298196
-422782172
451098926
-1896434295
811974605
-1458307791
805626026
287222725
-1902780929
858912713
-1187870089
722934553
1572727386
896502437
684854558
-1094756991
543805628
-707746682
-1642110346
-724866796
187882745
-1830059855
2116708865
-1448756067
-471048737
605005722
-1392251498
-151690901
1154020468
-1609578785
379833408
1247227493
636425089
-2118347657
-1957925018
1814362209
1649898323
-951176917
684584491
-620266571
423132608
-69419452
-749894889
398773005
1877866088
-18867579
-1285801994
-511289474
-243506372
-1866859941
-2039354368
-487660069
-54265532
1003278162
1754273849
-1928723129
-915467876
47526603
-601754085
-1415324917
837053119
644007916
1583737969
1748064169
-700073465
1604896983
352740997
308160817
1174884724
-1649560803
-1018791555
-791216430
-1556750932
-698038412
-1937179647
-683937357
-531922878
-21802840
1295971361
-2138036477
264620602
370075087
-592150666
-1522991282
-1077781812
864099264
402758022
837838610
-1811929496
766532037
-1965661076
-1087169390
167750138
1163183503
741398456
401407721
-572748178
-730105238
1568930196
-5064095
-148930442
-1939243087
-122223065
1845061125
862929034
320025219
786770237
28436084
770977584
-1623976266
-1658016217
-524867080
632412541
-2107751669
-932787745
366711254
122571227
-770188125
42951536
-262988569
133636363
-1215277646
389447316
-587389081
462469997
1876845425
1707814046
-1226189812
1348200063
5431129
-752212070
-39554470
-234689885
-763623539
634944434
-1366460875
2110188836
1161286295
-2081103150
1881396407
1704128122
720063063
1567667855
734452291
1615456461
-1008721353
-1429496764
1232522714
1459212983
371784867
245059454
1118565804
-1460303282
1434457016
-1193595239
-1027550990
-1871451039
345717051
1821732266
-1243243782
1987222528
564879820
1697780639
2019584899
1400847937
-1737674918
517350821
1614710858
737291841
-258789671
-419453751
-2133804060
-447615639
-1498825422
774980065
1117111758
1078383602
-887109765
-1823806547
148060098
-1829059158
-165750169
-1420125384
21910603
-617025801
982529280
1602421380
-1751399781
308137500
240374419
72089957
630598556
124259515
1149870058
-729086803
-84339644
-645993062
672944064
1817162633
-400651987
-146058583
868254321
270765866
548630372
30187331
2022847729
-1330550617
-1541435776
1545796276
1487252222
-1932275423
-811882506
-1856194821
511723673
1381492775
1388392364
367845328
817958577
-1967903652
1208252875
-1873988121
562540321
-1027001769
-1740410407
-1817306506
-828085283
498886090
1352675078
616247029
-779471513
828061925
-41944635
329493796
-274744186
410478076
435984030
201440082
1545825082
1804805990
-375461310
-1825816357
-408848150
1144949160
-1340650785
741539569
-1657106977
-235586605
