-916976676
1681993093
-777053311
234307031
537729925
-2114489886
-214310042
2116400987
2108930077
97313295
-892603803
711230859
809652654
1080279521
-1611459650
415448233
424102281
854719085
2064899027
-1030956529
404543115
-853646591
622653452
73676861
817916322
481633624
21784830
-559206351
-1323477361
-826167032
1558622922
1210711035
2102576364
663745087
-1529835581
103919248
1568222577
16629678
-873193133
-171060003
-1796479118
933278660
426973982
1313248287
-396391765
1993598239
19301479
-1753884303
1029056832
2097427007
-1508987981
-1685623130
655271422
-1547103108
727462059
-588969896
-2095273242
-842846663
535119942
-1148411583
-22346772
1712916570
-1754751193
-1172261175
1161978364
503165682
254901827
1340553951
1057671741
-1019986623
247928262
-1830465781
924726680
1379809501
-1148513737
1100160196
-689494917
655539246
-573972519
1602510590
1911433945
2065602591
1359036500
-1726516985
1109768309
-1104825071
-1639442795
-251267437
-1879858848
-2069312749
-921924367
617574677
-1221842240
-252581552
-1039402608
-1683532209
-215310382
-2028109624
-994433784
1276476460
-2073054415
530376258
1048827720
-1743721011
1240346711
839548801
263376567
-884310559
1135788388
2063011765
-1451784804
1558030905
-1675899618
1037752116
369060288
-638344037
77771064
1070365289
-1933284783
189633749
730324183
1800070156
816644104
1768450069
1422364497
-1467574637
-1251863666
-885145225
987053879
1533681896
1337091611
-1077223456
385346965
-1603753381
-936288160
-1681945335
1577183608
1981073881
834235302
-1337693730
1891813295
-1561256866
1968716087
-1360450552
1346015958
672091816
212704252
381722824
-1333692528
959024684
959174759
-524711674
1791455507
-47344307
1144163987
178299561
-217859608
904906443
-1209294168
975794985
-1054604045
2117078137
-1922840700
1897965409
2080883377
696347954
1741590423
-1161552727
-1768687935
1161858573
-1451218930
896132900
686842277
-2083220785
1797595699
-731846314
1506214601
1866011041
-1285361901
1904922872
560674499
-2071523838
848425312
500731151
-1822558757
1797140222
-705934951
1087344954
-302450994
1718527136
-1113931673
-1026590132
1013103055
746025124
599487306
-919279590
1753857998
739509872
370419572
535797909
-1039830533
-261130683
853305076
1190088730
-1885373043
295868337
-248919017
-869565688
-1808750657
417720136
290135818
-1975487341
547905050
-266925165
923085252
149188311
2093385465
467481927
560883234
1695873071
42161738
-860434759
-1873483181
873363912
630794897
686698129
1877751669
-81491088
-178211278
1729774013
-13185408
1621831859
594540783
-240426839
511291235
-997305560
-1318007378
-682376276
-146397588
-1422520824
-1800662913
-182564155
-1853322260
1479253759
-1710055202
889031814
1590745626
953946182
-497171404
-909615025
687095095
-1072500751
1869917347
-818391105
1635058163
295217285
2061314051
617732968
1846576655
805654221
-187057370
-1260069183
44633922
781318381
1832365411
-934256800
-876893087
1925182135
1442039890
732046184
-319781703
659448637
-1526411308
365914943
391526847
1215051686
839317077
995789444
280968939
-509778107
645124436
-1115382720
1807895520
1034413287
-1748594141
-1553349030
1145916623
-1991388821
312772331
-438714288
432829725
937411480
-383899661
1705349412
1004361796
-569689814
1822242081
842446995
-1147130634
284591406
-1839683648
-1831651444
-533225849
-1761816689
-1888519037
1127558112
-886452085
561117679
-1135109687
726922037
1062959294
889159099
106845730
-1515714240
1971860260
-2052548743
-1513331951
-1240328910
296318065
496325475
1515539
-1457464717
-940589398
1068060473
463837663
-1493630835
336067595
1105478995
-430982672
1104995946
-1130290133
349680885
-1658688960
-847121214
1170509661
-430031898
-1151618731
-314301490
550870106
729183555
339610240
-887117759
1865649180
1491890576
-1081442716
-1956381832
-960317428
-107340785
-1352319051
9614063
877692510
-2068307627
-2006921151
1125112567
-115883844
205400857
1437069876
2020657317
1558262049
1542096207
603908503
-778987763
-1349080825
-1971945355
1658376729
342410160
-371403067
16655659
457575698
437493298
-1767207631
502729993
-716371004
-1441956017
102392204
1920693420
630127075
1680800528
-1776434273
392944402
-617739177
-885947847
-561581023
1027260967
688093247
2085037829
626097499
979068063
-1181788615
-1390577388
-194571762
1652913414
-1293093408
-744641372
1704523412
-1718797804
1538942357
19628287
-1973135292
816880710
1804219010
-783836620
-1382402278
1378810025
1969399004
-1735310839
1667876247
1175112952
691928167
-1066482641
-355048730
-1053716247
112423231
1549982135
680563520
1463242947
791215316
730388420
12294800
60349748
1030369078
2048431490
1906285913
-1689213856
-746548078
-9552554
383937495
800557117
577662715
-1541309097
-1713415324
-244562403
1110755438
-2072327428
-1705455075
-1164885108
1067065616
-313741803
1095002309
-329657253
1354186169
388122367
-1877162264
-371372548
1839454901
353600530
-1741513405
-222856176
1609909960
-1935492514
-1188535709
140724798
1180510834
302945687
1515894155
-1967802554
433520501
1539216205
-223245350
1336698197
1270283412
1193246047
-1418425427
-1172022374
1876261276
-190277711
796867138
524471576
-1338110041
387544348
-556277859
480442558
-1602618977
780904358
1635140782
653883060
-771655423
2045951986
-1858752589
-217151753
836256483
1415073785
-1396718885
-1628031705
-451593929
-842472198
1643389228
-125409889
-1084885935
633482415
1210776997
-2055725114
-14491482
1564588481
133101734
983738788
827389142
345447292
-2136150128
529811640
-1313192981
-65848122
1939776168
-1951024121
1970728931
567950925
1881101632
-1486699656
-1521205141
-1447280641
786943000
1731414111
383771117
21810623
430001665
659946327
859410636
1639441237
823495363
1234598740
624801006
-1790002267
-935621568
-4826633
-792743558
532012835
-339733032
-1906208476
-1296896798
1749099910
-1096149489
2021408209
982373667
-1516134725
1805782637
-535776224
-803052469
-2083219684
-2123524699
251805872
-1294210757
-1065211167
111040505
656026416
1477056686
-370336554
1183201756
-464925132
1373481593
-1602427826
913866968
-1370105781
138086164
-33151402
1618618033
-842266032
1540082008
1468337710
-301876533
-463075584
1660950666
1631598836
-863406648
269551565
-868409705
-1182652254
-323198091
-1157920015
-1870258527
511865402
1714538214
-1215869243
-893259846
-1476977857
1396186335
638529106
26664942
-2024154521
-1536991115
-648695000
-1997323386
1249128333
11040244
-1502973842
-453430133
-847214868
789176323
-1021215942
510150281
-732046454
276308742
471438370
-1727516012
943099121
231373507
1174590995
1396948879
1070750756
618317383
1453391456
592669355
-808008751
-1424372214
-702438882
-297036754
-726130750
161433681
-99621714
1616524405
2102482841
1762344915
766804890
129785147
1782513852
-1597718369
1498041253
229903131
-428463219
259780412
2136754972
374016851
274616286
-124522991
-685484686
154663370
-1019671388
-310692601
152415243
-402220204
907652842
-515948692
958980183
536156211
56210439
571651098
104547107
2097928928
1888926483
1447783384
405108011
-1878124788
-551970410
584055295
-1806570253
-969065247
-1102215294
-1774019744
1138066902
-255206260
-655780253
1085386597
463039583
-1636778497
-2132940844
-780918923
-2142831657
-1939132173
-918989004
-1638246243
832266526
-255469268
1867745946
-289227924
2094143166
1470200576
1221762821
-995449315
-1187869124
-485127143
1910694871
63143163
1170119345
-1700492167
829053316
-987409151
952397978
128871358
-1352079482
-1011931968
-1158656277
273514151
2001829268
-1547788411
-56154775
231655638
339186706
1458052794
-952841159
-1212244265
1383055306
-1812382324
-1595039565
613344352
1090079964
-1021900082
755800955
-714315046
-2014178061
1869804828
185873362
1210922015
531956921
1243600195
-1089887191
-1466327675
-1453914996
-1371358496
-1320721417
-34687205
1413298289
-328114362
-1021515061
714623794
1220725576
332030629
1245647012
-1761256929
1553185089
-1989036185
292396928
-983429570
1975864718
886955997
-1511527886
-282170312
2097956698
-284630502
949189752
1331250057
1358682617
-161343969
2085959756
-1074060484
-2093482912
-2020855240
-1840352134
-1035643143
674806742
633682340
1974792306
234172481
31688171
999043451
-1122651809
333193207
1478139305
1458749388
-1958732680
-384736223
-407752695
-1958274811
1612178069
1315589616
591248296
1168433047
643928324
-1239260163
958382010
-641607207
2022103965
-2006129451
-898570690
305504813
277672979
2067623351
1173560691
1640609121
-1337425268
-1574057573
1956140170
-732855465
1535120244
893594742
-378810468
1398826471
1734807182
-1061855556
-534231331
674079235
-420967605
285121830
1135887634
643094299
718968415
1436758197
1801550144
-1927053117
229096592
2123105013
-496832603
1158311571
1283845840
599765638
-1145477652
-1496033714
1378816910
2046421976
2098474651
-793713594
830527816
408488501
806901711
-1271534082
-1766941084
274089220
1114048811
1718528785
-1257668032
29158731
1423396110
-634709935
-1961888889
479821685
820427011
2067786034
-1346940986
593595733
-1012422275
831105897
2146920510
1948370026
514524355
445382864
1271463931
1754240100
885963049
-491777140
-1153067227
1051736550
-507942272
-1850496912
1353193365
2124362125
173998799
-83070044
-1076676949
35280689
-2106516926
-652635263
-117727138
1880765802
1230596706
322393535
-1218363501
-31372970
-2138324858
1499966162
937703347
1918189208
-941612151
1317268368
1391944567
-786339933
-92462916
34788630
-1959039739
2001860151
1390769182
-1222123796
53138240
42711083
-163872822
-2074128537
-1712295845
-1107534739
-1325381968
2086449743
1594316207
-61111225
565894791
-328755776
-421785393
185935075
-1286566654
572305749
-309023272
821689616
547685441
-1075324030
-777647348
1834689350
-123899254
1146974529
1261588898
-1488850969
-468166344
1087378416
-124409897
1875232711
-1575526670
703193465
-784109496
-359298322
-1736994528
1876855475
-815289725
1692576668
-60307301
87944199
2078623962
1765290381
1821648291
-238744490
-394031237
111684989
184080149
1812309530
-961949507
-1621204755
-725770019
127573706
-14017860
-28369369
-157362775
1075974275
-1634686425
161850496
-209733666
1637599716
1249326679
134577373
-1676839473
-11179975
1421372068
-1108960649
-2129054420
-1317310502
38871284
1317815266
-641539656
821626581
-1300090476
-1248655286
-503991490
-2017053238
1218374730
1259488512
-934109499
1935594262
-316567894
1225916212
464791298
907705396
-631223384
-304212476
-1153810419
2092974431
1003665518
399249589
-8111529
641132410
92320368
345574719
-1012274981
1037886516
1093735100
-1663462642
803501716
1411479655
1635762838
1531792903
1911201582
917146817
1298662723
-58395192
-1626652928
1609118885
-1303835867
627631412
-1119064520
-138871981
-1137171960
722675246
-1031496873
-104571067
768939706
1415050659
1304844512
-1121247268
1460313056
1770259406
-3222965
1099776316
376293895
-2121796426
-575529920
174582387
-1332933383
960292091
-989867007
283083232
1018171985
-1176111406
223199783
803515346
-460354223
1406085966
1472033936
223874927
-2052791309
-1456862240
-856882281
-1364523562
69146941
-397613023
-1542293882
-826697848
42698969
-612258866
1980005192
2138860547
-1156167708
1541247250
1005217122
1526173615
-2127610106
1013658379
-965171164
1572156414
1771983298
260359303
1195261979
-1201025587
-1126029554
1104441101
886751177
1481717264
22701862
961355300
1547432855
1554690223
-2122874212
1120811727
2138919178
364117418
1933006515
-1287054506
368223541
-857614206
584532718
1365715787
-343230866
1763084763
1612284899
-1088679989
-951202492
-629313699
-1526405292
-1887482876
1686591664
314351068
199437695
553462264
-680975991
-2053373512
-776754252
1587997568
-1880506051
-967597691
1200423976
-1587116142
730288061
-1263999251
1103234825
-77957178
-206406471
-585297451
608899282
-119383531
-2110420979
-1628620354
305560031
204303076
-2110927494
1808171373
-956830908
1705515840
-899295336
-32022322
-1785221927
1840662379
944320011
-837736171
-1606401895
-1359228521
1351242485
-654629082
-742793428
206415089
-14244949
480970807
-1555519039
646014176
318443690
812210
324773153
-319665010
-1395138357
1809552735
-775433727
1274413735
-1372523594
576075458
-97782121
-1629199009
-747948140
602275521
-1714492049
335647418
413091336
-1208956790
152276350
801747207
146037855
1044576947
247103351
1997683628
-717872379
-583554142
1541117021
1684854825
1954215994
-1256970194
-66752168
-646711466
1524085254
-1606238074
-1668569908
1751762671
-1107752086
-59572399
771258536
303445842
776614103
811839254
202970619
1599674758
-455925789
-276999714
292539852
1370593663
-1821323718
-710283496
1531026218
1112316063
754207698
893475771
-114216319
-264262528
-908766110
-1800445775
-810864081
1018086896
133694484
-1007983757
-326350762
855032892
2144117625
-382765840
-626826765
1272412337
-770982212
-757667149
-532728017
1899748959
-2034238438
271246916
-669529867
1021807136
1265788305
1046834893
-1613126716
-1690528040
-630908457
-258342656
631372741
1153274365
-216819571
448575800
2065167903
153300057
-1141957196
-806388770
583054218
1444262670
-910114721
-187777011
-987102
-1508469541
-108902230
-1511137159
-191345539
170293149
-1860570902
189601420
-1487956993
-25648617
2037679653
294749137
416584812
1749859829
1279040452
-1687556715
1605589694
1964258829
-937113977
-1492054325
-326768328
429438184
-1549397320
931701808
1311816378
-416446591
-1233966685
-1925802321
1293133655
-1655838644
-789325244
4188166
-208929244
1403418233
237238594
647185832
1654515794
-475505287
-496251876
-2108725787
543713663
-1381437248
12022689
-783314105
1953009992
1282981837
2037778853
-294974913
-926567902
-544643481
1015047665
-1634071295
1630122346
1734974760
-1569538437
1509806507
-733625159
651382335
-2096916778
1089908396
-162189187
-67128720
127251179
-1169807005
2113199045
1588705887
854196457
1458621190
-356528805
-811120626
-1951289735
1433264069
-1282546153
-2111439708
1997528374
-1510898642
-1305252750
1482727024
1293789788
2004853971
695549273
-1413588180
-1283818050
-818097111
-1194412477
182282885
740152317
1398545074
-2048676731
482268378
1480521718
-2024331938
-699791900
992043588
863657852
437286446
452707947
1642984918
2040766279
1582660379
-226777217
-1762141915
-1389483477
2100342581
616795184
-2139636726
1812352908
-1243993586
-441096495
433089702
1079454993
51855704
1698456522
832080806
693208983
-1749016372
-1730843221
-103497529
819117928
-835945395
1175674501
-1744686180
1963611052
-1095319475
1243902581
1984515214
-1137727202
-1164483473
1554239360
-2043870684
-1958672381
1213219950
-1520748890
-1618266491
-1696594600
-384196
1246114353
1627842874
-1511077046
910474350
241784141
691880247
-539691797
-686028842
2015715549
-424496357
-880152286
451646321
399991179
393594806
-873586462
-39643261
454302497
-1521924404
685450397
187541760
-1629596393
-1610626536
-1377366789
1413426734
1092410476
-1177617261
-1352834361
913439111
1888374457
-385807883
-1834206679
1038659299
1741030018
-2083585413
-793590502
1397151446
-1398890289
1721186027
1564612883
-652950442
1061438458
1448005845
-151512057
1707716769
1405169611
2034117402
-660091756
-1509871267
-871008575
-754209102
-922658444
1125084416
-1869406030
-1760479319
2036317241
-1350979215
230532758
-1993062806
1623771961
-1693495057
1401214878
-1170636481
-813173050
-709301966
-1365214325
-1525659113
1503339938
1087535311
-883734978
119237770
497837233
1833363168
103870602
-95934438
46816752
-555097885
485263953
-1659561284
599575205
-34131230
-470722098
1992216470
317805784
1147993556
2128206894
1289745928
-254764031
-1872203709
788380518
405767408
-284012286
-50141906
-2054632128
2145865258
2040700247
-1566077648
1662676917
-754858411
-132494965
-189266463
-15870334
-198834980
-991013139
-1898413189
1501634037
1963278388
1486028931
2124574912
909784839
274549346
-1172744385
-385439461
-1729757009
1929892288
2072898928
865513733
-702602636
2092329471
30557563
461279402
-1653638076
-1133010577
-1391331382
-999344949
-262652028
1545709181
-208681981
1397979621
647628136
612581757
1670775165
162022803
-642287997
-83614038
1041834735
-1594731984
-1639819359
-1402346390
1498562922
1347588288
-1439952940
134672853
-729619832
182732048
424672204
-17981064
-344822299
580796443
771695212
1947794517
-1404500530
857922734
1203379865
-1189492434
745715512
-1870618033
-4238764
-420068350
74527988
429896283
-421480694
-1328592425
-1238265313
1261855598
1400233770
1304820922
1088335838
2028056326
-294388488
1170809860
-1887415733
-1130080918
-1258356064
1772211422
-532541270
869915592
-1117507698
-301273338
1748800735
-1579628387
-1667260676
1813518802
-1236345308
1313981017
26454988
-1695847051
104626934
-1775274942
1177697687
-1610914688
1595993680
-208314985
-230337787
1210921388
-57166821
1792667385
-1467654818
-720325162
-738486044
557488646
-1165934239
47665738
-1374201649
483309383
-1010495148
-982574269
617396683
-1507301813
-1645620132
-104845646
718705926
-1184838637
-1089868018
-207473858
-1659010141
1212109744
2008744261
-1241758836
-1336008022
-2013145813
1986481461
-1864250945
106635840
222676644
-1326580800
1839402818
1925485591
1576065981
739430920
-755989308
1285631271
-705054920
-1346687932
2140931716
-593662307
383226590
142561751
-1049386802
-2039485933
-1268121182
267679390
-1956276028
-1564404478
-879218682
-159056503
-355091103
1123573620
-1460058434
-1460547475
1141392571
-533233155
-2033331310
837869847
-1593394809
233322219
-1146332024
-2096486493
296205538
-305147204
-457080511
-1877626353
1454022734
1256157136
-1180283229
1674746122
-781968390
-802250401
1121298616
590867986
1971955013
-436608596
955510485
-2053245251
-2021840507
-430100614
-525713922
1525631317
-1890373373
-636055873
-418843256
1677106858
-1544966582
-98344809
-1686412800
752315684
436600225
952551035
-1869565365
1141678359
-1915430700
-222919502
-1166238962
573179483
26166074
856627207
-1015788465
1163015962
-2035043852
830927547
-1724736164
1612456939
947057778
-1654385475
1714983659
1405126944
-1713069765
272003864
-619863166
-501684901
428804844
-1936923988
571825689
1249822055
973799809
234977824
969299709
640907588
-582229037
-195715306
124288758
-219838845
1637401953
-98225504
-297842516
2104126420
-1664373678
-1539600141
1717977158
1360562653
-2009584710
-804497318
703396179
177620300
1575673372
-1719850131
1881765613
-592398801
-2096659409
156033666
352743963
1008564354
1797508069
1631051874
-695917961
-651136503
1910047656
-524255681
1275096336
902275424
-895009306
813548261
1262067089
-12826032
803776719
1631705392
-451605086
826938211
3939933
1804401085
1903124109
215083193
1522151572
567852004
-1663424219
1432860700
1706571275
-1869413915
-1902557213
-1611179438
-435086678
1079964768
-416800943
-457294413
1310980276
-576339702
169904298
-191060486
1614069255
-2098720610
1205027522
-291859105
-673488478
-1797494768
-1787032285
-1146506524
2113039720
-2022315768
-2064002696
-579943953
-901914589
1957832078
-1466597585
1181908760
1108323274
-1866204415
-85426855
1472394820
465523718
-702764979
-660744493
-1358191118
404648178
-835480740
-1747483477
-373554220
-982771166
-452955700
1907587771
2067347105
-2031780377
-199046941
-872260966
-695133911
1496459472
-1829963585
-1510215499
1962007209
-1295072910
-1724365103
148627384
1116393568
1753300076
927636364
-1760354766
414207074
-988951387
342746968
1080109687
-1620734549
689181655
1264870093
2029131976
118300022
1886410577
-2031870435
869064625
-432984625
-302727944
1408734160
263161522
1549454695
957011086
1405629111
1194138401
-1291320153
-82972362
-718073062
-742682802
-1371656185
-667740361
-2015933645
-39983129
-935908449
-237272576
558929632
444160926
-1266867203
310052459
-1723316589
942295304
-676192199
-1777609403
-315512436
-1151850808
1333631303
-1717738994
2015782730
-812264980
-1293176180
-249269764
-643138498
-875700586
-1271994445
546215749
510053825
663801567
711869376
-327443298
-1956345528
919950327
39286116
-1675385602
-1371356458
-401015408
-137538413
1360593831
2122516145
651295612
1870703955
-956231578
-1264528808
537449876
97149911
-1118864360
2121476275
1929067996
2113619404
1673783664
1419163020
-1307090716
1271340273
-2011050504
-1919798210
-2085529488
1823856365
1687609173
-129102421
332047451
987682396
-1161522994
328425843
1801309623
702529834
329606415
-1563038111
337549369
1816223780
1087313961
1557106217
1136747988
-1752013876
-1809914404
631978064
-1780305757
-643227028
804089881
-806829973
970047243
-553999507
-1749284415
1275184011
-401607136
1778813928
-1876596301
-1033144073
344485447
-474169219
-252179963
-2062001637
-1399214563
96129123
1577105296
-2141727295
1833283479
-1500742208
-1099950671
-1239317890
209359722
-1225001157
-1741809074
-306412434
1118348973
-1959553330
1209714199
-1551164893
1308663483
-1807992352
174824718
617448666
150941534
58754706
1263117128
-793853969
-1063690455
1403957849
801890804
-1776239726
-575717852
366452172
1587984540
-868938053
1470161582
1883462078
-156729685
2080003162
222023839
-1822398065
1268791598
-1632262189
1005924012
-1179363649
1758685406
-455936855
-1379439089
-1760990781
-1225509794
2019429752
307251303
41851931
987329216
880918056
-1439287332
333191076
911104589
-911651489
-1297429114
1608505130
224909189
-1095491273
1011976719
-832881599
-47591324
-1435337935
-1826022250
422817364
-1138305050
144539496
2123312086
434476798
-1620503091
-773063927
928320903
-179679336
1838900897
1393073666
1885212676
408343570
72742904
1766169593
-1968817619
227692294
937551095
1228204159
-2112182898
123785994
-1996777704
-1307868539
731567808
-1339042491
374599469
338264846
-2146650097
1549221188
2097969828
-796400858
1390615132
593174030
-1670694645
-1654117102
2115035205
208104565
-1715030570
162630856
811677570
1302349486
1249081952
2133455777
936346769
1685496100
-829940689
1802584908
1308615829
1608150152
-1461884036
-74468347
866347387
1092651308
-1023113743
625469959
-962497442
-1627120751
1464127924
1466986047
-661532116
1284511294
-1152375644
-828408255
-441876855
1429671123
209427425
548366207
-1846136589
623682653
506455953
2001789367
300095526
-1032506134
489426657
994319533
230909889
-178950048
-1167986614
-1507298022
-1127900119
-1626004854
2128871957
190711012
-1669556052
296050291
198186784
1483965070
1834615785
1659612407
1704668130
-1236392975
-1136163216
-1468460906
769556395
-1394575316
-465383515
227340939
-1979285968
1059089624
-491092759
1790004508
-599245497
591131264
-995590406
-1656838349
-548760850
923726927
-1421346406
1525396782
-532936815
1104451339
604805486
-1149914382
-18929524
-717687998
-1435931607
-1649685690
-1951727891
9420482
-515553559
1727602781
-642404737
-1941464755
1206658784
976112052
1895530755
-1862733683
-1457293257
-1929094370
1307894208
-1612009659
755066670
954255644
1502743870
-103404599
495296391
-1811759502
417036621
-816379473
83107364
1907865334
-1713227444
-2079653177
-1445398290
-742493269
1016849063
-449787065
-1985593095
-1445159923
1173992865
634684746
776692453
-669212498
1514344019
-527730821
389523847
1433318145
1974952435
-257426675
-785398073
348186229
-1342419879
1978258670
1282967243
1867501253
-1138724417
87977531
-195620524
1630678926
1682192584
-630743051
-1878434456
1580699937
830841027
-1198062091
-2107655375
777703066
-2032355280
645336349
-1404397531
-880348879
-194349182
1677340880
-2042764954
-411177777
-1198259162
551295907
377333866
-1516891676
-782196797
-783835308
1165880798
1509705847
-1154431037
-305154054
-541477177
1148610686
-699840238
1410928254
-469512214
1350714223
1125469222
-244011447
-1063918738
-849136874
-240214722
1736696382
-297220929
-948354647
1147909357
805858538
715855540
2119843609
1663517913
394498042
89763827
1104566186
-1645392704
-1720084755
-850435692
-2137587771
-1376388164
-1806247670
1310196740
-828356340
1939268039
-112302445
-2060653013
1038742703
-212388480
223991097
863976145
1086772989
-1008979410
-1224417325
1083605053
-98148291
372167173
1478937930
-2114920929
-198877505
-1037277016
777442008
-54819409
-1625272787
-838344209
-133700239
-540467179
1003145254
1239001321
705408640
-1575110901
1056238092
-610763996
-788293674
767427520
1054917661
1286974507
-146660641
820660223
-845732416
-449077937
823000854
1741362576
-1697883359
2029350314
-1705274438
1612228574
-136663041
504571488
-517410623
900445145
-1704866876
1915610920
-369927411
-1938763235
-881378603
-1094461686
-1619204131
2015749971
860207403
-511976086
-1215571066
-1764020521
415109666
-2097322172
-1162559647
-962081893
1138076049
1361624248
-1193581817
463209290
335282714
-750736695
-2044314437
-17201232
-1120807742
1079936353
-1746739929
1046245976
-1044279869
-23738984
93416011
-1090136458
2118271648
465356853
1798854066
555945223
646673786
-333156236
2122367462
-553967818
-1513014878
-807357687
-617657563
-23203071
126193007
-119517852
-1802229932
-934863332
185924944
2066885943
1674105139
-899644651
1197597732
1237011508
893432529
-735109960
1564662984
1552417819
1989509954
737582004
-1887553295
-1223680269
-556840048
-1291404674
604344636
2088052631
-1158461714
-1544590475
47301251
-1707688333
-1113320909
994526534
2079386738
-1219430769
1313922694
-1404972655
761087321
846528205
-1307010219
-435576372
-213067965
-1102275730
-1319023734
-1347662233
1075280454
180171738
-1871513088
-1398488015
1557241884
1579645088
40436019
-973962247
-292567822
-974330438
-742155721
-244139912
-953181824
-631986922
1074718443
1025132142
-255772071
-75655855
-1951143058
-1677837558
159123587
1940093125
-1822741808
436878478
1087371082
1524207813
-2070947060
-1759846093
2111660880
1102915879
181265462
-450097079
-1448425751
533125122
-2011947280
1839845794
-1794056283
1594455480
-1011382750
1240739632
550181165
-23457482
483086313
-653456147
-425504430
114058362
977084879
1248926458
-1299363485
321097045
1493423165
-1299495413
1123506366
-1383133583
1538423085
172247553
2111517865
159931542
900241955
-551138600
359850338
1277525032
36954461
2124847042
1495474292
-1401326860
1283891785
2074475668
376303691
233017899
-1280707274
-1554365087
1070919946
1081793709
348740174
-992356252
-440614244
1389563275
-643754045
783059490
-1797279735
-1741880633
2142750537
-162328624
-1477493750
2130481245
715048643
552121329
-1679203618
-1714815098
1325170752
-1608961725
698328414
1612037691
-1461797592
-169945125
1211838799
38339319
-1660782414
-1038393201
1567275767
187066561
1839326617
-1319103853
-1516512270
-1898330263
-684680434
1382031206
1114311493
-201929711
1937317103
2043828462
-1399684429
1504318959
-653380807
-1321884191
1649517903
-1470571696
-1254767429
-163719065
1221311314
589781727
-291886836
-186332419
527832878
161389862
1114252735
796256156
-1248135198
1965967957
1130302164
-458719974
-59261808
382703682
1571005041
1178568399
433208652
165319857
-1425152047
-252982662
-531997386
1517244372
1405663611
-359174042
2037000650
-1545032940
-1079379273
1964014024
449321846
-689516526
2135218237
578402667
-1464579220
-1831103512
143598639
356528782
-1759333703
-589083981
-722731702
-1731395060
-367933802
1901645653
1021130071
420099517
986580478
-1891908745
1807756006
1599288860
1147686016
1215056844
-1156445634
969909801
-390201770
-131085155
-1409111665
-926818928
1842307509
648440448
-19106711
2051039499
34716006
2081510250
893065841
-1033634556
1529869460
1715868648
896660817
1114269309
-2038036504
631995561
371087856
-555252172
584074194
1373690943
267471075
706597377
675888169
-1057451738
-1535167966
372791427
-452586249
-1824835580
-1701068802
-1851301125
-1073067891
-117900750
515038546
411750775
-611763492
-599605125
787442424
1730385202
-1889718777
-1245884894
1125341311
-185078470
-2061472717
-2040756183
-1913908198
1022118227
-1462846815
-940217136
898205146
-1102252261
547514879
2021228379
-821229025
602078574
-1505650694
-2020168680
1581850444
-890189301
1334146583
-2136807264
398572217
-1835428489
-1888572989
1802179676
1747482861
654352673
-982050392
1911610699
-26272500
10204102
1940044865
-946098943
675156878
-771327978
1605778352
-1004740110
