1039092132
-1967839258
1717181171
2006235808
-2115308389
973089404
2007049704
175828768
-1025955708
1976740696
1158081378
174841571
677899084
416585824
331389222
703506530
-383373720
-265711103
747588187
-1619541402
1092949786
1002031131
976835437
124593189
-1271986446
-1560858052
-1712199629
549214866
-1303893865
2059507472
1930592339
-1154736399
-2044427065
1010767640
-740581915
2132296361
1971053467
1202073242
-2077697450
31458397
1524891151
-1940823336
123624846
-29613508
-1268923455
-263975292
311698261
892550552
558545145
-2016738958
-580537614
-122133579
-766791447
22734735
1628646677
1164496867
1037723701
1970907921
755684342
-1969538353
159630260
-576764433
-1346342467
1346652949
163624824
1389213332
287981860
643365656
1304959499
1416039374
1200700506
445712406
-1315706885
1690549260
1373435434
351846006
2063121305
1652210632
1247895900
1122154340
794197245
-26212543
-994629029
1203723167
1918209612
1322619758
-158497001
2104049553
999553084
-1047143890
15638828
-1361924961
-1386587432
73299395
727580227
-1980634174
-106387840
16023425
-2033546568
2106533206
-110698188
-521951806
-1580979587
-563090894
-746161135
1999908124
1140782141
1653193208
-2086339302
820203734
2066512580
832969389
1904804155
949794455
819316893
-1099426421
417258123
921364831
2120675836
718023957
-81113391
-1593831493
-1673043746
1383669868
-2127087031
-325627596
-1729609874
2085162977
-710206808
42114824
-1620794198
-1283991862
737527388
-1568680932
15034182
-1730367847
-436218857
86728752
448051920
228749098
-203852146
1133900372
-1559495916
64159835
-208351107
-93989222
-1838659135
1747964129
-1599929105
1204026124
1557717580
-166042023
700155835
-488648736
948193300
-1494394211
-288787887
1356101354
-489704762
-1286120871
-573382474
-2006124975
1986419970
-61933347
1384815308
65823365
404003134
1934585139
-1334014505
-656788624
1363464426
1543212148
1607064124
-249415445
187355605
893752663
-663651958
-1579490701
395054542
-1022385910
-1133592386
1107021339
-1042698098
740412740
-439926078
-377892156
-549736491
-661621861
-952772809
1994193292
2088384978
-1283587566
-1799829133
1639455364
2141529543
2110343414
-1457163315
-1297018715
523193069
-420326935
1464060695
-515655421
-617750124
1670190142
1545117291
-212258494
-37072242
104503944
355307306
1584400713
2146900173
-1634308755
1293026626
480861238
1566480715
-904964161
1111532462
-1529215855
-527624919
-2105550900
-1521942206
-352428093
-1664804325
-1362374155
-757749336
-513649464
-1476389630
-1072801667
-249386331
-1179217373
462613210
54238371
-956747359
728184594
-150422570
-523739919
-796328603
-1994957821
-1522256696
992568534
-54482907
1701326406
-1441131834
-1089277582
-1739452991
-697724157
1553841418
-1635184719
-1163898297
712869229
579016986
-2024847461
1353272508
-1470716873
-511247064
-279500567
-355182052
21865030
1862395066
598904026
1219288222
-1462726999
-1310798963
159883591
1362029371
-1201002555
443175606
-1311633163
-1951337103
1158589908
-1811114997
-778183382
484269892
-1556158320
1497515968
-971129726
-522495611
-1821813718
810557524
-3665150
402029142
1778166145
-915046227
-826091667
-1576478228
773731728
-602804094
1989671382
1591981974
1110029351
2038625016
-592371850
-1557206274
1229431261
11936655
-575486017
-101210705
-1329448636
1992670527
1992044208
-1750382377
160468830
1974726622
705855595
-339520691
1779598160
-1262770236
-535612924
-550261804
-2005961387
-1678529616
-1766681701
1190972321
2125789429
-1184156435
1753804716
1750568218
32634485
112551344
1371655076
-1492606240
-933367919
491471300
-228188744
1657142031
1600346984
75631976
-877425678
-159870268
1952402871
-1756481929
-692057972
-808878625
-1319641783
1760111561
650796929
-955177207
-1660027474
-866599
-1232238240
-1683223560
853983274
-1911739481
-1091184798
-1624737295
510865392
1887191776
-1812706113
-822800754
522010000
-1556073925
589150524
-2005925695
905145772
1706325797
-997693176
-1833732584
-118210830
70485919
573865416
-595892158
131431237
-1747378841
-361216784
927325905
-447551427
-2105831595
-1079304364
-1013546688
-657257774
194436360
668913150
693290296
1575481939
1097486529
-64997311
448544014
-1524810084
-1171006578
750124814
-991769968
-756820601
42110890
1617195398
2109782529
-1048642654
290184483
-1792821553
1120864609
-924990430
-2029685571
573456682
50356209
1585908760
1958737174
1260052037
-1862960651
-1620216606
-111360502
-1961428787
-836367173
417599971
-541342120
1133174599
-1041930532
1950596470
660844421
62596128
-2469695
1029458207
-1141746688
-57185534
-453643928
-2050228989
-1261429882
-971491480
-1334985880
168499865
141844935
-1752002444
-2080856526
262166178
1396611914
-1014919681
-1815070823
30309974
-205364083
1186145010
-1208344173
-631587873
2074271599
-1144604461
-1654163392
1510878730
519832274
197226658
-1027423188
-1618163909
455000188
-597353242
2056680656
-1505319006
-632347330
1916029186
1594455902
-236427604
595711831
2145313228
50853310
671219643
-855075047
74994527
-2054520365
-1864149480
-168581683
-829345744
-837930750
-1792506840
-1511508269
-1185172129
963931123
-295736867
747261709
329498703
-190220647
-1177342353
-1566919042
2077755768
182252656
874621260
1573904429
-1846822789
-1475875579
369747533
-142939057
1018471798
1647318203
1176647977
326641828
-2049188967
-1399824949
2065142830
1660728096
-1296355079
1405818252
369038893
1405690574
-891549789
-104197644
-1218575435
-2107417871
192449524
-1355435170
454795140
-881333140
1268909096
-1212957044
-1831627206
-811226781
1405355312
967529200
-365498032
-604221663
-26894137
-1839496921
-1181432505
-1969132997
1283907782
-2014951995
-1232924892
-1868769034
-1358289993
-456528809
-1254918885
838897637
-1250021719
-1218503003
-41492855
-1028291370
1117194306
-1936579529
-1062332633
-1703812113
-722407142
1534203418
-1101729412
-2080705773
1889144134
1335429859
372808851
622282633
680825650
1327267572
1675698414
1002189279
676107187
-1645904643
1363228858
273384460
-1189499045
-1069266235
-109119677
-1033562668
-124367601
562798122
-1571097687
1612819312
2132485591
-1245995418
1473440468
750985837
-616089099
-16435821
-570946396
1715472596
-1519811784
-2056096144
-1212127123
-422641014
-1255999343
-527885723
-501338974
-2097635079
971814630
747133892
-2145473073
872190192
-1248369882
-416042927
1786669260
1405174471
194386333
1060120580
842953775
693334215
-2110226808
1695708172
765138178
627910600
152880108
848812567
277506741
-1143851494
-1017399134
-748382256
149251670
717890728
1904096438
390494889
2043445502
-1948377510
946632434
-794644518
352118158
-1434228293
-1937946699
1990332584
-85851749
-1396614948
-204212984
304049898
-1233473114
292279159
1855552498
-359684664
-941065072
-981868714
-1081183477
492008134
586322508
-1735275787
-2127001010
845110016
-1523744298
-1906647450
-188238797
1294344375
1561582179
-121719180
620514301
-59339509
1198205913
-582832629
1108921680
533041674
1578375808
2000943575
-914427642
1483344104
-635733510
677861930
-180272318
165646480
-36854928
1916241698
1122993860
-914730917
-1444119794
-1510229238
1584757118
340632350
775674032
1954676480
-79114648
1034153578
-392214563
-181461544
-862162800
1501964814
1245663987
-1000316608
-635673740
-1045046304
517721508
-1958118108
1930876051
275024828
-1965829472
1362840915
1663840833
-1491078195
667117715
-169457310
1122589627
840593675
824312402
-537537840
-1723056518
-194283517
-2125705648
1636811115
1650750667
-245624354
-1760097962
1461047793
-1471759969
1703912859
1404029043
-1170416903
2007188895
689541534
594275888
375909395
901540227
-174827153
-780845304
695450414
1803286948
-1588106310
289851670
1476461626
2117820111
-415972195
2028213008
-1408057586
-1548001189
-1997017053
383764083
-1296085110
285604733
-2039205622
1323714815
-134081536
-188359718
-880291892
970193254
-122882609
306465117
1767298524
1655046975
-263200687
-1275617462
-94389968
-1961886144
-706330122
1754898579
-902775809
-932197204
1954085808
1700674922
1487733963
394030346
-958045550
542678551
-1304644958
-1046236393
1843410867
2024113930
976449952
366353405
928365144
-1680905677
258823095
-155242045
-1665779631
1783740817
1289351602
1029452295
-590298973
-580497655
2091522166
2143939563
-875307929
1738603896
-1789622645
1010698573
-1423543823
1435148043
2011856346
-156289222
-1052166605
1152267469
-545444424
2012406179
303255651
597683073
-35571422
-162630063
2007176156
766450097
590208330
-1662688490
-1903823807
-1502508282
120159314
944522052
-366405656
-43537190
-424832938
102559843
-69849996
-1914802165
791169712
-85038563
76964291
-1943210990
-134061194
-1328625283
2073014027
1555648339
-518791865
2005709656
353289791
-1676605258
-289750713
1124138507
1018321334
1863784053
-1009576089
-111116698
1968347150
1074951735
-939548951
-1482084377
-443940274
646296158
-1046017245
-1816318934
-26017718
-1117198179
-1761490814
-437181024
-444606645
-756734516
-187658799
-1912907393
1082713838
-280417537
-1273741893
613100793
2122797132
1272770516
-157033330
1520495023
1714449243
649754124
218472001
1027624296
-402084205
-198720932
-1967370056
1452269821
566947028
1498877573
965387845
-534623593
-2023027322
221218978
1682056306
-1673130211
13214466
856830912
-1093944579
151746279
-593493200
-692863565
-814463197
-294155849
126010992
1214078503
2103936801
1968592360
1800589501
-210496779
1575502327
479065831
-2041362161
927387063
-1652775058
-621343006
-1684200703
-249993570
1345465436
1255581632
-1357963596
-9738110
1821140774
-580866224
1197695730
-1630074310
1541845127
929661636
-1878911594
970320173
-1991734130
534789472
1807390250
327047465
-1725358099
-334315923
-1073529136
589651314
1771976047
1616353908
1073336166
-520184034
-684222518
1288268712
895280869
-1684736865
-1081097321
948057507
-967233783
-125088095
1403467165
-1719873451
2005605942
1505697302
-2119181995
-13791688
-1002409062
803374990
-733848662
1229099464
-1710042738
-1909065781
1682925055
1175422514
-223929791
762178964
1874527606
-1674596533
888369815
525012169
1622196847
-1675328317
556273486
-1103638857
-442291121
-530166630
-579522462
1973445549
2144460162
-1883281198
-123015501
1039047119
1113406402
-1373483931
2018885604
-1956848343
2124380312
1723157369
80008325
-965696249
-1342794205
1305393873
479573107
-1860312445
161707031
-1504767353
-1389183618
1369064542
-1054988024
309200888
610822221
83911699
1048587240
1340789502
-753961090
-716165079
933827022
-1310780828
2013820177
-1990514744
-641014792
-1435040874
-676912634
-1493156977
1146573331
-1949761128
343063619
570714020
-132692807
-1942913223
-318095685
554851084
-2117430214
1597501575
1313472461
-1069760453
-1723471970
1532254085
-1295887895
-1711015186
2028011498
640968731
1466239609
781807417
627569570
1738176333
1263145725
975676891
1357258383
-1377850961
466184312
2139611609
180996546
-775547624
1227566346
574815049
1783353304
148818325
-1592479778
440701806
754368894
-242027103
216239941
-1568344571
115166775
689871250
-1315546845
1667185630
1153955164
230587989
1861504393
-158432595
-828488860
-986029219
-1029953629
-953790943
-2117066907
1158649816
-608431916
411526710
-188224293
755987235
-1280105953
-1651259705
-1246329433
-1165467520
1493112776
-1032227738
-57257895
-666406394
987700026
-124433809
307426993
1915465432
1195296555
-1569974694
-1579712414
1222873241
-1878341123
-288779183
194827802
-822057953
323144295
452600066
896463038
1393721702
808612436
1577923765
1052719354
1312591558
1987429387
-1487144032
-767632648
-86293656
1594563983
1919983482
1474564718
-289252106
1459064392
522196557
724153054
-546915183
1680368354
2003929744
-796364775
-1353130232
-762901644
-1559515020
1461562116
-1695407035
1591918565
-1701733250
141280926
-1320510966
-2119858549
-237113515
-329496255
-1783349795
-226459372
1336175325
-1418965465
-665589183
-1969904727
1089422467
-261092561
-1992334554
-94160304
-126957350
-1897763103
873149857
-1374166895
2045191271
-1635640657
1495949023
-331624612
1248945592
827145597
439152215
302425385
-335409989
-905833885
-183888065
-1937306528
-1359430836
-815659087
-1670027968
808707068
346151695
-1345203661
-1358559124
534040170
-2100540289
-1848577867
-269325201
-97891658
539128647
1550279625
-778989820
1369160681
-1407765552
-1353671225
1861667243
-189529428
690796058
1771499284
1175716504
-1617195728
1986265551
2126705319
437876974
-934739631
167888789
-1158234423
-846618580
923788537
96856995
1568988699
-538263833
-2050561854
-931617385
202331357
-1553513287
-684345121
-74888827
-29673876
2118716281
-1458276292
1118309971
-1748398324
1649080236
2061847010
403006787
749643240
-2088784838
-1248686944
-948521264
-590554282
-1455209116
1094888679
-1100375874
1401464670
-795259147
578597109
-1282682516
-2034271108
1337420215
1271325494
1084210284
419664549
26235944
798703334
5891157
-795156857
-314946963
237208314
-1029839401
937408789
1262940551
619253568
-264376305
1216740162
433209796
-624758843
1438742043
1378849291
-1301207945
1913567862
-1477646863
-1175990597
310360299
1290216201
-1509066644
-607324310
-103123820
483748125
-1834389849
648272838
1561105031
-1884748641
879120526
1653174805
1236370987
-269274000
-470024015
615694458
-1653709520
1733972804
-1574651557
1785435766
1556315328
-439150899
1726432995
-1450648911
239437301
1359748375
60429121
-863276806
-204395126
1564109877
265475811
1224539276
-180165932
37472285
-2006973759
123732627
1785209330
-1074920752
1940273071
832647406
-75584189
283683517
160259825
932171061
-1947637224
1706605415
1540241428
-1128296452
-1995844438
-1835781051
925528059
-2137624487
849887054
-1468679704
740726071
1013785507
574902502
250520931
796818844
-2066655876
-833980774
1342186982
-1258163952
-832250862
1287797960
959600812
1141943718
751135905
-1445674184
-1221952745
1489639658
1587319867
-1328955244
-2123392232
-1854524802
1706031307
-1391671018
1293904340
569547749
-1329191337
62114947
-1253370748
-666383970
-1347130236
1612382039
1624131484
-2093502092
1009684575
-960912575
-1779384273
-1227322860
1278826074
731275985
1984237457
23293920
-508745581
217658479
2134734141
-58195198
-1656332964
711194767
-1072041223
-216837438
127197687
1253721890
-94306505
1355393564
-822784607
1712595023
-1186563650
-667414131
1943642321
-1489079198
1551550089
-784623059
877147329
27768580
1175859951
-2008431102
1356570413
1772482988
1609763075
-1687772782
-654930342
-1444476587
889910589
-1687526727
629858649
-525128847
-40721831
1879154877
-1442611060
-1649109475
1926803327
-1017441
768916073
-1804128363
-1466211165
-1093519181
1060055165
-1006264087
-958740178
-1558949262
1821204660
-1473189904
2002976989
1938082191
-1080756521
-1872063363
2007306985
1891193159
71799381
300491984
-1338867864
-854212355
-1811342267
-363776689
-913160461
-1282560763
-523482709
-1265272970
-1469298553
1655060671
-1710815751
-429218806
-479061584
200963560
2133098969
2026626196
-499467037
970319148
1380117033
-455135219
1203296811
-912397314
-1368978617
928069333
-615948792
2080134060
372270221
-1841694230
-1160600941
1883907501
2008838175
-1475569323
222988006
-388269763
-1206902045
1547068903
561780922
-1765669333
-129308464
-1893113307
927708240
-1633316623
290890092
651779712
-1673347435
447644677
-604217201
292693193
622484864
812665454
-344066196
1904240355
-410070337
-628736103
1414564305
1882088633
-801416047
1299138668
1603580845
-1496285838
-774323979
-1017026149
-626195757
1812799459
-466163964
1821372219
1092339965
95342149
1810637467
99875220
-908228078
904276263
1715148348
156271418
1761970859
1823290789
1901743925
-1289210786
-558480685
593253082
2119630850
-1271967
-1108887282
1419022994
1233026287
-703364439
-66451044
1420454212
651190017
-2143761480
-1498243586
1912006974
-340430570
1581225850
577165497
405077282
-732574901
-540550179
763312473
-923576944
-475348835
-763238745
1749695672
523959844
1016530
1295187331
2017885568
2039860643
-1394761575
-774149284
-473966355
-2013321872
-623853072
127897325
1704172503
779924548
-1631631675
-585449832
-493093905
1434726429
1458285536
1188828535
193159496
-491897993
-1391666689
-1053131343
-2101066727
815131065
610911042
1907264526
-1885166912
-1496869134
1380381385
1068892364
-1204268022
832112324
833286811
-1725038158
1316862385
686816928
342404041
1062101350
315397925
60542771
-1062394670
1900120059
-1846341489
104431903
910180937
-453390130
566826514
-404645650
662597045
664695185
630898515
1465493059
1376470711
1912028840
668883771
7541329
-526663054
-1948262221
-254461957
2112086417
-868721370
-1455403157
-299735216
-813867857
-1505869282
-191781455
1582498568
-227552060
1198558668
-875322652
-385370684
143259338
-237433295
776498546
-1054372866
-1219141044
-2058738302
-258905423
-1904193203
-1478920355
1598665480
-1960755217
397999591
518557642
1766270535
-1717284665
-1329661849
-1016391790
561848418
-633188682
-2061553711
-950060906
637618109
-290411027
-314027566
-1334112884
-326422044
-1472785560
-1715232437
164270137
-156923989
-263974850
-1002032880
-410929441
2005583765
-1438532037
206866156
-1664191245
690047609
1312756139
-1202787608
-2013424877
-23040414
-1610877832
-732109108
-687828426
-1482486857
1211334263
-351094298
2089946660
-66479973
1205919486
-1340881655
-803646679
-1571774826
602983353
128004824
121969413
-1524210060
1016760509
-13344700
-1688165082
1951727213
1404624349
-281491118
-320496104
-1765540219
-1305703108
-2064548319
-117405124
1638379317
1524047651
-1982700501
-1914394697
-2111211957
324409109
324388811
656898989
1429188110
-594287073
1339752958
-97812817
-1700181339
1891970675
1520645741
-282813327
1495527864
113126455
-1630704214
1958247104
-105289641
-1930078310
394497978
-1511539790
499874587
-1236954071
-1365376301
-351490274
768853130
282296671
-1558449562
-1701894322
-2063665729
1235140738
170558046
-1682676493
-1365146294
511787948
2018865834
1491947096
-754063276
300677671
-1054869767
-2039192102
-13452793
147942910
-1712535868
959460247
-672565972
-1188813104
638101905
1206261350
-582704107
1868031463
-451214476
-250302458
498510524
-1062072440
-814471719
-1316200295
-86470868
1613157772
1156147329
1045398866
-332766177
1900410671
-1083486518
-961843603
1704802792
1771252263
1786920242
1293303903
-1169114733
835944696
144868125
-982698929
-303247798
-1214619002
655408342
821160900
2057437433
1089857259
85709267
-1961047138
-1788777931
1908649354
-1006496964
-1589276086
126312025
959742052
908803758
-243098319
1262630898
-1885972310
-1095145157
775065968
-659495844
-1646159726
839849653
-1163174962
55252652
1124044397
487129388
1304738794
333399248
-343042823
-1752279884
1067699892
-2121215243
-381590285
671245163
-191869922
-33353432
1279814640
-598796871
1576234002
209973055
742734957
-1158702375
-399792474
-875328774
489384740
-287892072
249545613
-1806435228
-1620349535
2089255261
-1657869104
-750844801
-404402669
292055912
-1430079298
-986349025
-1405990809
1219435614
1034116897
693555478
1346544786
120315396
436047282
-397641839
340681262
-916846261
1745653709
-895957567
-1158903480
-1453594484
475184488
1832733629
-1475464073
-1118045677
1383425345
-2051520090
534226993
1046566625
1588635222
1957068299
287509337
-1271053907
1076554906
55113359
-1877109477
2031362604
1320617189
-1174092087
-1154923524
375681170
-1542521813
1861011819
1949987372
-627944105
2055290352
-909914203
-192292066
690422078
-592665093
2028462795
1827202650
1298071954
-763397815
-2038596556
1536117649
1586697394
846756420
-1589913755
236348401
884687568
1382583349
-1633041809
-1933067077
-1459339531
-1545168394
-5468011
1621737233
-680831929
1838068715
-1170140367
-787578604
-1160420466
373332273
105954519
890639406
22656244
438378520
-703376710
987161771
314679820
-1251659313
244305998
-705429874
-204841963
2116308317
2027249967
999443362
1975931518
-1478769192
-626027200
-1759830322
1074789805
271265744
740766487
994812077
-6811141
-1075465717
-1739371368
318107998
-185245949
1964715383
-367756833
634524568
1123868444
2104979548
1519279715
-1526074112
-1689470173
-2088441648
-36578217
839722942
194856573
-2008839568
1953274451
-705814195
-631818405
-1671701684
750305075
1632899730
857644864
-1002349533
-1760425921
-97931984
1089890239
-132726833
-624714356
1440901658
-1550297207
1180280322
416565409
984950121
-1663442009
-1635594958
1141698908
683942766
297160963
-1172115503
1424983318
-1692937461
2098915884
2127806657
-753751035
-657268418
823807321
1020771079
-1514606366
1448833534
-101181778
-2068137794
297811659
-979463606
634284734
1290831181
359717226
424687486
-1616698032
-1769087268
-1316932779
1784373223
-1109741466
822844163
-2078914889
903555226
1716701050
533390020
-1394715600
909044865
-1907381494
604813755
-1428280326
-397885258
-167081897
712918163
-1821940404
-260644333
1733826920
-1482784068
405809154
752740361
281723221
291073882
-1494520707
-1864183632
-1289508671
-1719681664
-112536121
1898002976
-501571929
-2088655971
-1891530245
-730112770
1002226010
189164086
1223797987
-1583965095
522073030
-362696235
270819554
569425590
-2078579973
1736614977
-993627628
-1310251927
1454022636
1091077358
1524764595
-2134208730
1493635443
577459382
-584042564
-1028698409
-1928707433
333348041
1273149650
-2142050385
2124009745
259962082
-1376653727
1970111870
1130561548
-1363437381
575118085
-329854906
1735799597
2025889987
-271416019
-733284849
1458607570
1990750733
103070203
387317239
-1291685219
1065400714
-1107781010
1891154060
-1199243469
198444666
1513155
1358684509
-935681984
-1580050401
-69485545
18564558
-654251586
394810036
-616990639
-537131732
1122754423
-1155510372
585971774
-755089919
-877250104
-1725448994
-927349764
1772862632
292205222
2038857681
1096449436
-594903261
-1947820314
477974291
-2104433149
1282613803
286676920
-1931790401
-41219056
356027272
-2033174412
-2098609698
421480963
-714119773
-1338297191
-946706403
-2076445412
49889368
-2013640175
-264808768
-1917852798
-1713345775
-1675209799
-2065390121
1633348710
374266896
1773404193
-81886546
-635189656
2084288779
-897847153
-354157431
1711466553
-2062527235
2012693578
2026203280
206065537
238991162
1025709076
1248366856
-398700030
-791609404
1210163703
432284611
-1449534212
312098013
-1202175676
1912542169
-614283565
187074013
-466273576
-1770528104
-1502275857
-636391611
1119433121
-2075982920
2052220899
927411219
-1936471200
1471074515
-638007344
421916759
-1352949328
-984694765
2126428939
-574985978
-10109114
1610011180
-31832835
-1666491123
-1572786823
-567579763
726997834
68537257
689919492
-1189540655
-106010827
-186901515
2008694027
1214946939
-1064519357
1073754564
1574295387
-796113949
1751716637
-943096912
931791094
-279713430
1313221562
-1980412302
-1084827699
-51904012
320164285
-46063244
1155366607
-1756354665
916230171
-914128732
1077120290
-576547953
1351088384
1602340747
-865620561
1199350133
545929971
-771884643
-936234268
1705234864
370074679
-1655092270
171221684
-997195989
-1958545292
-1411566731
1524072162
678870088
-731988841
-746189253
1627770239
662375187
-1385833226
-1807239274
-990239311
-249305925
474042806
-462053557
-448183115
-1116781507
-848779920
293418306
1116892966
-1057052575
1820754450
-289751396
1845371518
-1439350550
-891377661
-669128694
-1036526883
334445320
2029630346
601139548
1981280521
956096785
578638960
42487384
-402729802
-1358724752
-1336026141
438417613
422782726
1662079197
1358972060
1221013479
-1247250094
1297136590
-978183868
1981239491
1051505706
-686105812
458153235
2093610053
-900306278
913309770
-2025792838
1880694313
-1771135569
-1227322350
-326795901
-1948169896
-2144029639
689931648
1547409589
1300866428
1661184721
1417388884
751059260
-1413867050
-892616675
198360323
1474633097
1559109966
751051090
1947129582
770002871
642831307
-1662231814
-2076492331
-276013586
1715450052
1647153654
-124557938
226278668
1838612247
-915945274
-300646671
114942337
-909912551
-1716013816
1874721046
-1245447558
-1127930899
-972691138
683434434
875674433
-1190771431
-1581754668
-1568843491
-112011549
-1835859626
1953197152
1516407977
-718532078
248381863
-886549461
733277551
-1614278835
-1127214164
417470191
383292794
-916047555
1277677111
-463755550
433393801
465792866
-2095682785
-214624525
1330445311
1882085614
702540372
687768146
-885312994
-1932295696
-1148071373
-2112657354
259716212
-741628235
-16441060
82411482
-2004629100
-1573334677
974472256
1437223111
1410925065
-1016779258
-162584641
-409019559
-617080697
-308234138
385397745
2053750139
898654564
-87480135
-1383969789
-1904033868
1115798854
926532126
-1065803322
-249223577
960971548
1570170762
1663726275
471901014
-1295116975
1858312943
-1500183918
1577182055
-620243393
-1181922662
1212638827
185578667
1082879969
-411266852
-1767967235
333842587
1196303053
2046806508
-456886914
-1958193500
1902776416
-1492212725
-1996436221
-430365980
-830032838
884215273
-1093312240
553430326
-221576980
-1310841017
-1192697741
-1207366548
-796388368
-22407203
-1634559155
1816541658
-549014311
1767633021
1524348784
-1872441061
-1093594166
93387383
-663824912
-650475505
1349876524
1128077631
744750580
520069922
1532356763
15344205
39837900
-1741100588
-1251753696
1522159428
1683671880
-139600012
-1998187355
-1407373738
1490344007
-1501346770
1230775461
-1623673626
1082275982
2123244104
-646634974
-1593943954
-506223654
-546051160
301029084
-1375841886
-1972615369
1869638553
-2049954369
-1735823915
232244370
115511502
-26095972
-1227615588
-219670643
676156326
-1584774884
1305696176
793539474
2106211505
506415856
632773400
275738410
1656704882
757693773
-42716281
-1564733297
-662545050
1715742103
771564802
575573887
-726661819
534713692
-1041499195
-351346606
-451091833
717256067
-1115115161
2004900943
1152102697
-1588324156
-607928260
1450384186
-1162122832
1114177883
-789067526
2105070129
-91448979
1934953975
1248685726
-104313929
1550678787
-948829704
-1679389552
139971857
426808102
-93954854
-115070203
-240649008
342480293
-1965050645
2058147236
1530797743
1546294953
1804306756
693057643
-513427298
599051326
-1686716682
758589140
-725682914
-509451245
1691041154
-1305906893
-1717545265
-1736068739
-1268359537
1826434145
-391671481
852768705
-1657133866
598691742
-1455514844
507335826
51801696
-1990734669
1033325924
1885507288
1754699251
-652900777
1559307251
1644137906
1992505289
1530448083
1512174469
-1578370114
-2118185597
-1924519704
1519626405
927062679
-1211034275
-2071597840
1249272846
1972832927
-292718431
306340930
-1761114055
-2028803
-134093472
-1436954405
214142007
1518745065
-689877152
1645659961
-564025408
-74449626
133581904
212609162
1607838859
-987370800
-673022142
1596988166
-2021285665
179399255
-2119907495
-1549556584
-995758231
-1736008245
-1278794303
1057409987
898121808
552518489
1655738079
-1273797949
550915974
607448853
1034296009
-919150350
-1166846879
471735545
617236728
-1627001235
1968426601
-498999507
136334140
1256883703
1212468083
-196531064
1032096751
-1971859171
-1986462994
627905366
-1393892499
1557996185
507716220
1105679451
-230281021
1671672571
1095419844
866331160
2055489957
1618543493
-905895034
-409157556
-1740343899
-1518204073
-1893092881
-582869059
-190977886
-422473013
-458558418
1158713911
-1414598530
1079927074
-1651427514
2111161044
-620443117
175906911
-294226907
-1196679554
-1535684250
-106685581
-771777290
2000566450
1511194909
596195993
-1957631054
1582643334
308213038
-1656430077
-966785539
-1535995412
-1628183335
589338294
-316405201
-378171592
1429489623
1683656113
806410672
-179212577
1229265619
1384221012
-1454623608
820058497
963245849
115779840
-236946891
1630647336
450785677
661262074
-1877335105
-2089970990
-596511523
147947668
1132088074
-1574613204
-708146438
1579574414
1585042282
609028000
2139507139
-192232519
-302119044
-1222636911
1874482947
-1882509347
1259913267
1585279461
1523169181
1609413852
448489777
-9145661
-1585619451
157038614
-2119862697
1994352029
367668210
-901060081
374087327
-564606352
1615387473
-1092506033
-1744670680
1690684746
1185874556
-1665557111
-1215950446
962989836
-36198485
-743569921
-360299381
-1592740239
958207914
-669872604
-822084182
