-1101129302
505293992
-411514042
-1685642832
-1982603778
-2103520590
-310308436
-813213349
-1475309809
148454819
1567485742
1190829302
1320036211
-1592661469
-1560641620
681707547
287792975
923313346
-175160910
-215372192
-2016998115
59037041
1136160473
1176901100
-131707217
-359231948
1845425773
685131596
1064681074
357388564
75759184
89556615
1338915063
1816183129
-1235677667
1159530863
-896928081
358003704
-1802680177
1599815481
-630260234
234181450
-947235036
7568720
-444583598
-762885633
-773723139
-1805900443
-2458117
1478699345
-1839792632
432445642
-78123362
2089188987
-436460704
2054262016
1258989149
1051216748
-1259164173
1265866126
-1036122086
1177409208
-554930588
2009331476
214732277
1699219150
-1840496333
-317384801
-293792494
909032560
668977691
-2139807683
956473759
-825040801
1475281339
1247716308
-1738154219
-910747563
436500856
707551023
-196091715
-848668873
2040232353
-998218151
371320437
-65094518
1024417235
-2006953170
1883122099
-1383434457
737792926
1221413166
1990325962
-572022998
-1260134552
230154900
-1540254100
1623407408
1913113489
-2070062426
2132462447
614130880
-937400873
538741070
700115156
1615577097
1663315708
-2086239254
146916356
72137421
1636917414
1717040992
52103003
450447005
1775889797
323325812
-524572438
852558406
-322117702
391577437
1527351672
-2073819509
1573697911
1517387668
-663781430
736807443
-193414174
-1133783825
1561351204
-909913947
-2056701890
-1823263506
-2001768433
-1392469614
1996312396
-383149227
504251995
-1118928527
-1103445266
-1195678470
1718204263
-434140399
-56181234
1689469920
749925791
1289896875
1158198973
1190191235
735292997
223819351
410439326
563592309
-905610636
889561793
-652388987
-460248535
1161878626
-659002596
589910618
714436110
-95925019
805793109
1079522883
-444769057
-451404488
-494879860
-1372774910
1541344057
-1765003010
323512255
-2081536613
520970861
-1634151290
574412488
1653838393
1505472151
1233400655
-1474769271
-1745267119
1912830447
-345886001
1961603940
-1103580153
-1231271586
-479414928
-1865176847
-2110176815
-1007022508
-873559590
-1519613462
1738921305
-1543478824
-820540809
908192618
2124978344
-549069600
-948653773
-2050908330
-1619997312
-624680478
2028938115
-1953535461
315024136
-712610902
-337544535
1894899609
-1407598162
-1598966418
1728236597
1977326430
2059039048
241094687
316356302
-57456617
-72778372
-227542783
1651373874
-1062196670
1571535970
554747261
-1660860038
-1203232216
479353703
-500664267
-2069063006
-593012470
1090279028
-185330855
148491849
-1732702822
-1651131058
746503224
862887092
298595244
-1002738881
1778664473
1193233688
316005165
1521489142
-558699956
364662808
1845400147
1241108651
-134304901
1918926476
-77121770
-1152549754
-1442205115
-713162621
2045045726
1407166273
1204469005
-1675353973
-163896451
-330768629
701730062
280530735
-1437206434
-2103080273
-936987982
-1241326912
-1619639553
779596021
-223524060
907091800
-1755044964
-590130616
-1546484957
963195675
-1596722388
-389793640
-1160514791
678023872
1031065488
-1184472703
1286809707
351507023
-1814087926
1259890349
1285943314
1839830571
-267557141
1841399926
78132842
-1835640749
-378637936
-174375218
1034653770
1560346084
826294158
-1467452318
1779286356
1577320674
233566252
1174589437
-1782525043
960377399
1407405329
893956138
321164335
-1895606278
-1456126658
-1560494819
-1422227010
1677847541
-1443192003
-1089325869
-1327843496
-1616396703
672887450
1542411640
2048966993
-555253517
67160210
174164488
112084735
-2103607781
-1261575158
2039823671
-1512536623
535953546
1895225538
150828693
1118083494
-1577308427
1656371658
708158957
634842715
-690986983
-2107214028
480919790
-443566426
1800481534
-1716854006
1249580813
1463254049
-1597327490
-759197310
-673939543
2031885481
835982088
-1154578320
-366295441
-833632023
-781546079
800846331
-1919583745
-966731727
-1678286036
-1802353005
-1841397553
-862288500
1714435306
-1783455198
213063760
485222928
-2050549949
1861793921
-2145181106
-1332492169
-202950714
470097197
-209886052
2139422190
1036476269
1985466938
1941231
241216557
-596912859
235950727
615226122
958427335
1178952846
-1083733198
-1894212837
1633435074
1676905727
-1354008498
127584868
1908189034
1363942604
1808488659
1918669854
1877195618
1294646474
-1803637291
1754268825
-668748549
28258323
1258322169
32807079
-1946410296
2075741190
255553059
-2089157
1523274097
400419985
-572846988
-121532084
-726986809
-1124046670
-469708173
-518061057
927801369
359680826
-778305143
-1149363964
2099047109
1059279827
1723180210
1438159167
1563510289
245367877
-555102607
-1372265045
-403544261
1856847348
610419204
-258667909
1040535758
1428140972
2016803801
1575731329
374297142
-345623647
1951681856
-89450285
-1443271530
-469627472
-631668895
2055540395
-2088455975
86579691
-1508494993
-1298048113
1165880071
-123526316
-512629219
1528424881
124792537
-1177765145
82080849
1004636312
2040207758
281392861
2068401943
223266814
-1024795393
2104615471
-1802839848
-2084627204
2113759217
-1705598888
-1345112630
-1100696220
1793146794
784894303
1054036394
-711746195
1089461958
-41401836
-7861079
-1559684203
2146348362
2032014489
602981283
1358063299
2126439929
1312296227
1185523606
1629887147
563477734
-1907974398
-477128623
-145355146
1329421130
-573565474
1807382123
1698001313
896631959
-1833740478
-9035658
-1863757020
-848955188
454473822
-558788747
2060973783
-1946916853
1313336328
-337721718
978165009
1112738664
-1449243388
1437960691
1991483538
-2053687549
-1262417788
-50982601
125898402
1778809176
1590095089
1130899611
-1109779079
2089409493
-1598168853
606500315
-901372703
-38004564
-561756530
973919254
-46531303
-532358678
-1396781321
1528560393
-1263605764
-1396681272
-430341626
-837556864
1910270050
-2121016255
1839922788
-1381389560
1118677958
302328292
-247646777
-1848327959
-1192138199
116626411
1924082036
251319890
-1882365899
32465291
-1017681147
1937817558
1022150564
-497228147
1451713900
-1984289257
7565794
-1055509731
-1731481033
496561088
-80385807
1792503009
-561643755
-434602312
-263374196
1374627149
654395288
-110065517
-1943449201
-311606987
-1679202500
-1814187444
-372571755
211830179
1545291687
445017905
225978594
-1571152406
-1001181390
-2115173602
-993358717
561164026
-862784601
-1463863315
-854175053
1955580918
-26077876
-1880656340
-321699967
2074042371
187041312
1456092433
1498060718
1927930211
-1338957468
1909847466
-108671525
-1217371711
-1148512420
289095000
-392667677
-1817522227
-201469610
822428541
-1239319931
-2081407477
211685867
1512261236
-494374586
740049640
-1158195836
-260195391
-1354700651
-710818290
1794553631
-1271804023
-1332585425
527224568
-904340141
1052829508
1613790149
-990238520
-1457835119
396958640
-458731557
1361375064
816903084
162979336
595609842
-795387506
-1899969638
-1431356299
824679657
1489851636
-1900549252
1022720453
481531551
-2140354937
-1127454757
-574231462
-1540375587
-845118258
30891060
768301156
1798303091
341860142
403024310
-1670170286
379708832
-1033779588
-667636151
1001959045
416135350
-32380205
2024632274
2036662086
-984925186
850617000
944814005
2000677370
1621915352
1657188123
829088411
-1667681644
-1728347609
881209743
-980522892
-1271389110
489454059
-944544132
473981119
-1051395446
-1198889682
-1183024765
-382564600
671835439
1714436132
1478395586
1081770930
-1057711121
-1643293555
-1923474071
-806454026
-1752517352
-1425593250
-367732851
-791989205
-18992261
247458463
131865404
1548235591
591527848
-576436586
61495504
889376421
-1994309541
56681765
-1718527352
1181810440
-193608139
-1761481616
-1476298412
253319135
-393412946
-989483582
-191968529
1650302410
1748279882
1993705905
-1601004237
-1350975140
1783075338
1084650111
320393896
-1926151646
-651782107
1660203203
1282274397
952188388
607125495
-639316409
-946074373
323858474
-737920711
-1257387212
-1133403882
-949705215
345307762
-741408404
-762357562
2023385598
1440716461
-678012361
145632886
1307438211
-2062910868
-1130251744
-1273415941
1825893440
-1364655140
1292945185
1483953896
2059641597
1198008905
667577597
-1869448929
1576794773
-979785517
-1626618899
197073579
-391344571
2067439714
1739341182
-2009055283
-1960313818
-932322089
1014840249
-771152300
260131576
1227975043
-420907388
-740341455
-1302173664
-1046904612
-514141369
1067747658
-423755277
1767105389
926126801
-790982770
1951285812
752857614
-1148061315
-1607353271
-270127909
1476847445
-370944624
-381208647
1353951000
1694035020
599885797
1507522528
1793878678
-718453661
-857836853
-318779493
-1354733309
-1338997592
1784083245
844421875
-888118320
-1477637579
880953332
41475250
-1072710603
-987487256
-336524376
735928633
518307703
-1461476519
-1851317155
-819414384
533394285
-602994424
1512721868
2108893630
40838976
-1009598506
-1326669377
-660813477
326454385
-1001710666
-399719758
1623133539
-560702432
-116387932
-1495561033
1754655820
-533410678
15847125
-726568806
107611481
-1388160301
1715588399
-1701061308
1875269680
1001008389
-1564028165
-1655874716
349790634
906661976
87168984
1463893835
-66407958
296343475
1893112050
19797271
1896566704
-1155654030
516103796
-907007213
-667386641
-462949527
-193813446
-609755554
-192040804
1524510761
1733171659
1499303369
-723789368
-597065599
678800774
-919120123
-372686864
-26059193
1492588314
1365967358
176067731
902595928
-554068677
2077802113
-820311547
-1978194980
-1480617326
1944164388
525501315
414796494
1810441716
-1646869402
-298438010
672555707
-1704861226
495791892
995702108
319727817
-971528448
611510510
-897053965
-207882246
-1438683519
1429888138
-547164168
1503355570
466108130
-32936583
1184397600
-52928394
199999646
-2007439961
1149173444
-1351183370
-892394032
429053191
-1516196429
-1675399860
-1457628882
-1354446993
1119310147
1380527238
-944330699
-542837568
1003629225
1309739105
-1542103898
293064521
-13538934
-1835369129
-1030620880
1465226348
-1257760303
-559281956
-1280111250
-400178302
-888235326
-814623517
-1016605421
1537253115
1457320783
2117801895
-2032134557
-1408951350
-1381656662
1692347303
-1956711452
2016666367
-2007075813
1986765809
-453204651
-247051851
233787667
-1120083805
-1021948961
1052926765
920249472
-1701910610
1886016906
1392218427
-801037214
490505693
-506256398
675362528
1685761693
979434517
-948377031
359887160
112089617
-217006882
-999360961
1605368470
1253393639
1386348065
1061148944
-716727315
61535277
1766204211
506405534
642699377
-4695899
-213826799
-1691442001
-819822723
935972057
-1105375507
1223717144
-614207306
2069782643
1460313321
-211941589
175988337
-995097397
1752685345
2102420589
334678609
760835776
-184045841
1928064140
-136775628
412598730
1672119401
650009743
-1727614128
328423503
-402173394
-1226031794
-516767336
922500406
331765090
-627144411
-1787614876
1694247610
1694304758
1572370660
-507990704
-1941364096
338354988
1961405449
-1238654365
1916859114
-1658156966
-978837456
-134380428
1269251501
-361522707
-1266742
-2104169272
1394922400
1430602416
293335053
741330688
1598061015
135403854
1478948395
-1133371343
1417047024
-1358293483
1208347590
-1307227052
-459984980
-1121476356
-263277918
693050848
-539259455
519109607
-875022437
1691155381
129811437
-1083208408
-1257782054
-1047879364
-1007860658
1274203721
1996800835
-124144437
-777284112
-1337138424
-756900047
-480124851
1482566311
-1550639966
1580713061
-986230751
651705887
-1655902892
211019067
-761283517
-148565455
-1063251938
-1648951010
427581353
-992338825
-827266871
1653464637
2144436719
-1461323486
1599758379
-1710232962
-1622509771
-2032453878
1473298602
140883890
1277377095
-1340911354
2113361662
-847345910
1963918591
-1711839107
-982983878
128882634
1095076583
-746482371
1957619212
-1839780548
1213643298
-1813848437
-165349821
2067038182
-16832885
-429444742
1153944209
1509756414
-348814562
-1888360320
-1577446510
12648221
1917570454
285390917
441696780
1731170099
-1803218856
-1948510786
1428256120
-623659845
1143660175
-899585670
9293505
1907914287
960229015
1289004091
-1413043381
1056481980
-796952930
1224739016
353143862
-1866145223
861876104
-489537791
1807396323
2024165461
1604592147
1832911924
440046518
1752373008
-1185897924
-736097106
-1312945123
-607273876
1335106784
-840242541
633794769
-564193437
2122029989
-1735258639
-936106149
-41541605
-741596390
-1673645549
1275045338
-2009591976
883052316
-1158231021
1699840003
1283359025
-180039300
-1975955790
-1790427032
-1633120506
-1957841186
2090882923
-15265284
-299952976
-2044160541
-1155000123
1058962901
2115736826
-1188950902
1218352617
-1683177164
-1199279792
-819515437
195265395
1180630978
-1507301194
-1860578907
-1652235892
82630172
1019122171
-695680784
-1417501896
2092699793
-1213250259
-1544984554
1440020204
-1909290454
402499663
1130524038
427164771
-141002774
686871369
-200459606
1617507249
-1413634986
764854047
160337155
222777751
2058903350
1177187430
1363441041
192423193
1933387165
-16110350
1028287095
-1023980978
-1652931033
-1669243692
-2038804769
-32807306
-1118632574
309712515
-1482975973
1714686289
-846592210
474381912
593485580
-586952786
136511112
991772991
-153173817
316775233
-29365244
383599275
-784823948
1644491706
1799252665
-1561233974
-1323157895
-55646958
-937569758
-1144056326
-795151144
1541533479
-444649438
-1488801158
1613616341
-722412918
-132358328
-539639452
1948816348
-1452964200
228834644
-167383590
-916807520
1933444295
314197498
-1478060673
712883591
-1064331967
-1229056539
-598202071
1704715588
444881078
452958718
696804564
-270772795
-1113470098
1774710509
1646891737
-1201937072
1905483165
31929567
821972574
-833419800
1184218362
-1376920695
-1573226224
-1777460491
1800709010
2128620141
621893647
1768097059
-925483048
-110917284
-925627350
-442955638
-399734271
-1235661509
1870846284
1885761806
-1202316658
-858583799
1189540149
-369518328
-818063831
-7814368
-395201172
960050725
-2141322571
-340181318
309961843
-1413345138
-1148806752
1323411895
-2109970884
-1293514679
-945034374
-599710052
1083223004
-1403613986
505080011
1189726942
-626403714
1448930109
-2101500896
-646940319
-537224807
-1492576802
-471473817
-1251909318
1700990053
-1184183510
274777724
716645564
-1079386486
-965263847
1119650051
1324281010
-1693998054
-293231333
1172436344
1681124328
-1232704319
1590383420
1320274819
-809429264
-144238021
-367149182
-512398448
1799361570
367077893
-272425319
1575600543
1138272228
-1733761449
-1132432719
1387452760
991174954
720581200
-341953113
241477473
502041152
7169395
-1920269982
708744180
1301782983
387115601
-2108302721
-159606101
-266739716
-818834296
-307232464
-889580642
1018039360
-779558421
2059431009
-1508935249
231876307
1367317250
1041322780
676708899
-1466783005
-651262284
-176003027
-1550902923
448359621
1572218178
-1481593848
1990072678
-1340761983
-146758025
-806422293
2104609880
-1905879916
1349553949
1475915071
-1285680676
1338756336
2014298547
1060771907
-574801783
-2127058361
-321266084
2132839659
-718216945
-846972536
1769483801
647905029
-895123829
-1431550039
-2055959238
-617853282
1134364700
-309070425
-1035204335
-1655200349
-461721675
1442318538
421602537
1888193482
-254627276
264993581
-786892234
328668338
2120127667
901714045
-9590771
1872284745
275211038
2049372928
-202127915
-2016524947
-461585402
1814994137
1450691903
746286805
-278334029
126587273
1714663283
1207423538
-4257665
-790385735
-1544812149
2100175249
-480122271
690225974
-465064892
-860047614
-868739128
2052173628
32205554
-945034626
-1624701527
-1456609034
17786292
1452892677
-994141989
-728018363
-1075690775
-2004500473
2106998434
-431332160
1264716770
392451076
2071100040
470764795
-1768316712
543338870
2071395699
1319351820
-844302304
-589803282
338074100
-440710838
1846385821
1160552316
-1420056100
-1166416296
81010549
1661214803
988330261
2093406049
986870022
-1981053779
-417822290
-437746268
650007835
-1346249236
2116142391
1065906739
-1475189158
244403713
1679028046
-1309182218
1949785345
446159377
-1459065479
-746155018
443452625
-1892138155
-1732528074
88657112
1561448009
-291173823
-664794799
-69805402
390874903
-1198129176
-1833165964
485864917
1890764235
-428144226
-2000826620
428686467
1129948365
-576390434
1993459754
-563316481
1886480529
470264174
-892446161
-500347762
-95253240
-389636159
1683051532
1130463852
1551119961
1760563611
525697601
-1538289904
-112150320
-1461717254
1606285797
1227194292
-17421290
-1644203724
971145470
-2031297004
-1271890526
1764941404
956934162
-453866379
1293792879
1787510506
242379005
-1946034712
-1244370961
418763162
-1688707323
1593994959
-271616961
1190070676
461040683
-1015250528
-632183397
636240588
-1788813373
511697897
1780926739
931256491
-686329273
128294803
1229930623
-1820228881
-221992345
1621425258
-1635893329
-945349425
-2091745437
-797403684
-702404377
-970442143
-1342616419
-1919383296
-432948086
786247744
1925540457
664469210
-764407788
-251629207
-1415774169
-572746019
-1954250675
736847717
-200776812
-1964608080
1868763835
302393517
2035325276
-882901964
945093207
-997084855
-1347630349
-1749652794
-2135411836
-280329799
-479148636
1501885633
-678925508
-1034172391
1102829289
-1385428922
-734878324
-1778813057
977836541
-1750151617
2052609857
2004480423
1022593712
1373251232
1463674595
1915627218
144142713
-500652817
233556194
281104362
-1824785199
109793542
-204952817
886548202
646192062
1299656727
283534157
2083897724
-1810960979
1779685873
1688376711
1664119267
1834441604
1483185793
64439524
-1245752806
1321971191
-186515558
1088865337
-1718985411
2140648731
2037220088
45201855
502086440
741430584
1564352641
624765445
1097933405
845188322
1545720014
-793133528
1491629098
-8828854
-1301479446
821868864
-1184532725
638490065
-1410013095
-1550954211
368563020
-1530130466
-1960437157
74997298
-1296910862
94081008
426095473
624662225
171425244
-2146795786
936380960
218155416
-668920028
-1253878050
-548417036
2021575467
1533503690
-735762069
-986383417
845482786
-1501136749
1917599819
1847776835
-2052717499
-1309824722
-126080408
-1063177564
-386139146
-1099450727
-2029204866
185897410
2041955566
729240770
-419349779
446537038
1115715884
-593718159
-1081566513
564162907
750673705
1909535332
2065045581
968391200
-682987953
342373563
1010748462
-1109005828
394995372
1272937110
-27182416
1259211705
1219407842
-549969412
-1711043173
649590036
-1676315806
416606206
1309858706
579034493
-1399872039
270264092
-1493233493
-697328358
-1486523415
-938780698
-128693182
-1998252015
1768474140
-1027131418
103532554
567515654
516608021
169867965
786144356
-1436785182
-379658488
-361715317
871233011
-1264124458
496442219
-1439361900
1356697711
1944840095
304034285
1000274719
1470007994
-1414467317
-1010559065
947604897
467134512
317110459
-1634247279
-903418341
790844226
2085584681
959432502
1902416575
1206777158
1972601836
1322260651
-623137063
720271239
166163259
-1806151747
388138477
1909555619
-1603426385
1635040361
380882203
-2113976042
1103316044
-2034127728
1163034315
-1183709679
-407475519
-237920534
-2090548091
-1631690352
1446187502
208613691
-1594287328
1777086635
-1589100377
-1538048571
1672942878
-959508181
973058231
-551887875
690970454
1416870751
-1361175001
-2100283263
1746201555
1227889968
1300416192
420771912
-685545732
1160876659
1430314445
153623323
1712675572
-817508738
1190524965
1190302019
-1370577597
508578557
822916199
704706691
604381877
-1498984442
1070277511
578761800
1476638082
-1297028758
-1107249783
-2102536930
-1548351057
-87466675
2032119437
1418363750
-407520333
1862399992
-771069942
210231621
-1107180196
-18857747
-644029858
-426960929
-275032845
1026747707
-1585485179
1497662405
-823823714
-107797740
1599559720
-2143013717
-1618012155
-746724708
1580672986
-820890530
-1475043784
-44390397
-1065388643
682739956
1112516048
-847144235
1198955434
1753622084
-27599532
-643506544
1039464817
86655640
260131293
-2094671754
216016606
866435745
205977083
2048425636
990877661
2086285483
-216847654
-1908145052
-1160154080
714011409
853710752
2056353726
-2043762913
913159666
-1662383335
1431184468
51997792
127810596
-143088746
800116591
1575083000
-1362900120
-437085935
-1100078764
-1739572400
1710860255
-609483371
-988164132
649926188
1859605181
1509773276
1675058755
-2145688599
-689078213
862002233
1538688575
1982414085
-1790445358
-2147096648
1061461588
-1296571164
-1819289179
1245426051
1134399846
-1899746351
-13834178
1288197767
-941868145
472149314
427552125
-525106346
-2039267277
-1423856032
1159416780
96821326
-353063600
379953349
1353598103
1191271419
-127926246
2080345478
-1064656645
-1122453575
494100166
-1025610636
-808734276
577157789
-285860954
255765407
-108995972
2026024598
12572021
904817435
1935481898
932318158
-1902065420
-315412218
800084664
172455509
-1148901451
1380473288
-1010165232
1797353985
1484163126
-1709324132
762416712
-1782189937
867943216
1144167504
-1793303789
-2021253619
1133040177
-773854136
910347899
-907538564
-860519576
119787976
-489299252
1036662704
906696383
-1002618511
-1380486189
-733034885
690362415
225278220
694424392
1157322250
602606414
1346110854
117518472
811305614
-1235108820
535209275
1710851974
1916504094
1907640672
-1116304778
-1468200189
-2005310757
1934375773
-813120968
1960361469
565898580
2077834505
-1167080648
-1309790108
71797036
2058504592
1597008171
-1118203117
1327226362
1270571892
2000478277
-11495683
-2008573328
1443309800
-537639682
-97285209
1241752510
-1794320034
-1944716263
1433235669
-1645127880
46178398
1455687393
1943465864
165265974
258292121
-73410635
1620799015
-179440581
-506772930
641821383
836678651
-1040724136
555993995
151037728
290770912
-1283654958
2110849702
-1543156761
2145728057
2110512130
-1711734356
-904794655
-309507548
197441916
843849226
-1262302917
-1589262866
984575091
-323926004
1447127943
552711881
-217037733
1117802419
-2030405116
-1231749188
729088208
-249879862
854792226
1903925210
402458038
-575383493
137343556
-1495664714
-1880216160
-1205691234
645279943
-1056806379
-1411785099
-540683246
2094126914
1439839205
-789822384
1702626640
-354462705
1874118510
-214313304
-512663044
-1219771382
-1882556729
1602063281
1400373310
1381609112
-962373238
117202433
1210653073
-957661718
-623486518
745080949
-19209510
1321285507
-1933075387
-1460855724
-1718398532
-1684899593
-865028138
1797969333
1506894634
-157811468
204501036
-1856155106
1217115965
124103814
-1714493504
-1175253650
777819719
296255638
406748420
626575612
-1883196633
-1142507597
1483785944
-1234616065
701447902
-270064620
421160001
391664687
-1289281182
1546704349
-877161636
2100724140
70675378
1298441633
-1144077424
244572447
784226090
-2109316312
-1416784126
-1869088482
-137927144
-832328591
-1448081587
324409301
-295798386
-1583173382
124297586
679219681
1705832569
786654526
-1795420915
687049599
-1484053518
92400254
-936291638
-51630107
382588115
-1724830012
-69495274
809990895
-746299763
-980350684
1524184600
834992382
6734649
-1219275196
1043302882
-405266147
-1794120468
1878513951
1017752547
687811940
-711884722
-77667323
97781920
-1593535071
179616877
1408175589
2039850147
-1492447180
-132946994
1258977230
-1941746253
199114041
727915205
-866883917
739781444
-486514708
-1945295098
-1290783378
-71146959
1301269065
1354931323
-1511070969
-1251360856
-760946957
-1956248745
120635701
92381029
1869860182
-6239382
-1051392220
-1273593566
1082878991
-1223941961
1542016120
-916782771
389862794
1413084483
1554460817
-1237374725
13478636
761549871
388936208
1461209372
1657872692
-1252634104
93321882
1141822704
-417186660
1048784478
-306208037
1684729785
-1262756283
376797843
272413390
640655794
-145651694
-804693516
-2099256774
1308616767
945158867
511848205
-1807753857
-1152903835
-1488252250
1136478776
-2003922286
492384891
-418871911
-37196425
1552927301
-959751647
-262313836
1564227971
780767691
408370545
-498426251
-1691887580
-334284677
1655064692
1532138876
341604291
1722803668
1385961944
138213098
96234557
-1267856448
-1533853217
695413988
-1692727047
93665565
-734888807
-1023090020
-982022084
-520089480
387898196
984736433
523146171
240674587
740462931
893974486
-1167900047
-1538797495
1571248063
1468117938
-124149837
-1995499321
-1327588134
275857415
-1215688832
-904169826
971043450
320380437
131474461
458780959
1135701940
-1819477952
-339953439
1835648295
-1331103274
-1860113936
-9148851
988334500
664316059
1811931576
2008064863
343218263
993114521
404423097
910632999
975208155
1597294333
1935221320
1177576858
582646757
-925813381
2146556622
1752639141
-1627403060
280563071
-1879722768
1482206853
-2080977076
-721636440
981724655
2132273237
755612550
-1576717194
1347447376
1025211368
-1342440886
-63236287
-366821441
253221848
-890758247
-1705841556
857831728
1485021407
-1421332123
1243089627
944437574
-1046100379
-186477926
-635359071
-256925960
-193815463
1955678817
-245236994
-451473295
1097171523
-1116031070
1699178888
-2081107912
-774717542
1672880331
1060954279
-701595503
-1727132334
1975467984
-832938171
611875106
376939705
1523059314
1624497094
1110676184
692774787
-148358462
1305279542
-603894261
19330339
1310612456
45325761
-202262817
2096808283
823025440
-1300832409
-444552210
-1031569386
-1801061115
-401103889
114191139
1277524597
202336018
-1536508132
-1931900696
919904551
-1512108700
1471431198
1816049027
-280793091
-302940988
642161483
-647695171
31717052
1731893477
-1563984626
4402116
1571822389
685225705
-597180385
-413783726
-1150588781
-288728023
444249332
-248738803
-1822294029
1759094069
1689032822
1986014001
1875738169
-1384867559
2128551928
-987044501
-482219231
-1018172190
-189902748
-566298104
-1240332908
1193147232
1376720055
1449742414
1287356732
1667757356
-2019801170
1275482410
23136602
-75789076
-2126633791
-1262995702
1684085974
-271539243
539186256
-447219700
-1586096233
1719581297
-2067658980
-100127144
-1061356267
-1382930014
101373176
820224713
449173547
-1953667098
1868452543
-986227246
631882801
342023899
1920045960
-304979297
475001674
-1829235451
1683818776
1022589050
-640924167
17510351
-791382120
1442817648
1582778362
1566577103
-1824657273
850543924
-1425496497
-223700658
-1773598479
-1591620798
578450072
352305926
654753504
1006810951
671926183
-940591827
-1282031085
-2126234433
-488201389
822539954
-1904339987
1589155551
2118781324
1100306118
-770559312
993338806
-73481040
-209893219
568017898
984922510
1022908188
666285941
-562499025
-272060264
-1106185724
1180473047
1907683847
1917569735
-151222905
1338815260
-535469526
-1525426181
1819557373
13993522
2050521834
1888330850
1590428307
-379186017
-1107869456
-1593784549
262719770
166729414
-1930154198
-1829816549
10998555
1743581801
1595280387
-1327576492
-141285330
-2114303889
46030293
706282259
818471307
403380966
-2054278501
198168489
-80471327
410439498
-1367134485
-1143201715
475503718
-276852473
-530442206
-1741326527
987861551
-125970372
-1727836704
1854920498
759751873
1853298881
308864695
2122298340
1014892263
1103224171
-993172450
-1940272882
444222661
2042221454
-665505365
503249794
-1232789459
-659911998
-1728289919
-1692227440
245868080
-314577686
184379398
-1432614996
1144826360
1949807218
411345113
-1673952690
1242816725
1191139031
-162523389
-191420903
-1971528811
882790763
991542891
-1528326849
-2080425705
839161434
1620966543
498145571
164294178
-1177443353
-1812502927
662092607
440710770
-366436357
-1457264178
1230997575
-138411244
-1519760928
-233384555
-227778162
-826738189
1760937033
-1744931434
-1477508951
-17409359
-1348633707
-862243462
570102097
1797545147
210611284
-722370829
-1766554227
-1309222249
-80327159
494847795
-34830320
636640895
-241015247
2108522401
-240078625
-757013453
549652356
-1010115126
75915318
183526411
-1982561926
-8606059
491152300
1321630539
2104001552
-1511741253
824920469
-55196230
268975051
729936501
-1058601305
-252265355
-1374836227
-1816605066
-474295841
479145472
1552137542
2012455963
-1512678747
1605411741
-1009717667
1473238752
-1410220754
-2012788767
1122526480
-2080628458
-1352148703
-386391421
-1426462327
2106942930
-1572016515
1684454775
341386706
1059728936
1817683129
59213626
1910045594
308037017
-433004500
566593135
408941112
-2003097143
1394674095
756495019
-1723399952
233390452
1331145856
-1199077748
-815515275
-1253503326
1433701992
-59400432
1555502767
512675866
1590142496
1700690979
-1715178562
807814676
422548464
-752241031
-334729411
1277398577
30703769
288046750
-286998838
1374767791
-814250379
-1751549622
-442091834
1146980568
-940767012
592989433
-1480291751
-1578493253
1423613384
1173288123
-78411848
710694942
-1036554821
-158880696
15553706
-338462030
-6804001
-214595241
-1860079801
1919682952
1648236655
-2001856977
-540248318
-85325885
1131579222
325681533
