-972729395
-1783390514
2042916208
1827968756
486898450
218531671
448351184
858467113
1894376034
1859610062
1963261143
-1592189053
311891146
-1482087549
-398687434
-1082601538
915114838
-1206371997
-1636072906
-665547067
328967384
204293738
950699297
2101797954
1611585000
-1247930026
349690080
705204083
-1844357844
-1012325988
-1760437275
-883203260
-1914845223
1568832415
-1162090422
-71413863
-1338592647
1074334751
910507066
-2125976598
251638254
-269656337
666600591
2009863957
1212334262
1843084522
-64426564
-1589411730
-1175581584
-841863897
-1740120339
-240701925
-1235542114
2095601003
-1525365908
-2078157665
1937269675
-1267307041
-664238522
-2095311949
-2005254352
-27083774
-1756584914
72019036
-796306318
1596737760
-10225760
-1696136135
1010279471
-961100156
1020371785
767838749
1205770393
-1813325654
-1262895451
174510045
2124692642
-129649479
-2146588438
-492114582
956703610
-894546705
-1592777180
1566834977
-156449707
999652061
1444653729
-1263115935
-1506652559
-221651690
-1611171698
-333032610
2125740375
1891589155
397308897
-308339916
-558426784
1419086521
1101320314
626161983
-698851206
354899245
-942145916
1635920041
-2143132884
824292391
772176161
38417219
1100110295
801527445
1311988550
798764696
622947901
-1931839773
80994018
1980282431
1051018567
-711897240
406006341
116766577
-836426494
-2059083229
1752895423
-340434470
2022504170
1053231014
-1953062008
-572862029
-1762153877
-1388316335
-66204705
-1754872048
1608432548
-181482813
843526004
1278738038
-1946885523
779323022
1049634314
1892679344
1615736219
-627973591
-1910468776
-499748894
-1999106430
-640238294
1481290800
751980510
2101876923
-1510350924
291870179
-441346122
-539985370
-461853651
553799650
1882007185
1012231986
-42092492
-823955544
-631241278
684668763
-923500334
-533240105
-1027188202
674778612
-2119717393
319126433
432641645
18869030
-1455711994
-1966154903
-2142977141
-470478536
-155317476
1029419945
-1989873361
-1281447409
-1751161363
-1949928170
536290405
-1187415816
930655336
-531258111
779507480
-1172511579
1631919710
2010571007
-1287562005
-908862091
-1007854731
1664350412
-125189816
-926456840
-814923422
1713717868
1728705208
-1876134990
-1900218025
544378002
-1667084427
-1667279331
-667359047
174478149
702670653
653435380
566982933
1093475009
-998701464
374893230
-489231532
387257499
1440800316
-462396344
1393338926
1681945383
644144768
1127087943
373477340
-526446819
1651479630
842383613
-1993354479
1982481274
1405493805
-712942582
-1526755542
-1264049245
796566878
772689189
-13362269
-51810352
755965046
928186396
729294541
-624432217
1892131628
-1921859303
-1926248515
-2124350681
-205252748
-790036954
-2114978937
-1100830265
493255628
1894292722
1003766188
-1375764514
-468931884
1446275285
-701690928
1400883781
-1938214876
1359076625
1333327024
816658490
414210649
-305672358
2084958802
1656746887
365681265
-219234665
-2034829443
1816303330
1033405528
-865023510
-1455572885
181708439
-1577646910
1590924269
-2128196
-1945538716
1043439675
1892062783
894924974
1880846243
-1828302980
643082558
-1747497077
-1710575954
-1371157249
37733397
-1756638878
1161733758
-740464684
-435537672
-1675589127
-819289195
623554485
2007036334
-2067126527
-1845641442
-1445638568
-791777201
1495131019
1918228305
610050564
282499151
133150395
-545314276
424406375
1075282874
1691892154
1111520767
1809920165
1619781824
1688107249
-1144142537
1260388276
-1194339468
-2049891213
-1820702946
-804591130
-1710180400
-606219334
1482939345
1716733639
-1872879620
-1129557867
47789587
-1116177368
408976079
917445985
-505038992
-1102245509
1641008789
1186572918
-629380443
-1721162655
459035667
83881700
292405310
192352897
-816366137
1722439775
233435521
364932251
-2004209805
-1465629065
1644965258
-1590786340
-1601164836
1610253579
586935
1632844403
350940879
-1753056769
1197229637
960736356
708583780
1490680364
469402683
-698864229
-1648777594
-1151665768
-1135529594
-92174269
275319218
-979531034
-1475154331
1779781208
-1641682434
2027282960
-2086906105
-721945222
-533482660
-1744613806
544581745
-1440412668
-1604638689
-1296015511
2102349733
738341725
-1298628930
-1412191747
-719993088
-2064872563
1080498136
295952218
-2019858973
188959763
100929656
-777442202
2099054229
1948075509
-674155367
-215936049
2060494440
-787256553
1083577836
1743337347
-268737511
-514066736
821381848
-1481063067
-218201988
1310133178
-649586239
-1455981763
983647576
-966337847
-1317858164
283932143
-1009256817
-688216162
-93689757
-1225900049
-710528638
-1688912355
1128588725
1155584756
633167539
-1433621188
-1943468928
-312114965
-681698901
-1630905570
-464557870
-1746143186
-452087011
1538246239
-99964020
1058199285
-1692454582
1698007217
746351465
1337557516
522285735
-1545638233
-1298404802
718025414
2100975294
1702475984
1253227138
1324249137
1653674321
541121032
1421361425
1622632330
-110621756
-359250167
-247656660
997644275
1521023164
8006472
-1172088636
1353745762
-1347682814
1797986046
1785858807
-51943716
-2010310483
-1681261948
-1822144806
-1406073885
-1846468736
-923663645
-1766898567
-207833811
-338819184
907619243
353690139
1560394902
-1025487062
1669831171
-453418038
-192780202
-252595469
-67037951
1259808529
-1857964682
2092142927
991768380
1876119303
-391371393
1504813062
1644164510
40021132
1150008181
-1391994843
-1729218690
1209951954
-349547517
1731247138
-1604994067
-564385761
491048183
-789619646
-728565681
-1609182512
-490426385
-72696513
-96265171
451478176
-1940040620
46564644
-695564726
-122233302
-528175992
-35712388
-593168653
-1330578260
-586206630
428695979
-376040549
-1406639091
-12998974
-675715941
-1524232282
222290720
1231198410
801616026
1170181765
804473898
459335625
-2074499455
276894466
1425626017
931378391
-433751783
-2128244772
840832822
2115729276
1138603451
-477303402
823169301
2066950570
1014379318
-1142515317
1149074283
-2128888083
-1248949516
1611493958
2146854952
-707044640
-374833057
-305814256
567021829
1152711394
-883754368
2072137929
-621861944
-149649654
-1311214615
895615483
-1201991993
-864649641
-1014364971
-1687266260
-943550038
-291392980
1471048589
1780253811
242095731
972866810
414103308
-808378035
-1715988797
1479565374
1821407205
2063860656
-996929195
1759663534
543660900
567070048
2035340239
-2006638674
1902662900
1449339010
1921981625
-503679736
-438060608
-1850579858
-965617203
-1442913316
1879044763
784960457
1537050224
-146823211
-1515771868
-856799279
217083520
152776605
1932954917
-206953222
-13248176
-585103982
858336059
2039418042
263348464
-1041952839
177231292
-1125578591
-611845711
-1055827213
2061887188
845193899
47476199
-1489443475
1407363825
-1175292199
1330991600
815209565
1170579040
-204092931
-376916875
2097610986
-601956040
-298501675
-386789649
-1625020309
1559987574
-952509860
815741549
-1853944876
108895081
-1508223909
-1736348525
2088917612
800989264
-286992059
183140581
1464746947
-1886604479
416546884
733942341
413789411
645608523
-1284775793
-923653958
-495287099
803320287
480115966
837255026
-2060276730
-513193877
923260127
1638246153
279192538
1483921479
742993418
-426670069
-1077348288
-1164397100
1638689842
-1509881417
-1262970505
-2133280798
1043106174
176873734
-1269786448
98977874
227116119
634768363
1432353796
-2047190276
366302851
-1576420133
278879656
-1284411694
418433394
-1607878001
-324056482
635829573
-888095784
1740994567
1996067630
729283559
-405164933
-170006318
-1628862891
-1143450543
975740493
1690850700
1471824766
1958311494
746432957
-108022616
-1923506385
-38508520
-227684535
-2062791825
-1647228539
-121374390
-2084118697
602266440
-1047581660
-1569850506
23694149
825548601
1694577512
-2083740303
-1886719042
666607021
-1400375584
-2027387732
-1437579185
-302509449
604435707
1878368476
-1110684615
-1646529257
-594520573
520926685
-1299196792
-1039638726
269838923
1176741843
-646212764
-2076256377
1541691300
-1206479470
1838335142
-1416510312
38709781
-2134561473
-697069650
419073094
-1587823670
1700669239
454242931
-1097080023
-752539572
-2027091153
128535003
-1386540962
464174834
765240219
2090257228
-1646057078
-221337449
1784857428
332039042
1775340319
654423180
1928348020
-1074909534
-537194274
20119760
1720340356
-1983611505
-1615998308
-1407880834
1730186713
-36594564
-1697945272
1258335110
-1371176390
-336785725
835977259
-1092974945
-974826298
-1795886092
-1078282638
1557211772
-1884227820
1707608623
-773843735
1383942973
-51242597
-1691549258
722967561
1351039272
-1797352620
631436733
1265217076
2137044888
1606950813
2004885124
1234393662
340840245
-605055392
-2139025241
-614872529
-416411804
59834996
2033982900
-18916794
-1376324863
-2060436925
-1676563970
-1652253631
2050972747
1703141036
-378827856
146787035
1751473183
-1076435927
1470809892
1861841302
1089386601
211225140
-1522254731
1915047098
-325851689
-1337400090
-1836967342
1069196701
-762025778
-310354719
-915854827
-903893213
-2110008927
621201776
-1164031725
-1295014264
-750925824
1984301292
1461297973
-1162101668
402839982
-777897119
-986021177
400755151
677838966
-857603216
94882191
1277040174
1040585567
-1856016010
1318479649
1038004397
-1807640802
-88474387
-1546624911
-1737678234
-252796469
90451986
-1536410455
1513618593
240240088
1961748936
-2050102467
-178518186
-285591490
-1130997316
-343443653
1155404783
2137826808
-1346430264
2118196199
-1603749807
1403088052
-175370340
1714785927
-1795410403
2120297160
831645083
-917991046
-887156174
1640356450
-181444094
512435343
-1090379658
1238756355
-397681329
576841363
2096302038
-1215163346
-554200864
-591954901
816087690
-2094677924
1511037657
-152170524
545513117
-1569364174
-170271669
1591754632
-1949859156
491071477
-1465969262
1215498931
-1168475411
-320508611
794027261
1027577509
-1920642445
-1980070168
1154583476
1525996376
-1217086289
1255108433
204578006
-1031893548
-490548423
1861431234
-1644037407
-1124082750
-97522736
2095290406
-1125071017
1166396479
671369887
327106050
257239197
-1874961933
1281635521
1579415206
-1310455259
1061067361
-1770772729
1191067807
-886162737
984843903
-1513933576
1382109295
-646476404
1811822729
1817039897
-1220103041
-1957896124
-772426991
-976513171
-141573036
-113693447
-980056741
-216096961
-1919791359
1515718956
-1560157977
2028192030
-1893909284
-1064945793
138343502
579775528
-1346824076
-505991269
847421265
-2140303989
1337176770
1845542995
-1041968082
1118042440
851793565
1172058121
-224118218
2112166714
-1290715277
590249808
-1602624101
-1666091945
1663715126
-1109413421
-1261422450
1901897780
-555745389
1273184628
-782351991
1046748878
1177004649
-929947720
-1897256215
1407680134
2058863992
-782702239
-922054721
245383789
-1625023143
245575772
-2065184282
382070978
-1598841939
722927581
-1216639656
-132074056
1393050777
-960364856
-924949315
-664508805
423958385
-1039412142
1125638980
-1173737355
2061813426
-1286098200
-857759818
1887402188
-1104184522
-2072433329
-519418680
48541743
-1771235678
-1598113269
-1287683408
-1929437486
-1277908702
-74020603
1196035578
-693310282
370216536
-1594323097
-484583525
2036001325
591259025
-1375015478
30128710
-454042467
-473999047
539235475
-1471358722
1385780099
1116367249
480266906
697584364
1612859835
-1466257762
1396079115
-823185294
-633596162
-995244700
819095441
-1717009025
463893931
1294720084
1891153840
476529956
1386979529
1017647874
-2028247438
-1022184857
842124875
-1730502374
-1718905531
1618074199
-806123114
-1683883884
-1725967581
1853399904
981774913
-457746650
1442071283
-1702494752
803349275
-1265206534
1847346223
1325140473
480658801
-1931514207
292782534
1490306728
2094863504
-1686855610
573999938
1197415958
-300526200
721860646
237591597
125788974
-688060621
-924655041
1200911793
-1482189713
-676901259
-1410367673
-557355394
1609037826
524444356
655257823
-564519696
1991894287
-336445718
14382344
-1806450833
-1994011061
-1997202935
-1892662059
1660012313
279372245
26668255
-2059441566
1933453470
-1006087614
-444496053
-894303740
1010784108
-5923594
414841360
809753281
831147787
-1372036683
-144418601
-568546814
-1516155191
-84697223
-1888282502
1356613255
1980771225
1096116869
1492618623
1060839066
182541367
1679126457
1830637282
-494969465
-1894440048
-1272456920
-1942847210
-1692765110
-1367966367
1882286055
1488670030
2143943050
482324766
1296226087
-1733359368
-70118202
1555738388
1753144454
1658966409
-1751717683
-1171809327
128932257
897949823
1899868531
-520737341
302224109
-1478878301
-799700863
-2046508770
-1552252985
-590174833
-619510291
-345881085
1511622601
-219254161
1957244746
-901878562
1564557662
1324786955
368929409
428193039
-629733992
-132990972
1536911297
-404930100
286485824
-68962467
-1733740876
-594765499
-1531770066
1834683965
-34931982
455193096
-28837925
-2130055950
-2132216902
192803494
176161332
1240632121
1363266271
-1581185129
-1155753552
-357250372
744382207
158380890
-988363356
-1266418213
-1856275205
1267399904
674938325
-1343498578
-1152303966
-1977458646
-208930738
-1220099510
1449587887
-2080774864
1568391284
1881683012
1201535477
697385220
-452351145
-1541298574
925670872
1903125815
-1702462134
1383158008
753278975
1031545211
-1993911115
798350978
-1128036537
-585122935
1059073577
-2051890994
2053936634
-2115395259
-1378216524
-1385952915
-1663087296
887986463
-1337288330
-899913015
-1975012395
-2078731077
-407416460
-2044902039
117494779
515410387
-662073173
497132915
-992795470
-109120164
511939432
-250456974
1343476263
-1025512217
-1561739562
-1763384487
-896820887
-2102468022
1028113880
978505928
1866672994
704413055
1772275480
1210470285
-1715582204
-1269485365
1919334496
1622045036
-1911678270
-938317022
-764497112
2055518755
-927576767
-1566438199
-1049823633
-1544921432
1692937551
-1782709699
-68111922
-266095436
-1739476717
-1782044333
1704259017
-1348692348
1022233734
-434314080
818226536
-318193954
1982363425
7405850
-1455856378
1801412945
913905880
2121650687
-1911225752
-1463713087
-2135993786
1263052533
1672495632
491705890
-476326872
1390477426
751205843
1927618947
-1023395313
-1962727843
1145544873
2013425486
1557208145
-1317862155
1705315267
1153601485
691195200
-1065520143
1851734243
1635036912
-1251461730
-1817424919
-1172656665
-1295121843
-1586592689
-723784204
-1344793179
-1131752601
477603152
1143939473
-1001090562
815753778
2032186344
499674314
-933979347
1127128022
107011100
-2063709546
1391263840
1653866931
-922722457
-667819137
-855450231
-1960043355
1915662506
-389665660
2104793717
-932910968
-1379280031
-1305505729
-1309980900
-1538939906
-1118262761
535987786
276097339
1682231407
517750811
787070175
1727893280
1513074257
2142575220
-1869432642
684080068
576108969
1864543249
1772752723
-1000996834
157739728
-1734080188
-1370579177
928175541
-1399865478
-403483023
2138401334
-1233842569
571625460
-306385406
770570097
-274633271
123073708
2026795421
-1328456379
-1201455393
-396148746
1518942873
1580489548
-725550004
-881962996
707190189
529999332
-1359258404
-1104822953
-132794902
-1508653042
829413793
302754028
-593581333
-420069481
-1512767157
1165143896
845456970
1719121788
1234709693
806405024
-513708971
772310154
-1014404900
-122276222
420137984
1143654469
2088479145
769093121
596007454
-1080435190
139238033
1752961312
-142529589
748222071
-534208509
-2129744915
-308001747
-1543142134
253025859
733220800
-1997166245
1047553032
-1743627907
-293473340
-771664740
877318815
382370589
-1285514826
178549204
493007182
-907622307
-1579451667
-553082310
532390020
238679583
-1629404775
117716558
512288135
-1661237764
2041811535
351245066
-404342377
985802908
-498374204
-212912553
690743122
569123143
1048515288
78974658
1755109978
1459177148
209909974
-1607263633
502498612
1497611585
-80815622
-1679523507
473743731
-1279148549
1057300019
229744266
347999765
-783548545
-158181847
1673964873
-292106196
-74869848
-174643584
1769737362
-945653312
2086358698
-590404770
-437629302
-1692681485
-1263662233
-1874108374
-564951325
266281318
1916559617
-2139113577
2066648213
-986854949
-2059559504
-1366421536
1647846093
1874266140
1216944852
994778964
-2051457754
867838234
-2020458931
-835947243
-529476842
1115665240
-1894597366
1577568796
-108857686
-612644471
-1266814240
1300749951
-206167435
1382126456
-961453156
1354458870
576910021
-1383476953
-2063353509
-463024485
-469123560
1099758651
-636169192
-83242768
-909852466
1913887638
1926676101
-485085146
-1023094753
1793436997
-1183802337
-840627300
963758158
1366051485
-333847428
197958309
1353132574
-1670976864
991789031
1334857614
471374725
264758948
-1541826258
-1501452578
-906936417
1405232438
-863356743
1531455199
-411297307
1783369531
-403047202
-2085924003
-506269538
-201706664
-803896460
1579260333
1333027477
1985362835
-1013753691
-23889680
-331799541
-1057154758
-1112834296
-1158518119
1009489647
1578732291
1341580527
-1271443668
-1304153524
1283350900
1027627772
659841863
-515871486
1475749252
2052448250
-1880948507
2112954296
1704199554
2072139241
1142272225
-558329328
1076636726
-280693670
50024633
-1430280419
-1965562299
-363000835
-341290859
-940778223
-825476647
-1684672648
-1180217977
1881084986
1427100801
2015892857
-1318941678
131682607
-33066155
1631701006
-498329872
-1448350138
1318988125
161150259
-727546353
-579145656
-683595726
874312876
705475037
411595367
842854118
-1411361003
2066142917
371547504
-2021391583
-816836041
-457184008
-128328132
-1715103605
-2057134436
1580087408
1056591724
1312606833
-1714496923
1930319153
-910914988
-1140372574
86754650
909132753
1106039607
-1822642022
491219522
-576046534
-486484811
-152193054
837978484
423705775
-973447552
876950710
-1471948627
-925646068
-1339892906
-1988460569
1127148580
-1334645167
897823275
-518024445
1366826203
1469780576
-2005989724
257110450
-540016584
-1597728763
15699148
914474338
-1753856812
1385331511
-1447730175
98946854
2003634321
-999036515
-1895748305
428020699
1162017777
-371014317
913166400
-513415540
738977445
-641658899
1334617299
-1096665833
428106084
-1225555525
206500395
-31180016
-1411983106
477614414
-1871512983
-1373700380
-347787600
907636539
-405142275
151190849
727419321
-674252258
135273562
178890421
-1400492499
-855839007
-1868205335
1342739349
1781361928
1584748862
-2088459457
1502188064
-1206386298
-1767208830
-1183826031
-900533533
1292201904
-20018030
-897227673
228439902
1299658810
-1702920397
-699907441
-1930590489
565769612
2043403653
-1785015212
551062990
-89868770
-949717552
1783443951
-800347455
312616968
987295106
1727674686
437882482
-114005543
151528312
903511219
-1603686026
-1470917466
264106620
828550542
-142195600
822891366
286005262
1025635662
-808026514
2041650045
1736721255
-72879516
-1748701806
-1467098474
-95055686
-696169430
-869814796
1405627829
800060604
450171410
1723509447
-1490848373
-1057727386
-820225502
-2137371207
872504332
1063290105
806408863
1152336032
-1267949762
-1521364926
998652680
-1981668014
1753560404
-534079201
-760350650
-654809133
-343794181
-174470079
-1182582752
-1670803787
200176882
1824311603
-1307486220
-1014059588
-821257760
1687146394
-1087536477
612622016
-626818719
765557949
106412493
1798169815
-400063647
155327815
319209022
-699114062
292633261
-1800415413
1508215719
2011374919
-11908665
1598877833
-1346348144
426495920
-1639900935
-1208109841
290087821
1680498002
-1414405716
597672290
633651887
-94466750
1829018361
1969534653
-1709026755
-251825693
1258593152
-1242130151
63655332
-1831523373
70255736
-135504049
-723581525
-1284051193
808077832
-1149667654
-285142294
-1495681484
-178361132
1890271041
547535740
1693075568
-40716071
456377236
-628064269
-1939639015
-537322115
-1259261516
1805058956
412330485
-1402703135
290838457
1032962979
1348683674
-453230470
466397391
-848735640
-62826480
-1219634977
41062017
1034815699
1926400948
1949490915
1698499129
2094490581
-744972194
1022527462
-332731641
-2080407345
-2121886010
1283731304
-1381753951
1685417287
-271033821
-1288761378
-856044374
-654819880
1338686996
1647064264
1883799351
907550826
3864260
-240322045
554808206
-1285956189
-2029850808
519679067
1677410352
-1618182755
-1185275318
-276750492
-1635871463
-1652030503
-757540628
434850953
-1926074555
780629618
-63573018
-1932636315
-1359101834
-1279286123
-105536783
-188329135
959106868
-2064162768
-675172761
648431165
-1036135659
-2063786263
-930466006
-2021628733
-1243442882
-1172228527
2048397509
-2136804487
2004401449
1335568217
-685237806
-493438586
-2097208921
674475268
-390515046
-990769033
-912665048
-369851810
-793980414
-89350829
1743782970
1899631532
561252516
-120781076
-580779697
-1500344604
432136764
17513848
1407238338
966330207
400375109
1217865567
-851713508
716349644
1689473251
-2049128619
743169938
-243337881
-579475197
-65261653
-760078126
2100046699
27181248
-2109942046
-1220479490
166882757
618897160
-1196875391
2042216184
-1962820599
2134710655
1366832424
-1632648480
493372841
987505058
-201758492
507673562
-31013789
2131279919
1914037955
575298324
-418674181
-2119785788
540168875
-792770297
-1975241430
1975672774
-1601992089
1842374140
1596015062
1985254532
644272898
-493302063
-1031411582
1872118171
2122254168
-1311413764
-164495097
1226049947
979213289
-943980336
582671492
-714852886
-2087220240
223619327
-1276949870
473802216
-275545165
-1363754401
894582204
-1628697516
1684003869
245435632
-240467155
268443373
-1129038967
756325149
-1493220949
1407229020
1999368160
311272514
-2067450940
1523272784
-939305499
-1578271890
-1475489466
-1138532885
-562830897
282013289
1847286771
-790837156
-328229609
2094567672
850527093
631935436
1781935507
1962555487
-1845586801
1737498750
1682618820
1807035174
-1394841707
-1261176271
854802027
2074429728
-1931001314
1934923208
1809787233
-1912885336
-480436233
1244013356
-367243864
730111534
1973360474
-1721078415
2069791932
814259953
-1956656034
650263351
-1123053265
1787885581
1082206129
-1328950958
1826756212
1091807416
1317684357
-1626834003
1895545338
-544508216
-2101753400
399851627
7848316
-1664823176
-448257385
-651091634
256164503
1215333994
-2018489868
1455001436
-1250609252
-1717984784
-368239179
-874777409
323227047
-1364468858
100953279
1084061932
-578060304
-1366526557
-543673228
1859674887
-1954687904
1780449200
1154072937
671268486
592760167
-357579432
1535223644
1453860372
161867020
877653506
753583204
620419255
2069275973
-5271397
1704837994
-1048675020
-1911705208
-1522057320
-1780624937
-569296975
-1682811487
7000379
-469861234
1925051804
-732582458
1409378324
404088861
-1089662004
-1543652376
-1734934582
1520293934
-1741241627
-2005139893
2087944731
-757515709
183291391
-1812047016
1855957024
1559963554
1520936841
-190679375
2105551829
-563637619
-1061363605
-1925135482
-1791750696
-818605386
-1455198869
-1457133530
-1184173199
-1768258319
-584294703
-1597618471
1848959186
2070573611
1178398284
2044772332
1671222175
-2056687206
486606614
390267148
619970991
-1888749003
412855383
-323815977
-1899249644
2012960614
114090438
-1213846096
-235383208
1309193470
1306196630
-559330606
1591165449
875591273
-1400409457
-1931030873
-1363693960
-1635824350
-468339334
-1235364006
-1712577347
1473102440
1206679745
290366122
-604456963
735979570
-876573865
-211031551
-188665361
632563039
-1899872299
1925016516
567215003
1968984369
-298527515
1276196332
1576992356
1758302716
1583972323
-660699691
2086869321
-2013973734
210632128
-749317802
1025820263
530179617
676908586
831180049
-1124557631
416359255
-1734640407
-749173749
293362243
1451597157
1533386124
332452990
-1025211900
1598340171
1609129284
546235886
502209227
1920226196
-537080049
-1453495175
-731557420
1550911434
522278424
-1406874253
-691141164
807999275
-1616063907
1958639922
-879788487
902723996
-632917102
79924773
-1763781963
-931755043
-89958843
-96855765
1606403837
-416499203
613240642
1181058849
-1186980147
-60760816
35128
-46916675
-1337610704
-672055264
1490213019
-1291026022
-1778996739
1201373281
941746636
257673106
1496841380
-828457817
569617783
-814391469
120955690
453822492
-767121603
-1537478356
-945465743
1424970797
-1736047982
1747130664
229901501
-868137532
288330215
-1173921443
915595123
-569660996
-1447551990
1415253381
-492764894
-637993839
-459498547
1782287309
-1166348345
-408372905
1901417958
636264173
1175027532
1094214637
-1211504363
1760793976
87939154
-568950158
-1355563893
903750260
549496624
-511231498
-1622249334
-2042254547
414627642
-1031175564
-2037631672
-1487331770
-1591902651
1514612224
989735961
-918247408
-228172694
1915289404
1140799180
191879198
-769682422
1582050064
-760096428
-1644164072
1457929747
-206823015
-45608534
1234580431
1288486528
908126817
1863731698
-568573294
1209367846
1620041681
2078329052
1374151103
198829740
211858915
-236633011
817707164
1563556314
-701515749
169376317
-409608857
-1712265961
-1395559753
2066346978
1539130283
676296748
1514879781
1751013134
-2095760428
-886739378
-1960358988
-1150096939
-1519757307
283038810
-977115506
1724066930
-454473175
-227864735
1335636966
756264298
1396936520
-1892202649
-1751986323
1559460849
1931672603
203307624
-1723516663
-1864901491
-1485766943
-2125218917
157261000
19670009
-454055309
-1494064391
1599055378
1959386187
2079317654
1698050304
-569486818
-320104360
282141072
1826040500
646968743
-34662057
-1079181571
-1583140378
708995550
1952557764
-346488862
229023160
1041011874
-1474570106
-1492676606
-1440262305
-977158163
1407181651
-444504976
-173113558
1479439505
826316627
1450588005
-1214718524
738970661
483158275
-486740653
-1436113483
562130489
1876098140
726169402
42420526
1370336464
970553907
-233306567
-538548219
-382831601
1714706402
-1950456729
-380954115
1528627505
-662473432
-939161885
1508579659
177837245
2134357069
1425059113
799510869
824415227
68645001
-978280025
1937872316
-1966223965
-2111211866
-1841107057
-1842313828
-1507469864
-993762332
-227663378
-1197154542
1201712468
1996132124
660234237
1004947198
1053698019
595124263
-349766985
1432602889
699909653
1701919104
2060631979
1220121577
-1209600466
-1987094489
1037444371
1046459875
98168929
-1803465272
-47471836
1676254609
309174845
294320412
175361703
-558472475
1026973031
-1322377073
-1666709304
-1116857235
1177042313
73863971
195549229
-945240872
-1215596150
244839315
-736477366
98530488
-1169681409
-314895941
1524474867
1452340361
-2057855264
51836470
131472434
-594613519
1256392318
1664418889
1553151066
-2047268023
1400739764
1082512895
1363378779
532736091
-246565539
-399722860
1123916376
652595053
-586747643
-400695530
-1362413450
-616870018
480279266
5331273
2120004599
-1885040433
-1293017852
75934923
-887615610
630841508
1727083979
-172770696
1134050003
1706202443
85616026
117139983
870734178
421178973
-1693719607
-1867575787
184558240
-2004110013
-1829261600
-559439367
-438587593
953459195
-306967551
1819428472
-1974843486
1265944604
-1923872348
1134403650
-2011101181
-7729129
-457639542
1965817053
908553524
479396031
-26405397
-653762103
-1883693285
159997194
-1519991311
-1952781851
-922121150
1877105176
1079457129
-595913455
-942855514
1196274037
1260270519
1074064915
-1510641202
1155339162
623414795
847260350
1768546847
-355352903
1981634769
349612624
796503406
-437895750
-1215177619
-1026951652
40293591
1304859520
2042829096
-1083332504
1411698636
-1865853328
-439413147
1084677528
-395177872
-484409294
1893167383
1808733067
-1558906587
-1881082439
-65413770
-1365566652
-629532829
1655442305
94539760
508362957
880457675
-340358633
-1895317155
641862999
-1074780293
-1046677794
-354631049
-329496666
-1826015581
1160586511
1501450889
-1344727381
714920024
927552257
-641651355
-333649294
-1651655768
-1735829590
-1658387302
1058410302
1560336877
-2122144667
1758287846
1750535921
94926438
-1578623243
-947068695
1026245809
477920003
-666953783
905414171
485394120
-1327456641
1542905985
2035157248
1645939404
-2085167180
-2071673168
-1369054311
-32577537
-1177689558
-1711376669
-1878324963
29154296
1593835504
-624358430
888176105
1385313666
1062282415
244534837
2130574004
1528170947
1504101883
1832249321
-2013786362
-1201399904
2107018476
679252115
358840042
-353895072
1753056493
-1501071979
240883682
-1858417
-421862445
262431391
-853583589
1016465444
1795604273
-1569493384
580307681
-1450854171
319701738
-1272762370
-548974252
918864906
-234603258
80527211
-1974253989
926539808
1722684105
1371015129
-1484962087
1800733744
2002940673
-992662265
133603103
1901317408
1114659231
37751133
1380158113
-2070129320
414857353
1584334893
1526151915
888890024
1721391534
-100736965
1840568789
-2080567704
316853850
-1625230721
318896885
1617251296
-165904437
-792047320
-1219874731
675279082
-766626557
1360900836
1362802277
-145349418
785228255
-882190754
1821928242
2085706125
1764348776
1522670088
-232684328
-1464716552
2103414120
1891847194
2016394037
1094975650
-1585615552
-2059733287
-1578706721
