-235517521
530548784
-1526447284
1638283709
1922645652
-1376374572
-2138053771
-921651889
-1349687453
1665067150
-1375497247
2035607350
-1285347201
385363119
907400426
539818958
1134967783
-1206300780
-1685889406
-1075001362
-302840136
1470921170
-274310314
272125752
-540196106
1684736688
899920433
-932455503
781255051
668666837
-539426402
179665555
1122191502
-1843155902
1891381713
-158797214
-1785212471
716830337
805814471
34899516
-1755992715
-1603914210
1964846252
-571598219
1084017991
-1237991338
-499572612
-376074653
1902820271
-470543346
-1750382869
1273126773
-2032336034
-620657402
-1929517175
-1790973558
-1240200439
-1693653426
-300436959
-67315585
646015341
-258414600
1176788066
707239690
251196818
546118670
-4786751
-1313143099
1619793746
1671288518
191042973
1551576461
-1263854564
1498766836
1916290979
303334413
696292341
675027903
-94545293
773038485
-1003029824
-297482089
2009035907
560333104
-2061946434
-42155930
-1281158332
-1115620364
159550807
609220357
841177218
-1152543589
-610567398
-1582088207
1452165648
-87234478
606864385
192863550
894625699
-1286448943
-1751273735
862882251
-1642054914
-999439445
819627938
1289450166
-786250161
-1905173786
-1555083949
1033360402
-918555432
69464782
-1389162912
379268311
-788172334
-286664442
1821815710
1487486489
586975629
-524580641
551764007
-2062726787
-294651685
-589115156
-275396262
-567917849
833932975
-18072107
846490405
1847060856
1223508992
264494699
-412631930
-423625801
-834228749
416396541
853051470
-1538393331
-719196616
1029401065
-1389769177
-1362152842
-1498937933
-390720651
-689745959
-1645742987
-633164449
1026303711
2107715272
-2012330936
-108324497
-2128025934
-903782976
-349610403
1136609973
2138825306
-703599883
-1296247804
-1427074489
-1315153158
46097988
251473509
-1021039777
-251813507
1493886911
-745059149
734596995
67289579
1114864232
466809249
2088003813
-449769475
878899003
1061958677
285755148
891709682
-56992655
-301545701
1031698866
181485219
1366478083
-10924772
-1597262352
-961167403
-302324628
-60937650
250440088
-1091784242
-1318815053
1199213166
242671841
1866321706
249656488
2120453549
1142465097
1283506158
926899309
236245223
-1729682249
-1181942051
746946103
397067546
215237599
-944619510
-909013674
-1656321515
1075910378
439889070
1659573618
1313357935
-222032555
1023248443
667302934
1032324794
1377400344
524030640
-458058126
-771418631
-1712138997
-570966993
8066908
-1912229554
-1602508155
586481100
-91727464
18472183
-1833922234
-1367643225
-463025576
-1172434821
-879765866
417780796
-400132091
645552159
150532269
-161840903
1747093823
2125306271
-1331529899
-1609602032
1897570338
-1526992870
-1545305395
1693417358
1701359051
-586001587
-1265658640
-2084752980
197261850
-1579090428
-169447274
1697124965
-1650826312
1829849036
1431536442
958668360
1831672923
-929896979
1960363229
-1713182065
564028744
2047330198
667103785
-1255473553
-52555751
1888813402
253314264
-608506447
-886388800
2064808923
684592726
724240513
-342727221
-973448764
423155877
1520022661
-1010051095
18106620
334197120
-493108431
478894508
-1813499113
2113897411
-1230284455
-1908799856
-389611248
1117102857
1457863687
-855242693
-135305675
-792269418
-41052530
1188095238
2051008098
1928620151
1104317918
-371871045
-1807316111
544045543
2043950362
-667340384
579993072
-1239865867
106870631
1330779060
-835783403
795079010
742181639
-1315441608
-1619512850
-1334931761
785760677
-1005862032
1158576604
60275223
-1758737935
601139882
-936295359
1228793337
1451505263
1526246527
-167243912
-1757700102
1045224844
-339180200
-1711828731
-529805687
-462493966
235573299
1864185101
-776917661
-579823076
-1754745945
-776036088
600747065
1909260844
-832464091
203566516
-703294577
-486442244
1681768576
673221708
-1480551450
-1807844494
-74643026
1997474553
590160669
732573976
-306577712
933571721
2026818579
150520043
797695087
-1938323618
-154905455
1443316082
-2109667832
818749352
-156705433
-345783790
-1853907766
1412673750
-458923820
1182659488
1039285917
-1031103927
1789997866
-1226750409
1833120102
-175938742
-1748538958
-1668116404
445152905
152177214
-154055732
1354273535
-1571306833
1832293144
1113862747
-329781325
-69159480
-399734514
-1418495649
1012949728
-1730564269
1403283342
1476224994
-2016258009
1626974940
-243917197
-842780136
1772170150
-814772026
796599667
-896370239
-2056803187
-914438326
-634268964
-1717767982
-1052134159
-1050325057
-1447892609
713622099
2042030816
271578139
-1885498900
347776394
-1301283148
-664450887
1982673631
-1224097959
208730796
-222788004
737139961
-618547740
-2022148168
1501659251
-339001934
-1563157898
688704403
-1077462114
1768508814
651267493
928875543
-1048647568
369438094
-1882570317
225493964
-1401338250
-1272715287
-1222000841
-1125035071
-795561096
-2125723653
-1984442373
-504660321
-1570084098
-1500889731
-1499286488
-1156314886
-1710114283
583040758
-1760229984
-686433558
1878797138
-1885315215
-1346638421
1511534298
1218047767
-2096592016
1288212692
-8889953
614859796
-1651990240
-599665387
-674267188
-336731119
-1018308659
-1339431375
1007537219
190888169
1777216151
474815585
955907087
-1855037991
716110438
415639858
-1677896847
629059834
-247506149
-862081363
-401518536
483260684
-1448247289
-1314282312
-2128237227
1082352500
1893858208
-969723717
-760575058
-761078137
677561969
-1339042939
-1269574606
-1043606520
1137394002
725946737
-1008195795
1254787055
-2088392999
1419507908
1430187229
186261356
-1742364656
-939775399
1337350980
-1932422102
-745869209
1325156479
1000572223
-346679337
-1007784724
-2020610015
-1614035241
1825680356
-127225159
823762984
-266853674
-418057847
297095340
816395036
-660052579
-612927989
1809078365
745918225
-596303564
1153040193
434604620
1445752768
-1710434654
-1071473580
182161754
2040164083
-1259741057
-1337819451
542179706
734900006
1403253447
542236596
-546828888
1815759979
1679377392
-82938530
2025662745
-1206913138
-1009208515
-875741977
-252573773
1709662072
-170426284
-197616551
-1461603905
-1349366568
-65902578
-2126503700
-883581220
-1889577985
358824590
-1773183609
-654504906
533479691
-1294909804
-2093634170
-1178140168
2125505095
-1254885869
-813637699
668122110
-241429294
-2124081152
-509014595
-1422825009
-1229310083
1605882732
-108256427
-1578141238
910714873
-398938156
1352391259
1418388382
986164786
-2120573257
-1358352724
-278977025
601324021
-1712647575
1080331888
1827072918
1196168920
-1217384921
198855330
1178503992
-1612842406
-1699650710
279382991
-833497254
-1627566008
-908324736
-1898426595
-741150524
975661410
918221911
-1557581938
-574680955
-1043206082
-1936684132
-1022623866
-1726907098
-2099640211
-1349407996
1207269002
-611049694
-777798693
1170139880
-1895401654
-1430230892
-1174906245
-978274281
-125980192
-1516600270
-562515933
-1663885849
-1993693606
-526647431
-261999436
-255091315
464505717
40002602
-759915907
1351919278
-134619733
1110013172
-726180128
780109109
-1724999056
-983563918
1035288886
503765094
901082039
-350124713
-1866611729
-865540301
-702494789
-95549721
-912581634
1386374606
115820795
-1264785240
1311584883
2010611839
1380434565
-845241767
1061198953
2109882295
329503863
-1418947293
872590625
714774884
5293250
386232078
-1717434769
-1772239994
462856241
1061671350
-272807084
1100979201
546432937
1113862205
-801646356
-1284884043
-1389605454
565844099
673622410
660404939
1504004149
-760980588
-1375353311
645768273
543914631
-17118878
-1987515931
-2126289143
110377893
-515411021
1096825905
1636621693
1448000705
-1776767908
1970554026
-1129359529
914658301
-860343633
782925221
-1847654929
1169272693
958612529
-1032443707
756342308
-1508248445
-1096383344
1989102056
1133527918
-1356656835
1765535955
1650715716
-1436561357
251475522
-755478062
242619852
-1304572070
1764615862
364437993
941296856
-1010681058
-2042897270
1863916008
3593220
-1531620060
-1762931968
12835149
-539426729
678112206
1181849966
-927834700
-1538372184
-759062319
-1024317375
-283198066
-1349741252
-589314812
787341892
-1307125231
-267056460
-579953285
1223466530
-1812464529
-1094524123
821077460
1967625257
-2115333558
-1078277496
-748772400
-1334416304
-1661420186
1477561172
797286437
-2096060293
1389472415
2047380585
336271505
-1677398276
-571022306
-803075792
1857666866
-1113851555
-416279865
1781213183
638212884
-1225446564
1593107189
1622856385
-1140744693
34018870
876871785
-1308068395
-1112210493
-1643221976
-94806657
1349585207
492178965
-201709518
-148555358
-975108131
-1027312997
369880605
1284020993
1641806179
94178694
-640686401
-1116524670
-129994263
-1664832082
67083390
-246822666
1064414267
1741360618
-1525179374
2059135118
-1149361613
1869844385
-2086675058
1856114062
1533855579
-1988719967
-224183904
451263296
-464467498
963069487
668102423
-1206949334
-2057437825
316141406
1100184741
-2128226174
1731614034
-124378972
-368684314
-397578783
1229655818
-546320727
1561600672
172860983
-1062046452
295284322
-1926313140
-1425164289
108878467
2144168030
-122016299
-126293581
1990571467
935800159
1097951135
-749843840
-1906180846
841973804
-877250102
627491389
-415291076
-42514267
634986679
-969429863
102597383
1425638424
189587402
-133729388
-397762960
85403346
-576682639
-1246962384
-1212864428
-80280841
21441381
-519503769
-1881314727
-2065905515
-823855313
553063775
2045749518
1487368951
-1622335762
-1855154980
-576470960
1882765111
-925567401
-1254663435
1481613808
806111254
1549551612
-1251032822
-498034030
593429263
-1079279920
1921508084
784957655
1270045353
1573676009
1028424574
1894920894
-561933811
84571272
-302562284
-15268537
1299684823
-376171434
615457722
1546455641
-1214923216
-477749264
-1547208385
-540389148
-793631204
1673503653
952687793
-1080065206
-356563952
-864830850
-1868909549
-2021488646
-304775225
-1521755778
-1804839091
-605026210
-1699053227
1464666922
-1283981469
-1595670025
-1397926533
1322704714
1755903210
-1706572347
601883453
708514545
-1378766410
1177946603
-679713102
-707185477
800451032
-499388013
496723226
-2087073450
1912057799
1036529423
-294465995
1868084290
-1758058532
-1956142016
124747474
-2071533348
-744521981
-763288261
-1338599259
-1488476264
1176443055
-633847512
1742857054
-1932670067
-647223282
1849242989
-914838794
1744956470
567027838
632188684
-723013813
-255699082
-509613762
1841446473
-1026557714
1905928156
-586604440
2048237712
-156391620
299694888
123844894
12534932
827657131
-991359730
1797083395
-889967429
383100517
1797896761
-1186948883
1236112312
-2085103590
1385213842
1747029208
-1934231687
931355922
1927039425
484357917
1556180548
-2100697727
1382410483
-1490357534
1557375516
-19767522
1251687645
-1360109100
779636329
-1044986890
66178305
-569079533
-1250395177
-57703812
408174896
-1981101714
-50153858
-949693723
1023225423
-705583408
-2014803390
-246444622
-1985254563
-516517127
1105695100
-1346873459
391656116
-1636618384
-14040615
-952289703
1951896462
-1987429705
-1014815870
1622336388
1129314251
29990080
-1699654019
-566726754
-1107443216
-623098208
-264009134
883493679
8669042
-573711998
1192741873
639699140
-1235375307
-752006947
1204080082
671640651
-2096145330
377154537
420843102
1130797984
-689881840
618771022
942571661
778568807
-1758349754
-1929220066
-716563761
-1556624612
1793145532
-963414779
-2139819984
1339873127
-1443627260
-435821889
2106570678
-169160268
-63903370
-1383762231
-631249395
-1798511101
-110035336
-255935653
-1294090907
-8822788
2143472894
-1759325292
1769535387
-1816497083
-1816551596
807360247
-654610794
254397208
645428251
691269653
776169203
-1446928369
-142277744
1580642956
-1887084316
-1195406526
1718572308
1001610287
-2023779499
-2084419693
-1642157849
-1050610298
1107785040
-1697838521
1230813751
-764639880
-1669596767
-1552924711
1917099353
-770782138
1194156220
385925642
1288355413
667826619
1765131487
-121382084
1005044648
-13790559
1162593395
-494425344
692607300
765131127
4910775
2105851885
1426073563
1450856032
1489229471
1038023347
-1512145828
325130845
-1983909895
-35058065
-1880661059
1967749566
-956065070
1957638720
895237883
-1243301419
1893400855
-561850343
334173022
1837997549
-551245186
-7701288
2068585217
1441103738
823585446
-1124735593
420043153
975617425
124489085
1118330434
-22791852
-1746260071
862938593
1043320170
-670469011
-188444861
-584473975
1845014871
1082379869
-1711534665
933825830
974936675
-1201511987
1055229967
-1161586747
1948776069
630163082
-545517816
-680076170
-1173339604
-1046375472
918337014
-304188622
1735324237
549389002
-293872392
-878755335
-328979521
-1706838695
-536319379
1710566203
-867722298
-693279468
-1119574106
-1115505032
1157236204
-365855089
539210972
-1445408982
-1688118505
12512480
2046150756
-1717168670
2141629912
-883779234
1272753441
1893547952
-1116825600
799908780
-916114375
-1977479225
515499385
250123765
-858157558
1387558753
-995780526
-1387325064
1437318751
-98908192
1293851163
-2103185593
-1818845218
-1623563467
-1995526542
631583050
1745300165
1168150149
-1060275491
212148106
-498666795
-1783411959
368687066
-276038228
1425805453
60578101
1468784437
1776010426
2082597275
-515978724
137685912
-979981015
-1260286833
698991378
-1389298328
-1770662633
1810338769
1988188050
366934222
2146272979
-1103051819
-1543463582
-672435949
1817240482
1671813260
-1396285707
-101812944
-398526784
-1699596771
1573916687
-868150875
-811633500
789082324
-1289951058
1724423049
286632584
975364186
548227624
-1480386334
-701210072
-792874458
1345376912
-192849354
-1306149431
-72667341
603439710
1185978721
-1306111876
-1430640397
836933710
949924265
-345835869
2120335747
-1621817464
369181967
-860015948
-2140863713
-270554112
1450795751
2029130301
265550551
900079903
143819691
1792794407
955730563
1253924515
1620373003
-767090370
2030986739
-1743224893
-210708153
1750578160
127397739
525883541
-729227071
-419236780
1583277902
1395948980
1517788365
334515054
100573976
-59071971
1414886603
744593585
20627345
1376481113
-473891208
-103202620
1571258943
1191853025
-2126676352
1984685192
-151888357
1172784061
1033920087
1997014106
-756969592
1598179181
-2055230648
-1487006827
1377633152
-887245555
1075901133
1136115802
-465437168
1203290035
1804144673
-1686801517
-806996987
-706148069
2017640212
-1076540108
-1203352601
-449658490
-629471203
-795402045
-710477274
-1402445346
409983413
-1337641446
-1037095789
210330654
824074978
977392235
1853159697
1965661680
2128872209
1211485573
1583235979
975249815
1100866344
1534900053
59854632
736020750
536906715
-839954002
-1514099011
-55193743
564268351
1010131532
1038174339
-1608442724
-1480160356
-422305515
1594908937
-746772719
-1683470970
247383714
1507516780
-60583906
-1829673170
-1702691074
1140214980
2111954495
-810598667
1652769965
982456545
896989632
1433118530
1766680559
-950575562
-2124853338
2056436116
-1858353595
-1279519979
-1388200240
1628970714
1718875700
693519900
-132795560
749768962
-1405228216
-703525905
1166873662
86598095
584767067
-321645530
-1852381369
1907432175
-1884076521
-2079450743
436850466
729910092
1495813048
-1317428870
207341517
-1936927326
-372529130
959037106
451855670
1859408977
-1199618846
211012400
1446385701
-198613389
-197362129
-1205449363
-875381416
-511346127
-548929484
978091219
-285017361
774367314
1453276496
1220614512
2091118602
578647316
-1816608691
1745521382
533330608
-21067201
679534312
1210415782
1826559986
175013494
-1945071471
-402498211
377791056
632782287
1379167598
315465645
1801982554
1363404710
-1531569755
-717133280
-49240678
166671790
-1682267942
-1178914727
-1348071503
146128968
917276150
-1900118132
-1341220417
-974392297
-1856992470
-2010005457
-624602104
-1371878189
1561359923
-147267855
-793821741
23636318
91706591
442306795
1245742997
-472724204
1552877007
-1762646251
-1968090289
-454221210
1619462525
-1467144966
655595315
-1805446486
201908096
-1820389713
-1911421299
1036879659
505312271
905060865
-415619871
1704945543
299065795
-245174547
1781655375
-1708447430
-788395104
-2063465644
1230735423
-558283659
88724309
-1174790674
-1368362695
-1110400460
-969150526
250748031
751197972
-1739630705
144746427
1879251273
-226483118
1375945295
-393284341
-1091671103
169717194
525818563
992793531
-1276739451
787819911
463720148
-712064620
-587678580
995725296
-235128233
2022781409
408280991
-1664049368
1412993186
770636153
1738119687
-1275234121
581602145
897840891
-284604025
-1458947735
-71650646
182156123
382538124
1151730550
-1161473458
-283232611
1151713954
1734001379
440463473
711699681
1708475690
122704935
-339928740
-1914210402
1511422793
1439232272
-236874607
-712845518
1289539107
469567463
2055427871
1376737433
-1461527991
817553618
308660024
-1179675780
-963448977
1871754617
-1768676096
1518814318
-414492830
227417836
430451879
-237222031
-651454408
-518783548
2064663993
-1662110018
-1875434040
-268943224
-1397173324
1088598469
-1653787044
-1145754543
-845055014
813731954
708619941
-1800270929
-551521208
290752177
-1447667473
640509902
-1406980024
578681908
-397485163
976170964
-824377886
638262387
1512383158
-630492531
-1085708104
-1497931020
1171861800
-966488502
-1259244013
122693580
-1437954900
849738501
1975520824
1530327140
-279660189
-958459191
195241728
548505728
-1206683519
1530362960
-1065581657
-2110511235
-1616921025
1856838637
-1262608925
869410265
-1831759082
1122348716
1178307640
-1983510792
-1717414871
-472091721
997915018
1019861797
-1399978238
-1250523141
157647347
-184205866
218739841
-460400630
1725958359
619082804
521142032
-424358846
-388834252
-1097830439
69494811
166138671
1387772222
-1461732902
-113182529
-1773785555
959120938
-1734047224
1881752000
-1253006255
779507018
-1479504269
-187111744
-554369142
-237533863
54208303
-2005718866
48494594
-1834413288
-1467540902
1199317884
-1236307511
-1916440551
216073308
-126110956
-236375883
382235354
-1023539088
-1112198260
465462915
-848350188
-1221163676
1201574039
1388019521
1921510741
1141953180
-244033473
-126496784
-51860276
1682721116
2096088272
-275838108
-16977309
1371348549
956232215
-1142906513
1038584339
1716375328
1085190604
-740594626
-583583886
-1904006950
-562515124
-764784638
-1694366064
-953407025
-1541410166
-1939033902
1629771268
985089098
1265672775
784851663
1453190721
-1573206708
1205339521
-1201866616
-1596409299
-1697225844
387705896
1076007840
-45484812
-168805697
-809449705
1232640942
832037144
2049947417
1361610561
-641335452
1081826508
-1472383726
1935916075
1624171506
758507394
2037733741
-162421351
-1020008788
-2081821502
-1809095307
4402316
-898542358
-1817417667
2030439305
924841835
-507544017
1426339618
-608794661
-749990529
-1180466036
-33772881
-687734412
478133668
789729094
-1187631094
1695643515
631946301
-1929542730
1622745424
1769782965
555134056
-96688016
1560024046
1590252367
-2004055950
272815783
1305491504
358482651
-1987863155
1127456207
855350807
-495406440
-1835528512
-403702396
-1099795602
-1564228106
-1594748130
1524537770
-6451425
1375529304
-1859755206
-1866429228
-282206782
-134789861
-2102687271
1410759913
-1562279050
-681616170
-2037969943
-1548757500
1100531444
877076195
-997155918
1010323356
-1352263200
-2082150370
-572994741
-583655451
1747309154
1012432876
698610254
-2077392523
48196085
-420130690
71383758
-1127977175
1509643646
700538711
2131822985
2097920584
-1586115936
-1714632181
-2037566118
1874910953
-1377302962
-1208104120
-380059152
1303263890
180807841
690588698
1770262980
562399522
80673259
957498730
848151368
1357564912
-1669124853
-93882937
846703964
-1205600461
488960770
-731041944
499822341
1581531555
1541501894
1169932913
2094745184
2079281760
39387222
-757512331
1598825172
423397651
-1402793458
58904124
149628550
638495826
-1941804228
-2104281915
-1680307439
94915145
262286578
-1227756914
-424731274
1486518165
200144413
-824957934
-1117797039
-911861645
119824342
1405043346
-1075721394
-1861871591
-1805358345
-27036648
-33778982
-1206177181
-1771326735
470929336
1250343708
1004024754
-951813667
755069464
1170332454
2027410193
-1329602096
827022899
-1657189017
-1359770984
1850337138
-71489959
-620904860
1707414037
325710289
-952196743
1971221159
1978818536
1947994994
-1534644062
-270764041
-21081043
-1436804951
1453545671
2141402568
-1974046176
-155862
362001602
1268060405
-1476899907
-1568673057
-346389605
1458706092
-946895961
-1858610181
-111323383
680125097
-1055422134
-1171977650
-1370184136
1145648294
689599299
-128259621
-1738848052
1678174481
89693182
894020775
390864421
-1201977089
658171040
-173171245
1371301092
1200088416
258720296
414716396
-960133458
505770356
-720275248
359041154
12147759
-2035265411
-840554055
-198061321
-452448926
-379336010
957388486
461919384
72348174
-2007032445
-1351958329
-1859932175
117479059
-1274094871
-1223572518
-226790052
-948352794
-1266136001
1340904973
1352378075
104796633
-718549979
1234013256
-1732303577
-1741865313
1270762421
2058144105
-528786936
-310092145
444167928
-1246233680
-78924825
1405409576
1083518108
1725303902
891340449
395206740
902053091
-595352168
58729885
-275922191
-1505123363
785887888
1644120864
-501816436
-34950440
-926073371
1622483167
748738415
-1957307113
-1528671670
14876117
-482971171
-623043645
556908902
-1093718697
-699547749
-2116149986
-785910533
1423463268
1671247538
-1826508034
844181065
745161281
-1028809101
-1424018312
-1732126796
988943685
-61606981
950519514
-595604316
1819845873
1831783800
-699874849
1180548012
1214752835
-1695087253
569615133
1311246061
-798025909
1798023471
644695233
-267073860
717595390
-610437255
-1276294273
-1705061758
22566473
719220128
-1099825213
914404
2083173481
-1679939232
1071384108
-378755037
-815142791
1698964186
623422266
2009994180
-1026893236
-425393442
1616426565
927796339
-1191953284
1807784301
1862072240
-531145436
1077077955
-590727047
255919711
1382459514
1523062665
43349742
-1109401499
997887340
-1979294787
178102261
636838658
318632485
1701532647
-914468234
1398459852
-1258579668
-1557035138
-1361570593
409716011
-1843108667
62320502
1275322660
1140099081
1147923606
1909064989
-744166138
-2099163958
2099661196
-659002841
-1286065514
-699270790
-354665473
-82346489
-1095402244
-1858819259
-2135355373
-604998529
-1144128140
-1145257685
-1178082206
-998325894
697347225
1580424691
762066647
1682501145
3996646
-1694919328
1524358108
357116683
-409953416
677623970
-1524710473
-1554238431
-437954536
-644319729
1652240945
-1702733536
457201017
-1592410094
-679785352
-1410875431
1940138173
724086627
1361256774
459682679
-519334083
-1446718344
297570113
-544991977
663420297
821734458
-904876635
-2112274019
1634902701
-1961612292
742169375
1224474821
1848409014
1616484520
801756924
2040877432
-1858854028
267394363
-1366259582
-102946976
-1221588352
2020004978
-1989388130
1198812606
-2111888512
-157402683
-650985026
-82058374
1123979177
201405844
1306786304
1405363323
192876421
-658098016
-1577198708
-1041992647
-1382401034
123869884
1953132349
164306319
-1118581894
45985987
1459223942
1660124117
-353146961
-1537585716
-202192493
1435173166
-2050500839
-1314872420
-918627666
-267399651
-515080413
-212289956
-1386055708
176729694
748061283
-687810677
-1746126360
-2072015117
243203874
-89859019
-1766205642
-337329796
-866897382
-801766812
1903890043
-2037210933
-1389133439
1886861783
-544320717
-477205833
-1110789050
1989723121
-404152173
-1919130832
-1621173862
1071210228
-1317529942
864720020
-35937103
-1926074258
-1031715390
754368832
-74039095
1534583539
559238156
294214248
-224730773
-676615413
-1908266629
-1645703125
2064421616
-590338194
-528159249
709086945
-1735192762
360960110
-1943689834
-477545033
776641267
291760820
1065035663
-10743170
-1922683302
-1277480658
46836431
-1929654593
-822841539
-488854969
491865416
-273040878
557596291
1197087833
1732491591
-1415893585
-1121067462
-95890081
1915958557
-6519483
-1800277026
-956384785
-955520767
-336475894
930081499
433901414
1020041013
585065747
-314999984
266057060
1533313638
26640869
-1545512683
1809957499
-1122541992
-517615029
1444892415
1896986658
882714306
-1085740439
-763082142
-256097809
288227446
-1460833263
-660268330
-561138683
2047379652
1172755540
-137696706
-919290678
2063808288
197006940
1373942022
-262799907
-778062590
-1374343303
-1083888981
-714358713
-803123187
1794240633
-244511105
57685999
546695795
1907767355
1062834350
69470803
-690811497
1372601222
936079227
-1465250699
-60882189
-1551436266
-1011150641
-1186173934
-1638394053
-688645896
1618113524
214874137
-773166142
-1266808297
1670249373
-437027750
839318045
-465975019
1588679721
756245630
-15421947
533056863
263060008
-955311561
1635694977
833368443
430777629
2042909367
-661551292
-680804445
1422334597
-1010712731
-1169559725
355251095
1603153176
8181198
-590310934
-1256241745
1504963662
-1895324967
966098080
97473327
475220004
1450450239
580812233
-2087077922
-1143821025
-2081051847
-1361262053
-685429543
-1124246383
1118359418
1753536659
1854521508
-886864614
787755359
1118673049
1039088769
1275387761
-1762298780
136996450
-937686267
1346491236
429888218
384131477
619934695
-1068799715
-1101549610
2000030257
477839643
1988790950
976786540
-2146809939
-1242685154
737892782
1173638173
-311017888
2095143571
-1392403060
-623995763
-375285981
-1076255473
-184054396
228725880
1045372212
-988529872
1355316041
1737330150
296080988
1359378932
87892419
-603619426
-240060076
1600627015
-1137206254
1457121752
-377592220
-256013859
-333887279
-913888715
790201933
-1264688062
-437445218
1227105011
354071401
-513354450
1087712986
1420763484
459378960
105186077
325218221
-1851902081
-1290603204
963537183
794422860
-105972446
-531019665
-346062100
1121652862
-1807946762
-755990573
1851893307
-15821733
-702231796
-1284172381
142908755
-658613930
-928064121
-1056988214
587126497
-1900923522
962644115
-687012663
-440385780
-860988672
-1120705387
424484573
-1506732602
884216304
12053923
-1074741920
-170437019
183355976
662390582
1706105967
-1775074191
800836144
1185761054
1062341324
-70848065
-18416513
-318948427
-452344314
-2008100418
-682384511
989602135
-817367850
-57102832
1139143674
258489105
-66624564
1795166300
149347435
-254999912
-429103061
-723094174
1230470291
-1793219716
-1171518192
-1788879537
-511307464
-1885375076
-2057933096
1520930130
1344231462
-656594212
-807343933
472307310
-1323061128
-1699568619
116586708
-1390348910
-2032698603
655139149
1287847420
297033958
943357821
-235486937
-1694616457
-166521241
856316101
843416476
2139722868
-874987595
-1391448352
-959364117
-1205897477
1753136939
-977649633
-1273864754
1529357579
660306480
-1174012166
-29494803
1097446658
-1164217140
1908918288
-2113536617
-686958015
108532349
-1565952916
1628879279
289573647
-1311174581
1527335945
2056680676
-626745155
-188019686
24583319
-1970512604
435279371
-1727615681
-1121617793
-261755822
1718732746
-261537196
478241317
-1139151819
1381751746
-1577523121
2038622060
-1511832140
-679857707
-719614255
-1553108610
-1652748480
866648932
1162440123
1407110348
-26440048
1405883632
-872890361
-981979820
1987912084
-1563025916
-1408641068
-983780575
-983743837
-1454355630
1859641282
-227200232
-1618273290
-1081852132
277077376
-1239332880
-827171239
709178325
72665506
1174007682
-1115402466
929506567
-866070345
-1647691710
-1070710443
1560617591
1449202074
-1876507891
-601756101
1815556486
2077388040
-2091573980
-2061082385
-1493540647
714816115
734017144
-1579194005
-267128260
915863061
357005351
1248119473
1961017027
1357265991
1435123526
-1486776252
-1700775630
1626514962
-1691762720
1657239257
-993742178
-1845798138
-2062052289
1940436046
-1084701356
-496566
-777552791
545745627
1614285304
-2064626444
1535054317
-1114168441
-605586703
-843318374
-622431265
-2108576804
-2015090172
2011935017
413740832
1519850205
1802841151
-2092488460
1290200802
-1902378696
1263919127
629265936
740786538
-1318526793
1782313428
-278095394
268360984
1524598524
1250869804
-445394968
1657295268
-1620813971
2061243182
2060567280
801276329
128127084
686825313
1691017030
1717059687
2109126603
-1925873875
-1429588390
-118779964
1837062783
-1956413320
-1232459887
-1052509548
1533514642
1556599955
232669787
-1089351911
-762900898
367179863
-1150241403
1544289741
-1876002825
450558603
-1105797173
1833345118
-1027828759
2126611592
1954928049
1992060153
-2090637277
519194911
1315500178
-1796892213
293581873
2019212730
-781600007
1960506564
-510384207
-2041822783
-1982214610
103560093
488442879
-469559234
-257657580
1853669404
-2104994510
1097914307
-466147278
510297238
-1461105076
2070115467
-1788004594
1568046261
-255961940
756041950
-579063103
-539029893
93476551
-543375430
-878449208
-371691642
-626324969
2041873839
-499243753
-1752196459
-896529326
-942185462
1341597299
1294506314
-1253678113
-737727947
1689913345
1303455281
383718277
-618641059
1466975513
-2146637056
2125378917
1974339157
56480863
2104549152
