-1280234753
-102199163
-1837079304
422811012
1618537867
510609038
1103770242
-1803474205
-779743694
1832089221
1465106711
1452686572
-1544253297
1392797030
127407831
-1379697124
665637029
482059794
1282314023
836137892
-928859868
-1869067198
-1315519342
-436280448
1893439978
589683384
83801326
-732655672
1880908492
1239900342
84181949
1085068101
-1141225835
1955756723
1059552982
55898950
1042549326
1244473932
-1833809595
1346321076
2002420927
1427945848
1596084334
-1585565084
-806153674
795024640
-609292424
-1110799700
1529282694
304843309
-1634409241
-897217992
-1256245422
-258067518
233897611
-42789347
-1663328117
-1191288276
-1958797416
579053358
1594496310
664099576
1145111830
-1497907058
2111361650
-1474311292
-228430725
-408175737
-401818951
-342185223
-1696169835
-252445543
-1218189467
614975352
-528174931
-1302403628
-942584202
-879660398
1490638313
-978118039
2124841106
-1887960834
-277820686
-1797920898
109888332
-609545851
-478553643
-1280383422
-612430936
1910230848
-1231641554
2027629378
1158323422
-621501690
823224707
-829188358
-717992098
1547044895
-735260691
793713581
-71515116
738162748
-190999812
820186232
-2007103507
2091295403
-1347044132
-1569666652
-1488884840
-1154587962
-878195277
1720802876
-1852533871
-422434388
-926255795
19194591
890307674
-193867981
1294713595
-2144028201
1488563979
-1053491684
525135799
-2034960279
-414825971
-1719881848
-154261876
-270364306
-1326693854
-273913429
73658164
-1212082910
313667495
-1598278209
-1679417598
-1709958597
-243712995
1579123002
1843557378
-1973574595
-1901177883
1151098434
672874078
-1238623476
609976394
-1049503904
-1208173565
-191387710
1784604101
300108404
1033505411
863505090
656204411
-2144731416
-1687366852
-908509427
2136412426
321743656
1965102522
1489403604
-1557515388
2004213073
6861913
-1528267443
-976139589
785677096
-865556689
1038936521
-1830003266
2088160589
1091303720
-646279162
-487737948
1808484783
497480561
-1881757247
-1590128249
-855666366
1612127001
227882384
1168676563
423122159
1362289910
-923310355
283738560
506336716
-1289337915
674792341
1266342428
-1009175411
1485272212
-1455767021
45330509
-1702165447
-2118013596
-1207239273
1373021846
2071516192
-399928823
1103844107
-544814439
-325507829
619287381
-771622041
1307706140
704806325
1412602997
1514862404
1712199183
1711182458
1157608090
-1388290129
-2137945395
-1527008178
-377394469
1314287680
1512172706
1857141488
-298821031
-291135894
533016973
-1318134178
-1680612188
-1016180205
490490182
-1428933749
1438452828
-1413016730
1556682882
1771094095
-414504421
-1063304728
-2025692044
-1322952034
1422568850
-1437751095
8155799
1386923772
1377586417
-1031568260
792027306
-1086928336
-812300660
1173474697
-182421252
-116121033
292526267
1601690785
-207878423
-1815307653
2049659905
-1265648654
2018602916
390311748
-223319185
-249710147
-88632522
2064872558
-1374509238
353243172
1550563781
608482140
-791699989
-2122009016
-1831497447
-1550420948
1316542182
-753881453
-1261502884
-1525127637
-1959101330
-342530479
1397803040
102685579
181485303
1857157765
-2068751194
-1009890221
-1433907427
-1214810630
-1626130339
-2048420714
-1442672188
-1531159400
-1938509656
2120049127
-1658817921
-1108535304
833300196
1909359628
1787164725
1226709305
498067369
914887920
-1134886910
56476692
-1337640369
980265950
-300301734
-493783251
-228694861
-1957359636
417203828
-1819654740
1344120634
71703988
-1712740379
1001600524
1609004309
736547914
1664701066
1466178098
-2076545850
-1201226391
-833709909
-1425976127
-487598877
-1027857169
604161884
113385388
1283498266
1496896395
-611836634
-931387380
-316193932
799228084
-587905305
1567396658
813092317
-1403228196
588334838
-1528577792
310650851
99216613
-1697371510
-1388683404
675699902
-1111581741
1735602523
1540072325
798967184
-1416343613
-166376567
-1072055502
-1228008467
1532189980
-424209987
117361879
-417234788
-2052809981
2123602829
-1105324095
1071096479
1813874708
2111428645
-1360131579
-529157520
1421706830
348933410
1961713549
901922189
-261201330
-1109172287
-786260365
-2043638218
1151965631
-1050112968
-282688367
305417077
-1937304304
-1920782493
2062498392
-1629448866
949045352
840287907
-1013227808
765862296
-1174016042
-1403729405
-1009172159
-13100005
-1930831155
552502427
-445129952
1909968954
533297870
791514937
-1468768116
-1060938268
-546887321
-1846161091
129005834
-1820066010
456350043
-686412860
-475367954
-593714701
1819944738
6763271
-682485268
-136193497
955579539
-154035707
1772733934
-976195639
958807007
1272788064
1770856231
-1429729904
919610817
1964225156
-1795980697
-1553738840
-1892192525
1938848782
999676080
-763178315
720713955
1539918954
-347823862
372159256
1227055526
-198085186
196363155
-558953360
-1729536212
1326706182
-1655504423
184299875
169810357
-350320001
-1541597076
1202484125
-1893828220
953879881
-1986468435
-173857768
-969696303
-134682297
1768827372
343462814
1671881475
1880416329
-1750551374
-167209077
-312781282
869916525
535303002
-2063182121
1236206458
-1524056639
-1228729114
-734108844
603085493
2074788141
-474007793
794747699
-995708438
-418574960
-1482076003
1966067404
-1308399070
-1184800216
-1038217991
-1775860067
-247175414
654494006
-18477824
1703822739
-1170485786
-836559391
-1179467495
-1085344888
-1211351099
-1156543398
2047234185
1559239693
-661650698
1032876096
719462917
-1710355096
1044697018
-2120272570
-679683704
659776480
-2411462
-1061478893
-386277530
325682487
1552139195
1926894953
-567688031
930533495
1292076303
1971907976
788273275
-1863744015
1732006990
-1632325164
650150732
1085975426
225258438
1971646133
-1277281643
692351256
1652131887
-793242690
-2038029740
-1686382220
1707498530
1029788689
-78303335
1528146736
-1892792628
1425647872
-1339957159
-484774396
-579468834
1957419767
-913777535
837908548
1388657351
-1545751398
-1132850098
824266924
-1841870043
1400292394
1363734491
-1033377696
-1428519816
210194220
-757636101
-1791594195
-22281448
435706956
1302134856
-1513565164
-1165411223
-803735682
348670587
-304673783
233815116
-865921947
-1194722562
-1497700105
-2114533928
-2111786248
1199500991
302022408
-1384789175
-1418188189
1009181255
536331810
2080764216
-320422358
1906526730
1346514356
767299852
-1332289132
-983901184
-1497421647
-1319375184
710790470
-908878220
-1545144868
-1986226811
-1437971667
-421621733
2060658758
-887025510
486136993
-548586137
-1524059116
457699866
1956093638
-891627747
-569408634
-752394747
-172322506
-612917723
631232564
1563593763
781132508
-2000766816
-437388135
-1704921804
-15587038
407618623
-1637807659
343842668
1021420878
-1624852014
-1853241938
835730973
1988754473
215086623
293264599
-1448273738
1601995745
753892341
-285999755
2103176427
-649688016
-1104166016
-993684002
-2086715339
510543036
1166912221
-487900253
-1422863235
-1446173247
2030066672
1211563728
-265079789
1486208748
1711618933
-1236783758
1167821028
1605177482
-1812908715
-1909699752
-2063256852
-857877791
-1592133062
-458145250
-1467756055
-470921250
1641874021
2019298663
-367020464
218608368
-1835832898
-932747415
-554439292
-1217924302
1189017900
543308205
-1348182715
1732623311
-1968312025
-1489119721
1347789414
-1570769247
421030282
1326988324
649569986
-97985253
-1408017747
1427041907
810492528
-1760119959
-1826446413
170597510
892959797
1419940309
-403398113
406856905
1466547514
1126162540
-1553518931
-610159918
-1022063618
-1172477727
-585165985
-1121518103
99377805
-1515511120
-791130411
2068114379
-1355910158
1626217862
-1608075039
-849273941
362018025
-484561441
-1027351462
-837018247
826457049
-945864719
1543510576
-1334748827
1242786816
2023912648
918186433
-999330906
758292463
-1948684879
-1952232854
322173046
-1014642887
-460822052
1422178911
2063744097
1133751143
65673788
1183991487
1409014975
289132590
-761114702
1600227554
678935679
1518805731
975890281
-1151556363
-647309019
110079278
-570910333
839228873
-871140331
-249282818
-808743436
2088407527
710347793
1051214780
58317742
-568838681
1195895551
-822135102
-1161800194
-1256644607
1431260143
794192654
-209171403
-73025308
-2017108643
-2003363278
-925425782
-1263409722
-1232034894
-965349745
-1970875585
-264060996
-1409646576
-525042494
1345649409
-2121798581
1937694543
-797155235
-624448620
-2082903234
-1741073087
1174597593
2076070319
1264840121
317859901
-769672245
1551799076
-1738863987
1190269147
-1955639978
808164932
-1456872498
1911271931
-1841375264
177769344
-1097854557
985009420
-2129341944
-1664305837
-2061375908
-192711030
1282779607
1838885471
-1350541367
-587936056
1120077877
691838422
2098092489
992019183
1745311645
-672302565
1731057185
1084561990
-395935212
-1752696408
1147760014
-732867661
-1710745002
1630300721
-1164231140
-1270081663
-1008835501
-527958519
1214507704
1540079971
-1930366759
-2140352571
-933658620
-887847240
2131280017
-2039219170
1853837930
930610447
-2096684497
2139944475
-1877661325
149423342
1007665125
-672433809
1205685337
-1417208625
-331247592
1677180703
1390298074
700211306
1363254613
-470099864
2090755407
1324464185
-1818895994
1400591326
455375612
277282105
1493004384
-1378053928
-2081808984
32314605
-623424225
-300587765
-257846416
-964146777
360630133
-2055669644
-159758376
1747542794
2006035391
-1881736325
-911462110
-1746844982
395448953
1206295381
-356272414
-1863644747
1183431412
-264120151
1085074898
1185220855
779869509
-1318247306
-753517342
-414121063
382576512
515991347
1907343251
-2116516790
1721555494
-657664457
1196292485
-1118155934
-1065404453
1847671643
692825934
1242700067
-1013138340
1640796893
-51382132
-998483903
1992412847
2065900422
-1151672515
-1314165596
-232398181
-212830961
-238280627
-1898141077
125189466
479643841
1832706416
1924610356
-461647475
58390618
1987997745
-998283366
-1498519953
-1248534729
1553817163
690828030
-1401520563
446345647
1466535735
268240778
-150818763
348120764
821627654
-1677853581
-324245267
1139185632
-603674000
-426700675
993216294
-978551995
-1285885908
1677798084
-371882255
-2125800410
-1248418943
932438968
12529778
2077439342
-1660157924
1810848361
-1666122286
-1110945122
1069059876
-1078879740
509291642
145627891
-1959854709
953832348
603434365
-400004409
-1506180185
879751214
-1804441259
551788343
176337408
-1495974178
-1658484015
-1777879035
-1656899733
-1126874233
-1189411506
245445568
465859671
-910235278
-1172059612
-847705566
1504898918
876781156
472408419
1367828664
1718419263
-295691811
1629346239
1505957320
1635007906
-2066557793
-1153088568
382311790
-1933469764
1280308333
1124805725
1576709383
-1682501700
-19877868
1900005986
1717780691
-1183611995
-716148818
-1665674320
-1367636011
-1013215899
-216650459
116469069
-595287554
-1941450713
-1290479370
1163258588
-662594422
-375067
-26818761
-278179497
-929476440
8480832
1889822938
-991833862
-1520105376
-322358381
1679217971
-2074727806
-1786114639
-989365435
-2134186057
1810051991
1429899257
-743309218
-1903036923
-1968771450
1897679769
-1014877348
-817274326
1297410354
-1025867816
716418631
1284672800
-484763828
1116815111
1088928771
1320742296
-1967285311
563123430
-1326874396
-1440985351
-1927203468
585531206
389257351
22117543
-1715256531
183882991
-1429127969
1418452360
-1910926640
-1285933373
88230542
-821640253
163803089
565669667
-794118539
1364030666
-501701401
-518724720
-150255474
-1750258278
-684038913
-1538524011
2060103672
1863100225
1452625779
-551901211
1974682707
1410916256
-1979513989
-388409153
2029717581
1097804402
313325283
1642474137
607175037
-982987124
851018750
-506656260
-884852369
-1481854106
-1679334694
1917781933
1249704959
636478169
-624229964
2028550669
598484714
-694820054
1503948974
2141049026
-158654815
-1955713722
570152126
-993509739
-1309787039
-1629732017
-190999063
-1292919395
662686079
780938071
-1821459279
-619138659
989912072
816665194
1931817676
-397726550
-857544567
-1748362287
-1284056298
1209276945
-402121430
-302866283
-1643268921
470389622
549837313
-967482558
-423723544
32646208
-1994007900
-188154900
224561410
-1921745100
152560896
-1049231242
445430297
89811552
1108283752
-335500015
928833240
1371276601
-1180499984
-1450831613
-2060200435
-1508455161
-1216442628
1136182185
-12699050
-1801059455
-982849773
1235576254
-319650788
92822451
-572592136
-1939377443
-1929718079
1318654247
728269563
1604003652
-1563300587
245419332
2059792012
-1092518438
-1445078771
-907739408
-1344561392
1268222579
-968193354
-849180547
1142620407
1345500241
2039566950
-345315391
11333646
-1647864595
1975112245
-165069690
1224951825
-1269203209
708055723
-720973531
-1197839740
65859996
1190309562
-146994836
-101921342
-2093515770
560417518
576510920
1378347349
1835783464
-1032664094
-42846048
-1236069496
-884397125
1065222133
-1293155330
-2138168261
-662637949
-1559842754
-354974348
1075245301
1039576278
221793468
-1366789571
841086527
529629022
1256630226
1555363233
-712785361
-913340131
196375793
866081694
-1259473854
1237797041
915832470
-2074263100
-61086097
-448556583
-377501833
-387550624
326652792
1449842487
890374904
-996946468
965119618
1269484631
317804772
2119755365
-990961688
917349359
-737114024
-1148636722
171498315
548302440
-281518590
61076916
959759085
-1378460516
-1100430965
-1615834655
1957973055
-2015040799
516476497
-597357323
-1635329608
469841990
-1042281639
-1678899389
1878293991
-2135749092
990852740
81491960
2075745227
-874095689
-789704961
635787394
853948514
1975790198
-359214336
1273995822
1598034303
945311231
-1673567058
526533139
889310688
1303073999
-1744090528
565307182
-260023681
-496206607
1325465098
-232452402
1264765224
-222318323
-1111474189
-1682771150
639976523
-1115696732
-1874960213
-1148174225
-692655085
948293273
-2102872516
1524085655
1097855158
-360098574
719106207
201000983
1738440206
-1120398113
1491616113
277534561
1941851241
2020402172
-1526953242
-1280684342
-1739068772
-431996973
1768425981
2070798260
-1061022370
591393956
-1630752779
-1783476753
466661330
1588849767
-619077889
-705970084
-987614875
-1733137903
135757364
2135078867
729128154
-1893321450
1876007113
-615575482
-2038410078
-1676838609
454376576
-1876987866
-1906548624
1583373917
-2082206879
-1170355707
1461516301
-2139448020
-1840434006
-683158404
1839228776
718508860
955042051
-2051236786
613654512
-729506820
-1097884171
1695454413
185404198
1423290809
2003661981
-132396420
1047097965
-972776745
-112044132
975444981
946802724
-503634083
2116772945
-1519411956
-1100472842
-1175633226
1861907274
693471285
522679408
-1172316747
-378055690
225862178
1107234771
-811207463
1675399072
-134073424
-2133225941
-1091488046
2009655192
1460534787
-1859847521
-1947726013
-436337998
-947270417
458127883
-2029315639
1415052788
-509932647
611560651
-1286586052
1424020618
406126430
1122490841
-705032396
1537069821
1124306162
964179738
1897263054
1206159780
-2074432564
406577908
45378992
-1595411878
-1155585087
1232167715
1117432393
587578736
-1463570193
-155927347
1583126109
2003237349
-1614870052
1140226515
-993808704
419859668
-1919990818
-615698583
1432240481
1684220973
-961601092
-465544728
1817149066
1900662951
1226430613
-1950047774
1966660197
-1417620747
2102605568
-720445833
1721336513
-1494538185
-2069325196
937715942
-1182208746
-1723960909
801199850
476353894
1551745222
1574818756
14382272
665871670
-2094882395
1259784210
2071718112
1972553203
-1790009669
974937858
908569377
-895684055
1682917704
2012259440
204295916
-716191957
68073479
1546853275
-1277361630
623125542
2105539255
-1496938912
1258755645
1355916916
492880342
-1515230293
-294160459
726947629
2114404015
1420824874
-1683572828
103226884
-253788265
-281158590
-1002468436
271715663
2091633779
-961065402
-1683888104
1900600167
-456145028
159453158
494606401
-217637583
-1004120506
-1490829339
-1675855566
-828566020
-1621190915
-1192527602
-1280263537
-1661390706
1608279538
421872488
1460259250
-924355207
484259669
-601496408
968870678
847352498
-1385543356
-1593261082
-1275345416
-1243658141
-1364364796
-1815292780
-724638149
-710914305
2009992845
442547371
1252096139
300288663
-1563437749
-1852921306
340985029
920952684
692424994
-120878157
861350550
-1063765052
-1606022989
-1410031448
1571890274
-56317183
1899075037
994153523
-1603660698
-718109202
1488662918
1935710165
238845984
-1191275428
1401943963
-854249199
-1393451539
1258632173
203712340
-871780768
1821595892
-528689105
-136387652
-1961986201
-933220542
594540524
2135636080
-2147373973
-526627274
-730334273
-1250220378
-968046332
674074911
-736099862
1920220785
1401765392
-811186653
-1651537049
-875853758
-371706134
-1287856798
-846567876
1502855858
1700330972
-395516326
1674864915
-322226050
-619924527
-320864372
652006409
331510481
-1957343409
-1593598880
192834245
1086671817
-934734173
2140849477
702454733
-1545329357
-331151011
652817948
-1639495404
-766294119
1552674046
705134294
-1904474666
2024975743
1295708399
130419291
1388633512
1643167464
-1175970379
-92328019
-1292502838
-1499545313
1773798243
1737929037
341619135
2025193139
805002063
-127447331
49279007
-1841763390
872190216
-1354412794
1739250859
839633530
1590716039
-1807280229
215368354
-300641315
179447715
1022583294
1752576594
-1670764349
1507270858
2047240642
2052503793
-1688793307
-933999378
-982106223
1737212333
-1049346152
1776053948
-1426572720
1038447617
-261830890
262801683
-993527680
1612424009
1577271556
1076619955
395482087
-863493224
626945391
1614954805
-1855001745
359733193
317876121
-934975686
1257645901
677481683
710951092
1290723815
1696455525
723514978
1606288109
1221607824
480734188
-709402462
-139108181
-1517626958
-217147313
-218010787
138908696
800490535
-954511277
-1855167929
2087793375
-2070617196
-220645508
-40237416
-1622083017
-1198401243
871987891
-987177509
-1407133919
-127327876
1556732962
-1295836666
-813650195
-1747694362
-919201438
1118531273
-796480511
1864599247
-218689576
1504798762
-1526656291
-128524168
-2073738405
-990112175
814867289
594875110
412789530
11739808
-1978873295
1681386525
-1142298435
326869510
1376003779
-2013930610
-412135991
-1505806187
-520476394
-1523363379
1877103432
1745445457
-1753789410
364767110
-384538712
-567282358
647475261
1138655153
-1359726877
-424070932
-1061873139
-229713660
-658845472
-280826220
1340840284
275923625
895111704
-1965832345
-544007049
-1743230927
1469837948
238568287
-1498909781
185362631
383098518
-367303258
-1480292088
203533736
-1929543954
-315938266
-1075261336
345191378
-161214034
-1802581920
-1672203345
849427707
1086569097
1325256573
1224998739
212114372
148827351
-1541115998
-2118610146
-2087842002
500454404
-1343060856
1317919538
1681613132
-505242069
1161311563
-1481386674
-1217184454
1875627261
1573666177
1372825166
-1208750003
-727568153
-1650117747
309462008
68192907
-574131596
-1961861067
-110627083
-1206185379
-2071441937
2110126962
1184315676
663863171
1514530124
38003335
1771025398
2146464071
466078791
-1277879467
-2144345218
-798567435
-1100991795
524138732
1503797544
-2134447735
-2143432293
-1352141467
1756699428
-418977366
1289583909
-1645701906
-877790237
1357688023
-918060360
1610475045
-191429159
-567798049
-1478282270
-1626475606
-470440059
25506966
728581137
-555894033
-318813266
1966473413
-1706828679
-50037679
-1105958418
431948898
-1996125637
-2118420372
-826434700
1209091584
1940810435
-1420054870
1172224004
-116441976
-651085199
1759539485
328220482
509720873
-1656739462
1709105551
172986928
761068685
-1596744944
2026875862
-1355104011
738552652
2050699969
1686737259
-1189809952
1028036005
-882387940
-190801347
-2044944725
1533445739
-1629259623
591855299
1905082627
-2115334852
1272315834
-1685446832
-415625401
1237448697
-440115859
-1919476566
1715990672
-287412367
262785716
1096279516
-1612130575
-727127201
-236921721
124964682
1415252735
306016662
-112417544
1455687430
328412051
-146336646
982532760
-569804190
807396814
704177330
-937065959
-1141964602
-566056612
1027066395
-737577420
-1540235325
120118525
-422283265
264251852
-2073035673
-320514239
1072951430
-975253421
-542618158
2139234194
1488472940
-1587668883
163013897
-1568752777
2065871859
-420707118
896802314
-1936749546
-1958555109
361951096
-977416673
-1783169029
1129779985
-461661456
-183598217
-367420137
-1933277980
1976464912
-180803086
-1367726326
-771475074
1352365521
2066000187
-1369741916
-183540527
1609967995
-304984037
-275165271
682797648
1374940415
1712267532
-870081068
-2067509856
1617976739
1779749901
77597214
79706767
-711854876
-10968652
-1369784513
554178628
-1455231593
-904713335
-1068516236
1010097080
-244263088
-1896999536
780153219
1120570724
-1087931384
1828267303
343086844
-1552533956
2093087737
-2049836782
133203648
-334944293
800539596
-720982316
-1342465849
182719486
-1053474570
-1888679616
-1845049315
1488430902
-435128225
1017965646
1553671212
-89679143
-1899764924
-1579793870
-76885439
-331845063
1033320029
-1597530710
1766564680
-1841342696
-373295295
380382615
2032058842
1334757722
-2068577271
153933263
-344540039
1485968892
19558708
-1353088719
-602050534
1337248069
1001513418
101515513
1689229027
-661483462
428981699
685706580
-929300684
-826327722
-31593816
-304268490
1731243755
-1648499590
-1627723142
-1401095317
1514174180
96027170
-1354070829
1690695404
663730878
-2097225255
-1634247093
-69903245
1491038436
1751234542
886579741
466613073
-2040946997
1304437352
2135499273
-1335752833
1100141944
-1221294794
-999976837
-2092334350
8942149
1043789226
-298338068
1196935218
1346086883
795453736
-1949705593
1629364781
570790818
-1791943910
-1695053552
-61809336
1707139823
1406410278
1165604865
-652583498
-1985360610
250563747
-1928997899
-1504131315
530408810
2093648968
486182473
2052458774
1248692537
-103376602
-1835319552
-466393628
-1248923997
948161496
562364647
1379845415
2042304309
-553480456
-2028540935
-436639551
980953841
-2003748908
1731793412
-620964199
118816665
-1442695583
-175890036
191105967
-1379413972
878760047
-511323410
-668185487
-1920833360
-599139299
-369327160
1600267852
-487142862
-1141822064
-207182696
-635144571
-1418491125
-1608274977
-1696015198
-1294955960
-1527810204
-249478831
-1369962473
759671809
-1844431365
2116623050
-245205901
-1183862294
-1552943834
-515511679
-1272578266
1880449508
-383622120
261038582
-566822282
359710347
-1464239006
-2081466589
-940180317
-403140220
-653336643
1187989745
-682558133
-1355561192
1310641670
-1761069331
464413968
-234066170
143521673
-814251973
-813239433
269579924
-431771775
733527498
-1893884141
-1705938969
-1609153825
-1792357432
2031277026
-1203111276
-1675659446
-1430817192
830649334
2030870902
-248809881
-1189298814
-1456193961
-1854717503
-703288999
-2114853781
-2108063705
1934315351
872630411
479313861
1103049735
-1342141863
-995122260
1085732744
541881273
-523961855
-365795845
774778849
463036422
-1883422545
-1528931644
-1563603605
-814882078
-426402495
-648841687
-685881188
191360973
-665506393
-1514985947
-299940735
35317371
-1953872203
1020932046
1012980909
1072692150
-2143029957
-1845191463
300342894
1512688771
670694482
-1031504541
-2017533630
-403996796
-708451080
1451000302
696480393
-364504932
1483010783
555463081
322553979
1129636568
-1901849983
1021821171
1617113179
1503401100
-2024532873
-1653093343
553298924
40571325
-2131375605
1037662847
-1213566428
1849028798
2016597771
-1644769899
-1056159969
451945757
271666400
435364010
-645734570
-324242241
-98737442
-2133189491
-1519795696
174365513
-1423581220
73638802
-113484008
772620225
249366791
1178335707
1814842287
-767483787
-256300557
-2005946920
-1163273532
1192794395
1603078642
1116669200
1457620066
-646912199
847372969
-65736416
1046728809
507039942
-845042721
-86388476
2102704256
1150193937
362401944
1109033621
-1143294647
1473589218
1280024930
-2145351598
1230301911
1151706846
54597614
-702527646
-2057099172
-1830651601
-210649119
464429529
1883352870
1383768420
-198387476
494891322
-307890996
164821397
1790641690
-499997380
-1368861532
1251705290
-493150616
-1072821551
1226695799
1313351836
1617097370
-807534749
1065279607
-457508324
-662299572
1545049184
831349361
-2144872204
-1127077306
1677387512
1857837118
253240780
546356756
1092399141
1150676351
318175471
-1456116010
1319784683
-1603675000
1291113005
-1719237292
-47456543
-774153572
-291773694
1284302165
-1480854289
-437972133
1432114935
-1920419792
1894075480
1348265848
2062171720
1475194019
1372742138
-2073533778
-709034298
-1220354077
-830755884
-34726668
-275091714
401589235
-1589304631
-702579986
1779826587
1354798905
1615078563
-1090944601
344889096
-964542131
443740761
-1806519939
-1833172135
549366036
866602644
804723804
2022123115
1168103437
527827055
-390911186
-1376370615
2089909994
-846905730
-582957422
111737809
1084075874
-1318304238
-1693329717
-1040834153
502980421
-581000518
-1053929734
-847833848
-284260144
-37361141
1342912399
837517266
2106129474
2094329764
2074307581
-1138634877
1500788398
1280030060
343015341
1329031536
458805779
-380396515
830045748
357415127
221864617
114268166
1619163847
369064775
-1051339395
-839619060
-1519443218
1488187200
-1565678529
-4637455
1428736119
1252247829
1397813850
602986200
-410544467
1866338841
1425925957
-790581496
887350985
-1680255494
847829529
1748131824
-352065623
-142622105
828580450
677973354
17796287
1667964153
-1820483015
1691625283
1851783243
-1431325873
268524946
495800315
-1281436468
501459323
1714008785
363293640
-469937741
-192787812
-1640953693
865147872
-997083302
-1214169141
-1711667957
1057827320
1969604147
42455354
1059889595
-2058901497
-1984998076
1544983962
-1742753371
649513039
-833625134
-1041222723
1834789840
-1344097891
-2041638308
-1975903619
-938160273
2116015054
399455947
2094420699
-1816398546
2012971157
-264601626
-815411094
-747724337
-153957252
1868192779
175432686
202255861
-804783064
-2047731941
-1339444161
660019008
684392928
814801846
-806952589
199413401
-609366192
1373553576
-187517381
-481847346
1803911049
-1679096926
559254413
-811708832
-945447605
490356268
-978828669
-35708005
43190662
-1078126118
-306841470
1073981927
-769636834
616052413
-1054713442
-370294434
-2034423570
205061916
24655165
-1544013410
-1411368176
406474596
2090481914
1863269599
-988788646
-1504237220
-1765149237
-1384392633
1853416234
-1910970724
-1372089499
-1167116932
1700585574
1624350271
1548670430
1443846523
-1067053122
-641027625
-1793304172
-443515736
-1979599820
1033549217
-1787811507
-1945939931
1676509405
-1527437319
319885983
1378993254
1125195240
2105125903
2040945810
-1486281467
1509718495
-1053836325
1362347139
1135189458
522414893
-1900608178
-2107775670
-90145490
-160209441
1745086153
-1217696609
257148824
1550338478
-1627210030
-379993415
-1749356408
-1080980419
-2047606011
1956775991
384420987
1019823006
805196359
867536451
-1859121073
-1233988326
-1131219390
-737727244
-2132741680
-936424399
-787183604
1206459380
-1852064366
-1294885409
2130095145
568144226
1277654528
-667067360
210311603
930065145
-1551839307
-797008458
185557207
-258808463
-304406774
-1592648151
-1461050237
-1762351579
1732905711
-1992238577
162380637
623631093
550705406
182627213
-1689424906
-98044819
-1023187251
-99636451
1312929855
1345928742
-266918781
411064465
1778609211
-358885012
1283826861
-19345321
-2036571146
2128952865
1318982994
1192988925
1252670645
2068735456
1275999812
1145345271
-1438751378
-573373083
-1074945864
1272300704
-104185222
1824553003
981300248
724173950
-1610786680
1037386326
-1368032232
-738958390
627487444
-1346614061
196420615
1571106606
-536217447
-927121475
230673255
-188290096
1194059204
-148005118
1792102335
1107394190
-811525399
-87782074
-808394834
-929954933
-165316486
-206743290
1261792067
199891434
854686006
1129527296
-2041559668
1309779929
187056094
-979184430
-693646484
143809233
1493191726
-2044423455
1096098737
6580251
1850477323
756853884
-839553946
-423079531
-1802062344
336367424
1592781156
-982404426
122238414
12786365
-422049745
673405390
746716332
-1730173607
-2016719618
-1055051374
358484779
2139482996
-1894220517
-1665089832
749769942
-364950323
-2038523283
1406744222
657192921
585628707
-1037597614
-952078256
1760951287
-1723005665
7033266
191510601
97291457
-1307947920
1269217361
1257490074
-1853922556
-1484394953
1480594787
-1796383221
701911426
2010685094
-425989275
309352286
1883449573
-985075485
729475370
-814474022
-1137088784
-1460033487
642305587
-1325868537
1173693687
248084305
-310067132
-154737739
-1205995119
946131494
-85924301
-1653728189
-1001799285
1383118231
473979906
2116081693
2116977695
-1816163912
-241707984
1236928134
1385293413
-1980792276
1797683787
-1695112553
217571848
48505028
79817417
-974737274
553235261
1434631787
189355032
-1340454101
491336177
-1338753466
-301918988
-1840020032
234097217
-148091113
-405181449
-1043454488
-1799518161
-1315381534
1907887222
-2135262734
-2002982255
-2115853102
1208331402
-610742434
467235148
-1001265828
138272875
133647775
1780259522
-1359424348
-934226171
-655607518
677790856
-805881056
-1635005500
985850510
928359260
306266235
112607666
1374799437
2012563029
-1353875269
-446735420
-1512791989
1533516124
866963365
-1372068240
-2045937667
-910910758
802180703
-888478077
-1239684955
-1294944077
1802024791
-944783056
