-1273499356
-608522693
1835637836
2036889127
-1175219344
-1163979227
-1598821972
946513447
-839487008
2136250008
-1256597279
-732435135
-729197544
-1503983397
-1972156118
-1047480603
52217756
-825203076
-1709515875
139162686
-156419762
-45334906
-1113877942
-961825150
-156196043
-840906254
-461980257
-109045109
-1811230081
-1665903779
-493822963
-1799693913
-1041135159
-1533221381
949637099
1369576363
-1518730340
1263761355
2108886939
1391601230
-1407346373
-1703738612
601273322
-671242829
169578907
1053508335
-1852798788
-2072262073
-612737870
1272317837
-1051884568
745498573
-1781874956
-1701227238
-1415821728
-677527114
-638340838
-1993358757
67734421
-1615998795
-1669990364
1976814165
843688729
-864170605
-469583455
-723385018
-918155131
-590998209
1781567534
-1341031208
95407516
184400424
1557062715
-1520398444
1948691120
-119122225
-2146464492
-1054337132
-971613884
-194382441
1857748511
1739442300
-94262030
1204756959
-1641839518
-1163265878
1577975439
452228690
-741320632
-1111209556
-140567156
75906173
-1692301404
-447880206
-1074367585
-835325535
-38142986
-1682490940
-1819394399
1998898378
-896720660
-1079343755
554960057
-651206112
1497493290
-1248626983
-990665030
-1042636932
980770637
-1494236173
1586934985
-477766083
897747245
659263731
-1036916413
-394185124
1645671266
495444830
-1556812323
-1527595330
-348268791
1597543566
1041157899
-145258807
-218801208
1992980317
-700726874
1059198265
1024266254
452568349
1706499784
1723957300
1581064607
-1440012854
-684279302
-1619430757
-1923474865
-1245943934
1933768081
-81481054
1216423181
864958773
194066772
-1082065502
1934958371
507002008
238858082
1765559597
-1775961669
833422174
1305701202
-135734941
1817718692
-1981396054
-1578344548
-125932413
-217689258
1723076542
-530791114
1600445380
-479528653
1648385272
1198119298
913095013
-1204321777
1518675455
-1614932378
1540920323
-1931965966
-133135303
-541636420
-1897244886
-623050980
-1589175168
1393895661
562929965
537470280
1075550996
-2140775976
1190208057
528484661
875395794
-1559498249
-647079768
-837670815
1001425830
1669984964
-398442862
627593495
-576590787
-228765095
-1937851222
1873673900
-1226413313
569801558
-1512180154
-36784636
-180780484
218195718
-1072840001
1234052699
-1248631900
487765444
-1568217094
-352644543
186631932
1701013915
-480712121
1916355814
1061580815
-1548015828
1264878953
-1818290281
-1377722398
1631789268
1285300981
1491553160
969794858
-1946546163
715448799
1862286291
683802626
170123540
-2000157871
-1458721856
-1458254632
-1315572532
-1362243394
1858254151
-201168216
1332419810
777539383
-896689198
-94302099
129545777
1692750845
-211318970
-1815525933
-359627418
956616278
-1967756476
-130256080
-1305396761
214522532
-389046613
-846201675
-536757520
826700466
244180833
-1550689056
-384720129
-1068445871
-2141847981
1866658356
-1986294414
132828963
185651129
1976333356
1068243565
521139894
1582496670
1585267564
299552001
-1691361836
1683839647
2130184506
1177560970
299507224
958040818
1233803819
1227270744
1344411332
-1057371734
1782468641
1667930256
1113233874
-674784200
521621364
-925456556
137811528
1386810932
-1304859794
845806369
-731966512
392595293
1690181117
1775638393
6099847
310345182
904939171
-1509317439
1202530837
491817171
-1613454160
789000299
-738302211
-232155382
-293388109
-1297790121
-1434624715
634015245
1193900334
-439899530
-206937864
278320480
-1126979960
1148661168
1844793051
1849135622
530090567
-382144249
1550200862
-730163638
632290686
-681391108
1060851780
-1837774405
2023854723
-1490164943
1104844774
-346747529
1515134437
456011855
1090339011
1429201068
2037013148
-1075829719
-1428539622
-1879684772
438574466
-1385445599
-494617541
859637087
-1848194046
-607192118
-1258676645
665667502
-766178802
412534735
1521654184
1381795293
782291798
-1654012142
1362540189
966072809
-564235338
-165401320
2122037654
1407237171
43651823
1718089891
-790693978
-5105204
-189937767
1200242080
1136731304
1411058419
-1837013672
49326403
-2025853292
1439772123
-1724089779
-662657936
-1029866989
-409278032
873869264
-1359759268
432706644
-1772413476
-411696549
-1023731340
-259936736
932315525
1548977352
1414954109
-710020053
160298842
603103935
-73360900
-1581573971
1995397519
-335735191
1389757399
-2027969999
-405896667
1305544041
599863611
-1757621331
-905735314
619182347
-1665080128
-607354415
-1811692336
1454941630
-1140043573
2143709603
1656764361
363410879
1978310196
1328274507
-1624336078
-1076950249
965327144
-591277013
65278663
-1802228537
-1401255857
-55654606
1521438950
422171456
1821831728
-1401763214
1436983446
1446168600
-1250405164
2030426863
988506571
1216843003
535516073
-1806606407
1991543271
1184988639
-1321721943
16202044
272978564
-1957076357
-739992133
128578005
-57724816
276374265
-33026215
-511777879
681066232
-546860055
10363250
-1881380942
648104809
-1489990279
-1446935152
-97295846
-1079374637
-593837597
1469348157
-321601589
1603965968
-1105197274
-987766877
-1607943866
-1052428284
297011192
332910962
1033301684
1222935077
1351651322
1442760454
-187977414
-1007886531
-1526864083
-2045853496
-1040708207
1950488686
-1031737180
1742868947
-110138411
1331484790
1363148923
-1345605413
266262684
-1611873996
-1391813369
-2073480374
1166494538
-163064469
-696279218
-269035861
-945455710
-1044366652
479225529
-1349501877
1254566048
-2029676519
-1655237625
2018425629
-327763321
1850184688
-501153915
-572494882
2141444661
-1692190907
-1695687045
-2109648008
113265597
817707148
-1665709079
-1124970581
-1645344201
436695797
2061215859
-6313494
538225361
961547761
1245873561
-1864141694
1619090730
-685958924
-1283452886
-772925951
2031492319
1598005116
-2086654470
-610162987
-800987035
1345681746
1889092306
1767048499
-1824190184
-727622896
32624807
2100151097
1038219412
-1256920350
790849295
174478166
-909390013
299949456
-1359440400
-29878551
2066360375
-849649733
2093668218
-530369752
1033991738
1867337574
1298179414
-1061662653
-1010973150
104532408
-1938084577
1870571208
1251887720
-1689923329
-1188669423
-463274168
177572859
-307294472
953489919
-245069765
341529682
-1680410803
-612418678
-954292704
246064320
-1524347298
-1667951729
-1541594648
-84455669
1390106692
-1326390303
735730068
-1366555842
1640379410
-1607152329
433936156
-249895234
-1947130019
729779816
1013445011
1876428954
-454976002
-1152285995
646143111
-1110030553
1943462421
1310626853
-851719763
349469388
-217067439
-1348398281
499253437
775027226
-117371793
-1714639788
-2076962405
1738459935
890993152
847243940
-1287879497
462231035
-42271378
-939131165
-976638539
397323443
-1714304704
1365359956
-199949233
-182272955
1919204252
-646576395
-1773361286
-1549468933
1144098829
-592506381
2142203591
743499780
1839196550
-1290582688
-284283380
-828313536
1303017639
1272552482
1537937219
2088406106
176013886
-552680658
1637492401
227912731
677267984
1555130102
2102699338
-2002844931
1853892056
-1975426016
1164070227
-1369830913
966147215
658820983
1762856265
-1308570953
-1686129171
-2113861338
377283841
929875885
1490968111
2127908643
378566928
1551209957
-792133093
-913866008
509147244
-1532560451
1014564672
1068177000
-1633535917
238659833
486720642
1498764352
-108385685
-1302930404
-2145624363
-1731102931
372314410
-94336775
1794059848
-1103477570
269358711
1568461960
-550768827
2013667146
1604593809
-1908606467
-1017494505
-1729248477
-1616035537
488959254
1876970155
-43703541
-1433371927
-1957016140
-1228453222
1918965734
-1973839658
504791213
688832358
1134286769
-810621835
283181536
-508607741
-197826638
-1263761968
-145472631
-1065149287
-659784207
-1252345378
-1199526187
1180858248
1476363750
1659276073
-484009544
-65173844
-91440013
1864036528
-1808185858
-941680671
-884762861
-1391298802
-2052440672
-467248183
170453588
-654845990
1805492312
1764681164
-1722645630
-718396591
-1357040009
-511039392
-1365890652
94330930
275340534
354283914
661862828
75154921
1432624842
-1225806941
-780316183
-191236881
58986363
-1705220513
855752896
-1219047056
897694455
1876552715
-183981414
-1408113619
-322191709
945645333
1282284320
-381459037
721084338
-716678191
1658746277
-1091731
-1723813190
-1853556102
1027930340
-453554202
1348511876
-1282994826
1525828074
105569298
1282184227
393676765
-492029355
1990302653
1769668167
1092679739
-1204339266
2004384740
857659858
244933525
150815347
549303124
-322081365
1126583466
2021450089
-30579311
-1361541166
370862970
6756720
-568651784
1064324533
523819275
872483240
-897440473
42024385
-1173245078
-171811021
-302351716
1534604859
-401572369
-662672853
-1865192292
-1572891313
-176012859
-1778315818
560127061
644204137
-1788235094
-355467240
2076404806
160354499
-1302209550
635702313
588226270
844610366
76552656
692669575
2128460643
-2081695370
1172693720
48271404
1033542933
-2114365936
318186943
-1466736893
-442511213
-978088363
-1615708315
1969181080
902013820
744952580
546491669
1804775439
-253228456
-1945345437
1656282891
-675312553
-386432839
1803792279
-1948102858
109693855
-754104419
-1141552331
1725710398
1489490696
-2106022378
-1267236584
1172244679
347392923
1629556780
-1579942028
849809143
191803772
1137399810
-145482965
1883330614
652845664
1579044150
68978015
-727002828
-1994055876
256339598
135677511
349016623
1493644606
1527157200
-1259597498
609723253
655147520
502375920
-2139077063
1754990120
-348305669
-986713232
800142352
-631306943
-1580990407
-1946255613
528904351
-1165552938
326578766
-498765196
-1724163658
552842655
783410056
-1314869306
-934800530
541477558
-1166838683
666628763
701208517
880320414
352045893
-1878711335
-942757011
835037317
-11401376
-1849834614
-1577006112
1836111565
1267658489
-190935805
-166892873
-1496460344
732138707
1540274504
-323417540
-1799183421
484946148
1461879726
-1680142531
1998222661
960710728
-1012214590
2034392099
-1281384296
2088812664
-522569879
-991950526
827825032
713419195
1294040136
712298097
-1465653910
-1928065829
2116595557
-911019555
-1716048032
1015490588
1408189454
-259010534
-1409399590
-770209943
1432918777
1805472122
1158707295
1788881872
-1764211028
1156898978
-1800169332
-1440762320
-2138852833
-792545703
-776228515
-783234767
-846918241
-937849181
558833067
-82700685
1894098420
212081422
-1818514187
1042647817
1222904261
860538443
-1097735838
1817268008
-139681477
-1506173697
84380166
-1587245797
336698341
-1457819685
1190346084
642593658
-2043062053
-1172536598
310802483
629876378
168340773
815291945
-33266588
-769616569
-578769827
-327445668
1670351972
1743152304
-627189870
-795112161
-1693909346
2133256098
213964399
1540602682
381658435
-1395632903
126295708
1373155386
-1906911667
666087762
1383869795
715588668
70737856
-245620731
2020751254
662507787
-850488270
-917123246
752579504
61594477
2098404238
1803219929
1667981882
1602010553
1493142548
1750107983
-1462126480
825141165
-1422979165
1625538158
-317271772
-991492226
1674090810
-516658643
-908343327
2107617327
682192572
1011333169
310288978
-1881386714
1921518323
516032130
-1248515100
411521787
584358870
1872608898
611805098
402599315
372023566
629173018
710720641
677022573
1619750582
26115637
1524449140
-8729029
-491153310
1773238641
-1470971807
-2031499084
-803633054
-1689555436
-869565220
905494952
420464456
260966460
-1610965677
1667503188
-718686298
-1956996774
1680924785
69206519
286116379
150197728
-349562681
707299492
1802268049
2032220729
1256349865
158815066
-774291521
2129611513
-814733226
534779729
1458061813
1949770837
-1970372005
-1211829610
1851987480
-1731523371
-883600840
-1835425830
119965674
-1580400825
-1426898621
1615172485
-1401362802
2106548215
2048368076
1625445905
-2035420597
162484508
1694009473
1481944982
888496783
1612405396
-339471340
-602638176
-864204745
-340764460
-1995359462
341845064
199348237
-2126387431
-372256714
-1202301054
158869905
-1786595101
-1333474186
1497440690
1469748732
1452578467
-1030578180
-771511675
402121601
-397479502
1478715616
-850106114
-1907828523
1875264389
1615148117
226179023
133321970
-1668436961
-1859736054
1139530474
-113039594
1204782022
-1570446894
2072693334
-563551471
-638528519
-1958677626
385046086
505886144
-364975200
715059497
972257382
51477972
-396000635
-652401843
-1008540040
96382168
945758210
279281590
1019230751
-2090093455
-1770473220
1993417276
-900185605
-1996422170
-1524844273
982511605
1248382965
1186191842
1890118410
1208273043
2079430875
-993759623
1909847197
1772677641
-100992722
-1973012120
208558417
-103847308
105100090
-1796220768
-780257097
1707863097
1875114599
-2092672251
2030320612
-225578902
-2130354225
-2143292558
-624990692
330591085
-365661168
-888252416
1597816012
1077116895
868889186
-839822968
-587007299
-1394572363
-302479125
1466056549
2028585607
1138144164
-1746496943
-1763601538
2139948099
-1041680190
92165265
309561987
-811300221
796746861
-732489457
-2080791435
219341446
712132203
-1788562963
-762535572
-1577184344
1231618386
-1832566625
-1812789612
1903680023
-2011987670
1015828927
1502375800
-446539573
1315272784
369320477
-1295372414
-1164347721
-1948399971
-1815797478
970065858
439900988
987541190
1805255733
628094190
1616231902
-1067614715
-430833690
-95921751
-1895236295
951093753
1799387562
-863237880
859124021
876390602
-1447245985
-1752959663
1052159096
1847429008
-128266287
157452037
-1805475556
65438453
280273044
-1943740384
756014241
-265820648
-1562964717
-1607561314
-2066034907
1791931316
300985065
-554796735
-2075766318
693460353
1443086191
1266939281
754835607
-1220669991
-1588530539
1363635748
-1122682087
-1682610273
1027201781
-729155041
-1192451860
902226012
-1497909467
-1391214852
-895476483
58333354
1735649356
1814108557
-916745133
-339552555
1934950903
1562039103
-1705735178
-2052880450
-64191699
-1320818781
1137039918
-1032033790
324963520
-278159830
928560880
-998258852
85862629
1229126704
2744213
-1763319737
-546441209
-579808453
-2007973427
1778478567
-373401897
780398467
-1380326958
2080366121
503271847
-106485067
-310054944
-164712920
-1165100808
-484743437
1261060323
1615955666
1523182417
791131679
-55402894
1714094027
1402546257
-2075250343
-1165516292
823405713
1458405639
-747092795
923930432
-1768073248
784349569
1421177745
1270800898
-2014015145
439201698
-1487677386
-581238021
443871578
2007243576
-1295391491
-1807689712
-359942342
-1162495154
-950196028
-187554873
-1655790189
-1806695235
-1712710655
-1922308106
-1527693067
-434199031
971848199
665403324
-822291258
-554011543
-1137841528
-1096457035
1393123942
330405415
2070937434
1782338408
1140055700
-1099465174
-73872771
726450948
1047552271
-1927246639
1728122973
905274444
-1398986112
-1539937791
-1988273581
-671966258
-786062185
674196609
490368369
-1176425638
1137885299
-1209752956
992209278
-42107214
2136495942
-1593356409
392647743
-1740730498
1527083320
571470685
-1291447048
1814467714
-1258842484
36580999
1770857522
-1483542510
2026868481
-127789111
-701402179
863506884
-2048380038
1818023673
1375490808
-1257423001
-1795803680
-951084775
-1516022961
1605859636
436339527
-575852120
-1722060540
1967254851
-1692720049
-1772880588
-72383438
-2140819904
272023500
1289410868
-228704753
-1484152482
-2086591575
219497748
-574343567
-1229006966
1585739785
-1970274160
2090519955
-275986972
8716462
285784900
186443288
1046745450
-2037018466
-537351804
-902907057
264626678
-231926781
-864873879
825644983
-1114050454
1362121810
1326852907
1277587398
-16464855
-1770956112
-1864510538
-1223318298
767480776
-1529342832
-1366488970
-707234625
-902005499
-1436672352
1885085046
1622431931
-671610889
1984027109
-1746463064
-72951354
1395009927
-2056048860
-1170689658
606313557
-1256408802
1132373124
1149498329
1842915498
-1014854241
-1956533904
-1058581545
1782084437
2070656407
83705026
45206899
343763453
-66814285
797593885
1884518641
-1663891360
-945749902
29725593
-509053256
-1651721833
1563303450
733903014
1155941483
1427311006
442250223
2123346729
-1872703687
1655958292
128639906
2047179243
618518388
-1274342082
-704596984
-778551501
813857120
142851665
418412555
392740528
1993338701
1891972592
75084005
-11237987
199352552
-51371021
2016436106
-1811392225
-1854811187
-290820247
1871444325
-1503125776
-1337421473
122950112
2128901191
-84267966
1241486812
1067408099
-2120245860
-1417797923
-226370389
1886087107
662712543
-1430936438
-136536584
1298650010
2016108879
-941108044
-1092234878
-453713012
1947257570
1292763211
-1119384909
-2044480688
-1406402950
-668787733
1792836080
435037678
1842748758
1006446653
1178296114
1341562569
407975882
-1985332067
1880332757
1704707808
1981702962
1187059709
2010644911
942465616
-808797404
-777036792
392185188
-187729379
-1611742748
-116533623
-1142158855
1248812593
-874589156
1755675918
-1635293274
1983395
1900192716
1012268744
-1384521745
1020822333
1370812031
1622741173
-781836043
1761131576
-1175723330
1768675328
-330159607
637296457
889055433
-811985241
-466311807
1926718944
626901636
-1493369250
-954364977
1110817198
1734620847
1849281971
-1713544242
-521334680
-873677990
-1079338126
1013953631
-439730229
-1746021481
56489034
1721924404
-1659810337
1330451568
1891643056
-1933722389
431473022
549061915
1747687682
1284211294
819263255
-44413332
-1865751056
944887609
-1992524369
616885642
-133465321
-1537892916
-973946840
191978981
1402177006
-845788127
1449950918
-1969557913
1200224997
-488642991
395173102
1005041129
1597825738
1565641235
610666288
1948637928
269785711
-1337057387
-1175407226
644424312
1552476298
-1011940466
636947933
-285345160
1488391643
1398521492
1656597205
-347704570
713438100
908697002
1204144837
-605496523
104455156
-2003222499
1740892929
1358886141
-467125964
-1346736497
-1655811234
2003825778
658804391
1519243091
2129286646
713997881
1955332124
-438498308
273106728
-2135353033
-2090503290
1962359856
-438144542
1816905610
-1930729250
1783146945
-230716383
-1224033604
773909576
-1163771395
2090168249
-2074355915
1837172340
2121680965
2022120273
1235614450
560615239
-1701503524
159203249
1661811572
417236665
-414305536
1521802560
-522154246
757618688
-1098484418
-748964409
513561841
930589422
-1063858430
-1000630661
447246763
-609802345
836406381
-134103495
1160769871
660852790
-385959573
-1967135725
-1344575984
1159320912
228642051
1813553674
-1089047135
1922566169
551302641
530663453
-82032152
781029143
189504625
1545558914
-1701979919
740016389
1593568605
174605875
1158690853
988826105
488407674
-1156711765
966815419
-2097545528
806943758
-917794831
221084525
1728905897
1350475701
659626453
568361327
804332312
785928308
-599899783
-2121903972
-2086695428
-875990002
-217095662
487374066
1092830731
-1017030250
1673080304
2067364160
-488507027
-1373244091
149626811
1894213917
759766687
1659766157
766589950
-1603101156
-113935462
-175114899
-1699617047
-1278577603
103381811
2028736518
1129108050
-1071349339
1120466116
1412290927
61622269
717376913
408373772
-58089276
170546204
384238216
1516175187
192454533
209687576
-1388736560
1148727762
1992768028
-733368943
-274534878
-812281776
2028877247
-892096093
-1048609888
-459949552
-429328520
1240133739
-34233594
-179230742
-45604735
-1422982967
78856736
507184055
-2141119531
1895039078
-478772357
-1825730062
1282437379
-809873416
-136437921
409014683
-997330876
900681668
-1941424132
521549406
28249040
-757145500
-79280926
-1435787020
-1075514772
1089842122
1923072438
-429393463
-2000076985
686848644
-1740336094
-1078423073
-1637526778
-1743447743
1680563469
1480502769
168667677
-799698285
958867724
-645668901
-529808288
-83443466
394474519
1959793209
210137561
-1142981360
367703167
-819844531
-1606313765
902163514
-1156718305
1073112101
-288634537
1732555582
1809098449
718523644
1442918765
-1579544222
-1442660061
-145981472
741394246
1374627749
221784651
1202882709
1898560544
-446304184
-1619782057
-1233284935
-1589343062
-1332696433
-168825432
-1552172248
-260291951
-1790067000
311098016
648696225
-1478378662
-2110824820
-665403750
-1388762967
-637794190
-1069128380
-497081830
-804921937
-263832445
1503411438
-2050427835
-1207282832
371997192
-1864381663
454323603
-1492381540
1911379747
-1736070578
-1392989758
-1617926983
-1159402835
618410824
1764248845
2029221704
-1406790001
-1919411451
-1482766178
431924517
1129931599
1885776038
-1021775296
-314781645
-1281359635
-480327756
-128785576
-1475246793
-1943420688
-2080736596
-321891563
-327017468
929570235
299266493
-1466703898
-1737607720
-1415978204
-737293873
-1149436884
1592212998
-1123005370
283391943
-297045456
-1943220012
-414733674
835789833
1807922007
1590570150
-788862412
1579317821
1599497876
-1978724005
435849091
-57265834
-278074851
783331830
-855324165
-2068459568
-2133083039
-1239049087
-714713027
-1280348104
-754122696
2067905581
621246823
-1172567567
-1350791076
1759893950
1828427689
2027618868
1060001303
-1254605275
-571615208
-819508904
883349310
-2064491666
-534848575
1133152339
-1542836387
-1738170404
-246088191
-1466490240
-594221005
-1722296495
1264690196
2107248546
-773495456
1207549683
-453807638
-1358835160
-2017208484
-1807700211
563509313
-2109207118
-1685984853
-1038713038
-901730321
704610771
32153678
-2006906713
-287680897
8416536
-1555163012
-820712702
806813696
1187617865
-541319023
1302165262
-789745128
-1848858130
-1623467194
-81927183
1296669791
-1631571436
1140711971
-1817300336
561332714
-277152176
845781809
-1694997710
-798414811
1854369284
868070898
1405149539
134340325
265199328
1996948373
1462716954
1311798716
1387207084
-1867506075
1817899038
-890195313
491456323
1981781123
988856996
1028889958
1259745762
-402552364
-1728153027
-1081707133
-1435740510
372573500
-834064402
-877960267
-92501182
52714763
-447495520
-1428521491
-1134642134
2094233271
1436266170
-1644761071
-1812691284
-1889153588
836320268
1047354896
1200026508
2055829023
-361093650
-1196567754
-1406741054
1079217481
1583096232
478466752
-2131897986
1542311763
-1002510572
1704746418
815419243
-2009316690
884711298
2040988136
-136257481
1704800101
-1324753189
-414955925
460444755
1632949653
1018727176
30345478
-1017508873
1415157532
1912821140
809214232
374489960
-1454602097
936618895
557112234
788553597
1974836594
1745239990
-1576786749
593657438
1079632802
578589392
834826747
1003737231
1358266901
-1072423334
202687053
-1885897172
1946840774
1041433958
1469073201
-120185738
1661997034
422866879
-1055946006
-440502387
1029651559
-713231535
134424604
809677951
603541382
1872867271
-1654790495
1442254721
-2130689050
609419381
1348817308
640137851
1721829811
-211425160
1202526925
160407497
-812610536
115711260
-233513178
762449215
676272626
1388892797
-922410849
662014830
460137925
-543379856
1403095366
-1463917275
256348403
-349076061
-680277095
-508845254
2019620394
1819526914
393458711
-1535016822
736143134
1163770204
-746176492
-1065838019
1092047224
496299846
-506016308
-1738973106
175406861
1007719743
-2046117445
-2076210614
-313039534
-598475244
2038496555
93951063
-942098417
781914502
550806030
1664387191
2069001043
403472681
-151904243
-1721460722
-1522151257
-1428166770
-495126816
476006817
-1920017530
1554265508
675551712
820264672
-1948755700
213193307
39387354
1436407525
1178203884
-1397485431
-1471778267
-1636618050
185988519
-1429938415
924932598
-23506392
2011873786
1469699905
1761559282
1456043677
-1591725673
1263570300
1073955844
-18953583
-81832168
167004184
-1695844496
1031673591
-2038488784
-982089591
1427525416
1234051337
-687916765
1699467966
-342336930
-1603288503
-894577545
-438436149
1232097370
-1924072254
1932291563
-2115379001
259028108
300322707
1238538664
-404061449
1985062884
462147501
934111414
1545645611
1809169249
964741339
-414380111
383294568
1008981992
1308289794
-684079941
1418047942
2145587030
-465778774
-2080110412
1952866203
54815448
-1506958404
-9187416
-1730112039
1534003833
-1808670323
1520254089
-1796643148
735455740
512853786
1373168669
-2117025657
220864235
-1865784171
-955724999
989094392
1225958383
-1459642592
1467126831
-1351914407
1911686498
9479127
34246532
-1628555183
1507197730
-1560426732
-1735220250
-179023685
951352232
-438234131
78332252
-1187203123
1834955864
472256513
555996095
-183313795
1065046810
-267159692
-1698994072
1474614815
1216240936
661009719
-2124842198
-1683622830
-1485058263
-219341940
-1496179070
1120043293
749445759
336142537
-909642995
-1785176236
524506076
2121147483
-1116626375
867827520
-675266789
1471971341
422563903
857185150
-346332083
-2125731446
-2009351856
-226172889
810281489
654600224
293989902
600793137
654242088
413819590
-715136195
1979481364
-675246777
902761056
-251508550
-393501520
-1883572433
-1343839168
-760390741
-2029778579
149834747
-568690448
457156599
-689751901
-267096648
1535404846
-1225593608
57946940
-1098262214
-153191625
-1783228049
292351128
-426932947
-359613880
127308472
-1985326160
448208490
-106139039
1511668542
-448705923
1470379403
-2113173941
-1148261328
127741850
1842491840
-1313387044
1751864948
-1815421400
1386487012
-1238732166
-1205305637
1654212593
133209291
-1825206307
834292119
-1373172273
-1838830115
-41509608
-2025797399
788970062
903148263
105865689
1274233630
-845577584
206876208
176651247
-1310645317
970633585
1733212107
1695201548
1580485623
-1563156246
827852075
261933260
-580684183
2006345146
-2109696516
669485813
-595942911
202740034
-1653286352
857308672
-1534412740
-956977744
-758717097
-1054993960
2024858259
543184992
-196672717
2143412961
691618612
-676389250
-566722165
-223272645
644351219
-464748561
-1851210945
1868474439
-2035353981
1877458033
-1677987684
-3765655
767894752
-1422536960
-2027693839
-991488753
-1619449585
1027357563
1013635426
-168324878
292429065
-37186937
403037435
-871087461
1031695348
1484902323
-1287796216
1871408937
-92343916
1026487773
-2026770269
1013934416
500178176
-1516204589
-1338356083
-1681003867
-187561320
543222588
-1828078527
-299025128
1294715190
1126783929
-1910679738
250869952
-2061156701
-1755798458
1829223876
1198021086
760635211
1334407398
83619674
-683642085
166047028
-1775396225
1407510318
-930299884
-1766116820
1677551362
445924165
-1722098664
-424908478
-933746738
946048275
1728471343
-856110218
1202051670
-532089003
34222942
-1313475661
849325824
-31873761
1971633194
1749388797
-2023777712
197185072
-1345988007
2044626406
1484084293
-86748019
-1318745601
-388618170
-784242173
1550098252
-758216520
-1024644054
-1883421263
1349439152
-1390904783
1689245452
752963748
221617526
650203373
87535684
-867658820
-1640594578
932052806
-1550813250
1807972878
1203105100
-1797868368
1424577517
1384225219
1345756607
-1862063291
131492607
2006230847
-1445098557
-1036007043
1417042770
1863120517
-2080058829
901553212
-695056602
1980903129
1985316001
173239569
-1123653742
-2023680858
334069097
-947750724
-869508420
348229026
-210536189
-394425871
-1763729084
-1785314513
-629337447
653229147
1850212096
-1327921404
-760252967
-1574802461
-1289964818
1743871500
-1441474037
501552177
919517798
2046743949
932059749
350758002
389518223
-890567027
-996606050
347507547
-2024983789
548825968
439946944
-367526034
-768401130
448097253
-643960510
735922044
1326182755
464470787
1329580629
336201578
577604328
-1753046098
-1311044226
-1136126665
1905128036
289783615
1933224548
1724684861
-362443682
1041076836
-1202150933
-1332247370
1180633688
2095225923
1447712896
1366953345
838629188
-735616027
-2098251338
1641633318
-27519177
974614482
1219330322
971924247
-654373284
1330353143
1425161250
-1567295944
1440678698
966441424
-689514028
-1060172383
-1359007783
-1183021374
1478482692
1799031458
-1099393263
1183155400
422410326
1075234055
-607629340
1055568210
-248491707
726273692
371334398
1819580009
-1222543236
714566387
-487013605
489181718
647917924
448397156
353424056
1097805828
637465341
-1893466283
-1802905331
-1024738972
-1987869711
125900986
-694866887
280321808
1959347174
-430660385
-347027777
-1918754317
1906341395
54763876
1152378417
-1512579673
791191830
2115417481
834822442
945101151
-1494329341
92325804
-1186535296
1102807814
2096365759
1249568526
-998004806
1034188968
-1001378929
248417757
-618399553
359285777
-1449046037
-1619820690
1905336016
618065075
-1203764584
-1711880503
-1742259016
2027144140
-1407846155
1534368106
-1039730110
-264040760
-913216108
805773894
559385834
-169905181
479312396
1462270219
1943279574
-1449980654
1872968204
-995735124
-121989370
712131875
1135463347
-2102792164
132237770
1453646626
513442079
406850649
1948176500
1984555006
-1834330300
-185150805
-1871023793
2013864557
-511638018
-1109746643
-1824442161
1674550540
-494650008
1452047244
-621221623
-1872606519
1029760110
-1968776690
-1426527131
-1119578748
1284320416
2086691030
-1492467823
438743796
1639419721
631091813
844269240
1240064967
1283459008
-1129924508
-586202637
-1081671411
467279613
633112992
-238725889
1090911190
558603374
-2095502251
-1671604688
-1636093159
1545924619
-1380796242
-269723482
-1695956009
252553640
-290480244
-1988483651
-516409473
1561366921
-1139664506
-1167255095
-1973996396
972568123
-822279632
-74803197
-107997812
-1517943903
2002035616
351685053
