1106289262
-4817065
-882527013
-288401265
881206990
339410974
1232552681
-88693871
488165045
1570552874
-973228721
1538013254
-1594857281
-318593140
1749577527
1962818542
1763817882
-983165765
-1687395597
-500449719
121169094
-554604528
-1715424668
1732172838
2132483488
1221725815
-52792929
386791225
2019812508
1705421667
1789882316
901257010
1124226257
600683010
-2136855983
1717422090
874464698
1718082994
1689734704
-1856435809
563955002
-1994048078
-27825235
-380885886
-401625632
-416626660
-1190805452
-494372848
1897291116
-1345738734
-157336968
2127271359
-488648814
-1449084105
2051218655
1080180153
-982802179
290714209
993583644
-2136600402
-1958494570
-1148417652
1044203549
-272364826
436389125
1974487825
1977263400
738663573
2137150583
753750550
-837883072
-1228704910
-906732383
991625288
-1631322675
-105625206
492217605
-473425209
-507167365
-1972941488
819991924
1155088994
-299405726
-1351747847
-642022701
-191218940
-1027187610
1035886342
1985741857
509064813
1439556064
-382571999
-1250749512
-37841372
377107581
-491954643
1985020114
731437227
446012518
912077976
1478260047
-1018190348
16251297
2114862578
-254405708
857550612
-1213285450
-1411585341
-790007434
-1336912586
1169829781
-1980052072
744288633
682576849
-810072138
-101111201
-1010416942
-249189859
177947266
-2107857164
-46037036
-474112062
-1843866895
-1453133573
-721065654
-1834270510
1738321779
1629252848
-1240557056
1462508793
-1521898732
545866363
2046922376
1886164467
-63259430
-2138416632
-603361990
-205018819
1490262385
2003574679
-244876676
-1009966833
1498333961
-740679984
-1680439998
432365704
-1673383041
-311964583
169482200
-718717141
750912698
-959704980
-498503457
-520640631
-94717097
162686627
-1948088172
-1489375936
-1030547576
1591584534
-1380866472
178458147
-1572892615
210095271
-1990309269
1950700218
-1662002060
1771785371
-1539936261
-1558380052
1516318469
1546638189
-1629656227
2078678010
-1687812000
-1662158114
1007937689
-1264693073
324977347
109235536
639815212
-277633835
1735146647
-1887753644
-892663800
1878227691
-1288157925
1147166849
-1288143137
-1034620140
-1564102845
1484492935
-1600733280
1525995089
-1686884643
710454659
-1026943167
-1027047182
-1568513034
2006003348
-306698561
1743814729
1595586683
1452787117
1589064546
-1494558815
1469969442
1585983404
-1888766139
1416634478
396929674
2040230315
-1580206571
-1459226171
1686038433
-1743644778
177838616
1359248141
-899957179
208357374
1877843313
-445407753
1155046701
265863467
-359464031
-1090464853
1501203978
1682772855
1809393489
-342083261
-609107223
1904389337
1919852622
-1001382020
-1887824422
-1724937792
816973268
-623060566
-1315873066
-310206687
265687310
-1865545748
-333265955
1631932883
415687645
-211955551
-1424726177
-204697830
1180071896
1942863130
-32040740
428497536
1746041235
-1172034160
107867086
-1647713045
-628747228
1270388824
1029560518
-1339195156
-2066845470
-1360525227
-57422636
-1842935724
-594481296
1827573421
-1915630805
186156813
80632313
427400126
2031748357
643055398
-771843652
-665685165
-895939644
-770680273
-1164660789
-1547751406
-100761255
1658051526
-1497172466
2100038201
-33166615
958900593
-1722553202
1284887945
-823686739
1487911854
1038882544
1296689793
864247321
-2055353271
994946622
-1088491825
-1651066560
-407890452
1920936685
495792387
594477174
-1954285316
306309915
1095011205
1200785206
-1372743262
425097495
-1471610167
1392681798
1396886311
-840944090
998150848
189292313
1553521796
487746948
-1977622639
-1532006797
1683626553
1349325736
-752697976
19482962
269556061
493860300
-1119304626
-1081306868
-122347530
-1643291220
801726810
-477944908
-1465631094
328494477
-362406489
649822658
2049765109
-1888896896
-879687001
1712876018
1225935997
1562794727
-514291081
1407438700
1016281379
-1264838856
-1656035501
1085836836
1328415803
943471361
-1346933173
-1440185981
1524590143
-1046917077
47841591
1985667399
490005983
712777346
366564327
-1590097753
-76023205
294175092
290408607
1350437817
-38240491
100193816
-1902764094
442482456
80890977
1253836146
1468821196
-53602879
1156778399
1050701557
-1188228475
1806694717
2028113036
-247941304
796364915
-1185742843
-1818142252
189644620
-1208444017
1337304609
1125522155
-1039775906
1896460348
27913233
-927195876
1573847769
31062900
-1840742415
1104293345
95543262
-1178468028
1040897239
-1062573963
359892823
931575417
90492031
-1179596632
-1531291336
-2109210213
186439466
2043123441
-269326073
-920529126
53194178
771097033
-1395245410
-347708217
1339755074
-1755940810
-1531158737
-1681194875
-2073230764
-822634075
575005321
-2117546433
-49551301
-2059677956
1191876761
1779257628
-1654860302
1282466031
1822655282
983981041
-2146613611
-1340465261
-2093176816
1297618167
72770048
-553849040
1793294105
-1950154563
-1460216139
1588121178
-1940422426
-1175762848
550411778
-919525054
1047959938
-651055368
39151203
-1168077239
-1766358159
971106901
47734820
1712461782
700468979
1669419754
1593849930
2128027496
-1924687479
1598299913
-1914958412
400330222
1918056888
-2084659888
-1328837508
-1738252970
1187996428
-1203035549
325376930
257761123
329614943
1223990746
286867691
-1276469821
-517311909
205589117
-1792696570
-246421664
858748988
2050370990
1116353009
1658609398
276469978
-895067610
-409522790
-729637147
-1289355802
-1753601564
-648928567
-2537913
547832691
1636262753
-120435140
-256703675
-180136520
-1294696953
-1510984173
-243503450
532408084
590051812
-1853408914
-1687974744
-615529903
-489292134
-196217260
1110837011
670530860
2122839450
3451350
-585075574
1465667349
-1642261615
-1350111628
-984989405
144642098
-1860106975
1090550974
-17888198
1776395433
-2023673132
-2133142978
709857154
-1662691298
-2076028851
1590944405
-320773284
1077210490
277031616
-1903413533
1908814955
-126261522
-1162253661
-56811668
805846631
1107610167
-496223067
-1783768201
782442546
831415587
-1887693345
802741113
-1891803864
1087395411
650512201
-1205829261
-504881222
-126984639
1222923374
398787479
461377854
-1467335548
-1479196317
2118341937
-2036114689
1558846803
-278115339
-421578299
-1981930341
-2066097337
973161505
974710387
368059278
439884132
-367790136
1720767907
1109594121
1789688153
164783522
803385565
1674777352
-2112589306
-1646613645
1462400248
1992786339
-636974529
946938749
-1502268298
923498915
-1472988209
-789158603
1888558126
-270847145
2018837183
-1477436103
1204198955
-416015192
-1084465960
1035137152
842983124
-270331541
-1752777371
-135602477
142213196
499991798
-1313654467
-1809655685
595150875
-1092243211
-622465281
2051242811
594090765
-1878385282
-568954977
621554304
-1629562022
-182446494
1851632417
1460205270
-1804684025
-1468309051
-1936759387
-1816459106
-961624949
-1810052112
830961826
768639485
-470580300
552688741
473130102
933497879
-915693365
1512523827
1810167325
1108050813
50308086
2117023116
620954944
1241544675
817628893
-2125093740
469339762
-1490783466
1842520720
944345467
-929387083
-1764869332
-1901422680
1218618317
-1221182142
-261323780
-918285140
466255624
885398665
735953872
2141691573
986843246
1021928310
-1608245415
-1251033005
418690588
-347535883
1809293539
-1578220878
605633372
-760960072
-265802039
-1637329672
1203775030
-1167146953
-27003606
-718322191
214319692
-1127547144
-1777453348
-368593938
1617548519
1915944976
1373485472
-811378967
1549731404
1782089960
-742833769
-276243
1236339796
1242932548
-969158667
-672730956
2113071675
1983302785
2092013811
1337258641
-1491347017
-1679059171
605676810
1027722128
-73879220
-131151748
-1748414115
-1511851301
-2099455010
272543977
-1240784010
-96740001
206747015
885730266
-338189259
-645292114
1211392427
-1727086984
899724804
-945690074
-53252536
-931358115
362093135
384674643
1147590802
-1610250082
-1060234701
-933518191
-1327741250
-1349385972
-1142782348
-723739403
-844985570
-1653608009
932528820
-524984722
-1204763539
609680051
386191330
-820977370
7253868
-443669986
-1255896592
-1107343059
391642541
669664352
1184861384
917805657
-1115830866
-636697420
1389393024
-1918613913
-240754648
-1363263000
-512201525
-1471874715
855459497
-709274784
110314419
1696221268
-1219901600
-705326496
-1051888764
1549280776
-977493449
415462281
972838923
1716404819
1464984359
990753956
1279787776
1996994402
-1614443066
-1273142626
-1447468096
-1100109466
988737060
-1953907757
1691792958
1342291062
-2092981544
-221416818
958623035
-1221622605
2086712405
-1500572720
-1208480843
193090732
-1044820607
138581584
-1468423780
889130500
-514856568
916870595
1497358283
-491268014
1630538476
-620888483
-2018248907
648667720
-1651781664
2115120278
2065807199
139694358
-1989019690
-1692154575
1394057229
-1653358064
-932827562
745425273
-1723213248
742982286
1303555857
1959046093
1643596895
2125586963
-1138256074
2022205535
-1710277197
1073595056
-949127165
368240184
860437784
38783914
1280704158
1705337983
1128808177
1114366554
1089389860
-252446727
-1359141284
2078264660
-590896894
262429907
-569627226
-1980176949
-551615868
455188639
641458689
1041824563
-390317653
363980956
204187252
939740456
-748112830
1766578234
939192850
-1025196146
1987479859
-1082303524
-1586905746
1080601848
-1613503210
-223487009
1116590925
-1537344691
1225796618
1159863258
-910165859
-1249487192
1622205640
1942506023
-1239474266
1566815872
1602339060
-1237908574
-449373569
-680095479
1617712822
582111152
1866170562
983654617
1964597129
1488312450
1226751106
-1148428083
1936101458
1723065243
1004040829
1596891692
-992387404
-55783793
-2052212338
1062199565
-1159182430
-1925508084
-796863132
1109965558
1182362421
-1377034978
-430610312
1618815942
2005832127
108946094
-1097772740
-1796770604
-117182945
1629594443
-1571707248
29872727
-2067254954
-329371348
1873708921
330277639
-1807105190
-1240163211
-1707101676
-1704663548
-264358614
-1772667463
-975235640
1560621815
665206818
-1393335104
-1899637574
1285394550
-515774832
-979882103
-1024235387
-1912681299
-1043494522
954551698
1939201578
1709980729
-1382414351
-2071186602
-2061148859
205325143
983513834
-296582634
-514560382
1499876669
-1974901941
762095580
-98978482
-1738074681
-1657316219
-1483473988
-1339092784
-613127850
-1071077199
732682844
-458401766
2119122677
2109188580
-553810249
1948984731
-467971908
-1385325370
-196422883
892888536
2048956025
-1149032347
-1452026243
-344482469
56051340
645502790
1634480614
1060182507
-1271365359
-840561219
-1325356469
1850442492
-1588852412
-108441218
364255878
173571433
126726433
-1100745101
1259798943
387667552
2051758923
1914701007
-866832051
-656741987
-1597589714
1629908066
-898015044
-1456523558
-453764249
-1169696465
-2102220912
-15836539
-429776286
826654011
2029266217
853794227
921431364
-519986265
959404072
1421381972
-2070793972
1944461568
962456114
136341672
-353013260
511571158
-1602882573
-620296463
1773015325
-362598261
-1366295194
-120916886
23400554
-1476823188
1765162578
-1381847433
2052763819
1761848325
-397876457
-1773795555
1916161534
106340016
341531050
-125204557
-959635855
485462383
53144285
-230634791
1849931500
1808704763
302982115
2006450601
348682829
694321948
-582429677
-2140923860
-1687988524
-162276805
-1239637268
-135516912
-1539738174
-1990951371
-51215784
-1415163753
1835647292
629097073
142836021
1854717649
781280372
-804069068
196330000
1062209804
1012247049
203654195
-1051813325
2063458955
1128455342
2021900905
-742974239
-84179849
-1104802294
-287365333
-822110497
-1750213358
1308747743
-267544968
-2114011594
-2011627982
421325677
306717333
-1625187785
-849117460
-978730216
1868375769
203777983
-1899903858
-646935992
1955249093
13958588
2048419539
1021980560
8640599
-57051665
-689691823
-1280486127
261469343
-513401357
-1628892107
1344164640
-953663086
-1803291523
974265907
592068902
170773021
1396782820
872729015
-1242617656
-1128066691
651018980
-1451426976
-1557018809
-276659507
1205162142
885473198
178487592
-1742584352
-873150238
-1293443591
1950444567
-1642181296
624442289
1902519972
1212125960
-2069057065
312687357
-1097224045
-1543382882
541847261
-392323662
-1227064871
1070996432
-1558195119
490401529
-1214406730
1276740297
155926971
-688714310
-1996643904
-760410096
180485778
-1329151901
-288136097
-784603671
1139753930
-718061336
2111465085
471325690
658688689
369362186
-794681730
1050102576
2021618939
1648510682
1155641966
925447139
-591142373
1366692224
1951563641
-1190976969
1358333395
-731589064
-2023283553
-845253434
-792456178
599117213
593233063
1802561915
-336046611
-324753110
460944212
665228480
-1813595105
2003785980
-1238433322
1013032667
-1072086411
179562972
1966251651
107389845
768702644
1589624701
189103046
308408348
173065389
1277275905
-571739561
761125674
-1181077109
-2048606783
-326839636
1808696165
-1548656533
-1443788723
-1140860498
554385417
1451191857
225482161
1849310384
-1805422653
-1010834791
-1209525510
553877660
1266078176
-1377502068
309588728
842797167
-782774874
-972820556
18796100
-408795418
1770015746
-1261508782
-951066748
16375673
1929906018
-2102664626
498108397
-444267896
-569018908
475315343
-467548151
-645570348
-646925904
727579021
-2054063942
418320944
1253180321
432481315
1643876478
-253875337
519828522
-426715223
-723257101
1157316544
-1765079433
-863910334
-396773219
403325136
1264812498
-1794813839
-1369672473
581071568
1644686664
-1935441422
277450855
-1480235201
-1498865268
1178306503
-1467586202
670446377
-1217719014
-618204272
-1494123362
1607554200
40355487
-503488481
-1157861307
-365364405
-1177818729
-2129310901
1584221002
-1624201051
-1778435785
1985493252
1894079710
1253989096
-331049586
-1462930520
-30369739
-103368798
1482444518
1788870036
-1102550899
-239277721
-1418378384
1637451772
-287227537
2006328511
-1738558689
-1856666881
-1240830156
360450146
1723788755
185375477
802941898
-1218949982
-215662662
-1274398965
-2035926089
797406760
718782451
-1696412398
701798238
-924352542
-1381112461
-1113907565
334619777
215134267
425395756
-1923239130
-2008726521
-824832627
-441572245
408757251
1015232510
-1728698925
2067181185
-1789457191
1063036386
1632378275
58922149
789886430
1501903135
-537904550
907565337
-830223577
677308884
969300888
1435500170
1087550777
-804213799
85202927
-1891895108
1235314399
715819523
-418418474
-1014594714
-518998979
-1688620634
1494241763
1346241370
1200064293
-1143786918
670977849
375084520
-1901689688
-1891338750
1278695230
-1798098300
1566046192
-1652247286
314788753
1743356582
-982313395
-1288508689
-1250708165
-1031285775
155644045
606080771
1573783587
-343521129
-808278641
2099090802
-913167929
1843964411
-189421030
-45843329
-157929687
1728545175
1715223018
-448173549
701203974
985095199
1033455116
1639357816
-1848574643
1644075750
-593464213
1127004513
-1548197682
386692993
-1503132503
-631789011
131963954
1193942441
912502323
-1537921940
-1743218389
-1953955995
2030488463
1142863777
527584491
1918879592
-83007753
-698298039
-2129090343
1022987703
1047591979
-1958343652
-539729278
1802580622
252117891
-1386465390
-1140930867
638387076
705993283
-1440840792
-1557853069
1556942573
621009970
672636131
-1922442835
-2113877633
1025294957
-734329707
-393416402
719252023
-1779655816
-196794018
1384921683
-614162307
-1289457515
1525023733
1431345304
1869580422
-1905791911
2087861288
-183744946
878182905
1057724027
-1005381087
1796712074
42454229
-1973782289
439207914
41206368
-941420399
-68648398
-1052858574
955311441
-1466420860
133708007
1055768400
996084993
1984764039
-1152412509
804095880
-1277353940
-202977064
893456388
1720029581
163651802
-2003656640
-2023012344
297719879
1927990738
1703279992
469941403
1849669334
285828940
425527496
-996243855
1984023509
1110215401
1616210673
2042238486
2079083746
-168666393
471711309
1537953858
-1526624674
1595171984
-1898977740
32349041
-126434447
-1892156941
-1389430624
-1164463437
1920547408
939389654
-223896045
1121669568
1104451778
-342292246
270273463
1204489807
-1897800481
938558272
-210568249
-980159833
-1604377062
-53598981
-2089596882
404598133
-905147774
2129171271
1743522669
1272802016
-1142260668
1113630345
-607949887
1440000730
-1145404556
1713560279
-1014729596
1064741049
1160466444
-2104798294
-1448697389
-876337147
-64657356
1464674002
1213203056
2140584595
-935463229
2056184489
-1996680214
1964102610
480869893
-863190133
1535622394
-1161740956
-1520405826
1931758725
431557168
-950943504
-591133841
1186215756
-517500721
1816795958
-47083561
-789123216
215915508
-1443394461
-1411935044
-1506997040
-781678596
1713543590
-167309334
206602576
-1567035353
-1286220798
1684578428
-1704956471
286888568
-2000045978
539813721
-161426879
-259584544
1353055482
1371794433
-894923429
-199696741
-327557189
-417363575
-708092144
1235369176
-204322231
-46061596
-216735073
-1217412705
1206771455
-300726941
-1352354878
727709167
1056719684
-191654786
1854616353
-1361891290
-766035168
-296046124
55156235
636576677
1794730513
-1227180432
-1894814365
-678771021
929025311
780020301
1639591896
1338143393
-750763474
979704603
-1271114920
16802351
1968222355
-250193085
2120389062
-157650386
-1493195032
156708137
1194783977
-1048950682
-1497857501
1253826224
-738482776
1795179705
1012560357
-945284862
-1566115212
-71180152
-903156209
-1499600752
2104326404
-188473260
1744925083
287752536
1954398024
-793183320
-1812754776
-510524571
-1528985705
969989942
-2002407466
41468828
1452686378
1981787456
920001236
1269750964
-866988595
-1566121927
-1426257866
1816497286
846709202
-1844661333
-634002293
281289094
1054452553
-1843234981
1213402798
-1543537519
-2084207761
1759146154
624863068
-2143196440
743544163
-1737494979
-1495251449
570236028
-1272647393
1636463072
-538401047
1834891883
1296996773
592385191
-798906789
-1596694070
-1700470152
585206102
737287526
1754597028
1874374733
-1878499070
1756001178
1042940739
-1611689726
-776047112
1093138974
-473737299
-132981041
-306863908
1797940232
828824945
668033723
-949150699
-375918610
1786835875
915679824
817903976
-73263427
151349028
-1478589295
1828212195
864408520
-125822170
1786534444
313980923
58710564
57226734
1111577835
-960748552
-264352974
537449948
1900972656
1541239440
1251918460
74617512
-755261919
-1581586990
-1608463676
585191149
1792773728
-568919995
392302682
-583000597
488939775
1115062865
1568335022
1479885192
239477491
-82898468
661055269
399541400
753790790
-347039689
823060271
978220381
124449106
700551739
-12168295
1014383697
309925419
-1900867921
-60830945
1060129570
2002149725
-1849411860
622961221
-1823506435
-792192809
-2021442109
-820219290
795367695
-1649263579
2096355486
-688716275
-1204558776
-1152206107
1084335845
239351426
111548257
-1001054605
308751266
853315240
-204825568
-2079679770
1249394023
1289668358
-1981047590
-1050821824
-2016866193
-1796247774
817517881
-354935584
2077835010
392255509
-1486263489
-947655109
-1199803362
589665372
-1876601718
1457136843
1638964307
1008410859
1683442649
-947282362
-601112338
495422343
350460622
-1594711789
1867116889
1279470165
-1789117451
1492479993
-391782719
-1917273939
-1725097724
-26614503
388828665
713125171
-564696732
-75413474
86688670
1583602984
1185281264
1236456370
852692602
2098020605
2124168956
-2048483789
1468634157
-1203638743
352247192
-560342618
-441056246
-1027925445
1056145684
-1041064213
1571968062
-1078641870
1738239943
-563562446
1987915063
-1684825844
1861450252
-1995694419
-123918526
1932715164
-1091523955
-137814137
1866972790
-1899108448
1065432771
798317588
1202266320
2012520978
-1769114692
-1116726968
-1269286241
960981182
-259206369
-1328311699
1976870178
397203732
-184603539
769409808
648174446
1490204223
945477257
-666477508
-1536075371
-1892220043
-419146374
1303435498
-704804348
-1711804527
49061998
-1734810185
825599277
327050718
465519617
-1653108777
-1124210843
1728075828
676979903
-610865335
-1345470194
-1626007991
467330535
-1026342836
2125849848
946292288
19740786
1506779153
290347268
-1338682746
567514706
-194158415
-1528664822
269115614
-803885570
1943021664
-1641366532
-1675155783
1842741806
-1758965789
1799592779
-642568502
-796950045
-1709165505
-1718575991
38036442
199629994
39874482
992216399
1691612376
1508235040
-1939198490
-1622449824
907339316
1732256696
-1874456732
-1739549938
-1936595860
-269515845
-1686548410
261162460
758983654
-1306151792
-157669840
1728243556
-327771648
1202253117
620202369
643467898
-1690748059
495513645
1666702788
545282194
828566434
1114436915
-1290457748
-1372981922
1780341240
407351246
1371328
-1032881989
-1348663437
-1622215250
-2054916076
-1738546483
-1394994629
1374210423
1310900537
52833896
1746133545
-1407726140
-864886730
662873521
2092108445
151872622
1153071927
-1687003899
271709582
-1893204467
-1989527099
-1038551016
-252433439
1107844542
968734519
1151278433
14241534
-607070938
-582768537
-151372875
-2062706783
-565330761
1691756713
1605928498
711126509
49720369
-2053742087
-1237956002
-828707130
833369964
1006503027
424674447
1287352927
-636603565
1867268359
1140250252
1510762513
-1635596493
-4506772
1128481908
-1141433490
-490287563
-1891227820
-184788002
-504613226
-161198807
-1936227102
206022977
-352905784
905183364
-1522913192
1452842902
-637910981
-656718164
-291555051
859592251
-822470097
-192419214
674608061
-28786406
1956127806
239047135
1123089337
1384433418
-265135113
-374287054
1600985058
-548349324
-566259284
-389004759
715667064
1710094393
-1531263093
-1720987777
-1790741416
-1359269677
1744629227
176391350
1907123054
-1142939718
-2071621400
1327389206
1706296423
-1839401720
-1087878351
-1975610124
-1825626197
417264991
-1642196449
-536271817
1686595978
180524042
500608778
1466417432
1961049525
-224752798
1431828952
-1113204696
-1157710353
-668625038
-1799509802
-419135849
154546179
1309849310
507890122
-1539180622
-404850952
1397626368
746797128
-1445622099
-2011765885
-91289517
2014356804
-1435973470
-2147280964
-1820216300
-1582038040
-2027736359
-1793920492
-1720888282
-1534365785
-1242672823
-1461079162
-1914555339
-338042990
-1674874529
-120269555
554224414
-1701102870
1672307965
165036117
1054709646
-1788042507
-865834556
-1957896268
1329308393
-1697708523
1061863574
461486427
-665727380
664227861
1124383062
-1961948728
-834842987
-1631532090
-1064356111
293212543
-515508031
-1844737590
-494669918
-441480712
-1528871145
-1793466193
-466948751
329119195
777729700
-2074256833
-1023077636
-467124118
-378903609
-44785131
1576249465
559833150
-1672017713
597772659
1289565434
1167126837
-1801534750
-6982573
1391470579
-1011877462
-2140585696
1682359227
816322297
297029351
-1063763449
-1909124779
1103270860
-1512682281
-737180904
-1788293058
2057100951
1414255871
-1785100613
2010523422
1078196341
1215482031
1018713183
1477384056
1125440055
-2131987852
-1526753563
-1843378622
-43855004
1166119632
830979390
1377384888
175527296
1995310124
2027946322
1316626540
110538641
120465933
-1411417821
1775138209
-1560969762
-69755002
-1391225294
459085530
-1468345863
1722407149
25999137
1011588781
-1495443712
169520337
-55595111
-300148516
1650587167
1668151338
-1044551059
-834051163
-565002408
-2128162350
1294993919
842519128
1291131526
110362932
-1340134686
737469738
-1547467618
-1692357566
-422368064
614083145
70212920
-1859293012
1137288574
-908813264
1249085518
197483598
-1209310563
1381175611
-1656166334
1204123881
1641454819
-34369411
-958794715
-750461163
-1222229446
-1951359023
-245174731
-2005498762
1707702743
-707993809
1556119207
-1625474770
923584158
499942720
235320999
1547536530
-332895292
-491679437
-480854116
171995423
1128134582
-1914124847
-322323792
1601513390
1038686520
1403175375
1135318159
755980775
-299490607
1664469346
-1414999698
-1331518477
-1382883226
-656796392
842962254
-1259131531
-868965595
-992232986
1609329793
-1879137862
-1321687132
1517977213
-929326995
715126574
-1210959287
-748604960
1168630927
2103687697
111951339
-2128390342
-1875753021
625593963
1603926201
-1379321108
2116408769
-309535427
-1181922469
1818215654
-1009007382
-396959496
244758102
67279927
-942437308
583894322
1964364212
-1205047322
163601859
1347964311
-1803085085
-243107582
-1703051062
1353562141
633748701
537758199
-1416670992
55823995
845821577
-1675346141
-621878010
-183248165
-1856830624
-1552997208
1597678169
-1884802099
-170481069
-1129781885
-381272012
1021727615
896915180
206165981
111738792
-2078888405
-69312333
-948995423
630266766
1565457360
1887724754
507885646
1762637004
-1833244380
-1434397189
-448724211
645971672
101344200
-1326537079
-2116706811
-857296774
2147218877
233697509
1296672750
-968229675
1953293334
721863211
-1274758428
-2052548441
-171965201
756771596
-627493507
-637399089
973570205
1588886261
-521109219
-53416177
1382871590
1466878321
-389748344
-536181229
2098633459
-1997131317
-1809262152
2043299250
847224259
595453175
-1669033488
845037170
1411675363
-145656399
-1754223856
-255949999
-1027336293
354943718
-1100678357
1372681410
-511081749
362095699
764981078
1820014581
-528967305
-1484161684
921284290
-1349067173
-21721409
-124839298
342792973
1004274025
-1411034734
-980681705
213385684
-224668005
-1704678972
446133413
1576702860
-412287045
2033384734
-1844102052
2124772242
378379106
1748955030
-116170915
1048900991
406280639
-91598145
-1089050092
1958960065
-359032425
594155650
1146189793
1646160742
82432396
365313294
-1728182279
214034747
1715128737
1897520140
1566686350
967070741
-1362138883
390259991
1515087918
2000973934
44440558
1664361323
-271905432
-193234637
877008432
-627864357
1364898996
-1258223141
-945293969
-1233515512
-1891615596
-1988422213
-1029208053
287914447
-529758218
63275160
50641946
719239683
1672916700
1187130493
1037433522
104083292
1725175102
-189034289
-1313967257
-1074398546
411077678
-579785058
-2015421422
508180829
-1348148931
914781757
2053204180
849655567
1967947805
-1014894061
1869021274
-660879708
-1725887865
387173043
-1183190943
-729991582
1110248030
322435115
-1345509764
1187107700
1175790100
-1573276519
-2045431531
-1200541547
1510563661
-991755262
440241329
-949050360
1353094081
192701798
-925957769
1002680523
421124198
1022230799
-216017678
1334529803
609656525
-1030428631
1957614613
627361754
-1487801140
-1384892009
-879330945
-1265887202
-616833444
731070467
-1290423295
-249491763
-119936571
-1210655433
-1560276644
973445718
-1196137992
1958074027
1539264846
1599011170
-1057373381
269277022
-391338801
466404028
-1575856629
1833974504
1646796184
216266892
-31976387
-1599670832
171512292
-315909429
-1006289819
-1839517926
-102074247
-1424265998
934164348
-742236380
-1757249303
1827988212
-373181252
-1098381390
333769749
1763273070
22290382
845371719
-1486624526
-578781923
-383134425
217143734
2117826959
1160988048
-666519377
-2131599369
464495702
114992926
-310898013
-2034042562
1636169105
1187512345
-83634501
-589984951
-1994975952
-927988413
1479457166
628312057
230520009
349335936
1827846197
610289188
359815647
-2000651059
1716385327
-1939352663
163235942
-123777424
-233302652
529749188
1427771782
-639443343
-971870932
-1642117982
542640799
525400648
1901773232
1969695544
1128607885
1860395223
-809606127
-1170564017
-1232651476
-669308518
-706356503
1989841891
-1013127906
-876156132
573536720
50316206
233827275
-1604299604
982616833
742368766
-1212642392
792538960
-96276676
-2110821937
937819324
169540090
-462202899
-444527595
-1754025120
-582249223
-1169522803
1716007512
1691052358
-331566926
1408762951
-1252418938
-1487916357
1266348943
-1122776865
-628018172
-332454864
-672330954
2116616143
-298306043
1549159414
-1374544642
-1102822222
763741983
-499448760
-2133702242
301950949
-1362490853
958718350
220674087
-670314389
310158348
1329774816
-1580344269
-2014930927
6623138
1948498632
1469180766
1416611282
-861646401
646315595
-355027467
-1680848260
-590552245
50976810
-519547155
1454416787
-89201596
-378049947
-1344573674
-1132705676
-1370756072
1009375232
1475403664
-1349761603
-1949889738
2098915593
1674983293
-321541396
-2107977246
439773912
-2035103496
90091077
531132488
390910104
1719441732
-1903711495
877675476
1399904262
596615240
-681353852
-1258986048
1376007800
1312099131
-1892941226
1255345902
-512519647
-1991280997
-912704843
304342263
1658997651
-1556327581
2075450337
537429123
1259002756
1917447036
353045624
-962863910
765511892
-198919821
267670556
834220219
-36865330
-1231681685
-293699246
-85929876
1748069294
1192823125
-228357715
602267922
1231519586
-1653938593
868993067
-2015312574
1335919252
781018538
1854619102
361167575
449385960
-1996803521
-1235240754
-155024891
2097973634
860351042
716178717
1685070254
1772842186
-1554682520
128617580
466427124
1111807603
-655679834
128190333
-493736434
1729996984
-1173156566
-1031985639
-129836449
-1780394520
1030502542
-1814015692
-871009340
-536090331
-1512020917
-359208114
1883855661
-18524313
924790379
-1119374565
-2096736146
-218997561
1915182466
568732773
725162839
541026810
-532506146
-1221250255
848181761
741238298
-127465987
557653281
-1511112598
2092452012
-1305122241
1555565848
15902020
1486868446
-905844772
410869027
401913865
-870131952
-1379899625
-1323351402
1691671635
-494136939
