-1677217190
-1026134054
1412848581
-345621896
-357412493
2068101158
776141200
1628004840
-1402343099
1573336488
-998196413
857681039
-539838865
1298022611
-1822275731
-774644607
1262617560
1061501455
-451687326
1267835066
-1530156230
1406585332
-1001845149
278983285
-757915164
1719169204
-1118063620
-1981746242
1173667259
-1704257321
-1932036947
-1819368634
-673759615
-33185490
-62386740
86702454
-1934219431
1018794497
217522601
1744650950
-2089177974
-2121174646
1518757106
128994126
-1036437117
-757371993
657768025
-1453445220
525456158
-72728374
2137209971
-2042108216
-1979065816
1677832243
735643107
364042694
1833955873
1411567969
9676727
-1103619077
-608497601
230691013
1524852241
-2022303470
-238160200
-567819336
459895562
1120848911
853581889
-101742673
25702354
-1712729181
708206545
882499757
1412684827
-715982910
-454051670
-799880456
705976247
-1576864654
-957140327
-92851185
1053743743
1529454054
752397947
-1939435814
257476215
1936568779
1670840067
1146943267
1369634863
659024352
-462698053
-2096654267
-956352149
509879244
-462293944
1198279458
-896026106
-1790135765
333128177
1859690330
-529878254
-263116055
-1794833054
1763427256
1538955332
-1512356141
2011925164
-1919811088
134577039
-2038847893
1594170767
-222314105
-1952676082
-451833861
-542732292
866469394
421441830
-1356465428
-169843500
2060688546
1940393707
1697872983
-895515914
-1092719490
1790535874
721807580
-1627941768
-1924292846
-856558264
15056818
18716211
2079134504
-1913692558
499692287
1392335748
998756181
172389621
1771168106
-138605999
-436246603
650720744
572757229
1361957706
59214554
-1804269914
-1077044497
-1336317327
-1562842623
44976889
-2101311087
-514849829
-307367802
471644532
-1797290424
1918032055
-1055981927
298717727
248471979
-307005297
-686089422
1518017369
1035672717
612395726
156586305
1931806970
1580411470
1385948289
-1639044054
-1996508745
1359873134
1264686689
-1492908176
1426011850
512090978
1020057361
1322001839
1302725074
54046890
-1369395805
121750223
102382839
795641379
-1255702432
2010617206
-665310895
-733196647
1865968584
-1854180418
902363018
-369796192
-2087942697
-1853681880
1943799489
-1385691997
-288452215
-954991665
196783537
-335895747
-411834720
-1297582368
-619908590
470778055
857051556
1802870857
1917309503
633571633
1089269803
-510714960
962856216
-749414635
-1580774054
-1863365466
-1469688791
-1252168439
-1460125013
-129326564
-602868725
-68177868
-871702288
-905468651
-223903990
1348958243
-1536301673
1830600349
1059419655
630966237
-1219002322
1244653817
216099744
-1706392524
-1864274903
1315160095
1351957901
-581387427
-2010750237
1946199400
-798621620
-904441405
657861090
1759505027
2030862592
90515479
-1287274145
778713004
1558806934
1887768235
1943369476
-564551394
954143529
219093504
-488709897
1568874438
-193285465
63581341
-256309993
1777492280
-309195852
263440930
-1937690492
115221222
-1523677746
340363164
29049700
782929038
-1564344399
-1282888423
-842763036
-57524748
-849257220
-1303520129
-270544003
870712273
-1486370284
1510461849
-2058091144
1700685835
-2119181753
-1706193038
-1534718541
-1560702683
-21109708
-719745306
-965404507
462628088
-569819029
846250613
-776497762
1879777955
-1438101936
1565885274
-1252384685
-1481906241
1434280772
1096006619
-385548646
1473172695
952174597
-151723294
-1831520655
-1899870954
648554581
-1958765363
1050837060
48942402
-68478759
-867166847
1044093295
-935004695
886871876
810772421
-88687872
-1358175015
-980539212
1174513100
-1131661118
1906092500
-1468958117
-1151903981
118328438
-185261436
303868002
-771195027
1680560483
1101572524
-489582839
1312064347
-73337839
571737504
365333010
1552121249
616897104
-784512522
-2060368289
1045092885
682231679
593731710
922388953
1977633210
53051658
-1995559570
-2096360044
-1071684596
1093400372
782795489
530056752
60262813
1228076566
-391227518
2076923522
-149103648
-718593306
776959108
-1269602190
567303748
436881788
-443543851
-516376538
-614427516
-1090372078
1937309586
-267444897
-1920650691
324638539
1412337596
-1029816541
-322064448
-477657994
1492896556
-685040228
-2013013975
1681933331
-1463054652
1857410624
-1746885456
687079061
1365755367
1963787825
-1511851714
1259997545
-529888470
-2134216987
-2047011261
1421792822
1364467787
476233993
1690751942
996872806
234090849
1470935458
-802162243
-1797342491
-1501423787
-253641355
-1265677922
92481577
-626389616
1734164137
815795509
-719104399
329158389
394573994
-641122632
967437904
1146736145
1351515727
-601448936
-1516711572
2007792785
-930474434
813516697
-1461309565
116479476
727712143
-1563779164
1663526831
1600266625
-457914193
1605740507
1437743594
1785094010
-51023226
1394086254
-2015294253
-1643965040
-1651389988
2136318124
1596935089
-1592365414
-506784520
562935260
-2068897608
1921065345
918823818
-1961095346
1906970507
2114638719
283760330
43718828
1246901250
-856823416
-459700256
1055611797
260188460
231374087
2120020102
2062083435
-1276781417
-7903283
1382644203
565229164
-1782132274
-2019321018
-1920264742
1726320127
1499109922
-2048313619
1770063387
361015376
941261997
546771457
-162187751
-1613741794
-325596525
-1809011592
-2019751228
1021243347
1336916875
-2075149516
-1172517704
834416852
674737821
-821968012
1916080286
1710731290
1097906989
466581901
-938229294
189147393
-2096136649
-452274472
-99044538
1991241568
-274436133
-725869842
-1166550363
-1393134119
1341492508
-1056625646
1898027451
-2070190735
597842404
-814347538
-392447469
1669929570
-1384677557
-1282912894
-906232095
1577425455
-1670936040
895669593
-471895774
93738745
-1385001593
1113994493
2017970689
1242321937
1998499404
2081781932
1476042620
39157710
1757403607
1123436107
-309053625
-1356245345
1995255258
-2059499366
825893872
-864803997
1197921287
-2083186264
-570945469
549810423
1234654750
1586372745
-577544977
1362854160
-1576554970
-1847388601
1296594025
229563467
1187878650
-537811435
2007955728
964579202
91218182
327933130
-1003474543
-359863711
1345638226
165108621
-1387440244
654889784
-846544704
-861896244
-223761289
1017840658
1752934801
-798899599
1017542850
-24296187
-2128600787
-1672570793
1939691836
1521809355
1343162403
-206254598
-156795212
-1824094063
1410533997
-1375859602
1537655779
306092047
-163610119
-1597577838
1311751561
-1228197160
2048032100
-1524642427
-1153292075
-1573869070
-706089208
-648038569
-1632674807
-993337175
2146322488
-1019787005
1122278750
-1552604257
1693779146
221174429
2127135780
1068490024
-1241388331
-425151289
-977221587
-1971537196
-1774845253
-517717399
-1512299669
-127985588
-764966039
-938071648
1849305560
1702347617
227438301
-579567626
630143893
-2003800734
1441069800
190156244
357102934
1549557165
240443956
-1645030092
-87178500
-1669777016
-356202103
-1874243686
1414559875
1091826993
1549460811
732632900
1137317149
-1513930189
-384996537
-282726496
-1758849889
795479802
1075961006
1508204797
-1158679780
386526121
1741188192
854481797
-1436105009
-711563221
-1626274450
1543345514
1894126653
878165896
-951339558
-1271850912
606363
2138858617
-1598127712
1287172682
570508908
-631356611
1823924729
1833975095
725258350
1744424109
-1432521506
184677007
-305455434
1533157006
2065080522
1088306569
-507815398
618585382
-1818021692
-1556496160
-1451345458
-1240100335
-1293931364
1910080453
672374609
996779092
-776638092
2004908566
-2137387895
-136626766
1152831106
-53421104
734205996
207532350
183740947
2091319234
418399330
-1859438799
1353544402
-1740984957
-1259070552
1343820285
-450010807
749673126
-103958537
-1072402271
-9024088
-511113429
124983333
1277927999
639081925
1124445496
-2011109494
-99324181
-1624076444
-1547405304
-2131977243
-982668859
924017335
-236931550
-2084565631
1807700041
-237754073
867678926
1085533587
1921829605
-409519019
57352900
-1808744730
972169931
-414998181
-1795805146
-1416350535
1551778056
-645014442
1151889841
496180199
763988693
1371273256
2051483950
-1402064312
728330029
1530644090
-1422252755
1217564759
-673793633
-1089561601
994050549
681871636
-672809371
-1837232896
-495909450
-495049685
189576116
-2050920941
-2011755520
1033410134
-1717187499
-982246099
1330918520
2095733759
-1189091469
1094244059
-67548984
-2101749208
904522167
1021746124
646450647
-25253489
-506326127
1818225298
-1385368518
-1175850996
22276312
-1258466903
-499196951
-1462735810
1273265558
-2038391369
-2088050891
238491494
32914460
-1860818923
1100830969
1903002002
556431451
842926478
1712888335
1060064253
-1615305610
265237861
-29556218
1853384117
1752578706
182632604
1439526673
-582095234
980070384
-1936336525
-1883883199
24634358
-1902508738
-2139802834
424422646
172358905
-836548567
1951197723
-1470351213
1564235590
-688416202
-414964781
1922810224
103471970
-2017554222
-220467265
-1852517356
-33785156
-1726479705
199044062
-1071078493
817474577
-862136784
-2017889852
829820053
-1391736303
-1509579377
144658405
-2087121240
205862979
-1040757858
-1614654701
1318285847
-1278447067
224570947
-832854971
-2013393908
1040607382
-781821433
183516825
-1708829102
-205598344
-1082801431
-843710053
1210797646
2110999953
24329840
-1530846265
603180847
-1278179151
916916991
1933035852
-985670812
-444680166
978253932
-832453870
514820430
357374747
1747420626
-1270433282
883525431
375546366
-1207400282
1777158772
1185049217
1293033251
-1195593464
-1083059171
-869450206
970303084
-52658341
-564919831
-807271345
-269943076
-1746239721
-20558249
2042503031
-141374854
-1887970595
1270548467
2087573106
-618116997
-1326080565
-14771680
-2077399046
458020255
-1303890415
-2140725737
1575182681
-2063692070
1450708164
2073917487
-386061212
-923272649
171132658
1854178654
-776861529
-905389575
-360578059
-1060692737
-891296799
-846819837
-598758132
-614602027
2046346674
-1609128071
-1971246553
-689281713
1806615186
-803433818
595136513
-1059822579
1350019589
1883077407
862460788
1741429410
-69147636
-436482519
1071222280
1646951323
1950298590
1016987479
-405782580
533088192
13452760
1370125175
1807907433
1702120857
-33069391
545043886
521138547
1590533427
843158001
68573922
1919839234
1530836004
-94842461
730871639
-377556095
1779361227
2000140617
-860435812
1585880005
-29391908
-1544471025
329713064
-1016907679
-216626405
414473796
65982271
-142240969
488691815
470699013
-1173951846
88078418
-1246483975
1494748986
-516807610
-296670477
-1866895123
696767174
203942220
1031870441
571225858
1567445242
-1666274159
-1968842459
-649847651
-85716151
1504493183
-2067997043
-2071350509
-1115850430
-226723099
-2077405168
-43501785
-2100315462
-742723301
184941818
-509481007
515266888
-1684641174
1935305864
237319489
-912018187
-1944816982
-1308105793
-946052062
-181749708
-685947093
-278629255
1123238179
2044907279
-191574056
-2065208896
-1395617614
-449339997
749176473
-285346
-106240246
14232014
-1846284039
1143063220
218887280
1201171494
647991305
43061962
101044664
-674792404
1324378755
149144999
1561465102
15977409
-504195791
-2075405085
-1530226958
-314300968
-1622975089
949191546
392724356
892036204
-158205265
-620394782
385192961
-1313074764
1811933276
-1635373730
-1713302387
1576560789
1787383938
2028475796
1634785842
-46307240
-1790957876
-2028188835
1200887080
-207687780
397073039
260496860
-299029674
-537521522
-1354644762
616448721
1732016920
633479254
705997085
-1735582929
-743569853
1913654228
-2091641518
1551052011
-2111288987
430123915
605045081
1130079766
1482343248
-489323299
-952511008
1426849069
-1674645287
-1034611080
571397587
405799599
-551108387
1514591760
1876974593
-920848400
2036319364
-1364241074
-272363777
-626082003
-882729015
-1148435961
-24219828
692025567
1247444537
403256753
-576625738
1458250324
298356730
-101873646
703375355
290851194
-2071735538
336075065
741605810
-851039747
487959769
2100905650
1317625707
1892468629
1602754528
185237492
1361528341
-1564550760
1690462675
96874014
616181920
185605078
1843262925
2079974114
1340982754
-728901467
-1800663335
-1686633791
1409091774
-1565278150
171650744
-1517461896
-564992381
-282697414
1824605408
1450340281
-1640314991
923014800
-533892664
-465097442
326567490
1911979648
-1878805918
996387162
-2020773882
956026620
-1438040087
1941369265
-302500657
-1702847690
1383114716
-124723287
-1855199056
-2116559242
1554047049
-926232062
340360128
-1968676819
899865678
202277090
1516063812
583255369
1450534108
-365338284
-797264116
-1622351158
742341054
-1093776397
899009053
-631757420
-497828135
55466722
1861418384
-1786109049
-327239243
1802318590
404690617
434481612
1074783035
-324785065
-706766454
-834937743
-1838722624
-1159000613
191786041
163986232
-1336934590
-1919659949
1633259809
-1734631509
-1836716048
-592044909
-1349903643
-382826380
2107227375
-932677395
-830226726
-300661270
-2042919077
1119115750
-1189041754
2067389423
-887908469
446073388
1176730148
1923394808
-1427166055
355769798
-1036810613
-265665940
90980384
965829773
1702219726
-563362254
95896135
1710329818
909592388
-552140411
781849086
-1141342336
2051230347
775419146
-45369977
613444092
-1664386646
1904434723
-513501384
1311790059
91507573
439598469
-464303490
-96105796
141296693
-677924089
-706077403
145594021
-39325049
1527366333
1583216853
2106120154
-121760124
2029442885
-460105505
1031619324
965711650
924456288
-1038198727
-1576800049
-1839552039
459920580
19340231
2043901232
-535768951
-1432694225
-1682694948
-467390139
-1472687718
1708912319
1810896895
-2018831115
-1167061403
1052643456
974758897
1929020314
-1256711214
-1151272890
1663481070
-222277643
-888815295
1295458493
-1022980045
-2041379998
-1919794771
1732246206
-216992832
-210770868
-1723854066
-21423389
-1596361121
573468642
1168992255
2017209437
529163236
-1455080694
972238753
-867648252
1046124981
-1006145898
2132389822
1989555887
-2048514164
1044468405
960109872
-1401185851
-328615813
-645030485
393664132
1434438932
-1034090448
-484148796
829039833
1593743073
2112415866
1807775365
-129652978
-1644457153
1484364555
-1807427291
148556572
2046671780
-1636400257
479461435
-1670972993
-698133576
-1707838052
1035718328
-2038146981
-163098768
684205019
1888047638
-1186314978
-1760655781
229798439
619976657
733409633
-129742789
-910642972
1625613846
1546501715
-1848432937
500630578
1961020346
124534744
2099251471
224099186
1584184173
-1240331858
257612592
1981586696
1769285166
-2047497519
1689874569
-1952028062
1071139073
-1018987743
176581182
1181032505
-570613280
369696577
171390811
1250244375
308035566
-174397759
525959724
-810260456
-240721166
-630298498
1046060747
-1821918732
1711021570
181928264
-131543303
117889596
205582718
-2050025274
-1872079
1788692195
2055966784
1119309974
-1056677638
-810152961
-857652207
-328531528
-1078704515
-1894835759
-1517705890
983936043
1855480662
1260222210
1395726890
-843891496
1466840750
1764479791
1681903686
-818721361
1392386697
-9355865
-479615296
-703740913
448836700
-1743387533
-791758183
-2052558485
-1875418398
603520918
474712761
-549217750
-1800219345
-597177195
-1676482777
710772429
1968047876
891338297
-711254156
73106262
-1819877787
-132283246
1099637880
-2101808920
-1202583959
252825919
1156288832
870534570
521216848
-1149666323
-441790650
737433329
-860900390
835054365
901958114
-1981175394
-694406186
-554515159
843179265
34309315
1251496952
2110139784
-111138028
-517303668
-55289105
2055279184
-1880824246
-1267279012
2037842871
-1391964676
833624320
-1188018378
678718763
-489184913
1316915576
-2137829026
-1800671523
127650360
-1036626743
-982855105
757983018
1969305879
-1435157226
1675232143
1325913736
1478044864
16328450
931144368
1250319393
1678718174
521042530
2051626329
1858201509
-268082854
-1195943372
492221557
543437916
-498228772
570025936
-1482579637
417456506
-1600448111
-1393359523
-107165474
860142518
749628207
925780870
475494806
-2007462884
-391364299
396043884
332279583
114655266
-987916681
1199721949
-1050838896
2051047162
1015907033
123604166
-621110064
-169148378
-441413542
1202392038
405250357
-1912522928
960355412
-1662086204
483300973
-131159717
-1671263999
-2004190750
-1500885087
894336693
-935574719
-456774349
-1063196714
1998464750
978313369
2096600521
-1739146857
-1791090290
-1245881985
1915599826
747023569
758513698
-1052597292
1550477765
-623444227
-420612712
-13422159
-275300905
2024794499
-882800948
-1029564315
-852107596
-1735669155
2071212130
744039358
-1886238869
462336763
-905308715
-1290315385
-1405526359
-1513258650
-2079060528
1496691026
-1461367511
-947198040
1549770684
242812023
456410986
556991850
619759258
868514396
-812269917
-918259747
-172716782
-942672650
975514868
1155531741
632870602
339362190
1810428125
1403403860
839314171
1770459592
1398729715
672978652
-922512318
-2095775520
665311440
-850696024
1007741363
-99079881
-851604405
-86379101
-262466252
-194376178
-1993370136
1626959833
-59069689
835181968
-408620142
385938710
-1205049688
1009012501
-1156002681
-919559988
1996972248
-834494044
649291667
498407481
605557497
1126465210
-830484352
-1927990071
-1143489636
-651377335
1330766028
954560696
1230829656
-780828413
-1120428132
-1422722565
-1139037987
-2030595625
93072624
-2083352736
-1571328184
-704198725
275885080
-52589581
583885239
-343050580
1876615527
-1888893788
-615595744
1889453810
1470396197
1932467238
189778270
581387688
-1110893111
-241700583
1980427916
653752699
-1967457433
-1394095510
285875094
-1310949454
329260647
-789191174
384615948
439809389
165078903
1253019005
-1134892231
-624905935
671260354
1752192420
729959028
-969535325
741320801
-713249922
-1032032075
1268768403
-744354798
-1865591781
-539924117
-800647876
920142887
18924146
-416012149
497811657
-294156352
2016503684
80937452
-1351711205
594936892
-1824628544
-1872248367
1470992841
422230508
-771348311
-1613219129
-2076183704
-701370359
1026108854
1156668593
1015621899
2089841640
-203132040
1473521953
1255202573
1097799531
1165140482
1632442600
-2060703731
476783290
-2040256636
-624703760
-1384926919
2098179379
-198881223
1174008904
1169323727
366416286
-1426884477
-1565640320
590134497
106099109
1391508819
614988086
-1512615848
84704386
-1172844850
922183664
-1324133318
882240761
-121124563
1519238444
-989651153
-647925111
129644516
603906486
-1710166720
1853946334
1186178822
-142659784
445147618
-1850374007
1835099879
1749357847
-2068818381
-764665870
-1310890494
-1432373636
1658965890
-1229890676
-1266989795
59823536
586086933
-737919413
1963985322
-825646932
-1291643867
-343678125
1561858672
-1446038800
876754221
-931461647
1245000298
-1174085485
-1693500061
-1727556402
-1481042449
1487380123
-834487930
2043397217
-1701947886
-995681138
1510325978
-1971759963
991223371
-1275174072
883950448
-1595998708
-357791658
-1242100465
70825643
1311455666
955454043
-1696634140
767417854
-1785276203
627626830
1701653275
647903738
1339891589
394383768
1535857966
-1411516537
-1693559145
-815849482
1760276173
-514936463
-307951393
516334753
1252056632
-629701082
-308977763
447590063
-1719149103
-1413331523
999379511
-66257480
1184666860
390003770
523476264
1224417212
297708009
-174105584
-982600648
2004109636
-567746171
639618278
1589388269
-939193402
154050412
-1624497506
1633424961
-100692403
1693998098
-102088558
-54792556
-80139175
-1691278398
-726323936
286666979
1019780867
1076130550
-1070114456
-523425734
-1290070939
384631785
813375828
52756583
741923128
407527786
2067056600
-1457961232
-377980739
-256093453
653882234
5572422
-999721247
1826649594
1481305876
-585894343
2007894171
-838887290
-1449643304
-182034258
1846374040
964536580
516880789
-205991536
578737690
1840795482
-1675958728
-769940732
763814941
-83000516
-2043478636
-321524000
-2059383109
1636086719
828274789
-1324182947
-938858287
1747604523
-10079854
-466798326
475841505
-1546198508
-2076691278
152085251
-588231623
-1659389781
-2124992304
1417058915
-311524523
427902289
-913845390
-1121104906
-744801151
1360490861
885673944
-1215498445
292913090
-168667778
1221498497
-24893080
1754101494
-401438349
1878393074
-800065482
-1276540614
-893802950
-522357319
1280896832
-1768470389
-657404778
1318537392
839165215
-274000465
-1003469515
1047288702
1490496408
-1824809387
-315060735
1466974819
-2009149679
1360304507
912156853
313291059
1008195903
-1750178289
1464909492
207795362
-1180873948
-1431408679
645426709
-2010678333
710328888
974028439
1929335810
-157764150
1055063270
1481069417
-292739006
-327268327
-712920519
750598255
1371405843
-1133682567
-281628457
41117360
1916763709
98052007
-1114932947
1408591421
-625004957
319264787
294897387
1924385941
-1666885221
-753566493
-164840013
1141112139
1597861441
-371663555
-1162498804
248041702
145089800
-2045290554
1409064860
1690584583
-1112751
41038437
1577593238
535863505
-965666113
1605247563
-2046088592
692165764
634908682
1130434615
-10062375
554996587
703243028
-1258201866
1550292970
77644024
-1644943815
2030463529
-1565316965
-316210644
1864499946
-830313654
1597792888
129153084
-1670106756
-476462352
1838346387
-852250255
-885908931
-2135134126
-445962308
1557347407
159781832
-439725815
1859395311
333760761
824308378
1469266713
215112461
703904979
-18579996
1672491825
642580943
712924265
-1415520862
-322747598
1369884663
-1157894257
1252414956
-436226835
-1220866361
-1315798072
-1380457589
-1967868623
92988599
952955115
554208718
1638966020
644668769
-1645214717
634028446
-1930195153
-1840384832
-1683229577
-466859568
-1735675905
616624537
143492970
1870706874
132042058
1199373112
-103578268
235099912
1666181296
-1379707297
-1099733455
2054450128
559982114
1831828859
-849193207
-706416157
-631097176
829687833
2078670576
-1665397147
750901086
2042238359
1325573471
545578143
1043922623
394276638
609394468
-1850957037
199885349
-1825516337
-1930615418
-1505311280
-1258966640
695740988
918617004
376244743
-1868621915
-119310823
2015987262
19398367
1860080634
-657692366
885733708
1865719685
-1735010928
-1942134624
-1137803153
-2135326074
-2018870880
1687885623
-1335982803
-514905504
1734693530
1941142082
-683444319
937708373
114334570
-1701276303
986070363
-683664766
1370462972
-1112946158
-1807373692
-1250821584
-1253147646
1302119807
2109974854
-174123158
621894900
-59053353
-1196231830
1033096399
462806104
-1549851664
1572094530
-527966551
-659905213
269176204
1947998408
669115453
-560676833
204190410
570985479
-759729564
-95245395
-1265480738
-530534983
982309722
-553024947
127579140
1200454961
1890621397
-53956739
-108852559
-1403616645
2025565529
-225117793
-426429429
-833980480
1937876426
57926654
1992240283
-591485713
-548410302
-901993198
1353737281
-1963601510
-536501467
142896387
-243444633
1772744989
-125155471
-1638983573
-1339439751
1111616773
-2135247526
1116171104
630028180
1622094254
71918101
-2082733904
-1743904131
444916013
1099423476
2126518638
-1830485804
513069168
-1344472654
-466429779
-648717688
1048359588
-569635312
-1109919861
-2103655795
626005718
-39363424
1796814193
1119681485
1647451100
206600927
-1061681000
-238372517
226229877
168243337
-458534194
-160715282
960226735
-285714903
1537023609
-1277059444
346657161
-800880401
-266819620
-676893563
-739979304
591906757
1438201496
-377468254
-735323282
-277590621
548309878
-769093218
1190529400
815545634
1408493155
-606410795
-1103009497
-1264520881
585296059
-1546407877
-131581551
2016413634
-845424694
1747448975
431839706
1552906222
-1085209714
1625571023
1736251278
88296377
1377523138
1773868526
1452408657
-1795306162
567954711
567415236
1409520570
-956023246
1996613828
-55068091
-1075900806
-1036031083
-1621276607
695969269
-1463251004
-825183254
-1644887218
109415323
-1033543703
1937330617
1354006074
1499413300
-1258936511
648740787
1650048609
745583146
948060241
-1124709881
1039106805
-118702395
-798783446
-1258544909
-422992383
1142941409
1863602447
-447905635
-2131228245
-1405450783
-1273537702
1811759650
1789171129
1422546403
-521406305
-279614993
-1156249259
-173615051
2088680721
-1268611248
-2007915244
1935102214
-123116764
270334278
1962799412
-986690976
-2124757644
-1675547492
1023484965
517067349
-2094394652
224732988
-2056262326
1737418872
-307846902
-747965250
1661052928
1171902095
-555220790
-699086783
1719089886
-1638387578
1207449920
-348592258
-1745213634
-922921051
1592544483
1700836121
1977519356
-910697211
-367170330
-1711316934
-1600444803
555978560
-902332703
530724700
2037809395
-746094745
-1124607824
73755748
999879902
-864851656
1522620059
1930814453
1680286421
-87102832
1809395639
689535490
-33490811
1197489694
561130635
1786551716
1157464570
-1242075815
-1461574667
-1742907859
1128008477
-1564070477
1052238414
1255736700
2108118397
-1589912306
170254028
-1893500014
1934616145
994070895
-241671384
331558757
-636571459
-702582800
2106853760
1842852084
-500064172
-1323122949
425964669
-385046373
-418920482
401958837
1340827064
908916647
1396389978
63068855
1751619161
24038957
-230505402
-121402365
1228338689
1980418583
-1139395811
-1644922315
809939945
-1287818369
1911793952
2030662904
1872213579
-1997297089
984434521
888166075
1658151936
-1655187256
786581468
-1405704795
-1755519894
-1719730125
1375148624
-1778626618
480115091
-1210977899
1876182189
-1697024370
95213718
734021782
1772883014
-493814398
-798055363
1292892996
-1853674743
-221196244
289435115
1123390244
1027151110
1172050770
-174923588
2035180426
-359624147
353023339
-621610262
1712804138
1585557595
-506654130
-325420686
-741343506
-1758834281
-1214669268
-299312650
-534547447
826464920
-1927951424
-1462757659
1378651979
-867121782
-1574264380
-682720808
-1707222089
-869720815
-20401242
-1899929537
1266260562
-1628363891
36073851
-2064503236
-687860419
-51664225
796853044
-495277106
-1102606331
-1085939988
1929847566
-1774577614
-409835206
1157532705
187738959
307773317
-1582481090
-2060509898
514640686
-1883685202
-1402455458
78503157
170399506
630137210
383493670
-831178051
1220208639
1306836743
1421456368
850663299
-356794803
-1748010906
-973867842
-1675141351
793287578
-223625860
1494534217
-291671630
-1867020287
-173900760
-1910896807
277356965
1785575051
-101458518
513769303
-192263823
44039397
-1620707774
-167963872
1798979073
-612986285
385633047
166040859
2032312624
-1741075996
856117850
2001776269
-442541938
-876037145
-85372501
155936811
1020046436
-1325657443
1054883515
-722458640
-577056011
314732079
721061426
-931121104
-1250399226
-1268640798
173464786
681978861
-1859473247
-115417976
-1691517221
-813058967
110254869
-1321953735
1931706801
986889212
-913798336
396971331
-665904196
-918365657
518990607
-1404653474
408815247
57242856
952407877
-1639381980
717053771
241705807
-1128099716
-1840948801
1320462661
-385735343
-116606871
1202715875
1096537830
1535837403
1207115620
-880325378
-1553040174
1878373418
-1861114330
-1120504402
-1568894132
1233567065
1801271251
-1543062925
102459865
-1866377413
490479675
1437419941
1455403298
-1185909910
366412380
351193768
185843486
-634775136
-1046203605
-382657699
2847088
-449010620
336034963
6746331
455692813
-656756152
1425837245
-347582626
-704716255
856941105
-1000172142
-1685713537
-819187917
-76174729
1222893693
466998949
-872343930
865133326
2128370293
-1785241413
673503938
1331024964
810441786
-425015005
-2108756012
1965153997
707080926
-2028253975
-815390447
-8974052
-386323322
-121581509
2028565921
-251183629
545336689
1445849368
198735642
1950443581
1494880569
-1452842680
1753661035
-483813349
-158573479
-1992465525
-1541346565
1345350972
-423820817
-1796356075
-1872271343
-834600335
-293715518
-197512136
2005247094
1251014271
1250026117
764674403
1060282456
1193782839
-490845092
-945086646
833746288
382673860
598493088
382494054
-619004569
-479078589
987456479
-867235936
532413045
470725784
-1078506714
-703061432
869033547
1352991359
238585217
-2127130293
-686961869
-1106792735
-606113598
-1006074203
-152417420
715689064
-268406655
-444623852
286538490
1566659925
-1017865628
791616526
-1239978186
-1589016688
3302048
-233021964
-657118909
50687488
285609151
1376162182
198311497
1575742237
-975575901
726713753
-372284890
-551167806
-2009431094
337540616
312522826
1673728327
113485522
1020202215
-372896030
1643017679
-345614528
-1911307522
-1873483720
-701790755
1229024636
1184797557
-111561127
-1189258195
1961996063
-283101493
-312283913
-1442831167
-321974927
1547065612
-242168431
-352624583
-1713321939
-1303740605
1318277584
1208256615
-827688826
-1166716884
-2035165132
-1670452702
177227886
142685230
-309430545
264161370
1068554773
1684177031
1930500368
-853336979
2046272431
-64314936
453298660
2069530552
-1458388102
702478724
-1095511400
2046642799
-1876717569
435381060
729124387
1584354225
-1649317737
-1766615875
854267746
593149654
-1864725968
1508232516
-304728700
1522815499
1043786833
-341538687
189278888
-1445932511
-1415746981
-1693177757
832325827
795557793
-969163504
242534995
-7573305
-781627101
-1636431783
1130347435
1340858369
-137576737
-787807933
1359167849
-730402878
9778052
1363537994
2082907935
-1578325183
-914360760
1691882458
183224622
-1148100673
2102370880
1401366290
333614643
1283951340
1627881201
460787914
1146487744
-329331831
-2144645594
-1297023273
1140986446
-804341682
-1228037373
-806719091
467401842
193839373
-230418854
1941109637
2038897999
1485995542
1727654972
274184607
615684683
655364573
-1873871149
372754250
-969671675
-505118502
-805698961
