-627873587
108792149
1387952023
-1228470548
746777879
-828115780
-306828052
669421509
1728793004
-156798537
1980573023
503333941
224308547
2091460645
1443438730
-52606047
146161124
1663287368
319855127
2098900226
180670963
-1247002252
1533989986
1259679412
1387115884
-303093757
1019177308
554885005
-666108049
-980130165
-1895332429
-917267151
-1285866497
600163922
1418015279
-2056049755
1440378374
1087789826
467619679
740078113
1594797468
-1220477544
-806934668
-1111969495
1729816200
-1575026014
1741077100
1773913566
-294225146
764911529
-1702549390
-1043476847
1625607882
-522472469
-1283662204
-1150925672
-450101692
575203405
1895131478
-856432795
300500518
-259368305
483201653
-428682029
-389685470
-432257087
-549672017
-810136893
70734328
1811638773
1468148914
-35729945
1294108591
-2044723915
1675953907
-1363090979
-177661406
720347063
1817269201
-644088193
-1092835139
856719694
-1762311943
-1447850375
-1416874616
599496228
-820093173
-161430757
1092341349
-1613578074
441103997
-833793681
1024919189
-975493442
675006144
1307864206
1748173952
606807623
-2028481632
-846687953
-1703073867
-308372291
1049109744
-47057280
-1228960978
1595635252
-2104943515
-511526856
-1472927783
-1403275381
-1970584126
976948717
1194957651
-1609467935
-1580022475
-1270275166
-2143299850
1674345798
485804033
848652195
2015968021
-1773113163
-869737636
1625645461
-2104991099
512089410
-1390522983
-433297720
628171360
-1524666737
1466170762
-1186807856
-1280933371
-1565515132
-697091041
-110029997
358723426
-1031380418
844407890
-188274141
-1981975691
2003514952
-975172281
-971874162
-1534727409
-173798904
235338414
-860268299
-1335588902
-125259141
-626315413
-1492663397
1734122910
1625730084
-1652996487
-724676674
2035089343
-1618623423
140080651
-1712842261
1836020489
1135714624
-1316560653
-1887949938
-1365837904
-605102480
427825735
-725164088
226111377
-2043040005
755613505
1456488837
860316862
815217684
1302743911
-586041652
-1500253127
832713324
-1955296533
-1271493287
1838227710
-833735959
781733716
19414120
-1903389882
-1381688679
-93894051
704671699
-1016920054
-1879288348
-473025764
-743952289
2045768901
-1135627519
-721381018
-1009730223
-1964170370
257058731
-1127740559
1822944072
107055877
-207733229
-1511165509
-76342202
-1326520452
-2072765160
629261611
-1034345201
-1270753511
-469737547
-1283882123
-1588284490
-18841815
1179168698
-1168079422
1607338868
-1999635113
839931838
2132942223
-2131482181
1531521325
207306835
-1153721388
500869258
-969315877
-1459155845
-1871862167
1793257986
-1764449225
-2039150245
-1352466523
1196202297
-1555462907
-1296636626
1493804104
657583182
1492757367
2036031867
-1497013350
-1091365954
-1330939914
-1323862902
-26126893
-1805430028
-2025618654
1398509076
647484605
1395736102
-1510997736
1823208249
1537137303
-532940450
311465202
378430902
2048977725
1746195670
-1530308461
709790294
-1685525627
1494080137
1842879651
-1979858263
-762737942
-2043993850
-1657854760
36335091
1668227951
-816449658
306766967
-568998553
1523921853
697188161
1633451802
-1058093164
-1573464178
-523794948
1557336499
1410066207
660857422
1642378726
618268624
-209424206
-1067810817
-820089180
-1049689824
52812852
-1298169764
1900895146
-1777988811
-1127187142
439201857
-1236067380
-927779957
-1979038020
1790371145
-1653502444
2110567880
-1135766005
1685561272
252286933
-1937028539
1434794242
-1366792549
-751323136
-712877876
-1685707908
-643415506
1800797109
1898058659
694847493
2048784509
-1831852003
-1894662455
-809941037
-736366515
1160785270
-1487886465
-1015026185
-312680901
-686409873
-537882615
-1137399345
-933650394
-2026836299
-1641770059
-1013384002
-909448502
1350549453
-1148467428
-1456664801
1745333676
829569828
-380692313
2135875702
-24424131
1494540900
1310602581
-232798488
354366266
497874696
1250915770
184414700
1542784337
2083135026
-1255991478
1711727683
-1296698871
1861086651
2087339479
-1930225371
-1838896158
1238808203
-422135465
317343932
1328466619
-1434705877
348122091
-487391275
-1305732236
1935763864
-1233703908
-1651015980
433112531
-792042663
1444155239
-1115352087
2093051051
-618826029
657918203
-712350592
-1811502022
244207324
244852928
-1750312450
-108029229
1467086221
-871086437
1817224617
-188141636
-950633636
-1270145552
1559760871
-351620007
1711635305
-955966104
-1762523478
1123394441
-868609769
-977277197
588652330
-219571377
-246934818
372046864
-416842027
-1047313228
-1971607969
392000075
391208835
1856460268
-1747615304
1108052999
-647290130
-414641481
-549884391
489234813
-1549424287
1471016714
-1704337513
735561220
1814749102
1082537966
109360703
1903097234
-632047516
-1127422298
-1302168466
-1351018878
-1817705407
1243546135
-847595937
-791129193
1780407781
-1126354332
-1744496891
147886656
-2058511159
-2006947112
-935809509
-2067527395
-1197571218
1152699913
-318282888
1883519681
-1534616359
-589549511
-842706009
-1125033799
1129151805
885775359
-1794055753
784224973
1382341114
1668250918
1699320398
-1445980539
323038406
-46836268
1127285764
2106770158
9295401
-314170898
556964078
1091032222
-491621586
818760891
679716215
-486765068
-1353033129
-2032378681
504838263
1980243876
-1899858991
180271625
1031655549
1613059442
1846534376
1413558855
-59075985
1488177981
-1826281796
1673715641
-1801661099
-1310134722
-1953312715
1964725740
-1245309071
-59158895
-1734624461
515651817
-2106478446
432473333
-451640054
-1875729770
-1642801751
1114255567
-1838626259
-1500579237
742572444
-1598762380
663235880
478159624
-1112926374
-1591507545
-2111285037
-1319558411
1002295598
-1983848352
-404196924
2080811626
1848463704
-845579825
-1128944891
527178817
192178137
-1229267553
764932614
-2097808183
-788176498
-1206390913
1980294612
1990847214
-1659079552
357663453
1768328587
333088662
1164778874
-1458951436
1832288777
757591885
265241307
-950499575
-620396828
266054179
2115711148
1767608048
-855994723
-1338427948
432062964
-1658281003
368330261
-129331670
932662091
1250126136
-1199979713
-683518049
1042881196
-1521767879
-1372560618
1157861445
-644439921
-1836200171
-2027789615
1006168810
358258231
149333744
338813013
-1587267466
2130294088
1219725780
1708584427
-1007647848
37606556
680793849
1325313331
-136854879
-112886186
-1621945530
-288578217
-2120793169
497963830
-241161193
-1839282046
1916548877
1706151726
1079812672
1288166547
-184288294
-177126603
-1344724654
-1501873394
1537348328
-752412580
-1853667556
-1449124782
-1623729179
-104812514
879075188
-1250827759
505970880
1237677563
-1648027593
-80341765
-860507323
430241351
106115469
1520961980
1844977930
1036979774
-1306759567
-1119526615
1989198222
462850396
1976486256
-1092233291
278815390
420462571
-479448656
-910419927
458561274
-1256060195
-684108749
595887507
-1773442247
253501659
-1543948963
1283600511
2070643945
1099477149
-544579917
2117692260
-927690759
-503198596
1191355621
-1025854879
920329819
1016527685
397593102
-1371022807
-1986175515
-1773993393
-783581127
298367546
1686784120
1412152526
-1594781657
1663288916
1497969251
1446483050
-1113118642
35801897
1566661385
-131502325
273455141
63914576
-1017683008
-299031050
1826290590
-600116865
535875836
-842278371
-73426188
-981677831
2127296940
1541454258
-798555482
1884304709
-478344989
1352403708
-286058558
-1488955360
608630203
-450129810
-2146980762
-1809720141
-1416522379
947689973
-452110205
936991496
-72602651
184375185
-771581212
23068346
-276947444
-242728665
175081070
-505453332
-2000835834
1996334996
-1097826391
-1948719748
-1285632218
-1883454715
-2043621762
-103040137
745190751
-1284582779
1324746818
-644824882
-1030595867
766255319
1080661491
-249974454
1725253907
371982981
421386944
573384893
364874127
-1834081992
572571342
-549990279
72366251
-925063094
-792354247
-27365370
-791913970
1380722329
384629848
197383438
-975711341
1102526878
1200630597
-80689508
-1352093072
1407276477
750532507
1080784773
-473489766
-781369378
1301188737
2020551717
688824424
-693564357
-1972173849
1938556750
533437558
605730427
-1005422833
1417818750
261761483
-1816811776
-1705630897
-903162545
-111565250
-1269646980
-589604076
192188467
-304435947
-1802921782
-1318053078
127954527
-31239186
950240251
-269423559
973570823
-171978270
-1303588690
-1318791022
1082172876
508818662
86752932
-1967359445
-385809806
-536606347
1993896082
-1637522200
227110870
1653741675
874192441
1530097948
-1608662498
-1183408332
1175638963
-415913394
-1969058766
1611277861
691556880
1646585407
55641194
1011308841
1263920417
695617579
624427143
1292076703
-1379515757
1744581711
-1472447257
-34232189
-1546009026
-1868269653
-1669766412
-1497211957
1935843263
126527497
-452427043
1824877075
-1537358525
-1971191747
-1656228727
-273168005
1169670054
-1029030739
-1794387001
1373320912
-443964484
1876376595
316509129
725798377
-1810117395
2093705345
853812690
1331840083
-138334970
-322884443
-1669968082
1652795952
1165444430
1740634446
854739555
-1671572133
1013193944
1744674606
-1752744027
-1409033520
-99825641
-413859615
1012834446
302529099
1739871671
1692885293
-716467442
-432758738
-134466390
814600587
-1173252193
2028036519
-1680054400
-535526170
1639112381
-1828317423
10164475
1905396386
1078591893
-439420773
-489658910
-221727265
-1191570948
152625447
905736213
530625790
1857762722
-504358028
167972577
-1649566365
1752776839
2102156670
155299989
-1600491652
1247609517
168203812
-2010562219
2005096194
1584413966
1034645771
-477156563
-436950145
-2057866800
-862473022
579191657
549123343
467403702
-721821914
-591546077
-1222117014
-827041575
-265903096
2088196380
-919792351
-1835076456
-1268502004
1545845455
1508599079
247512269
-1792384557
-1723651389
-916552558
-1182409151
1863594844
-250649056
-19995997
1749550177
2040610215
-1655342203
1292170499
-957097935
-1985219429
164390168
-653866417
-233637248
1583606057
-915230755
1354612950
-1841369764
1575577520
1900987467
276456865
1599381704
-1868949342
-1080908772
-1054294093
-754477396
-1728805016
-1529007772
-848852079
955175436
-1007504509
-1637854491
1574513412
-720042628
1763315699
609520033
1965903132
-591874861
-1669229349
1704446895
516854392
-1098891746
-2047555739
-656492462
-804277819
858848727
-2124096541
1656518983
1063772291
-1254620585
-599304650
-1892227747
939951119
-280624504
-1819030413
451000395
-1107136803
136809438
-855068733
1272247229
552152580
924687239
-294043766
1132445104
330771199
-7727392
-1654322486
-258322433
1116317105
-939075797
-1438932023
-510735044
602393257
523582591
-340432398
1155141315
1838180775
50297855
1909755384
-1822244852
-410120097
1961106766
-1146112959
-237610175
-1674867332
-763929790
-514205311
1593891600
612311015
63790039
-229548636
1863136705
534959688
87782245
1260017904
468317578
-1793793332
2114840341
-398024854
720273954
-433920215
-1917656431
-193980807
-1265438829
1089436894
1135777018
265306313
1976919636
-1387168321
265791775
1433019506
151353494
1807798448
241863914
-1989546152
-698418978
-1401110864
1268071453
1756364244
828581331
1800672281
-936607170
-390912109
2004369241
-1611165147
1014425552
-1556056386
1011144925
-364677964
-900153661
1499245915
1371372786
1702170699
986710572
-1108460302
1244689949
-1727148961
706870584
-904096653
-1962618644
1383398868
96988510
347859030
345959244
327050688
-968420397
-1041573628
1210983708
940791923
1626597955
41524085
-2075359747
-862400325
-2123927875
168331289
-695047061
-1752370333
-613893394
1229337596
-137520623
662357757
1937529489
1704163364
-1548996264
-485809183
1768822054
1255541565
1084323904
2145788021
-465494303
631804280
-221023117
-964133459
-1254234907
-1918810449
708686999
-916138027
-1886132047
-2024364340
-1574511901
1558224782
1853447898
-832849813
-1815364364
-1741086955
202999034
1860427198
-1728303903
-446885941
1799217896
-1487384655
-1030570100
-611613711
732818217
1109894990
-1418582981
105982130
553889445
-1447421599
-1740119706
1284056166
-731146339
1509640287
-671249710
-375974636
-693084196
-1634414461
-977353506
-1704725703
542357036
-1056771527
-989091556
-2013274937
-192461045
-2007040320
-407609309
-1486418832
-1998512994
-1135514870
1309934754
1225294115
31558118
-413684506
-1196547144
-1081009706
-2096097999
-391625120
-1061982589
-1268373114
869799378
-1245600921
673673463
-1922644101
933558547
-1923699280
598368752
1396400080
-347512214
-1961477414
881287305
-1242609614
-222586133
603502803
-2099727698
117988583
602211326
1469168761
-627517201
1896671762
2095677777
-90614140
-997160041
212362549
-1591276017
867914402
1249834237
665041654
-813895342
1140376803
-35996391
-1712442075
-1720891947
-775255721
-681592231
490749181
2091043053
-537290252
-1803134027
-2068742743
-1164958535
957111997
-1002496000
1865427722
-1283642984
-1535747039
-1088573823
-1436585801
-1498830117
-1784028256
633627842
1061113157
-9112901
-184440140
471494055
-547332665
1928593805
292711406
-1914456639
-1266000488
-1051718605
106100318
720589028
98852439
1172958677
-594849992
463873270
-1726350286
-405372719
1080150451
1792863754
-1947659673
-317517073
-953730764
-695603284
-1086868472
-1659868967
-797859413
-1000872066
-125145858
640025801
262605373
-231402237
95358799
1952883844
-1567599069
-1410962758
1626378403
1651124870
1388726225
-1267450770
-965952509
623928958
-1471606182
495124172
-1788036124
-24940292
-575333102
1019210805
-1221738396
74944104
-2003968652
699572949
-1751693870
1142017334
-62788794
1505890292
-936329356
1073599319
-1827032325
1313619084
1921034883
231640818
1064594007
-292172006
1494961530
1405926995
399321945
1045386937
-565729393
-1844346077
591157588
649835371
814044289
1390048473
281523294
224669626
816212116
-1427642768
-334119186
-587456641
-19101479
1653429082
1681873344
-320923647
-62340173
-299423821
264550908
649205057
-644747883
942167994
-514253418
-916381549
1761445392
187005564
-24452617
-365409168
130246924
2120899537
-2122063651
560994698
-1089154987
788674956
-1401407617
-999122655
-1378653863
-924180499
1712839668
1587536021
-662863057
-1549264550
-860248876
1185784379
1637914843
569976142
-2143508705
-735641741
712227792
2029202065
1258753629
-1018238983
1968153269
1326930089
-816327929
1190697596
-489529236
-895177584
831714085
1963924076
-757528753
-1623094106
-1467608777
-1933725928
609860796
554610665
-736256679
-910639113
-1764949805
1973732450
-2015302495
1615307333
-981651842
2107738338
-888282421
-22729775
889157553
-897561106
-2104290792
55975701
361357810
-540732937
61961586
175228038
-703723749
-1958695730
-1896011564
-1496693459
339254878
1906818646
-318323736
78092919
-923659894
438129786
2121087729
-610195640
939303564
401439841
-1833801238
-649114027
1477502263
750990048
-1305825809
-2142266958
1470206279
-764909520
1241657564
464209834
226226339
-254407968
1272498995
-1218883378
-1945473567
927288844
1864343619
949107536
1985152783
-1403871537
-680404859
1966952337
-417093456
1431698677
-1831592376
505676279
-1048922875
119253749
861716625
487695876
-1386595443
1969449245
1669374012
-1412251996
706258125
-902057969
-916501658
1953005509
1462359635
-2051957141
-1909789938
-486910676
-91745544
681938381
24045305
-262634874
9706342
1981776633
-826121257
-578801475
414733018
-1803686571
899809187
-20808563
345173033
1854695831
1761505359
87382614
2032624391
-1153991746
1422125215
2016305971
-220740217
-1804766139
1299736404
-470491318
-1981115939
-2113145706
-817015667
-673603227
107621483
129812157
1088622954
699959234
-1552469510
-1013187491
1623416306
818984486
1140271687
-626226970
1971435830
857595191
-786604350
515885832
-977330250
405676811
1323555217
180861282
692112386
1880457468
-815345446
1574086270
1965022628
-438785347
-1804271038
-311767039
85068349
-2018061646
-221527376
-586994402
19512557
-1101340805
-2070034859
348008524
745424888
-76421423
-982522640
-579702728
-611119963
-777125483
-1337500082
1838967803
639548777
1494863142
-1898355952
-500441457
-708698555
470953458
-47979088
974017919
162522988
-1065277617
-1529612347
188743390
-591548888
-1085416309
1331574662
-1756962183
-1490028547
-1633480895
1492259212
-494142897
512875534
-1141985554
28891867
1900600897
-1323641153
93474243
-1839331550
888665861
-47467621
1801817788
1156448066
564161632
1251324280
-173481744
-1477616628
1647723156
-252885799
-1659364309
123898190
2044353302
-1101259630
1102172857
-626518768
72174723
-1015264078
-1581159292
1451110171
-1516026411
-1929329764
1963417441
-449438534
-277450543
1502440823
-507766618
1127916740
599295939
1935911367
1205824511
1894037465
1377538669
-1733429412
-737174655
867948778
269811260
-2071987606
-1153413889
-449443329
738035133
-733069063
1297809564
872628532
486775630
-202151553
-346563423
-215176700
1791839000
-1819373622
653714064
1209022153
-469645252
-1193204701
70181241
1908754051
-1178461876
1871745200
803781003
-100703529
-1432643588
-1022209766
-1980578579
-1655678373
2029402137
1078943855
847346126
1593522960
1386990009
376840520
1397725626
-1885474513
1620355763
-868211666
-1698594257
-1777365464
-257320111
-1016893383
697594480
-751993881
186755652
-1254280711
-220472680
1412571224
1844341719
1547564186
-6551567
1205056813
23588967
1803405634
-59587962
1762809822
-1340264942
996212925
364097526
730371569
-371928658
-2053350564
-1503162485
1216477563
-99243267
-1502489831
771400586
-28354074
743254046
-85105665
-2141725748
-1937181453
-1642228667
-1636075832
703829389
610964482
-1295708754
1672008135
-1776155517
343294353
-1540790578
-160025592
121805106
-1639034110
1847879372
-1868038475
-821364610
-578827616
-1167123153
471634107
919689345
-368945693
-297648937
-2101725012
90134174
-238851085
-1582517711
-651173658
-1227646250
635850858
-1426003803
131193333
212458585
-759497122
1238135635
898524981
761666400
-653639779
-1814754049
176943548
-975625159
-1804241862
-19848375
-1933769354
2126622627
1502400072
440492321
-288064368
837727323
1999046117
1496575097
-607748838
-12796426
-1515075206
856771387
749284583
756112625
753036864
538846076
1183989687
1855259654
-1465735931
-1185133838
-1203977321
488433344
562902831
-282535517
-703279224
1597746513
1342902273
899429343
-1392707489
1745424803
190912028
1015824240
2063314923
-1986152020
-1945921207
1247819791
524087900
-138288378
-1030989707
1340659480
1924589026
-794643522
1325163516
-278478207
-293187436
1783317611
-557621206
-720079096
1191315603
1776007042
-409342979
858268075
-254623121
-834014743
-506122192
-107668387
-1035017784
-1323513655
-1699358092
1914438134
-718262216
-179586904
-963311360
1857260906
1572052592
-1401259594
938863180
-767313859
-1433308256
1986594150
-1549069032
1028639798
-549548260
719708480
2141904050
1489198162
231579708
1964622581
-1306647175
333535483
433158275
-1260330573
-1796637284
512996217
-1609573374
559384762
1873313319
-1706212183
31880190
1006944047
1661974592
9890539
-1925593136
-1352197840
-987123027
1652298592
-1797234676
-1823144408
-769148008
-1499848107
-1745192987
920858723
298291862
1071214329
1657331920
1066975716
-505729307
-468859306
1469840486
-2115853706
-1148181003
724019582
-459411314
473170688
1189639721
1149156100
298416602
1448331805
1856944606
1532039086
730923057
-1506036244
-213121365
219829864
-523251281
753354531
-2071593750
-417264774
-539383864
2092812650
93309815
466037501
-1524966733
-1708913434
608250807
386864779
-134355195
-898128621
-135095844
-744709579
-1762580069
-411123498
-1901179546
-1987740487
196212157
-629870638
-1940277780
-1245485324
732981631
2072930554
-1351385061
1867378325
-1481530262
240166502
-566335745
1560846355
1745634396
-1179096470
2112968065
1896735712
-1842000724
-904756763
940153904
1370356446
-1492001903
-219293738
-261865661
1107086866
-2115743293
-1360875980
-980442914
-1841265257
1408356450
-632025091
1142360980
2134776532
1667707159
-1425158001
27124013
-1115661839
315808889
-1309496265
632844712
1049167494
-335863119
-82616825
-926105981
-2136795243
1529805407
213958380
-718950855
-1710735686
-508999233
884490751
1342665739
1283141280
-1803739641
-1800707557
-1204015101
-1701096265
872641812
-631778129
-646182091
1531836963
1546222916
-1133537836
-259763129
484704247
-1165463643
-1041423967
-421175244
-1067275614
-1172412338
-1503564098
1875325772
-1328992087
806478093
-795967945
-731826562
-1852571498
-1352682942
-763718510
-1209959207
-27659729
-856834550
676687907
994336080
980342507
-1199920737
1464471709
-362453827
-298181215
-1283110659
-336796692
949937192
-1347977854
-1815306039
-2103481278
215850824
-1358767031
1035182702
675263344
-1218289847
-1997544528
-639498615
-1073012874
1858301391
-1270810075
455993734
1241611357
710687802
-25652546
-1133506933
-1936830653
-294012117
-151320471
463400084
-1039415626
-1233770937
1722185831
-1901401634
269737029
1927235642
317280250
1901619593
550075220
-1443988737
398950748
-1879404680
-1366507216
1330243677
1456051187
867950203
-30758302
1098567348
-2133851197
-800058192
-2083929784
1878838777
-2122800092
-356718043
2027594208
679903486
-479528524
-341994046
1181509351
493610742
-1329873010
-148947866
-189639646
-704683720
1491536827
-936202673
2139705850
-589412029
-102512920
-1118693698
94441038
-480091390
-1295357095
2046788058
1574295173
1967238992
1068777245
-1827971884
562396897
-1074109763
1461157251
-352299957
-1401230565
1732314258
473441228
-1845218062
-927921109
-1367148014
1871467809
-279727504
-1629001882
938476034
544115143
-1669777273
1376746190
-811506581
-1570308720
-105043337
876319397
-979510626
1056510356
307246244
1831658563
400913273
309892385
-1147759498
-299367895
2124478439
-231331345
-268076416
-1181483691
1950651308
-1819199592
-1720587548
2019149783
-1171405214
-1854856634
1388494836
-2009158493
205578430
-678512467
65909533
-1496452951
-1551199721
1410469180
-1488875520
-116199134
-2060563927
-677892466
1920857569
-492416211
540177173
-1258851546
458967876
732305562
1715980204
-464499621
-198457387
-1235636732
-642168340
1130615953
1147713672
666912292
1099341258
-1761047383
143483392
-1420224924
478334001
1915288762
1322460468
2002405554
292401738
1430203392
-1183266224
344241815
-1935761154
-1594153964
1970869720
688898439
1346039992
921826141
-1137505261
-1307976582
-899969681
1863705286
-238516570
390044347
-1456423197
-410004815
-1222770562
1417959423
6533414
1637675818
263240691
-581644872
-924221091
-2003612833
-1490639062
-964875861
-42741049
191022160
-1832017222
-638486080
-1108922370
-1274041662
-965341551
1285587224
-335561603
788454520
611238168
-101299612
-1898907038
2092635301
1143393429
-29029516
-229267341
-950137956
341554897
-845140466
672201830
-1338024503
-1828649222
287216129
101891420
2117496292
1350061514
-1774822280
-2033974610
-1344555422
327093223
-197793645
100309740
-620151249
430578317
-1878872781
321740578
-358538086
1671199337
-1082119147
-1115425187
1620867217
-1499353912
-1181860318
1897975149
1674825485
-1389233423
246370564
-844347669
-501855025
-1754705970
-1101239812
-1458280579
-1220864180
-505444399
-686423566
-1763409320
-1809555227
-690267372
2023624397
1892461062
-1133869990
-238598718
699977220
673769833
-1042750592
1231164085
-1298717579
-2032891649
1095597362
-1332024224
468100981
-409607066
-1742246267
1923291119
1840292647
-2009885661
1400886079
1253949100
1106424337
554430366
774617480
234383780
-93275668
1679043440
926751969
-495119478
1089036731
-407595039
-878437290
1876489434
-1714203362
-1790196820
2045829103
731999809
-44373785
-1082489084
1917444459
1754445115
901575917
-1778959653
-2051961808
-1579538690
-694880480
1405526113
-638490500
1257792918
-75377699
-1784857398
-1171241503
1153803088
786810755
420752724
1654397167
-1411071908
1220238662
1451800456
1458012210
-1701306707
985825090
388897215
-85580706
1773490212
1743123411
994926567
1905420233
413336300
-1310008285
1109868679
-1669719784
-1927360473
260114436
-106412545
-885580483
-146878262
-2031865089
-1201682412
-881572704
-1627579196
1940618924
472807852
-1790066788
-455501723
979746371
-198603051
2027939372
553694205
-9017485
2021375755
533612261
36438467
-1181729678
2145232826
-1011338969
-245643783
2020082516
64180993
-131125617
265741644
-150282592
57992888
1461133231
-2083465856
1676221216
-60506188
949940225
-1142197172
-1738569991
-1829405367
-1887693544
80013442
60204538
833011983
-1509798633
-1944063629
573593400
-45635863
609505383
-1388885872
582074330
1383741763
-1031705948
-139265708
119574320
2068014490
-835768617
-926887071
1009250314
-1945684671
699251434
-499164439
-561333433
-2029433247
1162362456
821877583
904773548
1887830336
1653258275
-821919731
-782355722
-738695738
-11460597
1274910679
195403825
291917117
-754749700
-766024191
-54663350
1473449048
1185233607
-307354083
1204625891
1954963830
-1483286251
2103977448
591036774
367328039
-1605288553
-700180123
401242716
275538670
1363478402
-1101525686
-2034118401
-449032120
-107449798
-366830693
494164749
-944527379
-1291379379
-177715563
782076638
-1152930987
-1058938974
-1445913140
-630319176
-266331011
928782833
1306071447
773543778
476797418
-516473739
-488138581
-1108206345
1309259502
-843811872
-1081504763
-1179111173
878679081
-1832930929
219307277
1646573235
-1861092270
1053197055
-57144840
-102165840
-1066809033
367029374
1217361005
-2109135187
-883583742
1578482469
-192610709
-1814366566
1707277245
-1175649787
2110230889
-1930229000
-1869876969
1580643999
-2070252610
-775674777
1186803303
59875481
-1343975357
2072908924
-423166735
-191229777
1671042102
765513688
-1451630488
1650528999
780633953
-977924747
-154868300
149426184
1425261178
-1032517821
1262721525
-1473211828
-184522803
-602329101
1980100038
1664557396
906412568
-781323759
-1948481339
1613457755
799616437
-1814115240
421024083
732373422
-2043711490
427581249
-195810152
919103067
-1840865044
1355562973
-120833335
355170600
-1599894783
960668644
-1120529491
-552919609
-460282521
-1985856756
-1186871460
-1131543225
-44102567
-1267742305
-534534326
1153105100
-331080766
2003589191
1845697411
469029762
1956876323
2128743724
-248838089
1719282638
-1503637063
1572667968
-1432582279
-227234874
-1362342434
556444889
1953299267
-437894941
-1821244753
-552621441
-345719875
-1501926667
-1602707218
-1555233017
-1528568386
925680214
-1257379798
1036734432
-2040066670
2031431010
827269405
1808992428
-1453467139
1555921190
-1126376876
1067406610
-1600009344
-680834730
-237286635
714140626
83604442
1191482244
-673480580
-1506498791
940220881
920918415
323467495
-1213053419
-1463335630
1129748313
1924108691
-714263604
789253909
802199484
-1443435897
-1997904087
1815253605
1618486461
1312072880
1286320215
1785129118
2040317698
-1573085619
-1964206
-627958056
1382779009
1034064268
232632251
2126442245
47443578
-1262896779
1581008363
870599030
711859878
-235970297
-364770999
522285731
-1635671120
370983072
-1664288800
930593067
726631652
1213124001
-232419541
2052786201
-1481005786
-1807163311
-1126545869
-817702552
495754532
-1410247679
-233827109
-117879607
-1957657393
1361413489
1803787386
-83990878
-908566522
1030017906
-48511574
1513208666
1594827412
1368950220
-123213985
1783958227
-1409515684
-1674002847
-2123314373
35557431
-1930758446
-1519593326
-1276828897
230296056
-2093229907
1640487649
1226785797
1745075729
537734362
52944598
-1148503540
-2051473775
547403699
-1773563097
382831060
-141692327
1890749808
1359952914
714879755
-1060067805
-1226774307
-1416833523
1125173320
1681762759
-1020380851
-1159643486
1546891287
1210760633
-87974962
-755071085
-602545324
1651528918
-308726883
-1576937404
-1410351940
-1279070625
-1775954468
-690126502
1331736000
-172389307
1056488578
-333568354
-1271599972
2127481254
-886295406
-121756889
-1852870744
142497175
-1310360689
-225932360
-1939355154
-42412508
-1474969554
-1178635418
238075132
-855345260
-335709619
-1697687938
-227175430
-2059359248
-674918876
-619458652
1720294398
2087182022
-1431638343
-279971009
-1673114210
-242081494
-300059751
1472146708
730463174
1680347645
84530628
-456598479
653401036
-1905949071
177342440
-1834161908
1281981121
-683690292
1509318098
-668229142
986969097
452653931
-828033247
1988045189
-391742162
-2080889335
-661774020
-1238227992
-2066507024
117613377
-248470395
-826684002
-1855876192
-471134128
1353593038
-1401429749
377549485
1153720608
715775243
-1272254952
-884002433
-136039807
1614278217
-1172699114
-1747281533
186123449
-775267873
-2135757349
-809913466
1167399486
556185314
1948258353
1993988167
-1438581055
1128616669
1624119921
541963846
424475246
868244929
-668016278
-367140638
654243186
443900186
1132584070
2125118626
1646694333
1600812675
373853487
760241362
-1486524152
1412165980
-1685096338
1039279697
459150617
200175545
-795175211
-685945943
-582182843
-1341356387
521035423
-1311869344
432097334
-2076803737
1855769621
-1982320243
-2106786578
136170636
1959791666
-1280513619
1080786443
1254970246
-956125815
-1993828937
-1434945460
-512067061
-1993376922
-735879827
-1807759533
-945115006
-1841207501
-262680332
667031468
743179186
372122653
-742619738
1641227534
1041676220
-844343049
1578773543
2135365855
75046475
-989819810
1805939638
-1380397827
1219369993
1969893148
-336769339
-248842565
1202852180
829188305
1139764426
1935834665
282139185
-1044084016
811990359
-352811624
12900736
26889542
846532712
-888740516
369574769
1653881505
-586733573
-784719917
-77391050
926739758
-2105946394
-348122714
-1591601159
164365060
1098664164
1849352782
1321461008
-651170784
312520688
525596890
-299339409
-194775343
-1622076714
2080569582
1355498078
384843350
-1948292858
928582670
-1353400981
120020933
-1031770197
-1344210148
782343585
