1294902876
-737883921
-385774248
656350001
971904
237869370
-1955006948
1155419748
-1590104997
-745236251
-850753975
-2007307598
722016068
188728809
927595541
-1209969471
587991309
-1576382374
1807017684
1163693793
2084061136
218028252
-441747883
1196056229
-317391890
376611414
-1503896437
-598493258
-1693830060
-885675290
31106415
1082163171
-1106965760
-906567660
-1415665371
1792737403
-397376061
-583343543
-1088324515
-1295476514
372936520
1261898625
-837516549
849512017
-65436588
1036627263
-508753670
-361573102
667341135
-622609983
-510261875
-412692820
686253058
1514622069
1738042503
1539930508
-912067167
-1950235221
-1121144325
-445776429
1811378444
-1069585013
-1909562329
-1768225939
1592129873
-75378104
-602603635
1560632673
-1232382859
1260475797
1839423842
1551472234
722321012
1561697624
2050063404
-726060345
1214670981
730323869
-1412812122
1560918863
-592631647
946676172
-225346330
557901255
-403628730
1083585310
-1803207743
1828351607
806439288
382044749
-1729274258
391739130
548695304
53708427
1022770792
1166048854
1806671128
1307833268
-1053141607
-922204596
1428119773
-1305517626
883864244
-76596752
544167590
1079377808
716689378
352332155
1556653341
-2053575511
-1369264224
1716023135
136297677
-1303234909
-1911004186
-1407004005
-1667355164
1859319169
-136289396
-1596081584
346920505
1234320229
-1599581719
1985513108
45411215
1378798477
-1890706243
-1503845754
-1024874981
-446641024
2022937680
1832395682
329944899
-1239946877
569434586
-807204266
-1947060056
1121294162
-525500379
-1741064235
1137401702
-1692766196
1191025265
-1611961046
-527319142
1253628526
-732170857
-747903089
711859236
-1890684861
-684275856
-633573890
1914994349
2051594267
243802230
1860920328
-1170738197
384960059
1482214316
1612985830
-1395177437
323688659
1354156219
-2104643123
-1925543953
859587446
295093341
-1440472442
793856321
588479942
-911592706
109182781
-2145517401
666036590
78246304
23282840
-1139087664
-76864683
-852520706
1591528203
1271476814
-1651706865
892710644
-863883670
-1722570340
1803621271
-520486371
222960319
-1992699549
-336858053
1585576893
1554649693
-1819723016
-498153257
-55761951
-1453326027
-1887520983
-1695139259
1976472517
-1460588185
-524193479
-1491435501
-1116130699
357266716
-402246104
790351990
499161014
1332648338
-251040714
-2147394689
938129701
567375735
-1447919958
-384809588
2108474785
77018235
-769932849
1907578112
80728806
2044627488
-412740801
1849902902
-977256070
1388193236
737131107
-1093992270
542440139
-1155631552
-2097525447
1021447321
122285465
751991266
71540056
-261415069
884698257
374760153
567406897
1705742542
-291089606
1622418431
1735658902
2097938709
-196405996
-1350878404
-1267084416
1159830881
1519393534
1723485465
-852330996
-1784498304
945951448
985556371
-16151353
-589257516
-1026091672
1699017265
-1880324566
-1131669363
-1245460863
17484120
-734642585
-47682278
-557853855
-2139893026
368492134
216371420
948532059
-1951652388
1095329546
-1512076772
26070709
-1218662457
1540099255
-2076326337
-2074710061
-1273317183
-1116879080
-442783689
838476436
-1587881684
1727297821
868682301
665970171
-1171966848
-1962650301
75015868
395891729
1464995166
-916135401
-109732720
-878173174
1341327077
-571260164
-137854353
2003741350
-1241602237
-982922965
1152630183
-887784230
1083764622
102830331
-219803639
523868335
-273867565
-764465310
1972736293
658290793
1933174383
-779242565
1756661431
-852642838
351456669
993493448
-1732849568
1099633752
-1846652336
-1782855685
-124396904
-668418563
-717086397
1314100720
-1658041118
481023087
-1997828275
-732178626
-1864243390
446577904
963900921
569226863
-1523367188
1229808407
1738917205
996912204
-2010617283
-390192209
-2086641910
1010417501
-1115128850
221905374
-354021715
-717506641
-1916285562
-1466430839
-1327451309
-1977857321
445726992
-978974217
470740586
-1727232969
430096910
-113444940
1389685702
-304419457
-171958867
-2769737
-16181510
825637750
1912515129
874624966
-1744416279
1474790138
1222603218
1165796377
1033011356
-1207158203
1976882272
2051262013
1669430868
-870806927
-265562940
611877691
468307939
1626256701
421561679
1825752569
1161930551
-304049391
795363191
-1949706529
-938472393
2134666559
-403451193
660638141
-28885295
-1370048373
827733783
837543403
1109042771
555119597
-195211779
265923761
-59514374
2132946836
-600092797
1525572073
-1320169784
-2144862162
1248362009
-1765229853
-477784422
-40181146
1096752589
-17655928
-150528903
-555461970
1690512057
279308737
-909419985
1638997310
11174587
65941273
-1249344739
82618971
600929899
1731551392
1215103052
476990172
886240585
-137003758
-832333375
1905281257
2017118518
-2143940295
-530554604
-98516730
-541354715
2056217231
-1862717117
-2020047025
1228507922
-589094874
2120603587
-863724283
1509297458
1364508108
1865497304
1775434312
506965611
604626281
430313766
427536421
-74627578
-279090516
328662662
-66345261
-1165882718
-21607194
-2117391843
-1960412102
260302955
435999541
559260075
-2140584268
689735308
-306692379
1924079136
-428851178
649113569
814747666
-1144062604
-1789027087
-1375661327
-2071791471
-319191625
492835860
165842203
-1965057776
818333031
-325330347
-1319930610
-1003918213
-1538874111
-1430186352
-562653058
1389790625
-983826982
-272166416
5497107
662242071
212978222
-990664596
-1949707099
951147868
-1286946183
-1412776556
-1357224794
1333064509
853343237
502905229
321962207
1661368442
-651141948
-938519974
2103779679
632564394
315619423
-686807716
1465826223
105508955
2110499470
50128155
-536651958
-1201420675
-1823964502
107421510
-1016646325
565125119
-881601409
-1451368712
-1213776024
166730682
-1537867162
-1379160260
1556263454
-108415858
1446990995
-1015823917
1294513710
-1936306230
1096446379
1230257716
251764039
160452049
345328794
995097811
1652733444
140542201
1070242722
761410214
1796664088
1403170486
-1356649290
457363684
118858183
944668407
-448287992
-1014326001
-1486582889
569736655
-227497505
380781877
1693998919
-2119363752
954992814
1446507634
1760800000
-1916430893
2039219298
-85251144
-329104950
-958539244
-454718981
-2095652142
-1048392128
1576330780
1586011742
1312699813
427279495
2098309639
1186393960
-1667227208
-648830596
456319784
-624303546
1492850679
-1878780628
-625504910
-38096125
995190451
-287129976
-1986885863
1179941218
268156909
1877569113
715278968
-524212499
-10002476
-1309465231
296739381
-761277875
-592341109
-1806548445
237403042
-991697956
204128302
-2103996172
96942950
-1298008200
182901270
-420662126
-1095550884
-387414118
371350620
-937191164
425705658
521123238
-1197082468
264103458
765939061
701285251
-172206341
1731110216
-731133980
-888466834
-2131161494
-1857253818
929367459
1582676747
-1874830037
1494396826
1157668537
-356904259
-1099733612
-801217056
-52002307
1488761398
-1860373742
-1970219383
-1257772107
-494939823
783747952
-1667178037
-581655937
382929950
-572403623
1921368024
-1282630028
315745598
-194480869
-1838039726
2002943625
-1707632271
-411480915
1154992893
1401253945
-102492051
1900164082
237884597
-1871745696
-1149815055
-76358593
1091113891
473887850
295988760
909818394
-2123313237
-1112432980
204651506
-2140103611
1595360296
-909690607
1707178320
1408118522
-1427137573
837501689
-2052835105
-1727402121
-2003617761
-1510148259
-625671305
-1447144516
-1806190750
543966262
1377666485
11872914
-1625657648
-182168545
-2079522106
1851422671
1071467344
-1134391752
2035949701
378163416
-862171725
-1423757234
896327880
279018855
-1635641814
-105191624
-1732355081
-235872114
-48942343
1623656835
-1358884643
-1139806724
-1084283286
-619423663
433970626
227192701
-324446205
1253468797
1667167928
1076633287
662398202
1183327747
-1964806859
-1930569870
-397835288
-974132321
-636805918
-694000312
-386338883
289953971
-709619279
1644147391
978030068
-403127443
522173237
1208179651
1604535303
810997032
333938989
-1627199305
1067495459
1662838547
-2050126495
995505597
1881684255
-1026095856
-1494229327
313166389
1301522858
-110970146
1085340010
284238980
-964310332
-121892999
218810587
-473678314
-482823825
-1424731456
-130709976
-2058761307
-680086619
-1361731240
-1529497507
1112243642
486094988
-939506992
-1803443771
2091894132
1474811880
-142785019
849325692
1811407239
65371344
215220168
-442189757
-987547769
1958772644
-1385803843
-2083376237
848854374
498461501
3264389
-1308517900
1337554747
1418158438
-1672327137
-32791154
-355578556
-1784262005
-714847861
-131124736
1598144046
1403944112
-1045684048
1086641776
704098707
1905583524
886138751
-557216542
1847324355
-74464139
-1521779881
1100741325
39779270
-1978724826
1821320619
-504549653
426993825
-345728609
-790420767
1956571216
2097023704
1731596004
-1245990019
1263975102
877653300
-910027382
-86271106
-1557224393
-395774010
-1213893019
1836790791
-413079598
1093571627
-597416826
-1885572286
223756754
884068880
-775593628
1522339457
911919348
-183185416
324104280
-494527835
1387204871
-61379524
-1825403570
1546309315
250634946
323977811
732043961
1981697284
1764498641
177289299
-47826233
602052044
-1012952528
-447733577
225658838
2033256733
-1721304644
663368802
537387045
-119596482
1651720967
-832968476
-1345226546
-857204329
289924203
-1285757189
1133685747
-802211618
-1820395935
-17750693
-1666992585
-1508168328
522399763
551709617
-1137125520
1918833945
-271279825
406749669
-1511945574
576356525
-1868167939
-1314484320
-1985033970
-877344390
1743694515
-1546096627
2090716402
-143256443
36466439
-325911070
-1379399949
-131946443
1976087302
-1599824991
-1582286031
-1165789130
609926180
690191386
638581115
370215840
1679821203
163802933
-1761090372
430186839
521415384
825571054
-1782022732
1835120308
-375985254
683124895
1341154538
-905030556
1109977276
1807949445
-113752096
38716816
-1280056658
-1204028036
-1647055480
-635790018
626352384
992039693
779294199
1040657910
1123515191
1501089706
-1102831272
-1923623000
845994724
965321015
-1157254622
-248852531
-1501410575
-1584664116
1045675661
-421017653
1439262782
-955576647
-114309823
-1769466467
990201707
294943690
512432464
-1935261005
979051511
-332499253
-1030391450
1723671830
-1913230198
-1615548594
-2113837505
-1143150897
133218446
-320719189
-1047335848
2141101961
-347884797
331082823
979686632
-1635425163
328427155
125757977
-845450735
478540397
-385984796
1584051562
838564435
1851545179
1393550125
-1007208485
441362240
-1628882980
2042129931
1048757420
199691125
2034674207
-1375263083
-410735046
-1943186488
-253843693
-1416704339
-82497591
1379231678
1221302465
2015367833
-1721520252
957881663
-1653762827
1058620881
-1228890943
814216076
-458936540
2033490202
-2056229240
-167638672
-724630391
-1363468845
-472807851
157008565
1722377872
-376165746
-776537315
-696200999
1962919800
336458977
-1384738674
725390082
-594686669
-1313508226
-1941414245
-1373306578
424029840
-1772035199
-1099240137
-1972595026
-1035485541
233926665
-823736225
-154931244
630016579
-1299844343
-1439117218
-1429532949
906701885
1881260128
911919692
-98730905
-1128809688
-1184373722
1622537431
-721176995
1697248754
440164680
1938007365
-1064852684
-1823731079
1478640982
-2095304519
1230044061
-1755983243
1984341403
-1401641548
294248384
-1709391212
-644490898
570431966
1633356727
-1408841754
-1590065721
473010182
-963485889
-1899126917
380849684
1797765735
2046667948
-737659831
-139379123
-539222739
-886111459
-1705447597
-1208597947
281236791
218032113
-814848504
-1266532797
677676829
1769223033
1207306984
2143984849
-1068877197
-1711242002
-25770899
-628267565
403645775
-327450203
1224969768
-757714214
-747787256
-583642239
571770921
-1267886918
1801525568
908335784
-1395189596
-1738490279
-2116824539
1504396920
-1087634480
769165513
-1387918605
-1602287172
1838456338
-632019815
1049411516
1813995034
-1245807525
734858344
511767915
1720797904
1970226893
1099893946
-1737259258
-221748577
-1014459996
-773294834
-1464204494
-615142138
-1980374957
-1467759057
-387097092
360672947
1473591021
1417507274
767261398
-383220426
-582165050
-2091024576
1488507614
-517649929
1418148698
-1874449987
1135590246
-1358483350
1601693804
-903492727
1186926768
944214912
379282034
566995614
-143505159
-1806866848
1276444720
1722055289
-384224328
307280982
1722092706
534554420
2118510887
-690332661
-617927650
-453788204
347844098
567071222
-1073254470
-307395104
-662581362
1791473170
1844361962
1258463282
1954135004
-1047717679
-1276289171
-763642096
1191696974
-31700144
178066282
-2004890754
475195482
2008315595
188851669
634293197
496361101
371504978
2094142743
-437870729
1379705299
1962323389
-1322652690
-391191506
-331086603
-2024031012
-101119855
917018674
-1713775006
898917875
1573270039
-1787769374
851588657
-66291612
-1145364456
1470956694
-1932341146
-790755154
1865865364
-924321109
-802777229
-652713322
-1668446189
-1331622690
-843142398
-1824036190
1563113486
690075357
710874865
-1819598130
1690371981
64096539
1875998366
911623802
-1183135215
-1761728541
-1734866845
1961243041
548745395
-712235088
-2118126236
1760921424
-1098194548
1229118139
-198585977
-548517036
-1961811625
423060436
109811651
1643602741
42136405
-385834379
1407166110
1577366115
1344525168
-1616065517
-1960279824
-439335505
76639907
677824183
-576104724
836125180
-1311900264
-142731059
-1271948448
2144635445
-272423534
-1772256708
1258957115
-1804971903
-577272947
220828342
-1827750576
-1367144779
489637282
-1568550576
886491225
-1600429558
416446128
-562804396
1315495229
1772512783
-1787174856
-564359082
2064924565
-1455183135
-1058167159
23370117
-1382525332
-1202236776
267322140
-1980831166
638191430
-886611452
5816641
-1802042378
1669676387
69824664
-1279762182
1659770656
-304537276
-1310268506
43779110
1810322348
-1992178578
1980573900
770673121
2135452299
774522221
-618486866
1686469674
-240642945
-1793150949
-256883996
-2054245433
-1261587914
1808080417
507179062
-1752312219
1105353114
1059707838
728190982
1954681602
-1324030873
-1172138809
-497712115
-237584241
2052576253
810077678
132769097
-212090160
1845042807
1061957190
932374838
778361223
390150395
224484614
2087429691
325860816
541586259
-862292084
-73553049
863449550
2047015100
1816290213
1390157660
960587399
393939454
52724235
1291672203
253647884
1683113148
-2076277458
-1923649375
1204690909
1184304141
-1024298953
-740860608
1014304138
1199859274
-123010487
1997654002
1388082589
1468654633
-1270541815
-771255462
1847348919
-989698806
-273375904
1212656556
-55814920
1000492177
-1836805761
2142947422
1289567140
-1575289484
-1002664157
-889383649
-1134504702
620408213
-2136461542
-185272824
-745384825
-1095964845
95390468
-1651156208
-501346508
-1242477540
388566622
-1012050235
867851836
1399024710
621335484
-2020742087
1555662825
-49821665
198316629
1902790713
2018955967
-645968318
577986500
-739911227
-333502751
-2067535061
1274989069
847707579
1861738931
-2090467826
-885322275
-872664620
-1521696832
1483458275
572222741
-1534262572
-1189609250
443621829
-1677727351
1022306813
1778789008
1605837692
-2022184956
-934572604
1244204202
1807248216
660438927
1757813191
1019472955
-590332352
331348210
664183293
16054438
718257930
-176668037
-470792914
664694546
691918860
329931773
-438828378
2100563972
1454615026
757268251
-1495107803
-1019753655
126915537
816908230
1977349401
-864369128
-1168234372
-74555133
182283278
1223040888
15574294
-1142654479
-763112603
199300831
398310632
-1682667766
-2144924605
-2120189669
1322307188
506205097
1665691340
-1509591179
-385296950
317892555
-1958709615
-781169389
-1029722087
679839257
683033158
1733121694
1772586120
880985637
-35464520
359235620
-169318842
-15380748
1749906685
1015360830
-986872865
1103590844
1875715052
141229941
-815433775
572146925
-764433201
306323169
-534868385
-1986285707
-1297321129
1764354323
304157860
-1474939840
138784976
-173594060
729220330
-1122454018
1537829525
709444717
1028760636
347966248
2059852741
1232071049
1496507705
1283721795
-2073803210
-1954526503
2093589546
1484789350
-682860887
-1671240872
-1790111657
56061946
-1805006785
420560910
-887826794
1824312769
-1722133716
1888316088
468771108
1184170521
996864681
890428072
-1348681545
-1326272384
-460808657
216731626
-1562897709
-858171558
-1010724383
-61981528
879655260
-1518292494
2092278345
1163567311
286193516
1675474622
-1945397434
246643697
-931412122
-523848218
-1913863611
-16598676
1838743115
1532779527
-974699601
27704012
-999190453
599366963
-123030622
428336237
-1028683105
2039008316
-1894112798
145215589
830314133
1128030770
40476945
1337346976
-258663956
-242337239
430756126
-1357479605
1117620321
869287230
-1650516741
-1803487114
272022153
-1329202468
-557473902
1410680820
-1437508127
-445773509
-141171719
1803068549
320197155
2073561641
-951323421
2009902391
-1748301862
-979746803
-1647480998
-1105454584
-1019988936
-1086873817
-862024534
-812568368
-1342869977
-1375295716
1472812960
-1180425123
586975389
-1314008911
-756645644
-2068987425
-940786124
-1101884458
-981825789
1395462278
1918960121
1441024487
1708205248
-137050263
2143422851
532443181
-307479572
710917545
-878025657
1034030762
-1883591035
-512116522
497300523
-103397611
723442555
-1526973040
1605458776
1873563683
982758057
-1382726031
851981140
-275816184
1379570690
1206388010
-696508081
-1401073348
1762356747
2140541419
-1532322884
1411707010
2089013128
-2069779192
1048212771
1749244709
499703930
1635776217
-1367048139
-406073724
-1573161400
1815888353
1104797984
890880465
-172181701
-1082399951
1343070244
1411729173
232063279
-79420146
246174054
78510198
1372981127
2002403281
1743119876
-791611972
-1070834591
-63996658
2077948521
-1664961007
1805900042
1909057784
1765815777
1353560584
262511028
-801360380
2048888687
-700241440
-676495258
-247089461
900238302
1486588936
664826675
-925003212
-847394539
-1026015258
-947140178
-2131061295
620718767
684775635
-1863737956
505105033
1626815435
-1590561430
-720571669
-1272434824
-1358652897
840191746
-1760302365
-125550830
1131642451
-1669939848
1055749786
-1262607730
2064332172
-395431119
836975789
2006366081
-2112446394
-1349847714
1190110764
-164115512
-743372186
-450718591
355682006
398472107
-1585450865
-1457362640
-799271803
1073258046
-1649195341
-234448615
-1392238101
1565969418
1823151085
969795654
1966395518
-1465185299
-96831602
142793376
378973617
875438654
762145653
695658937
128282468
174325300
-1372072028
-2032872763
-1698511972
95019399
667536142
1308311785
-595990666
-309535145
1101917621
-564045896
-923715240
560975693
1586790388
-1596268039
1252407914
-422171136
-1963033831
-970315602
358855492
-1222939751
1025615670
-567691695
-2094469144
-357257287
60275256
-1934063008
-927709454
1234510233
-1091054536
1798799644
1137860622
657137522
-728044271
2098131852
565636521
921634848
331417394
-543173688
-289747478
-1964868863
55983028
1785973107
-970537245
-1444335069
-1963723858
1874072200
1064391171
1054005917
-2035555640
1596402778
29960911
209686333
-940599538
-1552840491
774739153
-33629853
1472246278
441832457
-554660656
-584885204
-595386621
964005353
-1869719232
1694731730
-1047799109
-2116354993
-695652868
-1702747311
-316923881
-777930430
-1364273358
159322702
1277300298
1822646651
-1323720803
1409043764
1863654437
-10344667
1386014202
1737465248
-1579815768
851660004
895554996
1328365822
-421635877
-1345860327
-814090527
2045586292
-1249393954
1083289955
1820166513
489100542
1224410687
1676205672
483450788
526365913
1119787403
-2108008492
-1765561412
1816383269
-972245721
-1673969503
1776973044
1184102597
2036634464
-562488423
1739761584
-575785591
-681108033
-171110375
2083190005
932238479
1212193698
468727574
-1028803302
671362790
-689555961
-424201115
-1027456577
944712819
1116169387
-2083807178
-43681026
-625691880
1241552979
-1158282015
1228467168
943088658
-1910655384
1138980069
-1608826349
670780322
1297103305
1872756012
-1717302055
612329199
-1587147556
433026963
-1222117566
899359786
990605542
1312981418
780792220
96485619
-659323236
354261943
208731690
-1766085894
-1138209798
-1230719999
1270977813
220350185
347874130
1344119370
179622815
-1148665471
-249284697
1499486108
-187241826
1174720259
-1532734917
1456719432
-1613135833
1433959632
1151989094
1107478059
1052637320
-1223788205
-1216491352
-1813743309
782686844
-380078562
-946871806
1940386849
1776206489
1542391891
1918097537
-2088030321
-2087282164
176466757
-1427600358
-2025749195
147063945
-2024552098
-1860264259
-1662108313
-878429828
82440002
-1977640285
-1359220511
-151602044
-355431116
708321771
-631127353
-1085888223
230025912
-1134754972
-1099712794
181437867
-1195429766
-986953556
-1989433281
-1895968379
1826008174
-777481863
1538040774
1011794578
307737655
1996378166
-1818580121
-1575098904
1940638156
-1249395759
1224549705
1915787204
981657177
524126931
-1048413355
-473790788
2139819874
-1374696528
-866144519
1172944442
-735471058
847474272
-1855003352
756266024
-1191526046
-1817816275
-1797509467
-701237784
-922586901
-1204489522
463474817
1464242311
-1161597919
719975349
586911970
793362481
1411396137
1117864101
639749125
-1560022298
-834976614
2138928262
-1518905979
-418166163
297972834
-1311264900
-91231780
1847511433
-194176790
2075076917
1872180266
1255186538
-466856584
-2100358014
-933647307
-1547416474
-2047029035
-1103714263
-1427189584
-485851416
-209845457
1169711352
1582711232
-292552792
-840204736
-595406563
-1435664453
567541276
215733166
-1751740235
-826518990
1999472173
-1516438091
-716037214
1358043953
-962130898
727461379
-1535776607
550410949
-445496311
-1027528990
1955554714
1372907198
-496650309
58950300
-925072070
-1949328715
1830342913
436374810
-827549249
-1374059440
1833585235
5149646
1649293586
-686927932
-360170735
1939656658
-956938726
-1254426469
265302780
1057836625
1073593166
1662911158
2001803495
289176357
-912717172
-54280299
383762605
-1114623551
1845831209
277554134
1766485093
248150097
2136180552
908325115
-1966691116
476727583
1186973039
-1331742864
1652053283
-100331976
1175360343
-2038991669
130512337
222933839
-820038398
-318385579
-215575830
-150441504
-1495940333
137250760
1179224440
-1012352104
1679150937
-1687902630
1390467130
-1440160013
-689291604
1791545338
938753939
-2074508761
-1469027332
1111006936
-533533499
163606592
-1897273178
958021931
1044292702
-1095879541
1941532169
747244846
1784324082
751964216
675599449
717427050
1178473225
-264251846
1006576306
-901126854
-1017803941
631544178
-25490320
164986252
-2067947462
-225076981
362246077
1131022820
-1141594801
-105443545
-2032359062
567680422
619205768
942589371
-314912253
335718804
1994367824
-760179274
1858484252
-511014508
2064660225
-323931032
303082481
1075227319
-223204202
-1775373535
1435725870
1430785398
878454693
-499231463
2122769418
768157757
-962798453
747544463
1690450585
1672769069
-1956214296
-1271871437
-1878076574
2098593310
1345590605
-517773880
503318575
1126874594
-1055473868
-1916500219
119112740
1147102672
-61431248
1885377468
874215443
1916158080
-130059931
-1855218626
971849742
-245194029
-397006279
-1963607300
689196604
-1714069451
432778571
-204379023
1580101360
-1369063643
-741641565
-823328449
-1195132425
611758581
-1769681621
2077134488
-1372207823
-1817159730
1052799326
2050228447
-858330014
14813687
-1296354497
1053766798
-124927414
497121622
-1692782709
1680882009
-736755982
-58744778
-2024025039
527311764
-651067576
1475644490
-1418953727
507580369
-600757778
1554990321
188518820
-901366579
1969671502
-284732997
-2069795380
1968267148
-1165079823
-484334293
1185506475
-1422092863
340632593
-533532738
723433128
-254109069
-439305364
895852332
1249663056
-1681579810
1467932762
-762704403
1867695498
1442544022
1595242273
-1273256194
-1555409905
-656153102
676614792
965607908
-2133608168
-1484505689
790467241
713112304
-932268456
636275378
-1481368309
1135414213
-1434836436
-1776648325
-1998519824
1665558551
1979694864
-549197001
-1887870230
1050387125
-853436843
-707358579
-1740394829
-1679860024
-134886896
648053372
2111063614
-1948593828
2046366293
1492937595
1625743113
63182624
739203493
1083466465
-1808058699
2013110889
9252004
28456071
-699339817
-246413956
1731981582
-1319502165
-1396207600
1199545612
1609963499
-153728489
-2082125990
976477953
2056765186
-1523908479
706185381
-1807855238
-841779830
1784079669
-1335438430
699100693
-884860889
-1230933007
252669917
-1494747795
1895823380
1236093455
-436303599
-488016156
-812072548
870677993
-1659618121
-806285151
19322318
56526968
755002591
-1704219684
1268910960
-1716935362
815361091
-471647912
933563187
1185139813
350803865
-181882319
1437580072
423078696
1964781608
-417931049
1633709426
1687961202
-598996066
147469914
-2088450499
-1525681212
1390800160
-1523961881
-327250706
-995462053
-1515054175
-328920942
-1618486117
769490577
707791222
1757868885
-2145032259
-1344310909
-1399250646
-2057209512
-322125020
1874882291
142805903
1216977010
128969770
-1852491920
-619199723
1082478063
1342078507
-298769228
-2039805858
-2045036141
503335732
-1382357428
-170259439
-1286445858
-1435218950
-2097290114
-455384595
1288747666
1893341964
915696998
-781020895
-1238699406
1408986956
858067042
-757344805
-1251936949
124668315
-1586508881
-1455822817
1676541239
-417347117
-762449836
-44508199
1417934368
-763175174
219275326
-1120506316
-1879186813
-2097330509
1575094956
741430316
-1030928266
-1881108489
-1751332148
-775528862
-1344083221
1021580549
-670495578
953910830
2052281142
-705683305
-2064524231
151402490
-369365300
-1151749547
-418823453
-1673826611
636863821
263296654
743511813
-751995610
-152106301
-616512219
1649320422
-1434165493
-262860244
1282882505
-1120387112
1616613728
-942906315
-818821272
-2103812456
-717231492
-1169359288
168718565
233012730
328163321
1863646664
1615757575
1780291269
1960060363
587479963
-1958719563
-804156453
-205344109
-1625842712
-686140832
1232963997
-1406978763
719525409
-539746881
-1158842483
-43757657
743815491
-1709093182
2093867060
-232903924
-654102436
2122157759
1933570885
-2085996288
1726122829
-1082644750
-1716419071
-1369098699
-1289072687
878761764
1028273629
-2039070146
-907143491
-1520507992
-1909091997
525279403
144849289
957779598
-840144043
-20514987
1961776142
630222867
-1642218473
1894915578
142581393
1767465558
-486951602
-1460743413
504914943
503903313
1118301123
-2046301756
1546262650
96966662
-1529103475
-1056193155
-1306799084
-649265160
-1358411153
1959212608
-2026424871
-698196004
904383614
2071530138
-1588464878
1467712656
35647239
588016310
-1645570360
1052047180
1040682415
-1070247769
-288148089
-1732993001
-63957542
-1100238332
-68347549
-1580360837
-1281934256
-713609543
1915005503
-794871941
1703667998
101079324
-2062739892
1886538693
-1667531334
854190910
1617919696
-636002013
831183209
2101181827
-1575375576
1597725751
95469541
-1404267915
510956560
1498390375
-818051527
-1482945580
-1674895072
-1921132523
-162125328
2137873649
-1867636071
-1175524589
128398958
1603407419
820659553
-651185066
-1133110116
-1766103526
-1689161908
-1644851736
1065214155
853232379
984152476
925880867
-2092023087
2129179307
1210224587
1634913563
-256719752
1890267880
257799815
-1432628900
-870764007
592873269
340541181
240477141
-1236954749
1056448494
-908842407
1629336338
152804128
1648758427
1018020237
2061553073
1394876762
-1652563064
145024338
-1923396594
1308035642
-284733292
2068896364
1418813760
-1290223790
-1235245751
-825878991
-739145911
-1033619491
-979339219
-1929785525
-2005321080
50921764
1029247319
432494268
-2103084942
1186392354
-1465423292
33783074
-782240383
-1543032982
-400632086
1913292860
1421164139
-2083692472
-1085821938
1375304876
858732695
-352829913
994211538
831242238
980596172
1917672753
1856936337
-442345752
-764014805
1422939452
10314223
2114601939
1972501343
1062252004
-145232853
-815019622
-435350510
363325684
-1118869578
-73099632
1591066274
1457737481
871665929
912989127
2015718420
-1356111239
1722578099
221877391
1426285640
1190468720
350605233
207847997
1263308910
-1993910180
1723048193
270573613
-1471612744
530649482
411484281
-2088463351
2133780817
1563645713
-1175875884
1628102218
-796986739
-269739538
230560525
-590164226
-2145175456
-1531102864
-1850730257
538936012
-537934572
6123990
-476961555
-1804850123
1674105654
519508278
1869959470
-1700451044
-275823919
1997706911
632907756
-1524972409
339914206
-227958910
508808958
-120957785
885772282
590399309
190912690
-1729657579
-1831258791
-466789032
1241402848
1314833758
-1939643142
1205212420
-1432074949
1621029825
705493532
-1660152799
-1290757142
1972382774
-1998167824
1626080144
-127065258
2021262258
-1637602673
-83032535
706730053
721138601
2127703085
108902878
-1178945752
-1268975148
1283251599
-64116960
-1943797328
-1163481036
-1687311686
1165214337
1887750566
710828373
-1439814420
-448207718
-199961349
766532823
-825131313
-19440594
-1682428130
378015786
-809361428
-428933489
919862157
1355720600
885398365
553605696
1459969455
1057241992
-2054003258
-1540362277
-2017556001
468192768
-1285446010
-666331851
-2072292405
1411947627
-778969048
-1147509057
-713044481
-77821540
-1181766625
658238254
791203516
68264978
663551410
-1930343074
134180366
1003457661
1659674677
-1337733005
-1019358947
-37764992
774562937
1465508417
-914041150
1636109752
-912313979
-581734419
224885085
-337071875
-2114360187
-167485228
-295044635
-2069649945
-98997246
-64922709
-1335875520
-2081494380
-15865261
1569798630
-537436972
-470959193
-806638766
1473760605
-454166691
565251219
-519780013
1320475693
-1471973632
-1077690344
-32285358
-748914980
-439779424
220423437
2020210283
-1856238400
1580163185
931232608
-1469082482
160555680
