-1792432359
-1011304233
-1380812291
-1713066034
250252247
1560897421
2025814983
499204146
152751776
1061421001
2028575730
-1873867852
1398875573
-1647379657
-1094081867
-1255003089
-273718240
33750596
-2097219348
1480975890
-556952075
1685780760
-472324104
-1136413578
-859562789
-1383013438
1132032995
1355186802
657232074
208505269
-1320602680
-516446802
1504274709
2139428978
-1792684943
-2131202506
574665131
1354851718
-1658130111
-353083504
-1739173735
1983258551
1116737364
955606800
-775512110
2102026106
85133028
-1294687383
1114267442
1426475687
1359648494
-1002991225
2136556224
1542111087
1489067797
-1036864868
-120544973
564411021
-1738236987
1042808697
1207436983
1682533563
1121976475
-238502626
-1592414224
-1226230937
397563139
1854375571
-480169666
-1422727002
-1537427678
1379966969
767741507
893337192
1640540406
-794040613
665994657
-1372645139
-2061546564
1988948937
-1487923960
1807293559
1850633617
-1916059353
-1509918353
1595269697
-216117924
-236623038
-1417695328
-800716625
377829610
1070587299
-522503942
-1028877626
655649114
2088796584
-1053546382
1084967645
-2027175494
-949075377
166378458
211164308
743986162
-1151043243
-820787866
-1859282427
-82063392
1568119167
-400774806
1646272570
-1214693180
417966646
-1148521368
-518762786
612744414
1285711961
-2079273654
1421264694
-830346411
1959272526
-1124087829
-932157871
-991198117
1849922906
2092424155
-1274450306
1619275661
-1278571981
692618083
-1244572675
373122207
-1716404526
1918256838
-1893064454
-145804744
1619031948
-1548273718
1037149366
-776335590
-1286807197
-899866250
456253959
867309957
-1618352231
1632399388
-1314557694
-747345699
-312193402
717952409
-1120679947
-504539766
-1286199381
-622662182
219455387
-1818174689
443872006
1879533475
-1534531958
246708413
745537959
-1385794165
797636592
-250858567
-1518735998
-1939272886
968821118
-1402822532
-1397671289
-1738036425
1596458147
308155819
-498502417
-1260664821
632569597
102985095
-721985319
-2086732054
1207485964
1980299669
-315093228
2052418980
-609668568
1964149888
-1909200066
875604279
80032948
-1559642562
1048319757
-200468328
1616139668
-1986802062
1609672428
-490489934
1109103579
1322830097
1795920841
-358185298
2134891977
560320839
-274106835
868100469
931369972
925808283
1240358540
147028850
-1090745404
-1322174383
360734430
725097372
100877603
1618909967
-633431698
1907176627
737363829
1586918594
742975729
-1770519095
106944966
-465055038
-749636135
-1022890237
-2132833726
1711021619
1675742443
218760864
-1262208791
-56532306
-1111340274
1925347898
1262262658
-1382032607
-431230362
465846348
850878672
-2069829389
-782631775
-1363943948
1764724995
1437325675
-1861108080
1682588921
-879978127
-1216406190
-1727221511
1603866126
-1514652283
-1957505322
-572935509
2078380887
-2101905673
-1835277904
-1954031663
-1251692755
1194510141
-483083895
1446926987
480846622
1991093313
-524033383
1544192186
-1357714633
460598355
93173905
-1740272869
-863633020
-834622112
-1621506117
-998112873
1685280215
-334787740
-2064509858
-2112818984
1968635336
-107404772
541389926
-282792673
1956307197
1282555392
1318608708
-1801327020
-1975425621
1262364784
96983059
1929795934
-537927332
1664402221
1098143227
-20264268
1042862578
1355966218
-140521766
207320628
-1056824597
-1503757854
530860064
178729011
-6028570
-563023924
-1156541958
-697469996
-878637723
-2102252659
1005785266
-650773859
-419377965
1926492750
700266581
-764298937
903993545
-1938200946
-76505451
1894667732
53023884
1974419033
1567672049
-205362457
-1291333158
670345401
-2124215022
627715151
2054872037
-722954643
1228427640
-1087291164
1954590367
-1900652072
-1575859115
1199564182
1155882552
-1332227524
-495932743
-932270654
-1184435484
-1234004441
-2026874386
-563776313
-589480735
418959661
-290872027
-37792551
1362912440
-452081450
1189087569
-474564844
-1527137342
1555643610
-2055150766
-1082535724
-1697738515
-1393289589
211573846
494477891
-397603392
155982738
1473656956
906414643
-193503332
-1543268387
1501719481
980861741
1271509315
-1976749352
-671377153
912088521
1194047646
1720935386
1337974683
1183484991
1061608634
1195260385
1891801822
1245041470
1376401427
1600219778
-215484417
-440929284
2096495381
1034411034
327779903
510436237
-1604586785
1550917449
-953080498
103277432
-296011703
1374194593
-2018904595
-1353724025
-1606857944
807728025
954020052
-496700193
1578835408
83567559
267061205
131106383
608490714
2099028302
-783420096
1047593452
909066022
-910206060
752426377
1305680861
-1221703133
1386366264
1141417768
-1014103438
710145613
-217184189
2099588288
588730235
-1947234313
1857046940
170503555
1070873303
381759562
371404737
-9592876
393405002
-2114598259
-774233932
1644890669
1475328660
-1954526810
-934810830
1125303874
106462654
-1465351713
-794702038
958354022
-358667594
1961949933
-773449363
1744360750
-1092294114
-369043922
-184269151
-1140639917
-20059040
307189042
1282400635
660174812
1122800901
136496253
-767127508
117939836
-1771862201
-213070199
-1547369189
-2113474504
1052993508
-433423599
1682818773
-1212790196
690120756
101605004
520094529
448972623
414772861
681557495
-1291066856
-300739947
-600838266
-685659433
1742015123
-1249243692
478334313
-1774101634
969625701
-1566855927
-1004548179
87769996
-2098414613
-822530916
-737179500
1176154296
23290273
340264386
-1600341072
-1831866416
-823870248
-1054259934
-1803839044
-1810547202
1939833253
2014128058
-1979161176
802884172
-354412004
1974018564
-1557997835
158878569
-1386003778
27571540
-89338557
-832311891
-657360337
913553283
470296871
-485974694
2085959723
-744820526
1985535554
-728469212
1256791995
-905563129
-267545970
-1564854030
1142595747
1659196636
-729653509
124941542
-825181154
-1460166503
-424245958
656816283
-1100095284
1619246335
-632869161
-644972883
1956581867
-978054808
-1938912883
389460093
-392573499
1240342059
1659360469
557409845
-1565694103
289236549
1536046272
213558025
2015610781
1464913717
-829071866
1511199168
45664530
-1575773402
999845725
-858520206
-542202919
-1663475373
-793998321
2114208403
-671540203
614901926
-1486222394
158454831
1147168754
-627701598
-4697174
838168951
-1726480171
116651139
1750445229
-1689766021
-1017850923
-1532390236
-1160402139
2060761912
1546749288
-1557048801
-647627878
-537348139
233225313
1138096314
290629857
1874648361
2118690841
-2019060991
322973545
-329481600
-1294322196
-325098322
1520628180
1716470175
-220616217
-601970863
912319177
-1893548540
1639026367
-1316360916
369326087
-426566543
-747359996
-813871521
1185757886
-1271599445
347543957
-483146684
2053605657
1273730943
445070166
-360818916
-1332585185
-1785500923
1434830880
1733165546
-662098757
1492586280
-272047879
513634463
-1657981160
1251729509
-1088776828
-306840458
-1841900750
745103058
-1880889670
1788709537
-1338731606
-1293162655
2008596698
-785305307
-214412327
-181191323
-1537924962
-129317375
-1482718682
1850845269
-1674913873
-544359274
-1452983396
2089331152
-744315815
-1453722302
-1706947402
-1887662111
2099941506
992568141
-221877379
479750019
1834404824
596094216
1071267540
-77589657
519664969
102836787
-639826158
50760436
1483278264
-1906776929
-1035502639
-210074226
-1569432084
-1918140652
23638789
-1367599590
-704740916
1595876980
350627151
494009026
506182345
979300639
-1840831597
1860019445
1034719130
-1037938535
-1270246969
1991851441
-179654865
-1603831446
-683214066
1341860356
-1817774881
1779557701
-36809979
120509391
-380175389
-1460907156
-200804261
1053473485
-1132202489
-786437294
62835879
-773320237
-82593378
-198679167
-314411659
1770024024
494942901
1097293502
-536601951
2006597688
-1374624884
1106721130
-368036376
-753582156
-1418952639
1283469610
211634107
978571197
1773253070
-455572278
789611862
-753983887
-978379723
-1268589986
911660049
-1770545691
-2118925319
28066218
-712923658
-1029970139
-1107079472
704477379
1400671122
1898727800
-410969195
-1532406027
-1448505584
1750174184
-1730124413
-1340309017
-2055230333
-256796928
-1529420128
-2108632835
-316146814
-869976873
1706208630
-477560067
1909153273
1867375949
126556680
-1856001548
-217331650
-43282284
-1991231996
-478252710
1262581346
-1647988238
-713368524
-1996414348
-1396333879
-51114812
2018730810
400165625
-1155952131
-695259707
-152322180
-1262245384
1213335486
1838234768
-1438298020
-1666857224
891058525
-684465821
-991310676
2115131232
-248213175
-442481883
29491809
-1394551271
141940714
-1852677719
-1871946362
-2127236751
-1625385555
-1134473164
-2130679182
10990402
-1416215969
-1963846596
105629500
35161939
-1638197825
-164418446
-446154641
-1256340483
1457491277
1260061698
-883829510
459446545
660208488
-2096900583
-1340113558
-21329671
-15371369
-1310472793
183439962
277925916
-336287706
1518873958
884612649
-1730388345
634162420
-1511560167
-1168185875
-1037613111
-96087157
571257113
-2106255960
-1614623459
-1018063759
1934986509
21265337
1630496206
-1238451779
-269399304
1604814741
1146251735
-1027408148
1577997688
-1878360138
629752521
-203187723
1898064971
441688787
-1824241935
643228058
1585229334
-1416648624
-120479047
1863943424
757054049
-1543416841
1537406030
-284743551
-1126141978
1558843624
-1109492349
-206603327
-446199030
1246545870
448204788
1344150783
1123723435
-2092211117
454301550
-1913856595
357593372
1624423893
-1245354354
-1940046783
139325293
2102384473
1947511207
28256077
1739299055
1550101183
-1270832151
397958605
1902430454
-1102974153
227318462
-1725890369
-1883458336
850307827
-1622109321
1038035449
-691004330
-350408674
740116263
349477942
1398487505
1287210252
634450127
-1693523855
1825552224
173629362
1571314107
677078134
-1135694937
-34538409
-1507211221
702967477
1893131050
-389486709
41792564
2008349528
1463286219
1016968024
-912038168
-2043226472
1449068689
353618871
-1708267596
2066712652
513403818
1274273349
-283649015
1242162370
-1464179533
-1164342986
1308835135
143873746
819109173
589923721
1025771701
391722799
-1680290446
868466813
-1318891972
-2118925056
-1206383774
-1606870973
1446658229
-164654161
-768571912
1662234612
-1231344392
-775978497
2076815529
3935940
-751273225
741248612
-1304616146
-1049330056
1691884835
1944722574
1789473159
-1433969387
-614198771
-1749909434
-1035567037
-1751362087
-229712816
-1219960450
231479550
385070447
1793922223
-435237470
-446577877
126242141
-2083292551
1425869364
1012442387
2063309504
458958388
-1315144553
14577949
1649353787
-110902662
923089706
-1738562737
-191282387
-1954156771
-1315628136
-2054057196
-973157343
-580504943
-11513235
1432706367
487475850
-688185973
-1426851859
-1800345008
638108591
-1029733147
2011924000
-1989438219
1224684772
-420219452
-1093163983
-63949614
-1332920070
455133180
-1771711752
-779185788
1049411832
-918785358
136171221
315785699
-106615798
-659552446
633518783
1669806983
-715846983
-1548880285
926115996
-1872652659
1967319388
-177372279
2073449170
-1113306725
-947487283
1293912714
5446429
-625122784
-1888357280
1505196932
-702242141
118258912
-160524271
250458365
-1112797371
-457866577
570378748
1921942602
580801079
-631509636
-2010219503
-1803828171
-1674902574
-1478567535
500474631
838627801
-204167000
-1527879912
-1887480943
-1739528239
115323864
1993813984
-40862001
557830033
1660869284
-43461279
1638957575
1890748691
-902263488
-509023491
-31130220
-1564612427
1835706604
1414774920
1514776349
937324385
-1785809084
-1438592758
696748810
2147311854
590499542
702077379
-1896189644
-297378619
381446389
1395121518
-155494181
1714117831
-1538146100
-2081056823
-507363364
-1620099474
-390623307
653469013
-1581209309
32324146
2058697419
-1196104870
-226912675
1146481965
-211106371
857459758
1697835250
25221377
1494949605
-1069427787
-1406706126
-662995463
-1471768424
-1791948757
1855953614
1651340142
-1478286401
719682336
-1916012151
-654630293
-1136320602
-1516882236
-1109389010
373753491
-1843080428
-2025733276
1502356932
793483587
-1655053670
-12648140
520091904
944130803
1990678576
2103138894
-2006602246
1536044769
-427290627
538677498
360363043
-1011401488
-1181442443
591703600
-1143476874
-1936896564
-2095512663
1646711898
-556170258
-109038254
-184434727
410778205
1781146167
902602543
112008526
1497944794
-1443069016
1766035910
1873199974
-984718416
758746991
-1639138473
-48175376
914297285
-1080528115
-522326692
-1839223879
-1278073594
1861840901
-723228106
-1702851737
-1392703317
-1615638321
1531111689
-833563260
1481231295
-1441875693
1901163491
1082367197
-97081889
120177939
1710916643
113813005
-956136383
405908584
-1956445928
-1001706668
503767800
1736924144
1522599144
456690092
-973113739
1933523718
1541376947
1012673310
73689424
-1698983948
957051127
-1629535663
1627664968
1629763493
218652469
1678781283
1582712456
-2089442146
-512584236
620660219
-1496306644
1040996655
1524410694
1324768414
739946754
-634302235
-213474967
-910824126
2124237204
998182210
-981591505
1004463904
-2035164058
-1640089169
-1832039808
-925027890
-1791787653
911481521
1113134430
-729116276
188669470
-2125710245
-320042678
91733213
958624990
950670339
-1963822618
205043545
1727046105
726042936
1665392603
1570473409
-1644539075
1481153010
1652345596
479039316
-429593077
1669828107
-369741141
-2015018912
1719697182
-2061996562
1838637179
-712326629
-1749583764
61845645
1185296662
13884339
-2041217398
-426027880
-2116515999
-1835773790
-2102457739
396941547
-1905832483
1067798599
-2089098354
-1701984185
-1526355376
-1413756238
-1229277722
-1247753148
1990543267
59686591
-526366532
35421062
1310382606
667669861
1924208963
-402368721
-884719247
191487567
21126567
1314368404
-595333627
-926023252
1988342866
2059749426
-1568969933
-214844605
686752618
-1479654686
-1540803389
1241838281
-1554494306
-1670038964
-1255392711
1139328374
1329625378
544918425
1597092987
-879438635
1790599671
184495980
-1732759113
-71160101
1650563183
-1704185326
1352465283
-179035333
836154096
-217449737
1972845381
-173499912
976036344
-254519461
-451510060
1333706555
-1175269024
-1068663738
1009815391
-1602480026
-298182172
-60394567
698651789
-1387964824
-745355550
-597382875
1203252710
1738635602
2036806753
2133805344
34922608
1249057066
503236948
-1058641834
-720181603
129820671
-1783148000
-1622071875
-1555531676
1789116733
1494941532
-791725044
-1308429907
-877536702
-2087645993
1531819629
2009168625
-574363600
-607955746
612744304
253696033
1463963397
-5024834
1304930627
1058292167
-891965976
354246535
-754720224
1834380395
904355012
57743379
702947334
-350346697
-2026655974
-1684909242
1240408235
906138333
-574812141
184945046
-1799097680
2015608248
231492564
811796173
-173453034
-1429562831
932944405
-2045353203
1670693360
-1086791068
-552649228
1258817556
-777753510
-2133302270
112709382
-961820991
-781592151
211024760
-1350074449
869253335
2021856739
-1457349296
-1151011661
994126591
-222239887
363794904
1348174348
1902947091
-221252078
2110605056
1439817981
11523737
-2008651501
-984064888
-1439845529
1365611917
-766122819
-891105702
-19175334
-519082654
1433806605
907305268
2014795247
-1617299381
526574506
-286804599
-431088556
-1529148234
1258499859
494118057
-1380473305
894195992
1015015703
-1643459553
-953067000
871200751
674355850
-583144615
412176744
-463159292
744978997
-1460406386
737519783
1680233713
-1316123378
1771375068
-634373026
1742552034
-1790634584
-2039247953
765487096
2076866719
1050953452
896615785
-841901689
1854568137
1938255369
1167340351
-229716268
1576092515
733087656
1629045857
-913813576
-1984800108
-1378913180
-70162339
-1599456855
261164458
-1352269703
2021101253
-266882921
-987576990
-1564069190
-1183548146
-685258504
-1006853018
-1339320632
695180987
-167870687
-222671338
1491302016
-1940245574
-148025384
-404499062
2007054005
2090107149
1366050342
1066735831
795822879
530769836
-1116368272
-1305932654
-1910049390
1155728809
-904200504
2102377362
-817347470
353322389
-1303522176
-1709310216
-1683028891
-1386119134
-1018755328
-1508756877
-1590126261
1259049993
-175720487
-1292277568
-432410006
96933933
-415274983
-2041256848
1055133165
-525628416
-885888288
1419237613
-374816881
831302181
-1857524429
596752318
714649235
-283590313
394929935
-1445360119
-1882276105
1728657288
1875544513
1800615513
-1718855192
-1640654003
-1449853068
-1255185759
-1024636552
1048307576
1577553931
-229391743
1129388942
1886838022
-848691407
472435143
1879261213
1797625659
1641035693
262069047
-125151593
1614134795
539465722
-1827349617
-1852154204
-623641924
250868758
1810264261
976011279
-1359179064
150626458
302543250
-2030281216
1652575495
1332026122
830359859
701704560
361760013
-1949490322
349918062
-822483240
-1864134448
-1270129887
1705997522
-219014357
1505156238
1669086440
133067587
950883335
-1172152083
25068102
-1739205963
1005862694
755128163
1923500557
-1412613577
-1075624678
-772648744
-1708944328
49915187
1166646073
-1642524024
-1552668936
-1443109644
-1777139499
869981486
-765054708
1691825767
498310064
1413907038
1072840021
-846925787
1276159918
192146482
-276280407
1703316656
-1286083124
1129380649
-1512758554
1377277180
-1411172784
-1463558581
-859688886
204812081
-1503385022
-2082977393
-104626174
-2067180113
-1788323814
-1356910975
-1330849024
-442238382
1741443002
-2101421281
662664721
-2117297674
464521630
-1221876988
-600793554
-950336451
-1678897839
-933267768
227073553
850287503
876219170
-1360458331
-1053681397
-1161457310
-1188897513
781288798
739473172
-789781829
-2072042718
-52323237
-1669890525
2133334259
-1953829230
2059266584
-1872106304
419009214
1030762700
769898944
1669343702
1034049897
-1638211270
-142185708
-15180339
167233122
2144669314
-1092125294
-1807185704
2125430013
-1976152325
-675173934
-1871172981
-2033533836
2008368220
1728163122
2050248367
752242224
-815716682
-489837643
209130329
1833210950
942967459
528895016
-392627143
1954249795
835835583
679146118
1404282671
-1064805844
1686969431
180141213
1084405283
-1660424256
-2073147552
1091708144
222888469
1408312319
-569255510
1137143775
-712152206
-1948963089
1878893909
-331987195
-1578902614
-66044515
39991939
-1801378079
1735150590
2106708577
161021007
-1213889865
1174070686
-1416338074
-2143678211
156353208
2046398194
-1492121239
-73096847
-1256554400
1984199223
170662081
1820793829
1505535263
-1037530802
-625987938
-1684247082
751849275
-758932784
62189717
212756799
766157044
-1032579995
64580699
-2042836727
-1469391384
-1241104810
-2041967152
-1104443199
1358002872
-215792545
1177710911
1121092491
-1471806740
1064234954
637769188
2129890902
131791123
-2130809160
-762563410
-38043312
-747825874
-928793407
-1518780603
-582622052
-701659825
-1037139777
263244621
-1587399614
2025657468
-411274265
1918496236
-2133528729
897080280
-29317608
-1987556470
1950213821
-973905404
789197687
-39165993
309362236
-377140030
193478459
893764113
-375269871
799738075
-611170363
2004674950
43781846
-602796989
-1856428045
-41011624
-2107302652
596285050
1989564852
-567000448
-1833246811
-1422716108
1943293407
902545172
1907191373
1143243579
1229188416
-2119999028
-1883516342
1610747796
188782324
-2011257150
963026714
474753760
618999798
312240760
1617894941
360310021
1311381497
765370399
-1724841589
1843483917
-1574103177
398501910
1693438631
-1314767539
46242569
-992081232
-103772364
-28029495
2037960697
681810746
667626024
896313559
1630959125
-421443781
-161029217
157584897
-10454331
-1600973315
-1932547054
-1847242961
1308930400
-1359209396
-1006500152
1356592133
573652154
-1835636611
-55697525
1670983562
2020703745
-968414543
-11925601
373853193
2116721865
-1468621477
-2015998480
1867772219
917503076
664760831
-682137975
704047270
1067004535
1054983739
507090253
1033323583
-295152951
-1117657845
-1543745568
-1599141034
-1826053026
-2131011513
1155353317
-1133653582
899355588
777326193
-1257593234
-1342841605
1443296940
2112592045
627502512
1635499096
-1659177797
-1418541808
-1889477130
-1495976360
-1867306590
859838748
1863067864
-529616619
1125569643
1417932939
-607672916
-143886186
143730710
1328497739
1133553211
741312373
-512880284
-708813366
48915127
-875842111
-576911887
-32441741
1446752492
595030565
147402888
887399287
-789284170
-1361352375
-1160278350
1855864272
1978640306
-72695944
-1632578672
1617958530
-2103611848
1750253698
-1723456534
-657854685
-154321016
924527075
-2112028793
-134426978
1286456130
1224635172
1990192062
-1153131981
-754149861
-1240221567
1865855821
-253510975
-968441906
-891671605
-1442689176
-1275243961
-436857777
1011888015
-666513899
782157224
-1653148602
-1765900168
-1303983690
-802054483
1462051003
-1765666575
1862616551
-493155760
-1528457715
-1213891826
1926497674
1893627703
662610472
1740975276
-2032685537
-1955784578
-1734432266
29864406
-721138600
-391884615
-729460203
-2111454870
1301679596
-1214691016
-280363317
2048126971
-1384430421
-932169332
838197046
-1516622599
368248530
1147282250
-1403586617
-658280945
-1778057056
1752958478
-321593359
1636969676
-1817425112
-1387343933
1860642588
403479172
634936424
-1686663904
-1504144161
-578965896
-150707045
626761333
-394151825
1580626484
-1823036213
-1578306393
945322833
1206726712
1245629097
-1626957192
2111417175
2022598874
1403174304
1681001995
-2144555063
-1204965014
1360546087
-1666568537
321969633
-1962745449
-1112989610
-1317485894
2564220
1614951184
1869985468
-1630021087
-316545265
-1906034834
259246703
-1026518874
-1022324777
123521104
-909968541
1252324553
500875604
-1248963129
1977811967
-1993664829
810772215
-415680780
-423860499
-300186681
772949273
-671293200
-534403535
1572188554
-356624337
821766123
-1751361667
-582935035
-1874693316
-1903432041
2039130562
-2078660743
1728631174
-1334712378
-790155254
1046864051
-202272884
-983085487
-1652161148
-1904712303
-1568456906
1055110972
1800380128
1085109188
-1105982642
610951703
-83698467
455822295
1167924783
-121459802
2037199903
1677991535
-1026474053
-713914684
1700593221
-1800762925
-1993679215
1944919940
-62961605
1844571054
-600508289
-563737448
-2103725620
-1810134252
1754633782
-2040810762
1169568378
-486678846
546819644
2062663608
533190545
1197700009
106857254
-2023826365
1170001785
1620260781
1254641925
-1606483797
1970755148
-1010029399
-1415553504
1473120342
1400657832
-6633546
1564410595
455371998
266852805
2123268269
1987607832
-406172869
-1043036727
-63285783
-1461247404
-2020403423
1598218586
1020479569
-1635662413
1660330151
-1287516811
996938645
658916551
-1237168087
769990269
-1392662858
835416012
-1505248146
783114647
-346021684
-2029207263
-203686132
1539515188
-2091887101
1341495283
617442058
1809566446
1742348518
1633217083
187402695
1195729048
1681916895
878551529
-350780901
-1417884017
-1073946882
-852027039
-904835653
1026913622
520404473
-746296538
51929314
-1274157982
-1221197197
-299333420
1195157548
580308017
-1153667455
1796754771
346489028
974028192
-549727383
700120649
619613889
1283754622
-1531942740
659353808
-1056795187
255744859
1968115526
1736131945
-1824081913
594464422
-795867853
-345313489
-503726294
-236964618
20106549
499939919
-488811538
-1068417369
263343828
1589724599
-2020128850
976924329
1351381670
-177331187
246109258
733800084
-508510512
-1704814622
1232500302
1909563390
1302181836
2092637991
-1031584429
1204774672
82643307
928530911
1126231717
353479255
1552595997
-1158981611
161265189
-1217301545
-1345062288
137706257
-585621135
1567104869
1587423958
1927435718
-17551039
1182179894
-672177749
2083702925
1449938196
-150915150
926773109
-1940614120
-1887320821
1870169998
731451244
-2059337824
-587002349
-223962855
-1300301251
1766698593
-1668801462
-1652086827
1801511178
-575334329
-454066277
427306312
-107703115
-446604823
-1837226326
-1324829676
-1602757282
-1249931338
1501424631
91834437
1434175017
1527853165
-682274499
543332586
1169318212
571742930
886377755
120332006
-593082328
1395739294
1226723062
-968499961
-655139810
661481654
89054492
-306868905
-863204604
1901439648
1682862381
280547250
1930599504
-740903630
-370477386
1011035544
-1134802347
-946702708
-1893232610
-851966140
-191878203
-1285215417
-1719892539
883801597
-1976225418
-82246930
1980007273
1065922475
229031016
-750053460
443926476
1687279532
-526020601
-1971606201
1519135379
-1978259224
-393272148
-1469125812
-344777615
257488162
1985551977
362972812
-1240660604
-1342900847
-2063143931
1878003142
2129110526
-454244177
-1238642107
-1095053915
-1786553080
-1578829488
-462690451
193167340
378370530
-233905419
1376961285
-1700054545
-1542718642
-655554719
-33626656
-288207292
1031495982
-1668372115
1603083866
-1361635909
-289049492
-93732584
320826592
1849938826
1510091033
-891839262
9383092
691677388
190971608
-492190631
1670546673
-1562522836
313754493
194113523
1209624013
1462203101
1894505456
1014049310
1915131422
572797901
-1942718633
-1353749099
-34761441
1580512793
-2139205516
2097042677
38163571
-64814654
-675454646
1266593679
554962537
-501427807
-235590394
-1251340417
-1219707776
-854875752
1147765789
186557693
-1927089618
-1851593718
383051441
729610994
-961798180
856705676
-1481103047
-2031327026
-226917835
197160412
-1410515105
357846424
2117747104
-1536745199
467751212
-1677367226
1709278730
-1381512172
-1065845150
611311950
2016641768
1956587854
618656808
-583542404
675856252
-1587141982
-1883686676
-972844538
919019350
-743372387
-1487678844
-931429923
-343642339
-198336788
140028566
530967621
-1992394353
-1267360498
-1633888966
-548615001
-984553275
-1835877815
587701725
-659149914
-1928235077
-747874846
164757096
501494127
905918479
-934919033
405005472
-1307342507
1434054665
-1980010480
427157967
310635164
612553947
1209417318
-94084956
-956310892
1146627369
-1248595005
1108008279
55966697
1976657866
-801143781
986553360
323452729
-411413808
-1117550631
2045274505
647268583
-238641467
911886286
544272881
-2079809490
-1114027464
-1401023386
-1829463533
-302613640
2080248183
90922012
1287145143
1773387248
-1633935715
1772696879
1394783816
-879068586
1129657806
-538685803
-79671114
-1692430575
-1561009727
1362328624
-1462136419
-1544933494
1862755454
-2036575681
-897355610
-87413065
1311273064
-662600682
446917677
1429200629
-57283202
-1123288559
-2133386716
1486986010
1892896477
1849348806
1539924790
1524124874
-168936312
1112916857
1870515247
-605191159
-1363307156
2101382100
-1044614758
-1751452654
-478147171
-1109036841
-875587157
976513382
-707793691
1406661389
812515423
-1090351833
1647686016
-844090368
-1799667231
20318629
989567776
-1280131346
-168163536
-1408244679
293626422
1532995771
1629608189
592781393
577216371
-88130774
-129712935
804323276
-1578457204
-51273913
-1043398513
-955616120
-797647043
669661991
-1989290034
-1996056776
-1461531759
1821816532
-1206931445
322647930
1097556575
2050808961
842751653
-1078863576
45047575
316262405
539594057
1401729773
-1377656898
201333126
-1008858985
-1683717605
-138424778
895098740
-717957883
1494173628
-231286333
-1764742215
212938243
-1045609754
248186058
-1683847122
-1038429344
1826274387
-1482847526
-2134262192
-1646769940
-818251983
1903043312
1659315763
163245149
-2089428171
1034609142
1849356470
702285174
-166908939
222118285
1219764471
-294112155
-1591516809
-1420144884
-696112887
648602220
-1344899580
662193863
-338223644
665950404
-2006041278
1592532883
-2046511459
-2020515395
-1632036735
-304756087
1645054678
-504981463
-577823660
-332780790
-1972943753
-1774860037
-1796637852
-1424618748
138524829
-1131771094
-494581120
-1729785998
-1049486382
728986074
182841847
-1437601495
-1570716289
-1228374850
-788733911
1337949648
642463390
-876762441
16863579
-2144721617
-1223469133
582587073
-1604566837
-1316022611
66068988
1954686735
1715066628
1701982995
-1830606874
1691354739
-1215108749
-168405354
1729736899
981139459
-1550426311
-1966883053
-2053678150
2071506169
-1551659199
200807068
-2064417282
856704219
-662443115
-785266126
-1143885757
154472411
1814269421
-207551276
1330724716
-2060772481
-1444054647
539231928
-1909033848
-508553852
-1951816128
-1709840169
441182207
-400789248
1124608215
-1529201489
1051284488
-393266746
-597291882
-1718048700
175151709
1232681485
1275965976
-1538802073
-479661774
1728206419
186500963
525768506
-34903198
-854703234
677326136
741928178
-1357688853
-615253179
1023630763
-518930210
-967314276
-598895923
-1026938891
-587936599
-606269428
-1409525866
-1582901881
2096579547
-735988018
-2066262376
-1947595677
952936869
1065711586
368619945
-1703476569
-701186339
-409056146
-134191327
333436778
1665911878
-187609427
610889664
-89250613
18795797
-146052058
-1753721138
-707125434
-33997392
-1768519903
2109255811
-1547446711
435851960
1037744982
-1653534039
1629972999
-589456311
1067629031
1489728383
1807633035
-239314560
1307930768
417993440
147641359
-1589706691
-502894563
-83930716
-872620915
-733135575
484558363
-1459545274
-1478818154
-448466950
-1886437934
-1242118713
1347808611
-869668875
812924018
476744657
-704938455
-2022284108
-59069301
2054554910
530715313
-1351852247
2146872514
-596426470
485499175
-784081182
-592710207
-1143838777
1074697521
-225255538
586099567
-718404384
1560225347
-1475376449
-1158771359
-1917427391
1792098097
-1248474639
-1678722417
1588498053
-1819981051
-1268419382
-1861256118
-1673787152
1545042706
-1071734877
1759497325
-2055990385
-1540859319
1867894342
-1227388206
-593481059
-1924480566
703729401
-2058054136
-228235224
-1704721730
1378042299
-1255130302
-1693444364
822368611
1021251533
-1224396399
-1660899425
376110439
-122202253
704484437
-665613307
424305530
-1245376517
-815689487
1688247525
1033274398
-477173250
813087677
-1068118588
-370132031
-360501275
-1999945664
-1476836591
-1814161396
-1441748306
-1324916578
1624168073
-1707858307
-2099081488
1225979983
-198281763
-1726900173
-629164516
-1828456943
-1383118959
