584052048
48789291
-165959239
84900745
566485931
-655106558
-1623289567
320061824
-979742154
694080132
107626157
765037106
1243659600
-2145504780
112670897
108508728
1055068494
122261013
-50449614
-1350162724
-1822374532
920694237
-830368637
1025937388
-12407966
-1768168088
1251483698
-207088943
562556487
2002090287
1469901860
887158495
-1945827590
-1748402055
-653851650
221975277
-1527273521
575470353
1305304774
505723944
-216079128
-571208136
-513668406
-1331605980
-1443423051
-2002084643
1222226880
1121034291
-2018679619
1212264203
-410851538
-939656198
-1252622691
-643343198
-1669154037
-919574208
137468241
1990602569
1816312486
1711760137
-260087118
1592012706
1054227911
-11122205
-2080756417
128520640
-700740077
-928372865
1602498079
1651913941
1052737204
538875778
-781379738
-1812829649
-2028971463
-162010723
-1677684073
911652709
-554218822
-1338715941
723738473
-1415018547
293445695
1109079097
-673375538
-1746861776
196450657
652801147
-1777798608
-790073408
179606065
-1412777155
2068301565
-1790444214
-1949909671
-1815599289
116557413
-907860057
-4011135
-1560942043
158579042
774744696
-1694476
1463003895
-631533320
-1402351599
-1375168126
744800901
401732286
600202677
2105584295
-781179754
356403612
-1275949308
-1140861972
-884667775
213196501
-802040655
1413510541
552022788
305643335
1247824503
-707443365
-664876204
118649073
1744050253
1476684259
-1516939916
-1301676874
-1424543017
1066836944
585768906
-799960992
-1145557216
-618321523
81666542
-439468826
791158150
-1527310034
-807382331
-258108175
1808179189
1596564624
-700396594
1659449244
-1600344233
753687486
1843547579
224990075
-2116434869
-464701034
-156829117
-1307357729
-366061804
-1650043220
487479094
-2036909481
-1858475309
-1434884499
-1119359279
1153908344
401741816
-1415355769
2069832019
-537133599
-800372234
680855688
-228983857
766003833
-456973258
1692601797
-1083299772
-452635398
435667533
-112513668
1963739882
842195379
-9025680
125400380
213082318
-1667267191
1755214119
2125165445
-209521760
1531522878
-903864000
2030382250
-1784924469
329679093
661852934
138803710
-187735610
-569524747
-1795674190
46774063
-1860969558
-1133096787
-1435027934
1503977964
-1172370429
851324151
1034070472
-328167474
1649861866
-1569942880
947338468
-1991942540
697989715
1937765416
-1427428875
229818864
-1825817950
-127072827
1437937772
1383224673
179215492
-1454294867
-734386013
1970082272
1776113148
-1715788139
1764451084
513970079
1488613564
-2121289356
-481343827
-757025457
-175648842
-323298420
1771102923
1027373506
1448802801
46635946
-2046138395
1679989714
1688354464
929706411
-91636764
-85887872
1489995375
1002225474
-1253204593
-889501857
1523476000
-576313095
1168968516
-1952271053
-131053994
-1814068363
222421220
1337537748
-1001212751
831295741
-431300337
96581208
1852912154
1486885693
1384684945
-944253840
1456804447
1988949318
1914434331
-52545518
1953186049
1599181272
-417067979
-1952640424
-2010054836
