1836122790
-889556565
-339013222
1680794889
-1548101034
-1313863451
919090371
363290660
-583481546
2124329884
-1685878051
951808642
-677813005
-196509074
311828587
1612096888
-2116263956
957912124
599516763
-627191093
194405434
-1349356843
226091695
-199937401
864057584
914491124
-1419491489
-877071858
1553746851
-621586580
-1368091779
2011146355
-1001181140
2111866785
-1086446950
-1218495480
-1390487380
-1358182086
1708248680
1809976629
1287064016
1293563156
-318273888
1021541003
716164949
-741425287
-521207003
518525464
-2128087858
-1820083311
-1600719767
-1359543300
1155516069
-67853800
-999533041
-727733700
688676703
1196494673
-1167472686
1982806485
767296803
-189977543
-93777756
409465108
-1041998980
-512559360
90648602
1984714532
-193237667
1673207476
346923526
-1146724120
-1769417883
1923835455
-405161883
1864077067
187464292
-916209005
-1662701701
-333686444
376229406
-1813862365
1776377916
-754025666
-1871295410
-555992172
-1891060498
603387335
85115885
-351839820
-236960757
-152970616
113165491
354331306
-1503808149
1922249733
774374110
486749295
-442247774
-823287994
977777457
-883875716
-1867875417
-1037014362
-1493687489
-863065915
-1253268299
-1476899350
-132836887
-819437595
-1551766923
1275793300
1244302372
-1259517798
-1288259748
1789373305
-542223873
-588222350
541646162
1637469841
117180388
115147206
-2107346284
32029710
168605725
539295975
-1411966758
250015663
-781817702
-314431337
-751955269
1843990869
2018035952
683907515
701877072
-549450282
2095594661
-2040901043
-1674071016
-428119792
1020839338
1690410903
-935486181
985013569
-1881238744
-1384120419
-68162735
822188950
443693183
-263182886
-1453960893
1747436033
698536074
-1463216337
1964568050
-147465649
-471822040
2060947736
1155134968
1020262009
1776194296
755642400
1193167597
2104311353
1080217955
299174294
1260233995
-409796128
1674028766
839429249
960049941
-1876056474
-1738389136
-570180144
-1889414029
327401154
-1942615182
-1075469355
1302679969
-500111748
-694917995
1115419892
1085028042
-765775489
-1111095511
906730903
2020095152
1563378995
1507427740
1488056676
-2100483122
1557950155
1652051008
-1960240206
-1553119809
420170459
-328535216
2004788024
1265811680
-1134636500
243412276
-1392380665
-503244
-969351213
-718678780
1318857402
1097548168
-570915713
-599793334
1981906923
-474962985
1501149971
539049739
591407848
1048139759
1694716532
628807944
-1497920346
902211923
-1337384797
193810241
-440538123
-27542173
-805973235
-898227526
-316002315
-1091162438
-1232015327
519657856
727338440
2011855575
667606563
326295278
1378246024
-2056837634
1333920576
-767089620
-1833203077
1466677600
2138133217
1570686200
1262047877
-1146159239
-458630077
-760138584
-1130444579
327295673
-33673657
815708015
1312608259
-1334537626
127902854
-468046881
-843219215
542560704
194703784
237463726
-14670448
-1703373467
65174262
356201148
1644995693
-689909001
2120898860
1230376788
-120058964
319071995
-1748823405
2105767601
-188762820
-1066650365
1373463119
2008754884
-1048621493
-1895635441
1282580725
62567988
62489596
415410481
-2009947552
-1706469466
-1326299305
759175791
244391108
-1128735426
-1605051263
-2087210004
1394208003
-258329500
1886333228
-1097175735
-1177236417
1237627338
-1297156528
605711688
-2051650896
-2059709010
1090853147
52343218
1134896054
1047236700
-270682331
2144260475
-1619509455
-436909322
1708923367
-1252639453
297989136
-35374985
1723581805
-669998754
1955225640
658420469
-425736630
591876086
-749213370
-1337022170
-1842058547
-270413072
-1781908601
1179476004
1570167665
-1024848403
-469280538
-396161676
322520729
-2048486957
528977429
964136260
-1406037124
1712588460
-639999855
1382136052
-1882468259
615567309
-2088515088
-2099830313
1075367936
1880903226
1612797053
1297495097
-1211848104
1304257865
938208518
-446626140
168301700
-1246091900
-358318605
-1610655393
457360380
1841611219
-230250598
-253588937
1727811847
2111845082
499001810
-1829863295
1374440560
2067868832
982569670
1972819294
58817656
1888897648
20449034
-1716536256
-311724786
-1706257148
-1342032141
-1807323219
807993149
521389791
889574690
1561142851
-724499483
-1556614407
1312072290
203609083
896724397
916222369
1748460212
1757363121
-238635465
-209832033
1588023206
-1680861981
-189525354
1575091096
1136385003
-149141064
-1950649604
-2097885770
-2015847384
-951152316
-1966945865
854328711
-741316341
1436084746
1215515998
-782521819
-1737486686
414628034
-1200313785
-574048105
1010048234
623611739
-1935321285
-491852681
1110617509
-34021310
-1942552211
847769300
746271599
1239753188
-493796441
719064921
-172251629
-1173150094
659299525
1799547822
454795290
-1253004317
532076903
-71522018
1966293413
2087675966
-2139659039
422749305
-955454340
1466701337
1041839478
-1032274885
-2122437274
-1789180580
-1256044602
169253101
-518691142
1783362634
1085791620
598906827
983502901
-355715902
-784075925
-2056373338
119447566
-54763071
103260786
-803321845
1766093128
1155639594
-174727107
1934027429
1831549766
410054089
-1619701033
-1117350177
-323162460
-975747691
1793010590
-1264551987
-1463284925
546674741
-1665385090
1233230924
-171195483
-447143483
-2141142431
866795879
353534332
231923161
-1004895258
-1328095492
-1944608899
-1821630783
179067728
-128263522
783182968
-48835314
-756204352
702088381
422431661
-1151579307
-143638105
-601603068
407176791
515201586
1014916725
-353037566
1498653325
996366479
-1308495978
1304867852
828855114
1940999206
1418635678
1509506912
530601418
-1980162493
61962434
-192680051
1257099287
-280962866
-144381046
-1504358382
-803666718
-1375719544
-1305492284
-399166907
-1926270826
-2099324524
-1941065541
433491062
1338581930
-482312391
1569823144
-1576687788
-1784025546
1400586214
850677609
2109816206
1880174793
1088558198
112817776
-1076661827
-1426758023
-694382156
88076797
208256640
-2019181510
-69611744
909262223
846808296
656230771
-561744397
-1583453801
-1985012457
16301518
1803172960
-221991057
1971490083
1639487567
-1398189796
-1897475958
1190742591
587676583
-895845600
-1773030165
-49534948
1952150474
-99159635
-1346503462
161274508
1053114559
-872075120
381385173
483634536
758905526
-2054665049
-1465466171
80107188
-1197333665
2099350691
-2014881935
1236748032
1696888953
525093390
103286583
1515133968
450829224
-1643618673
1931644664
-1121445441
-1223892085
1531421037
-105733548
-534917856
2058496525
-1971898031
527684631
810630629
1224059899
161859151
-1217326606
972313092
-9482793
190031911
228829037
-1695201385
-287450645
1460331719
-630522852
-1311938301
1211239328
-323980525
-1174044400
-1606131876
1911454735
-44503575
-1213824624
-1691629816
-1044298792
8844127
759941897
-1708332383
792028723
1046066254
875651138
2013055008
-1146660540
1251375124
82881491
32031799
-1836499022
2044729492
-2059672105
-2014269443
817407865
1847310977
1660788960
1254687952
728818175
288507356
1018147371
-446006666
-998094491
441606842
-1539577580
578968453
992479008
-238092726
669796811
-714523643
1817915335
519216150
-753418424
1887172179
-1541715923
-1847593079
-778864516
2047676999
-1743681614
102545841
-1933548344
1541601945
343239638
1626031940
-359693390
-1449548672
1936617742
-1922766104
1968110550
377785755
513279195
-1349132370
2042440986
1175991316
118097175
468778975
1727935013
682650882
-1281793903
-645325829
1961067792
335232271
-1809208100
1608138238
1069333342
-2136598694
488752484
214785253
1357090089
-1201297762
-2069706815
-1857731472
-1885037666
-1773239149
625082703
1647031592
709470891
972522388
-1392795138
1977745571
1914782198
-1975226751
-1810020251
443065861
1655367952
423781094
1816443677
600158922
-1966181654
1164781916
-1937743028
-1133909053
-227013497
-666423249
1784962175
-1362034082
1985610483
1151601729
-1715458627
-2137433558
976254067
-1835031507
1389264856
1611932313
-17669891
-365270610
1920558342
-300496634
-786510358
439698754
-287111761
-756873479
185331945
-447866870
-1928608120
-829747030
-1425435081
-425199628
1886141407
1468770243
-1937295860
2100857371
-1544913352
-1515317654
-243176104
130424685
-1846037479
1205884542
-1384002130
1436055437
823911714
-1445861089
414660736
901271035
1879272032
-1912069516
391920013
-1917315726
-1182625823
-754651737
184816790
197297553
-1556530293
2051493172
2008971863
-195961155
2043260201
-157475997
-1047717707
1958545477
825404358
682741522
1453685299
1727392966
-1475431362
222185656
1135405226
1386658000
1585380625
603581350
-406632647
1519509449
111305594
-1314027634
-770893959
1962085137
1239782848
-1496525239
-1061413387
-119711898
-176484661
-1627156012
-174499367
58033290
2115942137
-647010661
1158300648
883751714
-1993195982
1964000762
1169590451
-1643328287
1417446201
-1383277312
663925255
-1251077403
1873255493
1375810421
-60329050
-1821421984
406738127
-2039892194
-1724608710
-2142457989
-1818020691
-526567618
-632716410
-1145346442
1468556384
-1343450016
-1696761122
-741973229
-2112814423
1386686548
1871916249
-1246943692
-1271283871
-1020319114
1894557508
-1062499901
-1934635126
1597609013
-1703005607
2140906193
-736457056
2072594899
1693369392
-1445912063
-2024971979
-986870935
-288901260
-1482697177
-987976516
726135342
-637748902
-101370581
-974522204
31358455
-986701105
-1735979213
1202228392
-209553663
927412464
228052993
-1285742491
-455268370
-450572097
-613223784
-164597716
515879949
1402532370
-2067100890
-246035687
1768132062
368940494
-2142696675
780398180
-2107813420
-606467243
-281500766
1942995446
-962852516
1752699196
1096018475
-157431233
-1762977250
-1512190655
183083874
1935172422
-133339774
-1269117060
1622661200
-739895039
200039541
365779
-1669293641
1656533222
398330732
-1721090894
-1331882562
-1323124543
-139369816
-712874500
1039786963
1308274376
-1008714052
1310287676
-1322145076
2089817836
1748694348
-297839073
1596556623
697307505
1914268182
-1449094618
837077108
484198080
106557494
-1463892329
427561128
-1568654213
45513637
576952244
1836955860
-1191286830
-1333991678
1265921839
1723604925
-257191660
509563284
-321774628
720396205
337927305
1860032911
1919301800
-1059169197
106040446
-384092522
36409033
118573799
-332345184
-419301247
756934454
789977233
953890445
1572367967
-1714356391
-1383378165
-561803352
-2135066178
406164739
1253341060
675110956
887673385
-1961968224
1907936199
1409690499
-1020429070
487128235
-728488548
1000223192
-1817871056
545770851
1782727790
1521939178
207224843
-1990880321
169058605
-2096723421
-592737994
564996254
-324741003
539768809
-1435376707
-539790014
115348208
792964147
-383526144
971690495
134352887
-171317666
-1982660610
437328943
655537791
441433664
-1664614698
1886697320
1759203378
1688431229
525355147
320597488
-1956457764
198940697
1108743431
383607921
-509944824
-599529650
-228064926
2042598632
-1754381590
2127815072
1533398627
1876985059
-1374919553
-187253459
794559302
-127522069
-2141549069
-1376026295
-1645184833
1393243966
1780951362
308961354
-178384833
937636801
-934244320
-1762305377
-1675748491
1026305844
-1630820067
1950842663
-1455278057
28534695
-778783996
1951882432
1017750497
-1867143124
-1185488252
1620474141
1902726365
226184653
-1975667182
-392109860
2087592421
1148921792
1026368525
701310167
601188198
-187783464
-1882454238
-1255253831
552539238
-495644609
10382577
1084155604
1536850887
1602922338
270772976
1636060466
-236075572
-2089549012
1355177359
1651054569
521993692
-1169358219
464172445
-1467241293
-929187706
1743655868
-364267542
961919933
2094044613
-1345207276
311317292
-627480129
1128932228
-380647076
-820809690
1890486092
-932649885
759298995
1433427974
-1537513109
880705211
-1032130006
594758926
1427781477
-1364305953
-256035142
1744802167
-737885728
-184279131
425543031
1732253841
-1782696148
711528484
-2136487163
1111240238
-950843172
-1740184130
1187567179
-1847631807
-1602316648
-2129407136
-242749082
-1553246527
642282033
-1561135352
351819233
-766196269
1624658166
-766963065
259764258
-671424985
1873772101
1272810632
275326502
-155525215
-570301596
1897659856
1469158768
-1982352836
-1513424751
2139803334
-1846199234
-926439125
1383478103
852470070
-1399963138
-520563648
449021474
-689782191
1549193984
-12680303
-606223082
446578936
-639057045
1881203032
-172882917
1910981689
41938293
-1099839973
-803847620
1317162521
-955793714
672672524
-1973488079
796726931
-814765732
70639282
417878074
221514465
-1274451154
-773759033
118572333
194641145
-1821417047
-974650780
-1250707758
1909245786
-123708409
1588249435
1292258670
-2056656633
-1914593022
-110465565
-1517693283
767712723
-2066801717
-1300367494
23936356
-818071841
-1509104575
1010316807
275804038
103593825
-762538401
1827689534
100647958
844233126
1217146101
1307748423
1841739597
-846765991
245060506
-1722429278
-1852698723
-2134222843
-1974508576
503987012
-729366522
-949932840
-31620663
507017990
305404839
-1469974359
-1521120390
-1100673217
1499278999
-542380741
-1917857746
974553519
-608284683
2025094850
2123022956
656735902
-1831780035
-476171609
102046076
1504234308
1726181085
2015827592
-1485564393
1508851307
-285792761
-161930366
-1715675555
439623506
-1910385720
851906994
965944587
492277460
-2086231718
-809213961
1571721196
1487331017
-953286219
-961571843
-55864944
995163052
1735394411
-263063945
-945575365
-997897090
-793738827
-1849143381
-2074852320
-406442775
1858696136
-660838349
2052759247
-1947834969
-1385098899
-856731135
1417575914
-1229240540
1580105168
-2146386525
-2140369121
1543719522
256450967
-1864376377
-1478706351
1402690588
1059848502
-1172919550
355456792
538654254
-2055756671
963142092
642999915
-40670413
-1953340542
-177683249
-1032755300
-1632761745
-617599860
1539400032
-1260562045
-1491275281
1330124687
-980499379
-384896770
1397710062
343890606
-1927834408
-1953615464
2031750267
913732622
-223618045
-1044652665
-1449905065
1625201905
110820366
-375623460
1680156195
-1156916734
1611865150
-2105861131
199044282
739327218
-861598497
312308021
1559640539
1237723971
-162273398
-1667778057
251611659
790937186
1590161323
-1151523137
-620780871
1146392827
-508528835
-165261646
1645039266
78548361
517524439
-1342459321
849640567
992449067
-500142100
-1722206913
264479676
1285619134
-1924717490
1211810770
1856672754
-1760789977
515999220
-1825466582
223924728
-581855248
827540476
841272596
1590290349
800657174
-384290318
-1571338508
146049498
-661997280
-2081047982
913835002
-1417955249
-104294285
608335179
-434017645
-431014837
-1128103708
2089412549
-578865887
-513070816
199439759
-1944146267
-182848019
1698448151
-1278144538
1854773839
1178756700
-1859555184
-1207335924
-265781652
-1585056416
-299853459
1908414051
-1073235475
356075825
-771254095
1530828387
-1873953970
968665149
-1474812829
-275926355
-1603795681
451509597
-1321742408
-754304417
784168639
1096248136
-1932817552
788307881
1341250922
907715404
1486375040
1032687520
367202678
2005168954
1530437872
-36981934
-1207688231
9060001
46770950
-970723814
1174364142
2114344767
-152085852
1609477428
214967672
139028660
611521774
-976610157
974249702
-1683330183
-138061265
-509455119
-246310952
-1288809713
-1932154371
1808127784
939784162
-465572997
-331217510
-1820989248
513385871
1828952561
-1575897956
2017961416
-330803801
-2024147762
390410192
-610018327
-541128012
1818191563
1203721820
1342243511
627067075
644239727
1068126499
-1722555062
-872070809
759980741
1891420268
-722939635
-537314302
-639430065
2129285061
1335909845
151830087
-1137804998
-682349531
-39312587
2022979834
-54724142
-637675440
796454672
119422202
244148791
-652547201
443109742
-1008108415
-333400495
-704494017
-524512877
434314409
-223400704
-30627431
318988365
58334001
-1454838632
677583986
-601564274
-2011378559
-1842601332
1168360245
-1346652359
671200747
-1307372952
411700654
14458688
-1389541325
518461444
-344891591
723003118
-1749402032
1952782582
660051227
-774121087
-1887263628
85137736
-34140369
-528793605
-1163670710
2007885674
384179908
1885532217
-549999746
-399436951
-1006370875
-393938620
-482181759
-1224039071
2069479451
-97566490
-1468298867
-1003534544
-1508394674
-646863232
-964398105
-1378167444
-1816231822
1799552794
630360419
-954954858
135032896
-1359921476
-1715351507
1204633487
1211576706
-2074451205
75620549
-622763958
1116399028
305197782
436783947
1018145730
-788604952
-2140657726
616074492
1653657646
-1242966038
-669969406
875026940
1602972788
-1208048733
-1800185284
1229406037
1617109978
-1034222910
-1866380727
-1054351041
265861379
-1661306728
1349547852
2088327585
383542296
1267183683
1899830021
-819430696
1255331908
1653999374
-235939225
-371131722
958442598
1342101783
-1268596889
986728908
-768140542
817132594
-1329890282
-1004004628
-359117449
118936845
-828486927
-238854423
2096670327
116691604
-851574664
1681438880
554024882
-366699625
1952653820
315731259
229838548
1884007081
-271772227
797840564
2004313522
137008201
-2131902412
1154453144
-639254081
1191236423
36774572
-71237875
599727812
90240864
1074253590
155867158
608321744
1586158123
939803934
-1784597740
-1957058196
842645049
2059963513
-2071265649
1268198419
1460845686
1803722880
-898776010
-403712544
935470037
-326401790
815319844
-685630327
-727929044
1302723669
-771843484
-2032433013
-243026596
1922533038
892215223
-128823642
-770066508
698790578
1089535636
1918536844
793178774
1580212044
-1429124241
1363549396
-823929765
624684737
-1171704002
-1101449676
1129938547
-838132992
-477925576
-1366472209
593933521
-130729154
1866151135
1174328716
1949949829
-647721278
-273190336
-369484856
-537460055
256336125
529288825
1650849996
-1563766655
-1540678947
-92076420
1535853986
924465630
-282684062
-1371533807
103448293
-1200611134
687767920
-1002717919
347644600
-1698623159
1984428263
-1757278928
-1263044103
-1162402618
-1560638224
1995582251
-1582513995
1647735596
1290036634
-2080448157
-8461859
-1267943761
109594276
1283268057
859126330
80020906
1813417372
10361019
-1903880546
-29178174
-441483992
34004782
-478944933
-1286257844
640575907
-623950258
1021981433
-748192789
1906481899
-514946446
1050327586
1636180861
-2087454856
58465972
2103127777
-2001738696
142527665
1007644848
1480377611
486691599
416499834
-453925750
227856892
792212826
-478513135
-1841263306
2096994695
-401343307
-1280581606
-11377421
-77433305
-442786521
117178871
1075710487
-5648263
716775814
1581081181
1164166162
549624302
-1658478054
-1957501660
2100221100
-1207812421
867860865
1084985949
604526993
-2011479275
-1566633007
-1307764567
-1447542258
-2000420966
830936067
-623664952
1459182877
-1666698990
-862418034
19056240
1683080094
-1447604394
-2133454766
-387134881
-1382997273
-1500717169
-883655497
-898477645
-1517638786
-2117126748
760317462
120473209
-1430738908
-717989651
-1196239529
457616771
735314198
-1801191380
114001370
-774601347
2068459406
99145916
-1329582438
216138562
-702519921
1708297482
-1145054832
-803225749
377155042
-2016592316
-305492651
-733566679
669780059
1007314257
2379018
-232402348
2082326112
1503809280
-1658998149
-1128765245
362720171
1557440387
-439777662
-896438051
-321841330
-1056847586
1674116009
1840256368
1685698807
-1319255526
835612435
-156720959
-1469475211
-1510390272
1427166107
2050716387
1568957818
-1010041341
-1461179587
1479838028
925646242
-785453891
-294800716
1023634340
1328015028
-1410541282
41984869
-568028704
-2102835418
100267168
-2026197125
1903335311
1567471334
-784125761
1894620242
-1710829452
189413975
-182913112
-2072666344
-810151340
1829890457
1606433840
1933729713
-911226864
1474627597
804263175
-1959606821
781361653
-1982099432
-340699347
-209849197
1303082834
1424373542
-1753685084
-559540298
1397239114
82652657
145529958
-1978144790
-1101941012
-1193008894
1028535449
283379902
-1526889856
-1409335945
-2038018048
506307855
-224925661
-1397932537
1350411701
800845230
1852730774
-424229821
-1634133484
-2990529
1425666898
-450657762
2064188410
-1588728733
903225055
998897583
-1695870673
138642713
-736848283
360106292
138509856
-163677087
-128982654
-1176178342
1744409809
1107546913
-1781857442
546329530
1197909777
296318796
-1020780035
192967591
288749550
421454401
-720253228
-1195289818
-516732821
691452272
987219102
2065481277
1602026352
437736771
2075733615
755402352
1111622913
1240617530
480496649
319976072
-1340925774
-733900712
449873773
-76355946
-814494886
1086997693
-1390719051
309037110
-1578132474
-1970470508
-578990816
1620271896
1422006320
-2893777
1391313518
1534480828
1717604145
-67241617
-211865746
-2082623876
36112627
-608536471
1389594836
721719503
1498510314
-1285942459
-1193567920
293345995
1434795588
1190798953
-1098719269
1539873515
79613534
-70701609
-1796571309
168330770
-2084991366
46627027
770380618
-1249735216
-635404369
-831720503
490634778
1359501027
1312852000
398929004
-953154500
1273992191
-1143672720
-885984222
-1830663975
188451025
-1239825291
1257718942
1864368033
-1112721087
-405337301
-1789572402
849700828
772851959
-1479341590
762035192
-1189223234
931319585
-196540709
-1166681825
636634878
-1177509262
-1880801624
1472251051
1387895721
2093146477
1436418418
-1592783288
434607155
-128861470
-1043518712
-597386995
879811534
-642336072
1433168468
-641122335
-1546719746
-1035460883
-1081471976
2115689498
-699252115
-783943461
2016623834
-1795714458
-1555373573
1031904956
-1167329763
-1034188306
75282713
-1957940880
261884625
-332435016
-1009370281
-1096729987
425461515
-1989183412
-1263195078
-2058443178
503568120
634886554
409903442
2032901855
1812490511
1886152474
1804374412
-880539088
-1084964987
386248245
-1920694844
1895215513
-174185210
-479026973
1422933662
207639781
41580705
1311073428
-1769315434
-1337053725
-453327613
1892559700
809406292
756459553
2113640167
-1087620311
230509892
509563130
1669318349
-1612871745
-1732649882
-1581038637
-243160599
1079755334
-1241461918
1908250273
-554574242
1222640539
-109854241
-1339061587
-178641237
1154774181
803736340
-1559067237
1443760229
755865857
-1177897570
-262007128
272245286
-394584095
2084986004
-196441038
-88183611
1486511921
-975966760
-764617347
-1966154809
-1896686342
1474363823
416345267
806949140
-1433957621
-1630824556
-1389664980
-1763347
229480661
-719565752
1269610992
-980264163
-1201406057
-1947902675
-572323719
-147764626
-1756025670
-1715598124
680584124
1410163550
643722877
1496792276
-856208534
-805138158
1695483604
270487773
-315534478
-860612725
1984628877
1337503500
1076117451
-529891817
1750885045
-1402506880
1617893487
-1665061623
1115602489
-1232069332
1055979946
-190598484
647565775
531263982
-47340396
1151722356
-744353770
992520161
-229895205
1237404022
1029362684
-201019922
652417221
-466249959
48066399
315243945
1417954420
-1242492659
-181190666
-1777477542
506831212
146875260
1677799026
-2052193960
990839122
-270887296
-1231668256
1094535581
607642358
-45345324
-980745904
-657915753
1070544019
-840630323
719783355
-1642488260
-1156155819
-129650806
782962209
952580704
1406009626
-445794710
1374538738
575513930
994604412
-982533954
-1515549266
1576072580
1368889103
691659199
-633874993
1811717873
76879846
-170057022
861273062
502556453
-1179772836
95203753
-1725678589
-487601424
1786797840
858946204
-900933543
97364284
-540766927
9206009
362754338
-478722280
468767483
244460424
-212273472
1665597716
867428480
291543027
-1228023260
-1743241778
773869227
-2032234124
1647271795
-624200243
-44295039
-1095616816
1311553254
1885496461
589946026
-1925457021
-532889615
-1014647078
-689750224
-1950756804
1659017895
-729363871
1019650949
33275531
1298099036
151343747
1829027530
1766034392
-632671093
1317664364
738976334
-10684521
-793711878
1055145060
-1855805868
-1412142919
1475618843
-483699100
-1220805352
-892821915
-1245634891
-400120852
1997206036
-2141571097
-173820477
-1109656301
1056741759
1886865384
-588976740
-1320215841
94565398
-135239969
-1039666349
-1537298218
612616989
-525862713
393905760
-2124346411
-1947547480
-1971086830
-885812097
-538228193
-225554410
1624434653
1128607704
-750026568
-1098196258
1600001892
1477788511
1794073076
-751772275
1182929079
2051189117
-1099548342
-597853937
-1041825619
1517455600
1002852461
1289124908
1018795545
916200430
1919619485
94796117
-400662981
287786384
1979874105
2029909153
-937823111
-594241170
-1361725287
1340796433
-1751123634
1219213702
622982170
-410498021
1495663746
-1231606175
-296503687
-463803802
1161234075
-1507648136
-456628380
699027665
-11088493
298222035
-1882274994
-2097195335
38576330
-277558542
-2082973054
-1881983365
-1159256002
-743438863
1197174138
421385527
-356838664
1362228454
1090894449
-31833385
2122395849
-1811629939
-2066345929
-1249593777
-858787018
961146919
-1195656637
-620393947
758614448
-8817762
1270356494
162594100
1955007752
2077166572
-42991202
79412140
1148481057
187747774
752853856
-754944932
1514675174
491649620
-1665324229
1760755251
1825084542
1246792362
-1337764639
-77475325
1957778878
1283049692
-2065788057
1412357256
-540811041
-1985700922
-2117296617
-46863191
-1808218768
-886150934
-681085307
-853589507
1816258445
-1351503722
567426015
441253776
-22121135
1158400070
-1219534967
1496483558
-439074936
-1076275386
-1360195863
1111949119
-135698007
-668239461
162391678
1470926108
-147544830
-797856477
-1675541961
413531649
-2077660363
1655893243
-239091966
-1194005379
-1561793566
-1477271776
-879378014
1734844519
-134766171
-29083560
-1978722619
923676521
948093507
-1055212974
-1823211435
1862443458
-661651937
1888448524
-36092914
1609047879
673530610
1781369972
-1496707248
-251565910
656242106
1049005906
-1358183371
-1417731842
-382052365
-995257244
-1123482650
-2035635334
1884490756
2113269962
-2039313878
-1732599428
478276860
2066989732
284798527
-781572911
-517231235
2005096185
-453927699
1161597491
753201656
495356378
-2046713897
1458264082
819649050
-1454013241
-303823340
1075049879
-172610171
894598992
1355973117
1729652197
1731731394
-1058642433
200937544
1719958433
1615519606
1344703349
-2124563371
1047457972
1714382036
-1329477678
-1557080633
1920282191
2115318611
1838525018
-1339659433
-1285746385
-1543503200
489857364
-608362780
-2108150239
1605010132
2057321525
1584113357
563632840
-1286295575
-115282946
1392742531
1251835550
-866162582
-976820767
1306859609
-224333768
226376554
1386351658
1224223390
-788340019
157524406
-1586953891
839639533
383952888
307959373
-50476646
-1853942078
-1974285892
310886928
-1135567287
-1574316976
-14270263
1488301749
-64366606
715703954
1935952637
35042561
311300716
547943840
709142061
958634550
1409150777
-639409597
1181627172
-395505463
-1157293520
1633507275
659440875
-189820841
597849180
-1686403297
1040130122
-13092646
1078823204
-1245495532
9990030
-136825577
-1006915157
17192450
-282284403
-142127014
-1513518471
-1419011948
1617089255
-2119322779
-166486182
-728837664
-1530153842
488111269
-1273794170
1980809399
1678178951
1712859047
214187010
2007010877
1304662001
747173834
-1440409019
-1274177093
-18619066
-1181689292
1663333661
2122952115
-2133949984
89944841
-86320685
2033250868
41396671
-203929126
1601806221
-110219152
1345919881
-738965157
1353973491
1361525643
1566124753
2121467481
-1196457963
-1241083211
-1468876133
-353238550
-1410145652
401903738
-419177441
-1292412187
-1298603042
-2044478632
-1132390963
1185194644
293505063
473500561
447190673
74827944
-1954887436
1079130691
-1817650856
-1603382676
-349712782
-63345227
2003729617
1854296381
1671698119
-1053370638
601707383
189516857
-332124225
333845660
-655691825
1271173431
2115233451
-1384222983
-2067189522
1307025654
122688133
526008658
-23096514
1690610328
-680502184
360391804
-1350415999
-1847375280
-984962594
-359813450
-1512873452
1607139162
-1227878806
1690885302
-281379720
-1958736597
373122568
-2077067267
220451598
-1194279958
169344738
965938802
-1619026655
-300831714
-1996426012
1861832495
1971785002
278868391
368059299
-665460587
349990734
-471537166
-1357786502
-1179253851
951069738
-250871448
1066434294
-231434094
-1796426797
897834022
1430677875
-1138861935
1493669144
463476211
2095630342
1564432628
322323721
151129454
603505566
1931291510
61430460
389246599
1172611941
792866776
5849934
1731883056
730188395
485747372
1494987304
-129517229
-1211208826
1693939056
-647409277
925442309
-599517325
-1029415970
-173050067
1328266748
-99448512
-524846463
1300357516
13302078
-346794770
-782454133
515686627
-1104046053
-639280047
352290533
-1075343148
-1804799651
-1343410629
-1008732536
774735397
-108936771
9286617
543827979
-1521969978
-1500163177
-1761292196
556055164
-771206638
-648745503
508942043
2045955954
-1158793387
-1947156903
1702492791
-1029430686
-101906290
-1231113475
-496689985
-1918975695
1592877941
-2081622336
589209174
1779644939
-659178817
-2123168390
-1643899437
-756723086
1623474591
1810598687
-1287253784
729848729
883788688
-542080461
869317
-143558670
2040718417
1211516285
1371065022
370173445
1561306161
700025082
1804362282
-1307138941
1019020428
-887132652
1697626254
-758086757
2143303828
1246111508
181288699
-1290602613
-1221931436
-436740652
1522080692
-1503707015
-965633038
1570296247
-429710573
-268911741
671006004
2059722973
-2018968916
1600008467
-1767414459
1805643923
-170538318
987313272
822511799
2027940105
1643585945
1089169586
-1941330997
-1077004218
1444474365
-1383416180
-1592975120
166334559
-1188252990
-442826768
1253712777
817091814
-1880270469
-215729034
-2135966989
-138581087
-62699761
1823140669
211665350
547513468
516069017
-486025730
1528294745
524692671
51879568
7020894
-288632437
535150979
919872552
840369794
-735257407
-1754426014
1146216694
-367783448
1326813226
-530866835
528826074
938081141
2114811977
780188002
-622498280
-192582711
1003989428
-1720456418
1430075848
-417053990
-2014984679
62722384
1082801776
-727239744
