1734068648
2116275653
-122413666
1607212909
1658054195
1735856669
981206480
792198249
915958971
287530393
-637936373
-1661869753
-1320503042
-588437576
1728262247
-1985130898
825366037
1406645184
2003719252
-426958463
-133632004
1286585845
1806359479
1917364143
-1079174830
-495499256
1195892057
1021247818
493365596
-497207090
1322167169
-505107818
-112118193
476234545
2040455646
1038106083
1603891150
1031522411
165866923
-1930902818
-1096196687
1561766256
-2071825395
-519495901
-955463929
-1244972117
829045438
185695253
1703380318
-1867000595
-2015922448
-776423950
76400705
-401694046
-590436757
1719478305
2097057025
-825966523
566515448
-1093309746
-156807496
343392533
-251625470
-130624072
-872140150
-1397382904
-492088711
1870715977
840971310
320753920
-1426283783
1169790694
-1850927444
-1449831876
-1376431573
-839316088
-777839257
103617808
161240939
-937027701
976539998
1792872152
-80784981
1661002949
-2132584786
2091825962
-2142190954
589595610
809768539
-2112029622
423385079
-311821873
802209871
1814335202
783017820
1454161628
774302113
440108274
1268645878
-627460987
447531803
1112603653
-1294387517
-466687765
1994712054
978682532
-669675282
1713617759
-602766105
1407181071
-1889030027
-1261029833
-1418885282
1133066538
-518019316
265531877
239318284
399946165
117936961
-874506940
-2075483226
-298442560
940338144
-390052043
-1723004695
-218732195
1126014360
1967236458
-1802843427
1383825558
666263262
-247360383
735268956
-780579423
-1806836208
-1374323372
1591072213
1996478802
-1759924770
1659161487
-2070164915
1893105872
-1637870619
-108281470
1910339750
2018189195
-917627492
1253520695
589398308
108356717
1260363635
-1302951225
-174332116
-1707227569
1856340536
1233289193
-1379289266
-478491730
1914241725
768384203
252873092
2087623070
-1326397512
-1462477276
-594975813
-786825730
1029108201
-1287885686
-998588269
964258028
1663928962
887846144
-15876509
605260155
1971385282
1596552915
-1743078785
1887994275
-2095169566
1961073317
1169808572
-246684296
167612981
-2022840631
-466593996
396556703
-913379702
-340040494
-854892986
1621353725
1543117524
444238950
514071776
2089404848
474511116
101517143
188229887
-696452798
226094934
-1053875469
-1888076681
153991195
1391750242
966034075
-1474873873
-1886174152
1473209877
1074063250
-1323850193
940053274
-428639129
-1529011690
-140087906
1444379392
924859022
-1316651084
1713450501
-1545585833
-798463908
783305432
1203737753
707958897
181898725
-1186451549
1813692471
1170734709
385453412
-1105225215
-238139407
324886422
-1524140194
-1141939975
-146496056
-1017593465
1057684743
-1522248889
-1449588293
-751456722
637281509
2111863079
798284032
645626775
628303283
-1039261837
-764453487
-574906581
1744997255
1202716656
1532652009
2001043489
-1913910474
700127972
-1135676145
-836731597
950314999
-730065429
-533138733
2008291733
214110022
1825780746
-1965953961
-1970174686
236801802
-609273084
-412214064
810611672
-829863431
-1564419604
804787854
1822980230
1896189499
-52075269
1586705465
336156355
658928205
1969289891
1427987036
258736162
-654468056
837641699
1112329511
1086468259
-1057991007
1445220828
1152327280
-687219093
1314085138
-1340038491
-1667598341
-915214153
-1222056646
-543422630
-411908614
-508235250
-1127719071
1334516091
1689814486
97595830
-326843200
663461234
-1334887121
-732886936
-2049334242
597538933
2059787553
-1697172410
1809611966
1859792782
-489974327
-522813428
-1960138888
-295369737
1302322695
1320102278
-1234555355
771555499
-181095548
2006432577
-1678363328
2088635705
1436964598
-1043509883
1974852553
-172664358
-157546334
1339187842
-358173332
-985417530
1935247650
-700263992
647119586
-46417726
-1067359640
-684296452
-235402089
-538028803
1828994306
-443312184
-122928243
-2144186852
1916388767
-1555221229
-79360897
2074050707
988014289
-459752590
1282333001
1073269814
744839956
854181597
1239577735
-1919655665
-1920935154
1010429349
-281173125
-1791261327
1023831064
688768677
-911637965
1442326861
-30895364
1829215927
1950875114
2144852675
-39096576
770412905
18092462
-1324290052
-1514405597
-1962936079
-831084221
208665142
1851663270
-839882403
-242463161
-406792672
1782838733
1040755470
-1640627306
944237927
868859878
33581158
-2100170001
-678068848
805147530
988250816
2082394327
893777928
-28693470
-2024914272
278338237
1474285433
1053873068
398710571
-406875298
-1859107234
-2013900865
-797386535
-1279876758
915280601
-1721558324
-159726744
1745384551
1283582915
1207397798
618175251
-358214698
79844101
-1221075645
-1102040828
-652493677
1584476453
-1312845628
1982249734
1459957889
811537955
261182386
-2050575746
-645604251
2097230726
1458636938
-1880609125
1617754130
-1794874447
654524283
1554525644
-954727226
1094242938
-1962347155
-2025422222
-1361031724
-1003021572
1575599941
-578201898
-1040429182
-388436308
941548903
-1119847331
-1719654348
-1045653078
-1841941637
-850265606
-1163757623
137099353
1816887412
1482460643
-664448700
-705383887
-1018940722
-1768679801
-1515576657
2009648595
-947370730
-699984194
46249787
1727787613
1252560559
-1648637630
-1896368212
-1419580929
1511675090
956725085
-1532277517
2065709518
-382965802
1113720548
1803340060
1744954071
-1277538127
1588523875
36862570
-1462656905
-614051138
-515103079
930417855
-2126891030
-588560960
1170236454
-274326207
-1174819552
1705217062
1373781122
622453819
-566136617
-1330468464
1536670513
-2128144064
933420005
-887931503
690373684
1578005909
-1997042731
-1675401546
1973310658
-1242728240
1738175670
1885721031
-2089411785
537285564
-230704082
279837004
-1054795188
-1377755777
50770389
-28157614
899828617
-882329858
-398296896
359111534
-923175689
1785200768
304821851
-1263272190
220440088
-789428847
-193799557
1077576126
-1418588133
-1785986264
-422193998
-1020162966
913943883
1234660364
-126792987
154216417
-1106154551
1289375602
606971164
1755381344
-134492294
1781089771
-366640487
-634475264
674512706
2006861948
534670379
-828823168
-1364758159
-226552306
-2136352829
1973829704
1889643389
-1034286328
-1378201273
316894890
1639237874
774262586
2095176870
1327734122
-1786561115
-207716868
-1792285396
-1262518400
1358726959
450571414
-103395818
951490844
157991321
-257625374
-2121107352
-1473563927
-1720167596
-817112528
-634367490
1486077333
-615521173
1917605481
1122157025
-1516213871
1785206011
1256729974
-110230052
-1300498667
1655678690
492564706
-1872374450
-386203034
1290145461
1841294781
1084906816
-1329770405
70754296
1798158020
1404070329
1987632924
-1359755128
-172905282
538071121
14597933
111611739
-1843255000
-1280544765
688257194
977914476
74198804
929126983
-934739756
-87048208
1736427085
-1244726944
1095140299
2121541325
-536582977
687818738
-1384216931
-320816564
111151637
1354001879
-384752257
486921484
1445065123
-1399237070
1924428377
1885652793
-477364602
949818051
592131975
-169026562
1745110538
-145710980
-421616931
-1684094408
-781558709
-2088509099
-329704212
-919516053
-1411234018
2027413340
-1031745405
841858041
1868643121
2143923471
-476797320
1655245712
510035824
-1105561875
-1646872152
-1843204892
1624068778
-1112630710
-1300527301
-1419088482
-179695756
54973794
-1910153428
1911781267
-1343174067
1494475953
-1970808568
-335044552
1649391106
-1604968063
541544693
552598357
-1132750252
104854980
2128916725
568124665
471992535
74135843
1455819372
-953420115
563051548
1100925782
863028191
-1996776468
-254425838
1705181110
168976126
352254418
287402665
1203285520
1455495907
1669078546
-1676484681
-1540358981
-1985087844
-309745363
-1126517985
668547052
-1592403994
-1774164000
-1725555153
551242312
-1520969157
-622293027
-2032429750
1495313082
-1636627953
-361655362
-1350746426
1883558790
1435373653
-2046901706
-553552873
-1225156962
1582273095
-1572723575
-2041597652
-444800204
318130535
-16625603
-476932583
-1356017520
1066145728
-1765859311
-1569333515
-405732830
-1937793935
1597278254
376534533
-1190283046
1940130923
1136261532
-810482663
-387570249
-732998791
795871479
-1170627786
-495398498
-2142584448
-32158623
484808564
-1720045972
1271580680
175547578
-1259851223
1553900878
-85554182
268330510
1091191623
-1402554801
-1890562133
623448911
670153986
2010447154
-174327528
-1646419645
1959620021
280964993
1651587187
-1038977857
1206383622
1793615845
433787614
101158933
-1959571129
220484280
633263477
418489290
1611709983
-1750593576
950056082
-461834612
1504617833
262593982
-1350788277
-433432478
1485891931
-1146756658
752742207
52925733
1316345579
1456710128
2026458258
-1454892498
-2012451987
-1587215522
1219984949
1186054992
1779880064
-775757121
-250530198
-1795357944
333328939
1936759157
714034055
376887795
-1349823678
-1236990926
1910209785
1447448959
-1538685938
-938156335
-1022753653
-698192411
-2075140308
1434880355
-1119586328
597740374
-1136201547
-642479481
-1987920290
-940287372
1748970399
-1463459074
699866852
-126423037
-1764830878
620004989
1486793310
256875488
-483119138
-386822715
-1648916962
2083715889
96688507
-751307279
821222062
-1470498339
-2068530287
1163067662
1188063948
-677464258
1893480202
-316240912
737023669
-818511339
1478926150
1989078339
-2030710874
-1501880386
-1120550082
1312240096
1031323551
-1096494428
1045521643
2091272801
-336680599
1182389238
-1738161432
-1216807434
-16988966
-1374735206
858691670
1338488442
613915480
153953
1547155199
756316609
-1563973477
-1471052163
-1521836099
-1391549389
-804207690
-395497937
-2106409700
-12633955
1526240343
730003140
-1439161282
1904859462
-1289185203
-392254527
1783300095
2090581569
-210993846
-2125689251
165153368
656620801
1486213866
103528751
56670216
1363129650
442128627
1721142055
-797443472
-2143095098
1624403422
-395162174
-865158210
47871309
-678338154
-392787335
1443461454
-2142774135
-827740033
-1773157510
1980407884
-810165695
-24417607
1418232729
1861456029
-131124907
1842039717
-1805715063
1679321599
1938516498
-70957657
-1231252922
-918485138
-804932665
150308397
-555202859
986959049
-93860968
974075376
-1411149521
1328360117
1325137041
-2054653575
-1242743686
-1634665279
-686387970
-2134411801
977568890
-967760437
892873977
580148718
-721799098
1335299745
-405783997
405850915
-121318338
-923538710
62844247
162850678
2074593084
-709498809
-249248836
894905086
296572681
-1522619468
1074641818
407613948
-1628055535
24756532
1549546640
724856601
-1890177958
-1537744467
-633304636
1206631922
-1226129998
-1558301936
-1278756549
587667926
-207395032
-1180244292
501001321
1695022285
-551550532
-106767836
1824323083
-1441977636
1367115865
-1597891154
-1097131723
-751374968
1814497027
-2036103714
204844454
924124055
-20395700
-20337997
-1546914461
-157464291
-1427145716
634779985
-1739737214
-426353738
2092578384
842054623
237859910
2052177679
983145874
-2125513806
-1776728468
272975275
1668389162
439837098
-1789917756
332120548
1415465220
1039300828
-2003992830
89211694
-180014189
1167521649
1122096341
-1817222237
1618403077
-2052361779
41246265
985819579
2100578744
-1507648525
-1015310839
210256474
1781462508
-413762265
-491982889
1604753167
-1018069832
492911060
1036559871
-1740274534
1619647554
-562554960
1058854137
1660990895
-1322388182
-195518435
-500926481
-846666247
-1809454266
-1222245166
-667936113
967577953
-1215341164
-1759696198
-1375251423
1176163215
-1907906196
-322699493
-1413586981
1218821040
-1510298379
-1160348933
802973300
-1340761991
808893657
-1804207938
1671711990
-1267859348
1809695036
1799733267
1360731352
-1013343654
89566697
-563483631
-377202357
2054416936
-1436431922
1527517084
1304286676
521971157
-710575702
995834893
1583997466
633132731
355500548
942886418
158326529
2091272980
-779488162
1039246545
306745590
607787967
1605778346
-1262770349
-468925556
-359970236
589036541
-505562080
-594406840
1048492821
-609568382
1764726565
139127480
-1300623338
1280342704
2094334430
1683758026
2009540447
-51717697
-1249869392
-257194406
1642742336
2092120407
1070563478
2077278988
-1467672443
-1376972662
1252908032
-2012622501
-146711558
-191331836
-651624969
-1344068622
2044817457
-1084575103
368632964
-597451206
-1891739006
-1628401026
2055715666
-1836951757
82194003
-996667597
-593040494
-743099001
243169688
1176952511
1068156446
314882268
1010988445
1581603749
-174838815
-1274903447
724369410
733422455
-1249781643
1808105164
1943707655
1258450128
874066701
-1729651943
-349168630
1432504454
187746708
-802250955
-845782196
-1778433504
1174723094
575306597
593809403
-1775430779
1222676063
-39254239
253691244
-500998154
2091699681
-1056426194
-994316633
882027070
-1031812646
1353523435
1753194792
534116904
928425910
129457898
-867555356
311747888
-556470863
-965891390
-2524535
-223285636
-344222272
1322893346
2073896202
1737781772
897837745
-1747526359
-1432460454
-1415016656
363369360
-854101003
384284023
1864025658
-118918836
-1109663366
419639209
57818485
872231579
-44221036
-958985461
-352329387
-1695694310
-1131636642
-593741238
-1338780689
1233842871
-839370556
1680017068
-90841173
-1640952238
-2018660266
525728084
-2000297673
1343695522
-1660364705
-483683133
-1815847746
-1892456363
818744374
-1808031070
655536729
1812037755
2011641043
-835380802
-566385211
861553700
1410103716
666755155
-497275562
-1403981241
1817356961
-1122636148
-868762580
368412645
-434325602
963351882
-1988985949
-1624674707
-75052833
23522596
-1890375665
-1113183134
455265521
-1253133906
2082833577
153877562
-393244745
-829879042
-208037181
-20419191
-1685999934
928978795
-1568982973
-1669106594
-1401487642
-49148008
1035886926
298027757
549598985
2143129264
1198827843
-1566586515
-735710146
695352562
-452286742
1314986051
-502043887
-492254608
208402412
702668896
1829919268
1441083410
1688176518
-1349657114
-316861958
190741729
22350969
1857681681
1863624210
1744810882
1794634309
-1926870700
-1524720841
1566211071
1835737493
-436558142
-1023498474
-764629555
-506176516
1269853615
664032529
2074473994
-82501918
-2073929577
516793426
2074811909
-1543880264
472224830
1121776417
36222467
-922041486
-1650626025
1905380218
2061445184
963738422
1210932457
10052826
1227782195
1510252625
-79498321
40169305
-1811402218
-1641456278
-244552001
-2101281795
529682085
2072044281
-1701989585
-1224042932
1965952805
-365974279
-1664567180
396616482
-1002302041
57077723
-707517365
806574277
-1772667507
-1377607490
1556431067
-162143178
202111053
-1282159395
-1660899045
-1986162743
1180316277
-137546680
-262699151
171671287
-1930951442
-1449567273
-963861861
-1727179917
-556026236
1158154842
-1244105518
-1850519686
-600845915
-2143656683
1891604780
1901447535
1376539240
274931563
-470623423
420856998
1769353425
-1351781928
-516582127
-793918593
1157024595
1336413220
347178789
-2004539721
1139864981
-957319467
1324191475
-607539718
-1317949576
-240216092
-787554426
-1874334277
614910041
-692629836
-1990025122
871681608
-1694109037
1529371455
1973950100
-1129879528
1808993095
-1212218222
2104605761
111399271
-1168336290
-212979077
2071325216
-544427772
1546768079
-284168577
789444466
777693801
587561757
215580689
-374541279
1263925004
-1020930525
-1812424703
-586850008
-570441484
-811006957
-621592782
2015857457
-1885465970
1760209852
-104104816
-1437045889
-1728680000
-1325982710
-1392318912
-1275383026
99642430
407160275
-592866792
1457906680
1805308700
1407520208
1602689360
1243323673
-2120010843
-916342040
2015601530
1198357494
1895360362
1946977460
-882758481
1982675162
-481172067
2145027647
1035762442
1529536833
-1277626465
-683828979
4487002
1978225786
632431318
-1207313314
-661267182
-745838969
1652251588
-1617564493
1109292420
-877277881
-1229138347
-735539311
-892186034
-524272682
496863095
-642852988
348437268
223498292
-1788498960
-706608026
947241583
1009727268
-459118485
1823777761
472888868
-172152234
-1185229101
-715999695
1657724568
-1744556857
-1040706333
-1166484690
989938051
1941023080
-1081661443
312658825
-290235420
-1855662083
-468399557
768713301
607782708
2019691592
-1286572861
867089097
1327037918
1091130214
1084570463
-1378343356
-2008501523
1548682104
298601805
997195408
-1797951225
2084249988
952512338
1826101354
551351449
-899759714
-781909227
219667010
1938748755
1451017538
-161255511
-771605698
573067990
1133878276
1302921067
-653382012
-2094540628
2052844138
1679165197
1295253176
58117496
2014460696
1950247411
-1505337917
-1540439698
2117082670
-1306800195
-1134154538
608784388
-466658579
1966415652
1184645294
-182597399
1875384224
1413632521
-1433098727
-1906576330
1525488569
-2043611445
1764436664
-177052189
1883738169
1172239064
405876229
-129887109
1761862229
-47818106
701562519
1256728339
1605872726
707686947
-1384953948
931278456
-968701760
614673482
1901023944
476069287
1175188406
-1867138696
790045188
-2074372735
1562091164
-1327629090
-1245927928
490723263
1570626046
1048443512
-832727884
1285551395
-897680977
-1442475427
792175580
860834543
1633736501
-565830311
1969171531
-699751526
-1704536476
-175456584
1628338442
409210561
122753096
-486310044
-2130426142
-1648376741
-272873400
1700693554
-338937826
2019526449
1574866823
-1186201224
1916027028
786250380
-1201096051
1499370978
-119648794
-749953233
425135398
-1652332923
897029
860318599
147210378
-1939207628
885261814
-626642144
-1131395139
-1914306030
-1657163048
-1818504869
-1144621512
-1680308888
955916069
403721054
-296424247
-657803592
-223589832
-730636981
-9080649
894277138
2064936974
1796089523
995496232
-1196014427
174311248
1264495181
129646279
-1675465320
1387764624
1384060130
-89966175
1226434586
-453425197
1665531787
-1149830833
1692395192
1818547535
99361054
149615450
-539539475
-49003915
-354999579
-764779558
-628958209
189380145
435195025
-1794769824
-2132560888
-871160977
1391131502
-2072699627
2122632786
-796516127
-901310249
1183775779
-1297828888
-1149568769
-703790101
-1658560685
2044910441
1520055887
189145728
-1651979274
1927275807
251670502
-1114731177
-2136714999
-1566768049
-202483155
869567377
-2007674989
1834494418
993681384
1540346210
1903945042
-295189532
-1280882828
1747023364
-746660458
-562944197
-850057137
-559360787
817122411
-930482853
-398969635
-324481469
1159084029
-1116072920
-2142233495
-803464561
-464653256
-970913092
1600457065
810460593
-341371730
-479930502
1553973253
-155376365
170203326
-1589275805
598122714
-1415881439
1728394737
-467241304
-952003590
1249167864
531096743
952767103
-1826414537
-1436377251
-1217129742
972543033
898970273
-577940496
-1862262335
-1886509676
1219254860
-1268831328
1844121664
858111565
-745767850
-315591327
1955756415
1805646585
729170983
-1869778916
-294107055
-868004587
-905653254
-943650073
-1846196874
1118181467
511146397
-833686410
-737942532
1104777559
-77894796
-625300016
901836769
-1773440712
883282371
1453364293
1794507517
-1376873749
-57761749
83957406
1574691870
-1062744731
58786677
-957511274
-1501481868
1996332864
-914462834
1036603273
-601616593
1977515913
-1449305646
1044989803
-359432346
-1355094057
857590668
-1148799238
664268858
-311596128
1663072445
-719707081
-2102396101
-1002671929
1319597852
159765010
-1235142390
-1159307912
308425054
780063843
-1540163522
140660536
1025987255
-434180319
-446497141
-619925705
-148674913
1912124621
1757591585
-1332201496
2062233817
1454020655
-1540523695
1603354579
-351469136
-2094734012
1139717750
-632660567
-2035512701
430036342
1450792466
1894168984
-563546492
2089693965
356483383
245866464
411388860
-2104213531
-1634953689
317204646
-62433198
1239536481
507060542
-2121594616
1359065099
-690101345
237699088
910942577
-780042732
-1122963988
-770567474
-72966867
1088499455
1967583866
234102765
639416127
239941387
-1591150768
-1423913464
-121014158
-363300696
1844921985
-1521428475
1303610029
-28176583
485284768
-264118409
73088395
1692828187
-1285049230
793936195
-1460996053
-1619876891
779679973
-1699180411
-949562300
487498225
-1204081087
1931844532
-309866885
1404831771
679209373
1531715587
-1932625928
1099545800
556381587
150605578
-1576061642
-2027079383
-523362505
329484965
964892186
1338016193
761732676
1854077724
-477783225
1179165476
-1351463784
-148774013
-673645392
1503704832
-1691377438
-1334831004
-1865431699
-1365133983
1950916761
-322618214
-564930350
253728304
425999663
411215999
-273664834
1457030908
-1728130938
-1177936055
1266943280
-839173892
-899617630
-501221711
-1533354721
1203080020
1812394656
-216689451
-1982912374
-91417193
-143219481
-1853659042
64564172
-464038259
1084172444
-1314406683
-818011083
-1396733131
-676124069
737287570
1471700439
732197388
1999903267
-1936130042
1454002845
1282965135
937472657
965878138
-1262737760
292765951
-257409200
1768141864
1625560509
285935204
-454601009
734472937
1510975074
1243215059
1984559925
1232894239
1705817512
2005018610
-184920431
2100751572
1773056167
-950496836
1333954134
1518012195
1033735940
-1411996799
1866148357
-1562970410
-117349682
1372521264
-1786271445
878025040
1465291146
-1855860520
1555850382
-1348065875
400820876
510738540
-728086877
1601234471
999165576
-1893758010
17721154
1593025467
1901419623
-72646418
832288412
-226056181
-1126443170
-2070859621
-742399124
324368774
-1773864387
-1238859527
-1711017876
1453635013
827960324
1414768812
-679727862
984657464
-667137604
-1586768364
2072151387
96905985
-42796669
1102743250
380722511
1911879711
-690251033
-994946165
534014758
1724653775
-2005014409
-150850581
1625834786
-1251082962
-2006606185
147488492
278435454
-1077053918
1828174740
1777019736
-549965922
-456383621
-1831654152
-405334900
-701667961
-1777260460
1467907614
-53459074
-1182763888
-465112641
1076452360
-1943168000
-69150118
-1188840544
-1864236433
713694789
-783164676
-1367670823
906749467
-3994460
-2097306237
-1529597017
-1595527051
-1011782244
-1968059495
-1125812405
1573249113
165184023
-713097085
-602465300
-795827151
1142069235
-1239329968
1193223099
390250814
-1663434563
-663398321
1561469016
-1810129863
258224319
-225315391
-80145548
-424560870
1117866556
-177879089
1423062454
233322550
1955764473
1228033981
-69416990
1238191759
-913391105
-785489312
-949071304
-318109849
791849887
1480362445
588379673
1191274774
-1859493450
-298234286
-140986896
-481958115
-1091732942
489724586
-1026828465
-1779858566
960413140
-1492603029
-153042088
-811716291
1425479991
1378113987
1587546462
-169784230
580917776
-983211677
-299407413
-2084160831
1206025398
1561551290
608763715
1688308396
621907429
2042266214
1544033289
-1139334601
-161192770
56148711
987103650
1814254645
435829009
-1654141547
-1120385865
2061495872
-1042851361
1857848787
1521139519
-1404857327
1608288282
-99302011
-786457891
2032860178
1368570286
-1799422529
-2102366842
434168113
1187088580
-951144770
-215317402
-934101513
-1603873980
-1140069605
156924164
711828696
1779060380
-1359259075
-812026717
285198796
1842353088
-1354797553
-1168062997
1211142430
1482254193
1886044146
281980104
359282563
-1934409024
661047541
743538834
2024630125
-1903796267
-1458476733
-2141416338
1039683489
833933036
468120284
-77824525
334499591
-1228056672
1630907271
2102829584
9734592
-746771860
-256706041
553266220
-927728771
1370269293
-1172721012
-1750674546
-464200946
1736193900
-285460884
844108542
-291380423
1780650012
-2106828014
-1771456852
-1135782707
-973224801
264653878
-378215343
1428014581
-1153627826
-2062885554
764608916
1973949137
-928966215
-485949884
-648018
1381974850
-1188197396
492652392
761051984
2119989765
1183159284
1229574311
188822467
-741457661
1146289057
-69744643
71496785
1528809190
1774080652
-925402328
-1110287133
-1780620817
1760270939
208324765
42864363
2087250950
-102829245
-2096026689
-1437935741
1994378258
1918962894
535550030
-324167722
-1012809590
531848926
828610845
1741737919
227131212
-983535887
1354851847
266710703
1927249581
-696998491
484828451
-1051013422
1227324368
1748007038
442190646
990969460
1924960827
-1223889945
-1228910743
1808317345
-424478553
-587746954
-1035852229
-1283897844
-215107817
171730548
1388754872
-1729336527
-213063125
-169560421
13075691
2080927933
1835820981
380725025
-1997475696
-1612463827
1775212684
-1754624523
-828317939
190070452
-162489440
1885698376
-308616797
-580493215
913704526
-251458738
-604544800
-616137343
-1582049803
-1496215995
599161432
-521606335
-1865324855
-1859566410
2092336532
325308568
1891075047
264976890
-950438839
-172501917
-1450777432
-578939137
-987528756
-319616559
-435639495
-1793261749
1381033413
426491648
512735339
-464995775
688356898
1451692520
-461707065
1529588899
-408640433
2069458807
-2047504667
818243160
787915171
-894607106
-309018883
-818231186
-432769251
-1293988917
-1538965570
1207175009
-1333924785
1136854806
786904158
740429213
1037638041
-189633504
-1859005455
-1210514879
-1354636902
-1254996839
239780350
-863635419
-978121244
-1316144319
572644431
794954014
-27786514
2023404242
240882185
-1310367360
1032929102
853649181
1872828411
-379519005
-563799513
-1415185293
-170979782
-2146554582
932803807
-59711162
804285165
-783355712
843731989
-1853151729
494714468
-859110107
-493055022
-202723471
-298965905
751374504
560671486
-1451071843
-1439402259
198977141
-1866419692
-1846129672
-623864413
1090114514
-740941543
1370198011
1086052174
-1886569051
-513083191
-1438198181
258799610
1600131641
1943685907
2083063657
1938626708
242897729
-1466739000
-1432529990
-1526422594
27671580
-942429554
846286346
-1020187678
-548026278
149685018
-1965408419
-380463479
544972414
-2043127651
1629034854
-1957746451
-1547607291
-1182347393
176204589
1423133132
-1113475161
-47153078
-1399325717
-1614082946
1804364508
451037928
1112338488
-1602168502
-1382048863
-968677103
-573989529
-1366440204
1911084411
-1836534786
46198576
2138929562
164456636
98685282
-886209648
-1278174529
1986626308
-1616200806
-221781779
237387432
1470745610
635230498
-2111346052
-268055834
1541114524
1046484811
-472664346
-45600204
1588303331
285916202
-641585879
-675767934
659330796
2054677459
1528171452
-579749295
-637444509
-1247011641
-2034811402
1727960641
-1311747424
-2046634070
-508124240
-1281732633
-1343145497
-78209479
1052553000
458505444
1607918827
1124156794
1210678568
765101362
483032468
1752207156
2002504551
-1744903231
-114917886
-220270943
-1425641170
1647205442
1268487120
1787257953
-757973442
-1571947967
1288303516
-1448696398
-1308335120
92007801
723378375
-1811217698
1539296414
-1269459101
-1534694023
907526388
872023361
1616403984
-376850713
691526330
1185062235
-570664904
732570072
1795644641
621158679
633677458
1715755876
87675258
241439149
225873509
1430659582
431451817
1984004107
2002757982
345643701
936508567
1735929265
562609828
-31115594
-1743935828
1486641116
113056041
1056337173
-1157026818
-1286500122
1496018755
2131872972
1624515332
650726380
1189916538
1447832323
1203324046
1412169393
-848673117
607973777
929952249
341310913
244986669
-39857726
-1627952483
2138011353
-1550288454
-2032640166
1000957066
-1570689658
-527773967
-840575014
-1784087436
-215097845
-1892382062
372611585
-2053492501
-999921017
1299068874
1655116181
-825402162
1098724951
202725063
-1241769118
883254529
-1840819272
-2025970801
471672195
1481018717
984639409
1924822541
-1219981345
1479092456
1584293935
1269174125
666439926
1294637381
1571854449
-1445336920
-1698225443
-1150660242
160917414
-1070770590
-867844985
937938847
469308883
-1048242701
-98903227
1773257365
2010202874
-1206020158
-1424449393
767938040
754437240
897522394
-1356593148
-1295801836
480091310
559902134
-1543341649
-2071110961
584339684
-308385697
-805847925
-1826989609
-1370498711
46625720
1307708744
-1839132646
-253790210
1414771224
1587174735
-1500550533
856539251
-1953653479
-2105868796
521196994
439189394
78654639
-1680917430
928779731
-1005343684
820566908
1320333387
225586210
-853752110
-1568334751
-997243528
-1902401178
-1776399658
-1140255400
-1206567217
1250379404
1187714769
1752609664
-1577534629
1723470062
270265974
2011786361
677674753
1065285060
2008775431
-652459791
-1144388744
1131911386
-75010569
1672795263
-5040743
-623418749
154053072
-913854801
767132376
2121070797
604935510
1807153501
-1072850158
-1003644939
-1863320340
-1395765178
406620808
171507229
241575479
806581723
-2106339285
1971576379
-140969471
-1586691752
1703891993
1237454420
-932353953
-843228651
-384572825
-1006050070
-745706732
1117885468
605031968
-600475213
922962488
1936261627
-1896234866
-643187317
-1053685996
-1458335782
121567415
-374432342
-1339092656
1232223183
161775402
-1074223591
-1893750193
1466318704
-1191865861
1336924001
578722522
1492172457
-315372277
1681040262
1800740603
143527888
-2069441908
131548723
-2068042709
-1418399498
-400590909
1802366006
480867759
1996701312
-1900381680
1182359085
-883043522
-769196299
-139788245
1161503361
-1174344217
1026283544
978676655
436947603
726685489
1614954809
-360235300
-1438425291
1057386115
-526973241
-1742660968
-947445668
67090630
-1440287958
-481027913
464325651
-731148728
-219959089
-1193015685
-1154228047
1690256099
1199323523
1358185310
122785358
-1611584419
-194222331
-2030221298
-1468314766
-1007473902
1813805269
-555411016
-334642929
1991940304
1309844306
1511337353
1589084593
681427457
684063747
873234545
951533555
-626176753
1220761396
-795547863
-333285324
-1187892221
164227781
-223421833
-1484750453
1105146991
1653525053
-1699265616
-481216009
1557059982
1462997029
1350503806
-2032811558
-984251223
-1032992621
-884704029
-85656920
-566159429
1864495364
-906324355
-1208173349
-90823080
-720494225
-229960693
-899942102
-898314038
1347269270
-394023377
721500409
-372396676
1312847262
-1100497291
439104018
372335771
1878348002
-823427693
1186488725
-930356743
-471771645
560882162
412213805
1900429621
1672062275
1147036269
-85659260
1599658009
408400403
-41541288
-943990536
260637506
-1129005847
1105478595
835071374
-962291450
1409455703
805992702
624925478
-1706613103
-1340801191
-1696139680
-174346512
1976785745
1580219118
1740860228
-570469090
-284342636
-884562711
896577876
-437781029
1969769326
-8887800
-1807303415
-588538501
1256582880
55934277
1796510321
-2021917709
-477043659
949225068
-460045773
-1505032310
-2089682001
-521075219
-1749863728
-1852498224
-527247517
34363891
993999403
1014072783
