-1126178655
1769742283
264112451
-751808274
-334679539
563111435
-439366212
1479533734
754268344
542628080
-1563757578
-1099175372
668354673
-470297291
871854596
777669126
2019456115
-1905231313
-1568343076
-501439212
1426829802
-767691779
1020416895
-458372046
-1542644043
1887941886
1293350748
-961619804
1026257004
-326806909
-1483812106
1995749879
2082131875
2114451653
-367143484
653282574
-1543986320
-2003654119
1448842327
1503154298
2145128746
-1940210335
190142402
-1123169777
-1115147149
-30584891
5717813
-509038157
-1833217159
-103965277
1408456683
-39586439
-1283026056
-752126269
1149751110
-1065538835
-1664224894
353386959
-671898825
1703772593
-506952830
584336129
-650414877
799460168
-229292674
227875358
1255563651
-925324239
-1569130725
125938594
-982186613
-2026943945
1302187366
2019486012
-476901874
-1031926777
2054552785
11283836
-465175456
2103328259
1659789178
-1677386038
297926652
-38621099
917420979
-1429582438
1278741160
1014932037
-1703317826
-2047278627
-566328618
-1829794097
328499160
-1582437446
-1758971827
-799101328
1216503672
1649781629
398688008
470303296
1475401432
290022607
1899336798
713292869
-802624588
-1362833113
977580642
1944787205
-458048431
1275495808
1202025868
558759516
2039257024
-1472045236
1443264664
1340371856
461690467
-1189524312
1793018542
1535166114
1748645552
-1027021872
431367106
25129702
641647156
-1871151660
2028075837
250748117
185958107
288409739
-1996167972
-1185024222
428044398
627442632
1876219864
-699210486
-1825526180
1120689611
-679001017
-1801327120
-1524723268
-206494982
1519786690
-1488005592
2068070290
1133163729
1440426566
-1748897518
83039056
1058831381
594081887
528253035
-306664032
-1700050353
1565947778
2061710559
-1383290016
-678306184
-1155186758
-203971615
-478918418
1531740400
-1396691577
-720189761
-1079609948
-2146571595
1837796098
1270863600
702487462
-648090672
-1227479227
-990372944
-1506238502
-1989311214
-308740087
901086414
449764919
1556572416
-106864241
-1361383740
1658791491
1837570059
1594990788
827264008
-1253245994
-1145435132
-1814375521
152465313
-190078941
-1707497778
1686121422
-14637828
-228022536
479713364
-203237488
2035532031
-172745660
660320189
57707748
-2070939554
-1517879846
517557214
-1441979677
-1239038162
66129268
-441196816
45210986
-1764852297
-203211015
1372567938
507727611
-1176484211
-902019326
275091632
1086911716
-311166495
1932594586
793211797
658502049
-725331436
-2038232763
-310696963
1660193150
1383290252
1267910211
-950745505
1206142336
366741963
-1166205419
-713548535
660922501
1650705341
1297474368
-371866979
-1519754582
1394583888
1283130704
1830623163
-1752625428
-715638710
-953716449
-512567297
-1619654895
-759306666
-1105383081
1472694830
1368639944
1438592607
229806900
-1020772437
1363537679
950116128
1191596942
1276598063
580503252
1610923771
299571222
-324913480
696761823
-460400374
-1847936801
1069822146
887860462
-2098133132
386276896
-1963587404
881882657
1584467713
-1843481033
1389152925
680367256
-1644371985
-1759328271
-360584673
-1426357670
-944451579
1774593288
1030347947
-2047993736
1746330089
-1503330068
-537025810
-722317967
-1983468114
-1652101178
1198454154
490665432
-1634550095
-1260105287
-771356407
1486777140
-1559135580
-415191446
990059790
252788006
-1187191317
1620100290
-911390004
-1735896879
85317926
-838118670
1473988284
1830228597
-439583730
640670391
2010777994
-588997283
1869945220
-876681761
123769935
-1674772997
1512939751
609455883
1283408901
-1592659376
352938149
805720757
-177444809
-485700463
-1034025452
-813863820
-1812524808
-2067178489
560287362
558843006
1015302165
-615776202
-1412049526
1793044846
235547021
247679553
-430670679
338235976
-2017489087
-863514484
1438050320
1433306297
-1720826905
-1529669469
305654971
-773538910
1740697924
1407236954
977030081
-1087161897
1573207450
-608491724
-782807314
-1350044381
-1687303074
472360200
-81519986
655598991
1432819246
-2026143007
629262475
-429570845
-1202893823
-715224794
403546298
360677997
931183007
-1055056390
278397553
401288960
1907972948
208583397
-83504292
-457841345
-1974363424
1950062771
1742309264
-428051941
-1186240591
-29968996
1958483680
194298265
345120339
-691037788
1192194927
895701976
372175655
55672132
-1223076474
1277460050
-62073774
-1518619062
602828968
305266018
-599525640
-1137078531
976446946
1532074501
-1598782550
-555881596
1934231398
-2111707164
1597707804
-1213636217
-1126776486
327573393
-1547631589
900179478
-1426899987
1849973009
-652894275
-413436470
-1088386388
135703194
-1482888999
1836997417
744258834
-1315573859
2125685177
-645138610
1793254501
1538243589
-80872690
1562816713
1297932991
-599310399
676875043
1474161859
-624060566
272506496
-800947115
1589392998
1168948337
-1748205637
122937026
-1098516357
378866035
-1560569096
-1657968319
-1929925292
1089826746
-1215937461
489977233
417114347
-409894005
-1416151776
-86305836
1254482251
915318463
-367702728
-1942990531
-759539410
-560936814
1638492145
-1482084856
951128295
1900203706
-1347722807
1672380074
-1740725886
-2133591109
1608907300
1451961418
-371268055
-491460999
-1309983411
1058637935
-807053368
-1754015986
-1195474246
-1723488263
1621425908
2000788701
-634811501
-395970219
-183820280
161821159
1952875893
-2083878420
-1728707183
-1602896035
-1960774286
855027419
-79459093
2140657525
-596914340
-1644165911
757684523
896792704
862666051
1858665397
-853356481
1223273788
-1923818693
1484546095
1876903508
-1713119642
105999202
655530569
-346227849
-1494734445
586630688
-2147446291
738447230
-716943040
147131056
1522233137
727502889
-1474684377
2021151711
448506312
-1707997821
-440718892
-929794796
6101947
-1766580082
936098422
-517373041
-1314845863
16379934
582760442
70004725
1924292716
1996996613
-510191019
1941124107
1197177005
-473233808
-182349535
1098340546
1436569464
-1403452528
237163627
2101303411
631696579
-1702545540
-2087768374
-760143510
-1622978740
-2050043307
730928308
1989557416
958088721
-1443724630
859561228
272194788
-1280709371
2002798110
1230565118
1633638867
-357449472
1001070664
108624143
-1631708247
-316178698
822270938
746849647
1207450334
1167016555
-1574553084
-208240751
1900828725
2120783654
-834784230
-964002051
-1231851271
-1092783580
-335989901
1207102308
-686181495
1454589391
256336788
1179078132
1754372119
616342896
663192206
207774702
1293500844
-1812124703
-821701724
-1346451852
289827694
278436230
514136112
691387303
-72522203
432102780
866366150
78742769
463202811
-1201013229
-1222503
-1182417250
-1056391037
381686906
1770779933
-1925864271
2017823484
565104568
-1580162066
-1768337163
1762666709
-1626197277
318235887
-1127201199
376799860
-2010938741
-912625994
-1518281376
1003469874
54170998
-126991577
-2050398655
1866864042
1099365522
653388382
-633269333
1540684083
941569575
-254412846
-1447820477
-1605828694
-2030870453
-2104017482
891746097
-2046825356
1997807259
1778274978
-1151036176
-303110718
1402316583
-178303630
941571429
-1533186793
945957550
1958665070
332386867
716758022
-137491446
-625994581
1932196941
1339844928
-839673107
-1173310800
-259274804
1818622414
386090445
-1744859813
-800347903
-974110054
789608220
1220772357
1340948174
-1399914957
-2051894852
1092036836
947938865
494025424
-111886158
-1112539983
-470060255
1851917461
-460943847
-1759651702
78553757
1960046613
1179284824
-494276583
-1565255167
1198541079
-461445993
-559241740
1854932890
-1443567203
-1202626194
-2118917050
257538173
901774625
-680344353
-1889412177
-553666668
-1255328735
213828230
-675918743
1439058425
26487774
-1887949042
-304169557
-2009015162
459214431
-1805731353
-1120123055
-1241762132
-2053329220
-1761997259
921424316
874022531
182560152
784437003
1589112822
-1955620317
-1669320210
2055676632
558610458
-1898653135
-1621695983
-939605471
420494834
1891752380
-1628288787
883146096
563385313
-2120511671
2025735058
-472387956
-587565565
-1645638868
-775449869
-886552343
165675922
1603911449
1247202794
1952808289
1289824907
-1543460102
-541462658
-722033372
1431415185
-1024523518
1176634728
364324845
-1552233456
389227265
2127479507
-300920458
-1380563804
-143793415
1377434468
-887993810
1399966140
-1937268494
-1382987143
391604008
-4368262
-1165257718
-999527756
-2051537579
985678301
-1904427825
-2003631686
-1635490827
-1064344030
-384235824
-62069705
274543178
916537958
-793481359
-1796991451
1914356879
-574442352
1822377471
-1926231218
1975395367
-549873299
-131606268
-2139755505
-1268355303
787523867
1534665947
-629022115
-1678230852
878327211
-1029875834
-979782899
-137630290
644722690
-939246146
-232183985
-1718401782
251533055
895151435
1393363579
-839550759
-320490270
746799254
745127952
1013232584
1030082283
-1068566661
1447474680
984011291
165620545
-1165258396
-1745340656
1438030818
1240633621
-265735021
-1980407320
708963945
963028743
370685630
-2125445178
-1570993932
253940680
1595808480
-152930319
1128689835
358941952
765204557
1956674347
-1868554285
1699905649
290356999
-374668418
1230369854
-949869733
-240284336
-237185989
-1188065020
1763750946
1326287488
-67066305
-813226125
230042158
-1473955048
-1429566344
-1686643901
329060370
1551827478
1952750759
655472142
2104189935
2009744266
-1961435033
286580222
530487834
591912041
-342961555
1318912967
273851900
-1830435936
-87364592
-146719784
-2115621575
4925548
452134667
633059020
-1123268332
408396264
-1011968126
-1066398426
200178194
1823294439
-199884222
1331565118
218608092
1543941379
-1033071795
-75865483
730568553
647455221
-1532700524
-45801297
1656449372
-926545369
344548614
1628083970
465314474
-747282041
-142590007
1438690986
-392706689
-150342754
-998276154
-1557171392
1162735714
-760744992
-1758596245
1145181483
-277470826
-452606139
227706027
239148886
3689667
484774680
308422985
1284363299
-645486890
1980589326
824923990
92399006
1624099877
-1715418983
663950840
1737882870
-1929468715
-2141987458
2144309868
-1994078936
1042787199
1243104165
-926383795
138898684
-804685295
-1184796625
-1476014059
1050924085
694993138
56180685
2098817764
634640387
-574747543
-1025844657
-1783031168
-409963844
-1613366209
1021295483
1099546269
-1874681141
-98905694
1920202016
753756253
-834188056
1536325451
-1646002582
-818276071
-481129079
-917870621
824681590
-220780191
1932668311
1240274594
-1884098520
958110785
586559077
-1263354311
-150006468
1218962118
-1333681955
1465235954
355122843
664392640
1811233787
-1232024300
-93172753
866245576
-1652005249
-198181749
-1917463431
-1796429436
712812510
2065882824
-1578368223
-834348503
-1239239559
-276199962
-683794482
-788239807
-140015344
-459053043
-1430595081
1722150573
768821625
119138843
2010294394
-1069426195
-1773480308
-1516867456
-1113992532
-29077089
-511684767
1445861993
351893168
-1133750203
-2037517891
-752121056
-575004404
1475170123
234491336
-1621006926
-2081961607
999822663
1327104260
129392337
918046970
8471682
-860525446
1195772156
723164463
1693341110
-370533835
-343949604
-811168534
-945050855
1533298164
-1201713167
1124696578
126470042
-1173996262
-1066314899
-1836667801
-304073111
1582664169
-753973921
-1058160010
-69671235
246619631
-614608364
-389221745
-449904687
-1597558849
-27659334
1540872675
-734498514
2145435620
-874002875
-423193454
-490618064
1368652050
1755329941
697121524
-440931390
1591861151
1380510168
-1594007498
-1491850389
1575420977
162797101
-974625239
507131534
230043063
679218569
-806176170
-751227155
1457467036
32031198
-726314923
-781962898
1316051258
311136633
1472982366
-641762270
1112295308
67110571
-213640928
-1576308606
-2088179160
-1610191445
-1563834415
436663803
-772795797
-1843960646
-601091706
-233373525
1762847733
-2032285048
-22705469
-48676755
-1074980521
-134828330
-1795616170
-821806061
104818699
-2043860644
1445800032
-78160655
2051887012
392313580
-88268109
629255842
1972809797
1303321814
-1313287581
1250842374
-624262057
1297261198
-406819177
584190601
-1446610570
-52391540
-497821537
-1807417173
1665311915
-248245389
2043252043
250162363
-2079865376
1796515445
-1666001030
2085928677
1518456464
831467509
-1246226447
-1770704529
1751621565
-1879370387
307312237
-266377665
810300199
1539145617
-496267270
1883609248
-75717702
307964852
-934283643
787752773
-1026438841
-292851861
2050004400
-2050852211
-598516873
956650095
82825445
1014336264
2062929915
837411527
2133749421
1248185401
-56924152
943531814
-1379883710
-166559843
-1206640382
1880183697
1418648674
-1167543316
-1335919497
471737412
-639616923
1424258206
-1355918514
1454932694
-77970798
-1927877200
-1378736065
1589434779
-1394457939
2105837479
-1263882874
2034284873
-1220403756
-2089140268
-50761262
-1895385891
1211879050
531218650
-485562237
1727633343
-1395406316
1615855469
1178812693
1268931108
-1035213053
1336041308
878756310
1256093619
-3303150
41592016
105683423
995265642
458987057
1945777621
1863736897
-1804641341
1435515105
1331785754
-328882563
-1700944366
439301058
434116340
-1161790406
-1148751824
1692822122
384834984
278696497
1824235869
-754777225
-2095296023
1272477291
-883745950
1771898855
-550983009
-1118227538
1544335606
1561142182
-2002108695
1499207220
46636642
-408593560
-1854330523
1070827422
-593860505
-471938120
-45687890
2048996904
-2093071009
649839953
1481090598
-1846609124
828732577
-750855508
327579636
-1693764469
-1206573014
885830362
-1754916016
-1220245957
-1954421640
1431811475
1799582205
-91474469
-596149575
177333390
-832539113
1449498237
-1740373723
-1135446510
1383596814
-115591356
-961581657
-1558051636
1607903986
1856096604
2046801602
-1179031325
1976900592
428863786
-358375758
1953271369
-1386948068
165246660
1427934417
2000411732
-1247260304
1064929699
1466046780
-1143209332
-1285848044
1898384279
1367355062
-1112719674
333633759
352130810
1306191564
2140696689
1435094557
-1167510488
781288504
1482263855
-1202482030
-2067598802
-248762486
-98284889
-686041409
2079839936
1314281988
-871820903
-664391581
1609685360
2065820358
1666027058
-1875961276
319675933
1785567786
1246589345
-403091922
-1688542551
1372266353
-1364379415
-864098501
816960494
-68676450
-2098066184
-652361131
172047857
1430697122
-449900551
-460659975
1344752472
-1119758408
-1767265307
1490083901
543672345
-1087778286
878425696
240754195
1362303860
-1812064075
-145523262
-419178801
273575202
-148778848
-1419832461
390674662
-1346606642
-1649955789
1936811899
1619139832
-1916183868
-759973169
-486209192
882907151
-1181448984
305663673
61448722
294186537
-1738800408
-801415869
2066119565
1557113075
-1301311819
740752685
846047517
-1339959593
-201200082
-7608504
1832953183
664483384
223868702
1285856604
522221894
-1382919940
1649368680
1960057675
-1322205068
127192138
-1037646208
549467765
794173130
645034132
1091813661
1420300126
-1773274302
-878563881
1288353836
-1568835186
2047251451
1497145377
-286789113
-1034781256
-2141470827
-1149511597
325592294
1863997982
-640815170
-211260120
961695125
1003463987
1829652749
1314396277
-946094745
302478977
1553196046
-1251842894
594187114
957594061
-1004827747
1865690808
-697690917
-1839918984
2016709751
-437059636
-2027448100
914285863
2031249933
2121106395
564525924
-963209818
84184219
-840523769
1858128758
-1398745335
1936866425
-996348574
215459989
-1317095404
-2142601551
-49767432
-2033351818
-642914852
-2034456879
-689569262
1592702455
1874204333
-2113424895
1774410681
-1257494960
-1421361362
24887127
-2127790471
-1723274873
229537219
-1565902487
-1795717786
-1292166871
-1988384718
-9009885
652327268
735563830
-227244152
1182943707
-1143195230
-2035448996
1041780285
948807330
794568806
1567565928
1791116438
-434837283
-906338289
-679091975
-1245894838
-84240365
-18156456
-695853962
1171510376
1940253447
764740569
1740662081
-498769289
1558903305
840408531
2079673644
1673594334
1871921800
-384778196
1861692715
-1737463674
1991397356
1288155576
-1367626677
-1956816963
375102882
1009532089
755646947
-588649379
-1542715784
-751792727
320087816
-606039763
-731228886
136034870
-803902651
-1223455866
1613220411
-825281395
-1083826037
-1260787143
-721245431
-1579569445
-1285696922
1244790448
1299852827
366359312
81443953
-47201198
316954813
507409125
274822156
-1478501844
1602986447
1203999776
471923019
1210970829
-897356328
1135672598
1987207985
-1998070160
-364922783
1443947889
-1574266083
1977914208
-1897038208
897756979
-1064838268
-605497192
-1890664782
-1674621958
787211744
307852969
-1950998034
-1656212859
-869325849
-479915296
-1611947530
-29251466
1298671616
-447866713
-1350254353
-1899928487
-406437646
1864324395
-1915738572
1111935972
-1009445666
-627300033
-1809992602
-1558031744
-915769489
-1763216001
1948871879
-609895416
1776217935
-1452628808
-100617272
-791722033
-482042148
1060665479
-1776366881
-1387395097
-1034451941
1723694143
-1762225250
1423829152
354239468
-1706409456
-303239167
-622973873
752481407
2116144740
-936881145
-1678942384
241343238
-898050676
-1932567421
-1652422579
-886222677
1635299227
1905884979
2015860927
789201604
-987552110
-1724766191
897278388
628097605
-1625128259
-165685271
444436691
1492702838
-1755088549
770054187
2105964957
794167013
-200482428
-1137551358
896577269
-287747939
943936327
978388644
1502392545
-1878787433
1566905618
623476459
1744515730
814628208
642579286
-925591515
911686817
-179244452
603004523
902492199
-1888899173
1084669274
681347760
-1109048664
338946751
-898029911
1498500854
1882874315
-415786235
1635866489
-1378710242
931898365
582874722
-510956058
1168929024
-2002134271
-297736374
1678154785
1837773198
843720776
-935531402
2115733231
-762806216
-1352449403
-522538777
-718956713
590678674
-39780223
189505577
-1224526953
366080564
604323115
933559004
846992215
1937661666
1470785778
-1179046032
1413227297
-1101820181
-1492296617
52919087
1372891919
1335364053
-1131855939
1406539648
622636229
1226889530
671718531
747337577
845458593
1947397100
-1817973932
-1214293675
1249991217
-1783298209
-1073007683
-1677414121
-1577858075
-215684280
1776652543
-1015435730
397230597
-1530360959
-1590382554
96166474
2069341412
343835695
1434426201
-1402024946
-68472234
203369510
628975220
-1505146344
-957542818
923920779
-186281773
-1877034435
1580837676
-271536966
-1878773648
-2011444968
-1325843387
-882002582
939342384
-556321338
1938532611
533595663
1703639929
55381482
488419904
-275961473
1203575047
-1769789961
-546816178
1319448280
2046338816
163991981
-1723726295
-1354760289
1840459333
-345759517
1576207087
885355564
-235883766
2042438791
-1783467377
1854655046
-768733016
-406323229
-844675903
-641310199
-2132001103
551406113
322582837
-1918311152
1157780293
-1070824431
-1370481649
728972239
492623523
1387570728
1803998609
-394463936
170277890
360909515
-1845018343
-2137193279
1035834273
-181880627
1932066638
1840577084
-794965475
596005430
205830038
-1544218488
1923680513
-1374082234
-136020790
-1411322354
-1888416605
-447459911
1648970029
-1988996177
-615611603
1836051531
-1992833639
-583862811
27707641
-1900148098
-1620193286
-553464792
-2099210718
-415540071
-1941605120
-1396432238
-545427113
1426039796
-1222553328
1066146245
785841138
-1314845837
-678851461
-1434402548
-1067685047
1708279887
228583153
-310628672
-2028092606
-1564769508
1980007991
622738156
-969431508
403328262
397179928
-1603485645
-896807475
-1162533538
-1127860328
-339966223
-799047241
-718056619
-1059629713
530267809
1933221599
1588729862
-1862106187
1259678078
-118029201
-136545095
-283415335
423059052
1201240538
-379895451
-1743135273
1952040215
-1920310735
-561598602
-908289111
-456511396
1448464565
-1642310447
239049726
1579432680
-2004888916
-1083774188
1636865321
-1523070434
1148387960
-597233886
732436828
437934910
-832784412
1567534302
-191057643
-1927446846
640379329
143442741
1399367895
-1943591413
387519665
-1689492382
1429374493
-561076419
-730547390
185965
-1032628341
1785437030
2029736766
223737843
-483044250
-1653474587
1380037696
387960109
408452934
1867062281
-4826230
395270442
611467274
-771655688
1574639894
-1901639841
-558356213
-1322821167
-1748764182
-650172063
1152736147
-1490101227
-1142291536
666127600
663568272
634902594
-617245307
600010295
-1366982012
-1494307648
588087824
-53163439
1975292351
1907948801
-92981545
-23570929
2089878480
-726937629
-267025203
258481400
1720821048
1157279832
280026670
-960295792
-1156244383
1818604616
-197321329
143831005
-32286514
-1280930379
-1326831056
-871194842
1338655122
-1690629600
-1073869420
-2057787395
190469894
659399723
1575243347
1793651072
-434160714
-1671230593
-967334866
-441343781
-715958117
-1015167249
-328574620
92127760
1825378447
1138185437
-1784484541
-22578950
597112573
1482714588
-2069378047
-338837874
-1995588137
640699798
743321548
1070739044
-1035809075
1227171312
344817439
900180085
-486554693
997597291
555334742
-725431514
-755453342
504992205
-1971529084
-829847163
1442873178
283657215
-273675388
187654609
-1737053113
-728696263
481516365
2000681023
-553167542
1543344987
1001598090
-822994437
-311881286
1627221662
925919850
1299803244
-1706316780
119469675
1167688628
1563249852
1113974063
1104967050
1729069853
2109711255
1086305971
-1629578625
502520029
1747366194
-767964980
1952009520
-1081038465
545854862
1563037465
1554889419
1559672312
-978609923
-1225735958
-1782137882
-1035390725
-413894427
-538435413
-363661081
1163990411
1779449027
-1388001638
2136109221
-919153967
721442674
-811375936
1604535631
1125802287
-501475155
-1621349859
865334156
1320096916
550548178
-1803328731
-364947484
-1490960366
-1233823512
-2097035925
-2015812003
879034029
2010429667
-1029267300
89634921
1537783156
593319462
-1295974738
-1923984129
1476338390
1688111176
1475097944
632903431
208867117
1473258010
-1399874876
1618990586
1492644511
763299049
408441218
1151644873
-388619226
-10935297
200236992
-1350354178
1891788268
-1648903056
329090488
-1036936159
-1242471717
841925906
-1464760472
-97119908
-1553141388
1649728204
1704254856
-1371444895
1627008992
124202259
-20577863
1227371147
1547488580
933310130
-223426054
-1522408637
-1565191079
-312996151
1723893599
-622353243
-1090811077
-93962729
950459395
339911522
-1904853888
-1670151045
838695998
288623335
-1812922997
610953911
1258573587
-434172226
407062050
-248251273
1888526828
-1174428108
-1178374850
-136370543
-1171168376
1371463228
-1225760990
971584910
40344116
-1436555885
1975001263
-1582221207
1932757304
-1079036124
1213379573
-1921496170
-1739966060
-2083551571
-804376051
-420671419
-1655809556
-2087300191
1189228069
-1872702489
1956817343
1717847632
1735243227
-2052510735
438002655
1950595909
828670671
-1516697121
255286301
1155145966
-878366349
1311279995
-1813986237
1130302338
-1099198172
-384627874
977325126
-1986649314
2100257150
489108919
-181366340
-738766799
389091563
2046633290
176493195
-1107113446
607867005
1283640507
-1139075357
-1250628593
-589721346
-1961938931
-1889319315
-270011328
1865465156
-474926492
-629285692
1454379323
803784136
1735851026
1526247715
-1566547566
1307234681
-843629360
-1137080992
2066598330
1183918030
456511051
-171323367
877577270
-333240295
-1634632990
-1688701396
-87715853
1665720867
-1241453394
-1667684500
-1049337610
-490265612
-29292350
-2123345264
-634292428
613290225
804731571
307618926
-1148502080
-1791912404
-1544653734
885540458
1498080299
948195319
-809638440
-481538008
-1719276505
-1803373382
-405491238
-686940024
-1443506835
2017827078
-1848237539
838996435
1129760224
814768361
1457922100
715406641
-1594049550
1342206595
2034103944
157827422
467722566
321437145
1599970720
1255293085
-664869993
574451177
-508683869
994920940
-688621609
-543090947
565029914
576889208
1758686107
98956868
-469312007
87596115
-1690769227
1441470110
-1384143393
326566755
-1769812190
-672764234
-1648480612
286929309
1244023078
1705659477
1991574004
312303987
-1959199307
444965109
-1268737118
-361243254
712017173
-217840747
-1701009249
-294647632
2123498432
-2050262069
-1099467101
-1409126131
-1685713010
-870094305
-1580312596
-1672846697
2061714195
2106663317
1399193405
2092739787
-352050363
1940653707
-950134743
702320537
1138965346
-619428155
1678745488
1864237983
-549285104
-241926458
1918484586
1655165338
-1034820923
-1725439903
643381443
2010852633
207170153
-786190706
2059569926
1336788595
-1104966088
-77847935
1305968509
2101250042
-1824481811
-804647432
125090328
1994158704
-1628411364
-1179136300
-2076415892
-214283079
2096171999
-2016319509
1320111102
654383826
1621787316
-1814244580
341157058
329158657
2107640997
-2011373406
1194180574
743174221
-388211543
1873950637
-2102513997
-2061691599
-1904192694
-311210962
1678109212
11438476
1861361031
-789750286
1596253688
788852954
1990516219
2106447090
-910436123
-358666839
-1202764738
135565032
-217433009
182451013
233420426
-1218121179
121489576
-2079658315
2134045089
-254486111
-1885933064
6034155
-1090239762
309702228
1102719128
-763325386
2041364714
2026193347
684581433
992620282
-1877137983
-570868259
-293490901
1893619107
472133684
1894858247
-1726292004
-172146217
-1013600575
-838277772
-1436057954
1242326250
1630836992
1573160634
1648402860
1729293206
-186983601
1239953570
2052151662
193874155
-1763723087
305280063
6799099
1559231620
1869080307
-68192191
-991303968
-973797381
1868089616
-466539126
-329204705
255510430
1616538582
-120538879
-1582889094
679223906
1508518088
837281446
980100848
-463649513
1832522566
288405991
-1382663800
1683709149
1991742443
-1071550671
1528021836
836306134
752211510
-2050063671
1923157400
194468636
1314843755
870699227
-470038636
2138501365
-111620677
1672684243
-1841583362
777718341
-726035806
-1974485525
1855662380
1992089667
-1795648624
1126418180
1353671761
-1859921041
608193995
-84308039
-1957693186
1939011779
618607251
22028465
-764191764
357223976
-841759610
580621621
2135740408
-1639783893
405972805
1375149058
1497708654
1421101808
-1897167528
-1397378721
70798217
-1841641370
-1420038066
-1283725712
317974842
11587004
-1100112088
-195147316
-2003854808
-667013613
-638603529
1696941390
-1743881480
-883400588
-961492540
1032881448
-2145511475
-437350653
-1143318609
2088844349
216595474
-2115312267
-1855250854
965990830
740031094
-405417282
2092036743
472318901
-206999240
-2046873073
-527474689
-2108232782
-490336604
1448906495
1448045493
458313603
575592924
42662151
760927275
-1713914856
1182827483
961944116
974222357
587916613
-68926281
286098711
-854217925
-1007474982
215402790
151809535
510325155
1659339504
5370946
-2107161750
-918030098
-1036668539
-303400560
1324734903
949944322
-2071784117
41849662
640163360
258292969
310880700
354637995
-2088860440
-993230600
1916878449
-659392211
979281616
1513126707
-758213708
-198025459
697287119
1621834992
-620286893
661585622
624038145
2103108793
-723654473
-1447438641
-742445090
1738314614
434749236
-81009979
-1194263377
-1977675829
-1085200991
1160546317
-1840271810
821148607
1309278251
1101839816
159322317
-1713717091
1361652070
297137512
1148067400
-1953917666
-65411164
-673151117
1288398269
-370589241
-12131446
-1170364281
1783887371
1411909520
-2008845345
-847435107
1345961945
1514163398
740119207
-1999139183
1631167178
-1909918671
879497072
-1278662175
-722953746
1318158969
724882155
1010001076
1698872187
-126831163
336480189
1229280286
-2063728708
1743942564
458865815
-304270174
1355678536
-1296289488
-1809591421
-1742173961
1189427319
-1957873296
1670402689
1281417487
-741131246
699561470
-891688622
-1444967084
1772568905
790339049
1210581139
-56442316
-919025431
710536924
-1073093108
1174597599
-2065164338
-114371457
-1635259831
1308578383
1665867925
-1345117667
1152402282
-814416504
-296561514
1267057286
529451319
-1929123295
599789585
-1199898058
-1126441353
916047362
1434359206
2104743862
966794113
684887406
-152056566
836161089
1959759379
601567299
1855338743
614102699
-1934056862
-1887254656
1429067876
-722763138
-1219491471
-236249336
-1823676682
-8983194
1814311077
504469413
7057589
-1629300530
-531095911
-881482417
-387355390
-913900086
-626079441
-1062048339
-812690232
1814026551
346896615
1144343259
-378378254
2135291424
2003504499
-393005459
-64514532
505739875
470693770
295395507
625294988
1585731987
-1167590404
1281718334
-1838662813
-1628581344
418812934
461268387
-1314788337
1037834421
-1309671705
-2126610562
-157814013
111039969
2117064882
-109020487
-681302
-1404872200
707480166
-643785971
-296086120
581544763
-1347721413
371189705
-923922942
-1476406730
-901805250
549415122
1065236592
-1613592471
828280607
480489450
1302322608
-1568887510
994501961
-1202638284
-1052798963
581379273
605746227
190199287
1883865025
-188414475
-558349835
1467963554
-1340202329
-1403340451
362628382
1069543695
226304820
-559616102
-216338748
700961291
800836264
-1004629685
-699645477
383004950
-1917101440
-1464660607
1193249738
1424078182
694618414
-10704291
476189243
1195504434
-557279733
-2017149960
-998749646
-50931924
557688972
-1384782462
964291681
-262486450
-481857868
1854851245
755661497
-1228638759
789655241
-1645885621
213650244
1950465946
-295583670
276085557
1582525489
-143329681
58138655
837666927
-1457392336
-1739292919
277517330
-154620535
1343920640
2051322098
-995159683
757741127
-594734523
318784465
-777856187
-1342327676
-859100514
-1002189588
-1706521850
45261650
-508980489
-1569386257
1946876303
-829499290
-1827750373
-423154197
-239945072
-1364727885
198682252
65593760
57352082
-1550017196
696487062
1633316863
-517999066
-2041466450
697631137
-1487082007
1094481249
1602427861
782750919
-1941638083
-1855517049
-886200785
-1356811098
-938017007
-128117499
-1997887146
1481939574
1156840766
1120694692
932319554
2018726493
-1505700830
1614337275
-1995108185
-1486768895
-1378100320
1406999845
767960732
367355487
-94398869
-11476300
1651071613
-1924321829
-1281217916
-1396350747
-1397632495
664681367
1603624448
-332649196
-2071976466
-486543609
-1314710514
349008242
-1350100965
975499972
1574880824
1660591860
389189879
-1727413855
2348521
1122355854
671549018
-59905796
-239168978
1702177185
74297593
-85025707
1858330048
-311598671
1430533134
1711173156
-351706814
-2117820582
2127338296
945766886
-1375758906
-1197758332
-754658657
-1803498632
1086550933
-327590443
-1053098661
-1468584023
