109700442
1469656327
1148169406
-282897048
1280209658
504589489
-787185703
184170958
-904253586
-1497717893
1819702551
293105086
14853984
-388605818
-191083126
426716947
-1830470796
-71108901
-1746757830
1121992193
1894382542
1129438366
595254857
-293854870
-1042663466
-792811132
-1689629608
315612272
-188103105
1124499586
-838313431
-601888438
-1577170620
84226246
1399093125
897027419
-2039483596
-1249412630
1023659360
1381030528
586387249
-1128210585
479624762
1907028393
-2064264653
914800455
-615118649
1386830506
-424921005
10067998
540324049
-1188002477
404746822
-1285494214
-1272966563
-878655555
-1245993178
-787709927
-449363187
1930587622
-867365256
2119363099
1828136388
-2104840576
-1443387798
-2009462408
-932850545
-1731553019
-1079637412
1858307699
1584415938
550916367
-480531039
875916751
-1103394463
-932959515
1101069958
256553346
-815966270
1313373528
1734358418
186548392
117813872
-689161008
371807503
-2057262406
-1050812847
2133439393
-549970743
965771775
1275004426
-1077154909
-1510017515
-1310789311
799354785
1117953280
1168514068
321894596
-227973020
115717711
1176405048
79496819
454576905
1791021538
962349831
476044636
1340621846
-997184421
1749330207
-1582104482
1092958338
1558048901
-1793608583
2070762529
-778210660
-1681396640
-153193999
-1096029115
-453641940
912458621
585759493
515061725
365606103
-869076340
1459141597
-1741553378
-1528756281
924989491
-1134359158
1283994707
1845083018
1791964960
-1962889070
-213999084
-264672965
264299873
-309531732
1627140278
1038925791
-1922654990
-1184410937
-417844987
1407208720
1206641047
1022065232
884001328
836348895
-568184852
-361096524
-1792560892
2117746166
-313513543
-1896716252
123117149
1420940029
-1646873717
688038551
-2014299944
-1922440641
563206015
-1214045675
-812030515
-1518847348
-1796964000
1367302961
-1382926980
-185447328
-356816908
826595286
-2121998715
-387419580
-742082669
-1006141370
1166310557
170056564
-555789832
459837536
866944638
451935425
1839052635
-584342239
-1536348385
284076984
-521802562
430657132
178267685
297551876
-2005339257
-1838812915
1682205593
1964087056
700556878
1709720827
2037852890
-1705036304
938741496
-823462947
1915408596
-1247492735
1183025668
1842158543
-1250111119
-1790167858
-1735963868
904772197
1855836239
1803865525
-1995827441
-1610464273
843522228
1596975050
-1967438187
-1079448834
-798530
-1121229446
-1505466637
-1587979225
-1698516002
551837555
1055394664
1052701190
172630151
-2065784253
-498883576
-21781115
50156833
2005131839
2069327311
1002651230
995014723
1750583717
932499448
-1802336291
-38180830
1138509060
669301391
-1124168214
-74461885
591639003
1553783365
1367615046
-669768584
1455739776
863221123
-2134881771
-1573178359
1346286147
1727071936
-1394736229
2093522992
504940755
1490610199
-389090230
-1149791542
237904863
300262419
662157052
1742318156
1817729024
-1576190003
1439277692
1287742451
-98995755
1523388985
1884794954
-1565756097
-214809489
-909706052
-108229729
1173735585
400865776
983636224
1401162926
-136441486
259525230
-992874484
938124332
-1191892185
1854864668
-1039102322
1835629330
1834858435
322869163
-842986885
-2058466655
84390284
1322639341
-1037349415
-1182125914
-1701452799
1361941436
1188248283
1393755135
-563249142
1969290009
2032565550
2003234141
-1615970447
-901826409
-1490707311
27936842
-37434479
2077670393
1878205611
-1932259219
1513118540
-2056078566
1905063448
14507789
1311751233
1451021581
-761195324
-2127774509
-224838850
1194541956
-458193028
1052658643
-1536942093
-297386379
315104449
1763053005
94482409
-1804241414
-1388304160
-971388241
1678699697
1097909880
-1871605441
-1631298722
2068283744
-1412592893
1683994872
-176399179
-63597766
-686542335
1530667691
-285962547
-1797166676
1694496781
228711311
136078462
-830529153
-1136333539
-625736758
-150239450
-624435381
-1244747802
422316035
-1036299608
-393267927
-1280554114
1377394740
-854749769
1499246508
-251346109
-1478629436
-221257132
-237191664
-1162323717
-1055972652
-1369449836
209414580
-1291646660
-258603816
613115303
-743534395
-1983563250
-1746138006
1585850645
1872533564
-716261426
-1360148390
1217143369
-332936951
1055005780
329783817
323902547
-399127408
-1327168424
1963378934
1565441513
277740628
-183257327
-627033191
1209807790
656439537
1834296350
-1824298641
347126454
1043545167
-1539941463
-1599448490
-1773727927
-1391355116
417522889
168085274
1142293479
-1666324134
1205966376
775139151
-1128545140
1433155234
-869018395
-1563953056
2047052341
1598575879
-168862277
593717736
1431601826
704159670
709426274
-549676224
1824583772
651310237
1065932085
897295960
1385744121
-917858974
600253716
-433146934
366167966
-1069685866
-237331573
1911731244
1154965956
1491086378
47166259
-144844123
912448575
2142467617
231910488
1207872706
-1848866180
1396934790
1793854940
949730186
-1327623670
50568096
-1735798694
-1232250417
1044776027
-2118555291
651007885
-540286010
-1670688566
-643542741
-1204118029
31615962
-1518906657
407274149
1407465133
-694230852
922484946
1805739020
1810368937
-1051328322
2112880205
974497692
-1173524990
-165499295
-485320842
2083177537
236291750
-353535444
-664410068
596166034
-471988935
-511543874
781038480
-810899714
-1120749768
-1077369818
1489350598
-696340924
-632798879
1485806450
2013940220
-796034776
-1231245998
563948421
-969202006
1821880931
1017163120
-1813111250
682549787
-1994022438
-1420379382
-423992203
857986349
579013651
-867994947
-570538697
-1603149228
-329968412
400347929
927949044
1780322020
-962651796
1767653764
618503911
-483595121
837203271
-1296991906
-605202602
27465515
1953916669
-325924507
-1290186965
-854635848
-20871238
394871643
-1434429244
1944638881
1843628612
1067303398
-1779716602
356608834
744469800
-281679690
-331851848
-588539222
1910885431
-1795259668
2032088589
-1379177055
1177771312
-156048454
-1407418750
-1931250708
678470590
-1519964858
-370097430
537968335
1055078564
1911923155
1531106758
1905037522
432013366
1737319202
59449306
1567802824
1921584138
-916241386
484850428
1962424076
788227055
-848588650
-2131368402
468492301
-967054818
1259204534
1507108591
1423427341
-382611793
-1338850280
294759373
1052372517
-1720695218
1260105360
-269499329
561238156
1392015406
980358918
-1770290767
-77942760
1165481789
687398816
1874449887
-2017380605
808868504
-836721120
-1603157402
1669738994
564873536
288896906
1596517783
1179018803
384208142
-1697965559
521416846
-1126234042
1430765796
-1371385582
1715106435
-1329424738
-354718171
-708984887
-1281792673
-1753604952
1246375270
1547095460
-1627326574
-221699572
-1379099035
-854183602
-2108453085
-460666318
1012034361
-559872563
2515463
-708646905
-1271280949
-599814682
-1348567113
1724254720
853030532
149047743
-31694852
721928798
384583495
-1628421434
-300872948
-1236357196
-1323569759
1148432849
209006298
-1627256410
-1474201281
-1645714554
-1525959254
-1170426382
-1988287584
1650556669
-1642155549
-1500632652
-894954998
384996003
1073656616
-367944987
-1927216446
-1348334751
-1602627415
1812481572
1215961462
1877572092
671167669
-508834631
1142062846
-701871426
847795603
498724566
-1382168509
1522783062
-1030486126
-762632674
1967544447
-1360930052
-2035637153
-1013324693
-1151913306
-1360461608
-1851161706
628652748
153939491
-891771740
1923637402
-829428532
1056228039
-2108672625
978110889
803353593
-1128538114
610274148
788327466
-407980124
-155155645
455880171
-930983351
947911908
773423573
451522191
732063173
571855585
920664490
-383420352
3918856
655327054
122953124
-1764902501
-1378553993
-1771196617
-1355919102
-748335801
-327595509
591147004
1859061272
-195378015
529024288
-1691372388
173380674
-822937446
653378189
386149175
1884256534
533808352
-1769364748
1093428941
498710744
-551169733
-2082677414
-2127814325
-992783822
506236217
512228345
2013370824
150386980
1479393806
-424144300
1150571275
983272761
417029812
-1099136884
1114814032
-218038533
2046059098
102832114
696294987
34904232
-456521477
120419548
-1361768851
170941988
1071160908
-836787780
-1775920539
1334212658
-413132070
902125422
-603831831
197123806
-1878593677
-512201008
-1676884811
347518781
777233093
-1699194985
797094611
-561227687
-881842875
1944299616
-668877539
283519845
-1988886702
41032709
98699776
-1139025096
497073561
1480626226
-881159550
416581368
2010005434
1384503607
-1839215739
-96998379
-772092629
-1491042530
1127030604
1135852409
-1009970083
1801107456
1466825534
-962294275
1645508636
-750570604
499348970
-1657459682
-1137291461
-1550939128
-1649422005
230563056
-415434129
1524527124
1025596748
404402258
304608379
-544679349
-1821737330
1409808482
392839309
-2050299469
-1142104729
-1074436557
-2039031064
1559768984
1251606830
-2114585155
-65990718
-906983780
-1916019787
-1812179691
-1156522898
-952908013
-1608775402
-2139434275
531218109
-2138313587
-1979136078
136634365
-1354459486
247169203
849538166
203751570
82017812
-1876467882
-2140121248
-454621146
-1475298504
-883939388
-194859967
1406459170
1489514686
-1872695458
1618629572
559382400
-2015563638
-1520563865
-1901459282
-816494908
2001917079
-1244137442
-1425050265
1585548076
-482459112
1622399757
-1025923656
962670117
-2009433377
-2049184093
1602113749
-567626239
1923686658
-1480593152
812335006
-1075842841
-1342975813
-357138416
1416712993
711611146
-617417584
-1546795813
1811607395
1281524765
-1892993101
-1028980710
1979174495
650039302
717568683
-1006777332
528777039
1043033809
-1858507213
1829054346
-1309403607
-292890649
-832292767
-772694439
4640620
239834239
1481951242
701571775
1954589723
-1205582509
996883044
-1738118056
-1023456759
496881559
-327092499
1511452713
1981709399
-287382234
-18848372
-315111947
-613455813
1537956862
813654773
-810348849
1170090498
-641922834
1749161809
-444288784
-1067563433
-1933373043
-2042490083
1697021130
1760979909
1873799534
-1888496047
1475415900
-1584904070
-1261605231
2057512389
116917704
620329037
1838274843
126931664
-1774365150
-114372863
-1817742775
-966600398
830529930
52134603
1564755618
723121971
1957598076
658111249
789464940
-257022965
-1489067418
-335788172
10194784
-1890219900
1258341754
1344176912
493207200
1706024413
-855346235
1151707138
2114101736
-670148879
-1747091328
234460970
-1545365244
-504465511
-1431983962
-785295311
-1073713023
-700416435
1427170758
513070541
-1041653081
-1451736047
133405209
1086822979
-1274465370
-1762543986
-671684137
491016237
-224879346
538988670
2133382597
789121917
2017819780
-913099699
1322969874
-2083479871
-991561294
-28455683
-1491362716
389382311
322508671
-1349576375
-1992058836
-1579219516
1774085248
-1944058611
-1462652863
765588112
57917101
-1729923868
-1100667220
-158750283
-16834985
48818194
-1387301951
1414494856
-793404327
-873671516
1916000622
1545196503
-1387255923
1933582806
-1849927721
1739939557
-885940862
-1732090700
1859180321
-1038727502
-1507247509
1412481795
959879821
-250597506
1356305497
1120247904
88821961
-971529584
-1366583892
776173993
-1527753342
-473435597
1137715911
1564971677
1844443197
1477761537
708482818
-1419290178
-1267737497
1807703907
-661347100
845522558
765511338
-1155942825
-1971509871
-1292159590
286092161
-90296716
-2058587263
-847247424
-621866226
-1617335254
-1699615630
528057975
1359488554
-1301777842
-1487235425
1290507071
2062678206
-925941802
1681941810
159966455
-808688304
66389472
1732562934
817977214
-216855072
-1428211208
1253093968
-1703734883
306533877
-669710182
2120131951
1995285796
-1169462798
-1280775179
-1879815742
-700150446
-816584787
-495031566
-991808598
1994436473
160103489
2088649843
-1473679503
-736706078
-574289117
-842298657
-631189383
-1719485203
1212428915
-147819554
-1553760328
1766242941
1516322964
-937303967
-843743901
1011738514
1465249534
-987438876
2067925481
1654287414
1374647890
-1739474441
1692609058
1219456413
-1446129746
1264856313
1096858312
76975751
474298178
-880735961
-2004302043
1259508201
-801323997
-1026209580
48895758
-1299774517
1589520735
-1145880839
1641359375
523701363
949482576
2014746864
-1260976665
1241240003
1572133941
666908796
-316361162
-1716188449
1776285438
-1431885300
-1549456524
-155407854
-573118618
-712230080
515044133
-254754574
-267888569
-11405908
-1332866230
24445633
1466849577
1066598875
973720346
150964502
-2116456421
1175271062
495528690
1637531324
-1493535546
-1625827227
-1474775159
868259033
-1480161090
1740623189
-928871321
-1454283182
-1213087461
-1131624197
1797108119
1638608238
1341281608
-1398885191
2121308315
944500665
-574134502
-805119937
1254749343
1121223722
1222359075
806651476
2058510833
-2131814521
-1215438776
1672827350
-162754383
1391399688
-1855137391
1130696447
1163978436
-1858713286
1976628544
-1694358295
-1523790578
1489341734
-899248604
-1266748589
-641917985
-14870606
1560349742
2019643557
857627309
1928552262
-631108284
1789748273
1814349572
-829471311
705283925
-1121099589
1312380602
1711063118
48428973
-1893997765
850930022
-450797982
-957484151
-967902752
306191633
-2111286840
976465390
-2090985640
1276803630
638836175
1686292150
1495103054
1457318599
565989475
-1694107926
1013821748
1054290169
1600317802
-1612419497
-1408855487
167858338
1921078384
538048091
886071229
-1825169320
-958097275
-746721793
382675068
718370204
-139681179
-1355975862
215471271
-1199022002
-457716519
348016084
-1098973502
1556425060
-208401571
-1399492968
472766697
-1103623978
1854249731
-1462429426
1095344732
-1779906852
-1295164009
-328988295
-1407291074
1747237979
-984136958
-334484355
-553233255
510125724
-2070190861
-580076556
1314001573
-854130114
2114107579
-1061890815
-620165303
-221519506
113933176
905501540
-940972318
-44797612
-1703953291
-1687273969
-596743870
-1650974000
1298049489
1075736826
1429217530
647932517
-533232802
749416499
-500366628
-936490123
1488279498
548102200
-1639030341
1244078766
123793412
2005213064
-126000524
371467204
1056738520
417258871
-1849938894
-532562336
1379621596
-536180158
1030445292
1500864087
1747042447
-798280606
2102880818
-1260373217
2107239102
1543939876
-358463959
-784651650
1033517865
712629881
727253204
-551523709
-554599066
2057331722
180778388
-271345990
-1180236282
95152527
2090300657
-176735078
-199548939
1751823457
955091610
413320002
1408658470
-1940869555
-171335766
-2025678236
-1631774865
1858088874
1225260332
-522722175
-473625935
1733088941
-105155871
1942753366
-1013155525
-1367080965
5088832
-1579149931
836792687
996914303
-156840515
-301578024
207180710
-6152067
352279630
-1754203438
523064145
1444210663
-1591582422
-611363129
408381024
-269947921
-2062573613
1448424509
1989363430
1403016669
1935189079
-993931277
2144692989
-719979743
-209430575
610574354
-1150282010
-691900757
192469302
-1159809118
-1435177611
-953134214
614702669
-1655542465
-2014010709
499827827
-1332469505
1889155340
-1598770012
562685299
-516055856
456850918
1494044339
1605300647
962109613
1083519452
-1373652277
-637379814
-2119862041
-1927570977
-138935008
1612435343
-866339457
76385461
-533547507
-1754974576
556486820
-1063390925
166315576
-1761149753
1978415481
1867475883
742011123
-251838325
53036826
-1478398302
-1218066203
-1652902979
1535760352
313598662
1286288105
-1430829355
49651940
-819176930
-1188549835
1318449463
1771467202
1512309379
884504766
309209803
4976798
162450254
-1673121061
821750476
-1278176660
-1985744302
1327906088
-600162338
436163435
1472293900
2070289836
1243993446
1704850417
1074780953
-1684106946
-52561386
822590830
743049959
-198147549
1919286214
189862826
322232751
604521724
178908298
-1640212911
-2110784094
-1470283810
-1653398272
836556465
-1693027998
832724930
-1636689943
1028449729
-1509272653
742260767
1356417786
-693617052
-1455614350
535177429
124684532
-271822865
863099077
-555202995
-1363894030
-445371160
2014718099
-1452163107
1713456897
-2090982896
-2002720970
-899608464
276294133
243612068
1437484399
293422437
-342125958
1985556190
-565507430
1416366008
716644201
-1820092990
-1404003550
-1701014689
-1950583972
1852914454
1154904630
987775222
405825412
1170407601
1389691580
1372554653
-364734535
1429846520
56701830
279219488
2005752786
-723202907
-1113134397
1394791001
-1412726218
-158098998
943479991
850745810
-57237581
-1190792427
13570478
1399026350
-1659238259
-1386733483
633788205
-153738808
1926481626
2011904317
-1836445589
1755749148
1413358092
584243046
1238505983
-1479512730
886148047
-1059232614
1698018521
-1045937144
142083605
1708951887
955952246
-1117625552
-2004330898
-551059600
1050618959
977420857
1592826524
-1498854045
983464082
-1606490030
647828070
1332292935
704380436
-2122453155
-744410452
-1264868227
-849678971
885084440
1870026171
-668004502
-2129144348
-738041214
923049186
-206658182
-1891831243
1496752503
1985992517
1652767079
1350639217
601962653
1919648240
-548849222
-2146654274
2128502147
406205743
-211307119
-910267424
-452727546
1712198428
1485597091
928971758
-2029721097
-933950600
-1821566591
232175176
-1682193926
1026885822
-294733538
1935084488
400129200
-1681827211
-1512625519
-642358217
-1187628776
101970117
104240152
1480676866
-1360945870
1607089485
755077728
-2059721428
1205345253
-1272001229
1260768003
-730677882
-785631967
916058236
-1107909807
1425054750
1740706888
-177929571
342368082
-552248332
-609865527
1232152657
1902783755
1439160819
-1577462514
1794873004
-2137595904
-1278401505
540192664
-1652115601
-192257798
-648828918
-1492200857
-381632866
-563898870
-1067559796
778618014
-37386928
-128399667
810787506
605653607
1503837637
-1707360016
-1262503434
1629013780
954389693
-1568849674
1889018800
-142975610
-1135340537
1358406456
155369932
201011922
-1467557289
1321541933
-360121155
885323552
-1881736100
-672784661
1505451185
-282388265
327262994
-457159443
1910047238
362890742
-1777714348
46637590
668053756
-397533244
-2109322572
1093562870
-1003461461
732103852
-2020524658
-1333124277
-236479178
864818273
-1977187749
-1221702967
668458304
-447098295
-944667070
802696733
255593118
-256374249
-385325324
2036396847
-743528882
-1088693574
-1811976776
1556938663
1832259496
189598581
143697860
-814527309
-789231917
1179455310
2087989199
-245386490
486662777
371219116
620428515
1488941859
-826856258
1814359867
700926583
1649901018
-1679189139
636174867
1629154748
1090011411
-841148556
-2093686760
-1725617097
1255865546
-468465774
940471459
104785807
940631129
-1540206002
-1456400799
-40029528
-655585283
-1634612438
1026621051
-1947229200
852656786
333889304
1287523831
1759574263
-446314591
1122505773
1906099549
-926556347
1976692124
-1671974764
-180055395
909047399
1648615527
-1954931516
1199216943
-623878325
817326106
942249205
1896765564
-209556275
-1839771643
1770274255
-917515140
-347846255
-66422284
-201559963
338502815
778217234
229138867
-1903341215
90148081
-294532613
-537668396
-1471862913
-1058110088
451643317
-299703633
-1267063490
-992914464
-432600768
648497321
672504277
148773721
-2065078458
-1604657479
145538404
-1950382400
-93621395
560449576
-438465429
-744984324
-601734420
-1132696425
-2116458881
-1584451670
-268611999
861371718
1718510650
-1628412932
1982216928
-71791982
1937479795
-1422690850
616276047
-377098817
-640962386
-1708581542
1363239152
-691991817
1695852758
859741756
990275134
-1544671342
-661486039
-1807312391
-1117202691
-1708814184
245255538
1440914380
232725132
1465331075
-1811830658
-206126303
1362967933
-979133624
1591406280
-1455214538
1528007527
1011350424
-1108572810
-1277880576
2054975994
1539023971
-1687303544
1690016843
-830668461
-746439779
220397390
-1291132636
-897802864
1595755331
-35330533
-1141251974
-1098009177
-2068541024
-1978136777
1921909506
-662006925
465342924
-1407266535
1561431387
-140076785
1079453813
-1093597227
-956281741
893747047
27404513
-1917437997
48768040
1760520715
-102480333
2087198657
-546216911
1934746694
-943141652
1264403914
396166975
1655380847
-2082541388
665529351
1988444255
-1157764482
1167700570
-1202530251
1959721634
1531087585
1398383129
1705091752
-138334466
-1213137264
-237370851
22773888
1776366710
-578844833
-185660092
-1878835943
-515805575
-280969326
1041983016
1072191175
1386347911
1471293366
-1990266275
-1863748925
-1336322534
-1132118610
369206775
2069208159
854909379
12218636
1950417742
-1538931839
903876242
935757985
-1578151164
-1251266994
-27103045
-315601578
-2088773561
82235941
1160501877
1356697149
216761683
1518913486
1823444517
-1138503198
982381626
-1172943117
1325264571
1075988711
1976739815
1361581262
2128499292
-131082801
-1735992993
-1843809757
-1612653759
1015103001
1680102730
-274819983
574257886
1725487248
-1532088910
-719337885
-1480883386
374492385
285230089
1380535180
-1319933235
91371630
1224666992
1667564372
-426072594
-271922079
-1792785610
-410237140
1829092207
1610856707
-2034452066
-1063733239
-655165757
-853214643
-1795340571
-1974472946
1777753262
1139366335
-583460734
97322379
-2082617809
534165872
1411220655
786835494
-652130919
-1926792090
-817959384
-763647657
269629954
-1049518041
833200178
-108968167
73250017
-223519857
-808065314
476682205
949818866
201742052
1871636366
-1868115262
-772144803
1124061479
-2091909704
762537731
815338518
-551205204
-829120535
-1589111119
617675398
2013687020
768807181
898402465
157928811
1775671194
-107322899
-714439257
-126166788
1710545651
1557169912
-1770302205
-1858391473
-2094825638
-225081787
-242619365
-1417953537
-1903519197
1427964376
1981539690
398955273
873127854
-1272995293
1746825912
-2087597834
-819789128
-1818614576
859029131
-2052704193
-688179987
44569533
1978691805
444902892
894409920
-1163630521
270551822
-1197175939
-634661761
-124084533
-987492581
202960910
1123468961
-1699283350
-974510576
636211125
-1016104094
822941963
-1473857093
-267870930
1345366929
-1594374235
-1182321247
1492478394
-1923470168
-1798953282
954753846
1696833347
-2040755683
-627222738
1012241735
76527812
-690724873
-1246820568
202020538
-1258709785
623397539
-396294278
-1743171462
24477423
-1485471737
1426223379
-1292936532
1638885847
1602512343
-1318117690
-1509495514
-1002841669
-1136674520
684359500
-86908128
-1042151561
599661378
1636238223
1470416428
-1970615667
1771509689
897559845
-1303178141
-1464257204
-1892026434
1111327002
-410176032
-1106489555
546174642
416998130
-1037838990
-91516545
-1551324165
1267932141
1599836300
-783414713
-1897873893
1932300940
-1867042176
-122271391
265302782
-598706604
-1085411604
698186730
574288274
885711825
-64598156
25844193
-2034022243
-421870371
1533397169
2125908491
1889504970
-177671903
-1330632088
2071027736
648097796
57823964
-250519810
2006325507
-1458652154
-1553394717
1165962795
-1532233282
-302527950
1158485736
-1884817682
837514253
-1195194718
-914603778
1419678912
189511089
354548861
1648318300
-1388125172
-806140471
1117680011
1629517152
-1236690467
-2092264331
1773954826
-1075552553
-1463983399
515203260
-542731327
-1462750597
587103597
-1964894033
1988782934
796475580
-1998240951
-454256690
1621165788
-1124791613
-1023453681
797173673
1468367536
-1084510797
2515782
1897457354
-231545468
-1024508367
-1658145900
-1340737070
-1760500548
-815867866
-1690633940
-1954665759
370678264
1304716995
1784025476
1263819579
1451982321
-1201116987
-2002080181
118582055
1565408392
1145517305
227809690
-478512102
1371158044
-1173912830
-1776121495
-896093931
-1337146853
-120964006
-720325052
1654001995
29656795
-1925719658
-672159427
1366388997
-1146848598
1387253741
-1301482204
354780362
1102930467
-272444678
-299446539
1374257850
-929013821
-496439616
-859522671
-2098989510
1542613179
-1208959505
37927089
1827056085
-490622201
2025144421
700989207
-1478177951
1417375935
-2072242697
1732463621
-1989890464
-1406047060
1647714672
-1366070286
-765407063
-1698407395
-386344999
1033343099
-1004403384
-1400833541
-1197031430
1680667543
-740890207
151731995
186770977
-1688438257
-1437923109
911494099
1397442593
-1093187284
-1503506054
1041028815
29261213
-2135260239
-870071986
969880868
-1066852218
-1566744053
560491403
-363245659
-367937055
1332484551
-1829618375
2061506933
1507473101
46483523
-620747826
-1609868322
-1794758204
-1816734552
-1414825448
-1413354656
-150119392
1158839575
-575348896
282827275
-511216671
-1402895583
1176820940
-581993712
-150621779
84028285
1820785925
1808419733
1438386967
1181811956
-557041128
-1878911799
1563108643
1852517023
-1454643807
-1193714887
1292956425
-1330252459
1193832230
1907715937
-2080506567
707514462
-1815106368
-1500466300
491361439
-1032510101
665094655
2106256063
2030007848
-1026583606
-2108014321
977724763
-385506685
1874126549
1130856982
-997843357
1835101740
2052489131
-428200736
963124854
1919880613
754525730
1564115134
-1631799330
-951115258
-980912901
-348723542
-281710624
620890552
-210217641
-1161840209
1714661717
1205926269
75382122
1007464839
666264697
-1180622414
236136046
-377760891
633579522
1779262424
-1689621031
240389557
-707336332
1281842256
-694610479
-1754013631
-677446989
-1758935963
1089214687
1492564246
-538215719
2011852944
841204963
123856326
-397240247
231108342
905269575
9715631
-82461180
232720949
-359455625
-423496099
-1269000645
1611445343
395279504
-1602741204
1396917284
1364270662
-93032617
305781042
-1615730928
1053687545
784823660
-2096928677
-88032579
719474575
2145252542
589120212
936208616
-554107102
1867218497
1315708332
-1046781913
-1413455074
1376367326
1997577657
-1977465868
-1489901637
-737868885
-453777992
575326732
1480967367
616087900
-1056152905
2047580410
-72959320
1798844152
-101156169
1717369838
527834017
-1146516529
423821708
1788051410
-294607532
789792938
-411068408
52350366
-1731662201
-274015164
-273983144
28005867
1393847594
-1160254727
1646295725
1937416646
502552728
773174717
993116446
598695111
871623709
134743119
-1016270388
-2121831327
-1700147784
-1430782291
-1110335417
-2024822662
-255681247
-1572820534
-985923793
125962557
2021060365
-1283851394
1008310046
1798856239
1565472943
732740029
-1300756539
-1389698432
-516132990
1950914827
349976404
135479971
271868229
-1623634385
1146262559
197256992
-1360197561
17729318
-1139848066
1388091560
-1321050140
2029387610
-1660968716
-266677911
-1014596273
-1429855469
974894226
-2084221020
2142498961
-800393683
324698013
662945147
813085136
2079207947
-148912018
-1566801393
2021662420
2062470859
-854178151
1635258314
-1998664505
938175418
-941206447
66733048
2103128635
-2100933878
2002506250
895069084
-161059471
1612764354
1754538080
1147519361
-1657230632
-1810377483
-940092361
1219131791
747696083
-1865881290
1330514210
-923751073
660622783
-1933782709
-747145720
-411025904
583450932
-19294433
123316229
964820827
-2107096694
3850749
-1361049715
506249188
-1853569890
-8582917
326798295
-1186331949
-660194603
1475229875
1171406968
-2007744861
-1956395168
1223245881
-1399979699
-616975047
-1947617087
833722696
-934506338
-1762903752
787088782
195067838
-1884853377
1905751187
177295733
-1029067702
-1788608391
64783459
1515765375
442795619
1966025834
1628110329
273485464
1327628667
312025513
-2026065609
2129123662
375822708
-1194975891
-1866810341
-1793074727
1000546898
1907003246
-1486371940
757176667
-58826958
804231116
-363567687
-1385039512
-693332869
17235760
-1436534578
-1202691385
2138147154
734268720
505080872
1715903610
-1111708589
1161879800
1144937948
1529908987
1385582461
674115621
-2007778860
954628040
-1416614035
-1004171276
-1683818966
-1671933663
-413484594
-1183535973
648888504
160526864
-1866217713
475665142
-1570229777
1292348073
662354775
-552439706
91805927
-989241197
323044021
-1096848138
-1911884616
1632792518
1693392028
18842558
-305008889
-1727540331
-199054707
1612742028
1887857635
215374831
266286614
-2083753536
1728873169
1945170657
1727341050
124481911
-1885604571
57620062
-1038124367
179454186
1325725075
-262837694
411408914
1744356120
499209477
2040202900
-687418802
1006173091
1714104494
286615051
2124502048
442616567
1697594718
-2071963437
363119682
295094449
761457687
993435536
225719330
564715581
1254761441
-976711005
-358452779
-1926655039
1561574618
-1430292053
443474763
406128953
1272932496
-473934002
1314414788
-248691230
235000723
942222648
-2015444349
1365457884
-1091515324
711982179
-1159522880
2022739466
1707770611
-1539635815
-811488030
919547452
755513129
-694284746
-2059370771
-471189104
975038017
-933188302
-1499493831
716551956
239980349
-135404449
-2084557212
433134768
-1492131882
-103970322
1039380873
1125301827
299523796
-1953741257
726688945
-2045211893
102393760
-1510004296
435166089
1130151241
1577061143
1830559582
879881045
-638361564
212543904
-1351565565
-1838914268
1426051021
-477930880
-2800584
1742520133
1296013283
441873516
1502719299
1389535737
553276441
-209810593
-33077653
1780452201
-2021886186
-402032723
-1554963086
-1669595430
389880732
-991348136
-1317906078
1019474718
-450018325
-623521118
-942615924
-1620102067
-491705497
2080266467
-215464243
-1295930187
-458584456
909144732
1024497171
-83703538
1124404401
-1829080117
-1243122913
1162505201
597952820
1253949824
-257600373
1499800715
-945574573
955009456
-1977486833
-1925669747
2094330234
-2012928952
-1295199745
623669606
829870157
1485943173
2132978455
615181492
-2085812211
145082754
-1200578949
-1961865225
-1823011265
2121978130
16944632
-610883705
-772793969
-907622449
-588639601
1429690568
-1555339791
-1024613518
-681584844
-111485029
1502484232
1086098533
-728146990
-1329434857
284843211
826527638
889808019
-1130469000
859160166
1738381710
-777938595
-1719671977
535736157
-474165567
-586147425
1778558491
811848439
-1312778969
878446668
2062575023
915509721
805200651
-1108323289
24452468
-839850512
-1986156766
-1051443135
-1861760903
-1929609068
-843227682
130379967
556394729
39825129
567093252
2128576481
-1236036924
-1459314551
-699877764
-1363583169
-1266094638
-915540897
1755160423
-861861548
-1737399597
-551440427
-655298442
2132952896
-862459909
1017775153
-537193863
2139983561
-1090576228
-1575844292
92656182
1694514338
1722500133
2131672100
-192830852
-851464464
1819213898
90252707
-1687917705
1288504329
-177747324
-1075305889
802519876
-1716551298
594105532
2032687764
1624206279
265283419
928979266
528649711
1268388284
1251947437
-2035928573
1874652349
-477378292
845650499
1171320571
1315331908
-1146965407
-1672563527
1550376936
1344036721
-1459898884
-688116046
-849656513
1445087411
-1086955579
323514980
-1173939101
-767344091
1093789859
747313496
295910164
417736434
1786839310
-1889983118
-1088016859
-1530064652
1706504417
-872462801
-1270821007
