1298686170
-8541839
1709474819
-1073428310
1081407071
1728880824
1963239954
-152977397
-664183604
-1151660437
1179331586
243216199
-1761173299
-1138971408
458648097
-1297079720
370327608
-937908214
-825267614
1785105025
578955414
-818998526
-656415614
-166805086
182196706
-394064348
1002073195
667905742
708571536
1260212077
-2054136099
185245722
1592631760
1281491585
484930635
1760964023
381933843
-303025182
1325080066
1995356739
1076534734
-886031521
603197840
1367991387
367092349
-247866935
-2071812509
983661940
7591402
1628569069
1443817903
-639968789
-868682834
-406100803
-1736733547
-875917735
420747512
1226082512
1621561473
-49926612
447488396
-764373748
-2018978349
-646258830
-1467428593
-1493152096
-1233260351
-2038900744
-305722239
-124048840
-491526021
-867100781
874031113
-230162324
-1998732145
878965693
-976433928
86513016
-947778418
928270435
1927953415
987654194
-1493787152
1039950332
641003491
44596280
847871028
469693661
747430891
-268627096
-878444725
-1918913077
1672217400
366512788
847774774
-114006063
-1054506019
136695158
-400751635
674788180
1474900591
1076762081
-1287834494
437934692
-978226745
1223223865
-2007951226
1283169876
1525347078
128519973
-972414805
2131815052
990996953
-197500798
-2081209430
-841377636
-2123579139
-1672493670
-1986482073
138600853
1255052037
1348449429
-847905198
272388244
-2002261157
-150931153
334266383
1049119390
550212484
1455469227
1450810456
-756236365
129069223
2022030599
209670434
882202909
1834202447
1428486512
-1351662338
-1439057656
1996942191
-1022547465
-162854206
2142216023
1463425702
1948800133
1047690088
-1598421068
1595707076
-478420724
-2082256331
878941417
704316045
-454039809
-1483000035
-96215698
-2030161220
1664704003
-1308589211
687107394
-669967030
-278256154
1196067978
2079559933
1280667887
-2040194608
-820072095
2088779302
2112942313
967025335
1832117631
-304370494
1718014203
-845316840
152147674
-2028833236
1851542968
1744479715
1562692016
-1002943189
903349505
-842882378
-1817145689
-467754175
-184560949
-1522820786
-120768715
-12595391
1800484389
-1822496199
-33821631
1042123044
-393444743
-1192213808
1544194826
1508560667
1061904657
312433252
-715264953
-549025817
1505715933
292277943
-1552483952
-783452568
-1382169998
-1744448594
1223243004
-794865036
688473686
-1906464189
-1958766838
1734089450
664556410
-918613312
414639812
2111567110
281569287
-403362263
-1836912607
-986370827
-136751523
-2000256263
-1077527381
1774791596
-1102682025
1172314385
-709217695
172652020
584839892
-96345875
1895808221
2084243657
-403956365
-122824168
-521214791
-1492932891
-396500323
-121721630
842922287
-675681386
-346190905
1331800911
1354706943
-1699465512
685911544
-1959039663
444456853
-228079969
1651501705
842890298
930264938
-838954637
-608765909
1193722219
2056821418
-489179582
1244379182
-2096124847
-509476586
-1946249871
1907645440
465453970
-2111241685
1859249971
-884154637
1116575106
-1003327868
1305830174
2034915394
-1267254309
-998335620
1866321147
1878190421
562357933
329827607
628128477
414174275
2077958803
-608163295
-1985173388
-1770830183
1944964647
-1022081385
363211682
-79395751
1266807479
1251987526
356408911
1031774021
1931998264
1863604658
-1895739015
527980125
18107514
-1488797896
1037737358
-636339803
1542210973
129679990
433480701
-1966518742
-2088802365
205420522
502814218
-1009619385
1002278406
-498308391
-277097247
1235937828
1053087404
-959603855
-1804763410
-387765121
820109977
975354673
-440418709
1231579054
-1072687100
1000229768
285289786
-431124764
1999559789
237994684
-1728781836
-1974198350
-419694130
98310925
1874459201
1450803153
-617438448
-1226477542
842069609
-522849506
338807744
1717014146
1076017707
593915365
344180482
-2037966387
-2137635123
-64305311
-657694267
854404237
-2097184140
-292155261
390196280
1142855360
1573036213
-1310256398
-316086661
-1735516552
-30605205
752565331
-1542372198
1470080701
2126353098
-1651607094
-1592820298
747397298
-1012654156
1753139135
1025170052
200698613
-469763253
-70092316
-1973569797
-66288821
1843134662
946634615
769370953
1644473981
342812296
1229596612
-224604154
-2101413252
-519815314
-547738899
-2100522581
-1915765045
811842920
-1800078611
1731053381
-1270677731
366053707
840605914
-1523777435
1566626877
-1290026012
-1524979094
-621461926
-1915420883
-1881766833
1485761463
-830829407
1998195346
1781065609
207231302
-72274788
-131424689
-1499265724
954695237
-1369487230
-1820202642
-1010967046
-17214700
-1201512041
463357511
-1239181755
-517507066
1830874524
-1798865701
368022380
1380489319
2037634951
-1425258624
-1610920640
253491649
-1411721353
-1535050301
-364517079
1378515803
915002849
335776137
-992873861
188320258
1124912655
1315375735
-1439316978
940772363
1763894219
-181679213
-1043302644
1729202583
1195941975
-452038869
1113484044
-317713128
-697005409
-1241287435
-876233888
-732841964
1258852017
1541570167
1940141482
1760323625
1311631468
-1655245399
1991091637
897566800
-336034441
669120983
-1836938623
1891646053
-955641227
1309914828
362055839
1038288102
2033985398
-1495234004
1714367935
-1350528774
-1252243536
609786657
-1542399609
1917715637
-411326354
55494714
-1301749851
593477018
318763847
-2031743089
1473066791
549089121
1455519635
-1999973080
-1207219447
-1559172359
1398177563
-481317985
-1914912753
-253177393
628275727
-470056189
-1581104171
-834619056
1765602876
-1248763393
-992757468
74875565
-353593987
-696775366
1668699526
349498077
404977522
-1377156863
-1176599525
958109415
-1148171664
2109628707
206348717
-1597693855
78673847
-1038171364
-1940855294
67298867
-951574806
1786377845
-330035598
-694245984
1553585339
-1182486678
6790584
-1989271673
-1160832795
1805465548
943310092
-788181531
2023602015
-1921349079
-1758049680
135785885
1262848206
521108265
111083594
-1279041413
-1899674054
-903047878
922460722
1812343670
-86219772
267487855
-1679152371
-214264523
1717250071
-171351899
-1940522918
-524408620
1956736862
1757068263
-89305397
-1253564185
37738101
-427300077
571610135
-2029191490
-726255198
95460029
-1745104370
1089327594
1636155398
-635350446
1787713261
114684928
-780409329
41623424
-464943373
173161628
-914408656
329257941
-1695796428
-1852247640
25020116
-1277724506
313330092
1223292894
-2019014513
-1096360654
1166668438
245565322
1764018070
1554735878
698314494
769386900
-1122622095
-644813662
377408661
-1776615235
310224878
-738520484
-242007356
-1057840344
-1873367464
-233963132
-233616125
341575708
-1331952151
-1081890360
-956508566
581750280
367628668
-1843667750
-93320569
-347054906
929314950
-50576305
-1364861070
1916708900
1522356551
1434407370
-1359172321
-1413605729
-540673477
1379896665
1281779187
-560557967
1062868695
-1038162402
1831421081
-1934099763
1202840433
-2099254991
-2053307627
2042012520
1034179711
669057733
396095256
463757371
1012118787
2011704713
-1442812010
1039492999
-966707130
-17845168
-1912811627
-1148443623
1146843843
1019931123
-156999096
1425508815
-1629032858
1971583861
-321235876
-291262886
794775030
851591272
676052624
410298948
-1969048626
547007888
1113574795
289408564
-962568237
35802565
-1688071447
1964587121
-1755400031
221570333
-2116529258
564786852
985412615
2137006665
691431263
1343709153
-1770925387
-1039793601
87555526
1820410599
286597939
-271627751
-1957602283
1345914023
-1472004075
464599869
-651859787
2040654594
586906988
-665328195
-1895786561
-209399849
1120582015
1341701375
1698532563
1639809084
-1209957189
-962112864
-864975320
717769738
-956558105
-830448747
-1081350940
-921007713
-484165733
1402823571
-436902226
-862383650
-1941981198
671470256
527492224
405534842
355658622
-201840310
-1924617535
295634036
1147837052
-1624205785
1903214226
787655905
1059043144
176179933
-1376279449
-197550608
-1109747437
-2007289228
44334042
-1134884309
-18698798
355987017
624592059
-1110291459
1419958137
670580021
-1748541077
-1761043596
165275752
-1118949139
1625467498
1148050502
-688786651
1366611371
152741677
-247347175
1917870412
131674126
406011956
1531902206
1008469443
-1564822210
-1449558436
99457086
1947573809
-476536493
314518385
-1044662951
1358067632
-625750026
1429694471
-388658869
728771264
-700253367
-1700377975
1798842897
1733534335
1936819460
-14492782
2023584362
-118168810
-1709232672
-926153861
1422402018
706495350
1524195127
-28951244
220428555
1544359492
317516524
1390486103
990500365
-236667375
1593402760
595666042
1631196513
-1120581426
526220965
-463796284
1832631001
1513369214
-1520043122
-632032574
1659774691
-130072787
1923037223
1420961659
-1451271155
1645431840
1329811978
838318529
164305100
1981823053
-809672205
1048696521
1726695800
371792909
1037854557
-1306758658
248452762
1293316111
-1227437460
-1805423855
842929002
-1647610992
-974546931
1271365972
1711362194
758071752
-764617637
-778131384
-901490888
-2018686297
32030532
-1945333388
-1512288197
-696769855
961365868
1309245304
2034490299
1578425989
1579738961
1939519072
486431967
1969515701
-405260113
229711165
-1057112623
-574381039
-345273820
-78125838
852619277
-1993213867
-1448795369
505825355
-820400933
-1510339994
-12754474
1535424851
-736085479
-413759545
180885502
881266662
1477195582
-616493743
-1419196129
-1608348284
415217307
104857891
-835080289
-929052056
1724524258
31692758
-1608274978
-225058856
64016620
-118392587
-719093349
1522361278
1742400950
1212266156
517670805
1170147704
1010473132
1816595646
1494429045
-351601685
916202026
-1805149508
-1111622677
-1090304802
-547781057
-2048225933
-648678634
-359344764
1002965939
-342725722
-563451096
1275069530
470961995
-1136461316
570350409
390763571
-1131331766
898427451
-463656260
1373804688
414894907
-1645688394
1633251392
-979711179
1373981677
-250748156
1778893752
1218324216
-1031084097
107546354
1456145933
327277531
531134237
696414394
-307379373
1635381341
-1987596982
1835088244
1147441962
1646666765
-872642209
-504492340
-1318347930
229762911
-1206234221
-734125836
1923553522
1012628674
1726261947
868907996
-737602831
1461950193
163931668
1445412768
-1002660827
-2119694199
1792560960
-1810797502
-92715372
-2109646629
1621751950
-2065615720
229092712
1185174019
-1088998530
198839431
1009400086
1573248057
-36770941
-1934563727
-1557429821
1557183078
751855882
-1254861844
1720054754
-102630406
1817985211
-1870037581
-714171615
-583387140
141456126
2016159457
373766021
1038017890
1681686464
-821088421
-476446509
1653105826
-392531338
-685880946
-1752974286
-126972280
1154886241
-398928038
1073154061
-665920439
617112340
-1798757811
-141688258
-1809548071
1825521971
177890067
-498226072
-423892103
2103338876
566447149
907063971
-1898914925
-1609770997
-425587743
-913999778
184454601
-1077336615
172095857
218468225
800580171
-513754491
89285007
-1135936046
1576909928
1896821846
274277903
1500116121
-1109423257
-1583931264
-2025642786
-826548603
-465892201
-1984588378
975149618
-925702192
-1527932251
-371821920
1609757187
828073122
49978925
369575293
-564085575
306362802
-1940917358
864231115
-659309786
1406249779
1611291154
504485141
-1513736779
-1428015635
1638481940
-199656276
-2051271965
1949783721
46301380
-1863772246
-1985781521
-1719704623
-1128536351
2142224948
-551074099
1240456536
102336725
251911934
348950623
-973875497
-800239099
-921565165
1592674790
-1722523656
-1931129494
1472448470
-1910235466
-472609001
1354466656
-1297457597
1545826089
598807077
-224162626
-830859654
1070027221
-502437424
1446970662
396816510
-621087743
-1789447456
1684256413
58434361
-1056633516
-1689640476
1175653469
1896889027
812276431
-909798131
648809193
1846925027
76043516
1565450329
989729634
-20886059
-1486318233
-64374797
-831256551
-1938376883
-278880435
-1079878439
989111908
-1468783684
1293483923
1086025663
-1668404811
1859781585
1758590969
741051955
-992965656
1599341634
-1469372017
-239788543
-65341733
1267556811
639038055
1856301784
-430556349
-1530398346
1761178251
-1863681492
-572563267
429758749
-260150223
-1710802594
402826019
-10005459
137392941
-46142950
1268281633
1480515756
-946921562
-1790054143
-1856290809
-1823850372
-284608500
-1048286585
396773600
423770848
203097673
-1422448099
-1514503486
-953652673
-236958666
-1334835311
-22516121
489284136
-731083952
-1964958027
-19757316
-604524138
-617376854
-137829057
-370840519
1336853876
-1527280091
1097284335
929044913
-1594036382
1297151455
1391515639
1117241194
1003033785
205010153
-689914474
1841827760
-92223028
2051004476
190680325
1870272037
512613745
195661548
1667426455
-476517347
-979724097
275736733
62735131
-1490231768
410236696
-889321674
-1561804412
-1540696337
-1077716375
1106491349
550113995
995042115
-1664057424
-838621438
1229087252
2044191603
2099427262
-77880282
17680143
1633992157
-1482545090
-924964803
-1720854367
780576455
617093365
912888778
454575554
1206112623
1911853386
964745227
234592424
830545504
-1639855607
-734462098
132810789
-150758650
1433827171
546457923
845183821
1104275076
407121721
-1852126030
-174578853
371625925
1343188889
-1893476626
660033492
-1449017135
1414728072
2008185002
-60727060
804899681
545846273
1105655500
-1363936215
-330339660
-274805955
-1575087520
1455941446
2024001187
1167884341
768236494
88747353
-2042903565
-175637403
1395852623
1264579127
1788644842
1090043345
-1255610211
1137285143
-2105260764
1685761868
370783209
-312468619
-938946650
1611645175
938766866
2041694520
941999667
-233569016
500294163
-1221479658
-1347233058
-188721972
-729394756
935298615
1967232224
1204011502
661254052
1753458712
2113566123
1479301113
2046806109
-915030606
-1132537026
626782746
-453844247
2141323482
592851899
1246636330
-530304915
-274462742
-37595594
1396743660
1576747812
471065505
1933579471
1092559762
-1781071722
-2012432569
1622563842
304713350
-1046822136
381824788
-1347980483
39922534
329752118
814512338
1289564850
-1029168561
-581387457
-1574395199
1044529774
1935493725
-1189806112
-1637514054
-668485974
-756862606
-881363740
-749496426
106405217
-500605897
-1661788197
345005776
709513506
-1657077152
1919829001
179062888
1860019494
742837043
1654406817
506734346
810172069
-960016822
513569331
1372957295
1443147620
246176919
-1579682462
1957198339
821896594
-656321112
-696321831
1780209096
-1534475051
-1685254869
-56485762
-1029512839
1886715038
1160512692
150146024
1966603762
1349152708
1248722366
-1325700593
-932064050
361906512
-1077139473
-598772670
-664077742
-1143743850
1465741216
1345199197
1063733641
-231309692
-540888932
-1268860358
942694063
1583824446
777834790
1211114599
-1126902830
-1546575127
1100679488
2089033753
822879158
-1876057914
1884281386
386751585
-1086630151
-1086281853
-52463063
-493523811
-1070276745
517268429
-1224558455
1401124400
43009519
1614939689
419798499
-164395659
622628326
252715780
-1642509149
825867760
851080139
-2115469304
-758848060
-1884563002
1662642523
-1925881168
-1090947619
-901862289
363361350
-86526946
-284610975
2024578217
1890865938
-1720545749
1040346914
1119177135
1352830015
-717617728
217277463
-1873424470
-1873523796
1832109667
1067662174
-824418457
-21351879
-5418220
-459655293
191962443
1146780588
-258670502
471998978
-1093043325
1752768216
27261848
-1535319542
-2133163137
-824226821
-671550556
1898396547
-151928160
1328672104
1926772377
735705682
-1453076945
865930853
723474668
1079774683
-1508207983
1754549334
1931459005
-1269016377
-1715674696
1086764570
139753583
582105351
-1609829155
-647578188
1145941882
-1714418665
-1003825813
969744430
1871972479
941831047
2067718462
-1199052871
1982397852
1389452726
1058528780
1565846553
-1028039679
-470083872
1988186147
-442927809
-925049917
1504175707
-1530525612
-1512119241
1897324784
-1778353123
889855279
-923367868
133806562
-1195396479
1605288815
-756746680
-166793512
-653563830
-1825130056
-455626647
-1522764094
712144615
1582906239
-26362895
-343415461
-1612887816
828157768
2043055990
-946477443
1074976017
-122584041
-1051159750
1918212784
1363935421
-715591136
-490543660
-668161789
-798249020
1210749632
786712335
-1678632417
1695679408
1858536368
-1212461807
1414746264
36016014
1395984759
-1104001089
-769674618
2060813297
1560929568
926643808
-793978796
-1564207301
869585197
-1899465856
1917736151
-1254576609
-1852778037
-227411178
-1493603678
523077729
-799046586
1397976809
-203537769
-888867360
1275197886
955235630
-1119520831
1592678357
-726816485
-1809085066
-107344799
-1329368483
2033488958
1271060422
846535750
-139800012
1497939064
-379696633
-1610489759
-179025214
824533567
-238084192
-2124032104
-1435447204
224398366
1111379809
859973850
-329829693
1800308973
-1585040478
-652176781
-522486801
-946970302
1320947883
955218592
-1988692206
-1005753305
375463254
-36309658
-331668521
414874380
-1526140429
1658966943
1609177578
419451135
-759332501
60755796
489889980
-610510567
1279721639
-1849087662
-1850048633
-712650693
-1056939982
-1724101641
1719650704
-1028565510
-347653092
-2024454324
-1700386133
63445207
-517970399
1716304472
567703556
-1784081997
-124228085
1225457075
-894760677
-1711406463
-1309029292
901227353
-1173250800
647310397
-278359281
2116067264
-191901664
114028572
-804402937
1111650347
1914365295
107335684
-1157967064
1140576832
1291577607
-1292991939
361730077
9232600
1011183136
-1484977047
1085540922
237677078
-1225757279
161028529
1642128284
787321530
-1710618394
-329056191
788521103
670177974
-1028377404
-1674434059
283128879
-924264702
-933785399
400872532
-40864943
1456190636
1954868936
559373244
346706339
-1187260110
283725460
-1289189921
1505398033
-294865901
-2137042422
1649639277
-1766741142
-894036573
-178950828
1165984018
267415107
1613782815
175134572
-1519366237
-11722469
1700470784
214269663
-1459483757
-509794881
-251677549
486639315
-959577173
1159750384
445037001
-645197749
1581088506
-1662879422
-904893877
49435560
-55922167
1879040582
-536004399
-1878897038
-2139139245
972774891
169163700
1552976216
927171315
1295143456
529677761
-998983051
-477693537
-1203437378
-709261233
1390528468
666481364
1831974821
1821358739
971894326
1923647058
-214933724
-1484635598
-1901064174
1017472203
-1521612130
-926463721
-1741393700
548023255
-1382125719
1215179910
-1427414902
1312834858
2043897337
-602418831
-1554474157
-1763277561
-1603741379
-336631286
-1309515335
1196555255
127256648
1777434777
-1416917815
1501409206
1863925300
-484942962
-711712095
-750227602
1040475203
-1679683878
1345335091
1168062247
68227654
1008062073
-102963897
-47851908
2099675458
1844663891
1566067654
641126034
-73137073
1817213764
-620758220
-1238459578
-182195261
-1495910023
2132782974
-1702503515
1944516240
-724577283
-1896828427
1853951392
2000352746
1259592083
-1030266982
-1317809920
-852130004
-1984421179
-478392421
1157686679
-1035597828
1740578109
1613946397
1805605048
-1515181908
1191049298
-1577640132
-683633176
-1221410589
1717602021
401178191
-847622444
-1607153028
-441914770
298749296
1699901062
1275897517
-652846255
2071841083
1241156563
1435767147
-163601802
731010260
-794063080
-2038601971
-752674792
-543362514
363429669
621092911
1580678108
-834225525
-125654664
1088727001
1868839460
1355307838
1629264301
1998188511
-142609755
-250488136
424973365
-9869430
460018742
-717542975
-1860138938
1823881335
982065643
999687429
544779538
-1532564033
-1691126430
2034100945
1243692602
-506795688
-329870756
-1484052193
1475283845
1742162874
2125258638
530204623
-1952919604
567816645
-1551820615
-831958217
1775403833
144534753
-275182088
-736048419
663690416
-1434969754
-1203993512
1312176258
2115532428
-556746946
1399917485
1785901923
-1720431986
-562845495
-591602269
1086837690
545814801
250362880
978328083
-2021533046
-1629483134
-1708875300
747959447
420352412
-1340751344
-570198024
2031920992
-797399100
-67122017
807782517
-85442746
1513459048
1409576705
-631331811
443127072
-570682046
-2067957657
1939061450
143263829
-2068488860
-695953899
1344312840
113888947
-1090927492
-622241451
459299321
342093182
1167716185
1336748205
1268265081
-493867060
1249125037
1357942867
-126172543
-373445104
1822356756
1057007072
1025467344
-1539982605
1006542165
132805444
785241287
692078954
1844076774
-1931109126
749321876
-740286460
450619061
-1358514309
-547926637
181300611
1014657573
-256049161
1298435568
969052846
938494550
1101425730
2010738320
1066153317
446222761
1669350924
-1408594383
-28118795
-1560669822
-1062615723
719926991
-323995731
-1780171184
-1710137825
-1530057911
-460506703
-742262838
717010276
-379901116
1895294221
1153845626
-39423670
-940224177
1405047565
-399134850
-424912748
-1806651576
1205417675
56402829
1006335324
-694301443
1536631048
-996248008
1779379967
90696981
-422859457
1580824690
1412665175
-1960231887
-1167266825
392542546
634005295
-120566195
-498950567
-1854186474
-124500493
-212496788
855906049
1041877610
-1455654745
-616201100
20108312
51988202
948208666
1007621462
742139554
1302635493
2082229850
-63757967
658340628
1735467620
-1451660438
-245029576
-1435756759
199671146
1716404530
-1434271727
651845877
-815045252
-1329924426
-549304960
794952505
2099769443
-1136549238
1356250244
-1642364167
-1211776720
589982853
-238423743
-213837236
-1005556609
-845441355
-1137476386
-102503310
-782836480
729063826
-1367480400
901244715
1998306355
-1019543691
1448692119
-1666456250
-1570954382
1247415114
562891944
474539639
985127220
283063940
1129362956
-282300307
1361747599
1341563473
1693309223
-1348506332
1669484798
503027727
-1337092
-762570121
-524295068
1613993213
958815183
254467832
-1605011120
-259924683
1430033675
-2065229820
-400026750
1875691993
-2115778202
-545639151
806859950
1940735628
860303682
-1974684599
1437065087
714355236
-624714410
1293014108
-209795362
1813550749
1265271181
-1785983087
521252211
-555946928
-487568851
-1162496993
-1086768789
1235803235
289955644
-1117114950
-657407876
-583518589
1349745182
1466029167
-1355821018
-820572720
522924418
-2078583628
226326074
-1225903847
1449123711
1701512379
-539947617
-165514679
-651409927
1478081286
-670264493
-388206304
1798608201
-243140033
-560412752
-1900683995
-1868777187
1051952713
-1293180944
-878419238
119279515
361936530
1464191987
-695617487
1467150028
1240078762
-1499704257
357792831
-2081907657
-1464189415
-9464761
-1374888402
700357324
1417458796
44111087
-739295368
-487558396
1791794833
-2039608497
513688914
291854661
1077436516
-1815314505
-1953559195
-550807926
1327842697
1539662066
-1654556221
1856624451
-1679347589
-616167473
233687064
1546896505
-2017745179
1921511132
-717756385
-1640002763
662228784
567648884
-1264761512
-183650782
1454781277
-1000329988
-911673353
-873661071
641621267
1665696617
-498757345
668266748
2046140155
993310212
-742197680
-553738066
-799826101
-167712399
312082460
1572136737
961705889
-728212499
1363071008
336345736
2106555921
-2096956714
1273893426
-657709106
-1115223167
1182289008
-579822377
97704959
1435882291
1527820773
2022974711
1675452391
1526701987
683296141
-1831929645
-1658492424
1776584850
1973868912
158332470
2045766256
-385157534
-1413686776
588984298
-1640647238
536217252
1861032266
1181152877
2118250773
321201647
803980775
-1955317787
1337468275
-1160580365
-1444212018
-593990832
-2027021149
-816398643
-1495641355
-924943617
111406257
-1532150117
1419021657
-1920507324
820434316
-907918765
-2104111805
956985962
932304105
-765557552
1803465420
1570796261
-416738200
-1548097235
471992226
1113854154
217814516
1004779862
55598091
1137004928
390644334
1450686939
-430837719
1974795448
1742585485
-298834169
239037824
650654106
-969364993
-305008847
1986933941
-1696359616
-1635898156
-1410220463
-1943190632
-385812377
409990940
197504726
1750857572
26798691
1129912014
1814082485
-1808519356
1566981971
1942964203
1509035973
1748341529
-36230250
-1133075742
1182035529
-289930630
1154754173
99044662
534606030
931622908
-1345626559
2041253981
-2028485065
122399922
-580192457
-1555891477
-1289806058
1487071223
358844993
646148079
-1271491780
-704780438
556766856
647448733
1537690770
649673530
-344728985
1256254508
1228835626
-2166109
-1940404310
-1325759999
-1818274160
-2052025161
326403831
1803854349
-856854426
-690921119
653016716
1854220146
1067211823
15015590
170037290
-502396564
-1333358486
284685870
-1733655984
-855744914
-1726077725
608708355
2056079532
1378741643
399086148
139628439
1095802830
1685451287
177493746
395269131
542814238
-670042738
1115985174
324805806
-1430475760
737010611
694418937
124119235
-78865003
-901989124
-774136172
263967110
764024532
-160068819
1336369511
-1261299343
1297136153
796294210
-1935713911
-2007305285
1276562701
-1621604463
346172160
-1757384672
-73053401
-682475216
-1756552110
-126724377
454699874
-1102987373
136568155
1508327713
-1294152400
1519368058
1301442401
-1923059410
171425966
913945097
-1571644827
561262469
-1664459240
644972856
208497595
1901768627
-2110267266
1989760621
1318599132
-214580829
-1902053449
479731558
1162152315
424399648
433063318
-933474980
-710168619
-885848680
1422883420
1059154533
596788813
1215388707
-1792736148
-1569775335
804307767
1793279426
694388549
1460574840
-403387405
2089420779
2138115499
-2007149045
-156756930
-1367880379
1895639847
-2127372216
-590553404
1034378415
-243826510
-1493103814
1068069624
1122614406
-1851959124
338464097
1907661864
1559512615
45125139
102116054
-1398635061
-348262990
366555888
1613417650
-1670215395
-2046639599
1985391124
-640472400
-602685459
531687736
1446782980
1602349841
390033589
-1502438227
1891618609
967400639
931506155
-1245910453
-1847403668
-1924124747
1970901654
-1744618174
1689030808
1133432733
1336962595
1814819681
-1231495008
-1112193862
1360994680
694321815
-210305877
2104737544
-1802513591
-1431833930
402867598
22949793
78254507
441102202
776687490
415601761
1016946406
-2139425078
-56496874
1416092109
2116499342
-540973251
-2116782746
-1776191696
-1683298860
-227446049
917617037
383396102
-1180518887
227129908
-1727636137
697855390
-15245116
-200240260
-164001989
322807802
1514388820
303776312
-1359996024
707202297
1649939128
-57498900
-1597245731
638434999
-1431201571
-1968156889
448781277
-918373836
-200278135
73104832
-1027078109
1862892339
110890599
-717413535
1549968500
1235122788
1898951266
-606660791
488801331
1403316676
1350634549
-1369292723
-1821775847
-292990140
-791194557
955518495
1778530340
-2145583704
-1609979997
-1716796718
354478288
-410502222
-1728769409
-1934864227
-1313276028
-2098198145
-963089506
-1968189474
-906237361
-1911710672
2027541822
-1370631838
-253518125
-1799567413
-1595738330
-975302429
365638785
1701863267
1950238204
-1368044591
1606053382
-1664486537
1840311251
940720213
1364977156
1870959256
-26073592
-1343416174
-505621755
-2001178547
-1961218994
-1808021971
1198560940
-1837656518
-491784954
2028081679
86084653
-1675492482
215902931
1588356201
-1170486786
-19800483
-1144068243
-1960802056
2100677326
1931910175
-1750071370
-1377832055
-1312411210
-1094696137
181218570
-162838337
957685165
287976358
-829669414
-791728364
921354305
-637083231
-1326676101
-1019302883
111422340
2068123249
1752869691
991924753
701664067
-1002468454
-1352978251
-871251573
939015550
204014655
-1236399258
264389518
370834963
491112644
-1818029697
275218378
-451569221
-444811084
-113219076
1658065693
1108139066
636643045
-447133707
436341339
875474386
-1594893350
1820624691
-741309102
-1181182984
-1383556504
1053294085
-775289336
-1985083062
-1450587493
1294374996
1902768198
-1057988417
-1502171431
2005700597
968621401
-1600837601
1945421640
2094421566
-258430953
-302269002
55330669
1835270875
-596781792
1392119108
583516693
-1787536414
548617061
587442231
-150458504
-2069902557
1730040046
1236118811
34648474
1685902533
782352343
-934989231
908049140
-285416690
-813652069
-514512898
-1415480492
-827753599
-1182912876
-313268922
1608627968
618082605
-1699338302
1384109242
-1813943263
224716867
-214708021
1853223950
1243015775
-1041023254
1462234178
-1853613297
891633864
283717455
133151787
-714850861
-2097011211
609763071
523411646
1781341745
231718511
-1826369672
-814456981
1880629363
2221390
-1057725444
114710046
310589258
733797155
280555688
1537351364
59841282
-1705672937
520455877
-1428396276
-818331658
230258260
1858073182
1338441841
-1816379323
-1438128733
-796910318
-1272615816
1267248325
973709653
-1928115669
210200886
-186156745
-767428761
-1964081170
101794325
-175736900
121599968
1716367924
-1536038698
1047172999
-993632386
-1182629319
2066946777
121297620
-1159427951
-1479628877
1032853148
-1049610215
-1583806939
2119391014
-2017221247
-469378438
1337445734
-580896394
-58294829
-636979839
1427378496
503433405
-712818422
421175309
-343788475
1700275806
-703227314
-873502069
1072461012
1044168282
-251772615
-1625578396
1254340470
1666075618
-1408375583
-542014282
1338512267
887100204
1818575637
-232674747
784008741
-792566646
-351735835
538420915
-1689817293
-492323657
1886097767
884443375
680115425
-1672800652
1987679160
1795496683
-2040207041
967917907
-1881302719
-644561263
-227070432
-2128064047
283454267
70342135
1850446660
-1656389974
-689869196
1059128016
-426526023
-497877143
-1772625838
2070382885
-569929859
-1113276354
2064867352
1057632581
138328680
2103705363
1332086888
-2093611782
1471283528
1875846624
1173396744
-210263043
-2075069363
988575294
1531744488
1211591595
-805663321
1183013434
-817764253
-626792969
-2115131539
-1155961236
-1342014523
-195054686
338717632
1592629575
-512205299
283600298
-1673780432
2126300081
2001562611
1291254271
1965884766
-390002987
-298957013
-1870794884
1670115297
-1240112328
-1607777813
-986962668
1002579821
1857377546
1295908523
1167128652
-760903886
-806299202
1411565611
-227977496
-1651654015
-912082212
488695226
1280358377
-1152803659
-587189739
-1605537868
181678006
592788304
-172606825
-7837621
-567929960
-887032221
-1132846173
170663050
-106700693
-1270199501
-1233635236
-1721560681
1246189714
-258026215
-798715680
-124190152
-1607004885
-1009028950
329212060
-1312837480
-717633917
-1785205482
-1457564197
-781676471
236158924
1911680981
1038737056
121670796
-2113279475
1536159359
-1324718410
1821077200
-717641127
-943758597
1484186373
2014357880
-1757100221
-1006658084
1650540070
96701153
594934160
-1652761849
-128288200
-460514141
687592494
1964342424
-89809932
641610517
-191236251
532516870
-379211010
1226076438
274580299
-1716321916
-265055362
396706826
-2067317379
1563894186
-329444113
-408019933
-2136072693
833118548
-1478956490
1383687393
624310196
-1071552566
-1340643594
-25427493
-660230318
91285280
160024098
29840319
-1188907369
-661663008
1010746835
1948780950
1720040953
1458691301
-1668502437
646595148
1808290283
1734761609
1638795929
398443119
-1805117619
1459487746
-994586738
491602487
-1550279900
