-832274313
-1756157654
-1300606351
-1370173269
-1598847044
63758725
1475631576
985602933
458049917
-1429621583
-1744188791
1959902973
-112722973
324492228
-1801583997
1452542775
1175885562
-999516721
1716168509
-770403167
529672817
1319158870
151878414
894756828
-384021603
-463709444
-1087134514
-301702531
1013702595
1299453566
2126466494
-1345370843
1172686486
-1949552926
166640036
-1094430002
2021075198
650115311
-1806025414
77893992
671051803
1306372831
-1383024952
-115998813
1840523400
1347237971
-563057393
-1427418098
264852963
-264996474
1643411561
557848929
290257549
-2485819
1930238509
659143702
684513198
1282132254
1100719704
-1967956675
4827515
-412857001
386982761
459505296
-1351916613
1591184929
28771467
-504898619
-31575418
-710137715
1654563321
682951971
1375224655
1379636671
2008568733
288132952
-1606116827
456790240
-669330949
-1992954743
-913344715
-480090023
1578090828
-295484759
-1772810093
-1821299139
394234606
1901908749
1597744185
717093894
469166330
618841920
-1169283505
-663175805
235341878
1751021331
1379733420
-1250150639
778789934
1006205945
419369116
2013674249
1081000348
-993909359
478391267
-625393032
-1296372976
1875518338
1858469378
-162374379
341119948
1688565902
1655583928
1689889903
2101544176
1333594849
689208011
197320293
1265858774
-1974901334
-182428665
-111781157
424036543
-1191215123
-647240313
-787277654
-1179168594
2126683286
-1476262350
671370712
150547860
-674523184
717484936
2097508105
-1652868692
1038562711
-264661346
-1490931148
-1624741080
1098007947
-695384729
-303593320
-412944115
-137121785
598953012
360039409
-702879142
669106290
-893252739
2020825831
765195120
-1516158764
-209211935
-2013069113
-1718532691
-559793492
-1363756437
1557595252
-58444455
1210544384
919799574
1202137759
335862213
-1652365388
949800850
-772966603
-1258681423
-1461515233
1699738696
1696700953
-1316461074
-2140056869
1374266780
-839781613
785787972
-1638113572
822542193
896819463
-1259586411
1098188227
-585934607
-1825025943
-464359871
-425278092
-2035987315
1539751152
1846019020
252280549
190168131
-1900799351
-2124475714
-1546417607
-598976994
-1053599346
1514931658
777025548
-1787732733
1163426359
1344838962
1735529488
518830505
-1104387248
-1157885591
-841581352
-694773783
-459608020
575683577
-2089327373
-1099033545
-1000379943
1991633575
-1964781251
-1125204625
-1985814636
77119700
136767601
1369829077
188945023
1847937829
-1332500479
-1082833321
2045765776
1091184998
1876333097
161463060
481860301
-972590421
623618369
-1928128479
1468076725
-238176328
2057849938
-1216880759
-1570034943
182470562
1332594924
-181544554
-775501940
-1388012875
630371894
1944835150
2144794766
2097350552
-86086330
-1642244288
1944689936
-1575278929
-111988045
327241600
404895899
1171294144
1731781991
2050553839
-131076045
-799367720
656623289
1889960383
-1708006781
-783481489
1015820218
-1871757003
-141799591
-356808502
172705742
1038967473
1352942164
158303904
314183807
-1717998613
-476138278
-776298752
-1360242035
-2102129282
1050368848
-1160983951
-1739425719
670894250
-122515067
-2009972902
-275005150
483142997
-981394834
-58734172
704985728
-1968327597
1015260952
-142968675
-1800832560
-1577879066
-1422960423
259114783
-651947041
1656806536
-1378635063
-682515983
-1590940309
-1003535385
-1692029328
-882642836
1961820407
-326790096
-2145720384
-1810922655
-1557369378
-329444976
683086917
1516015162
665117867
1395816439
-1646446182
467996255
1837712551
378161950
1801017118
-1252408102
-1651343694
29074123
-1284606232
304784957
460329302
467990355
-1988077065
258729154
2040115737
-943541664
-1288752210
100595892
-1635665902
2119665652
-374396802
513362702
267066302
-707601491
462193636
-273127839
1644109843
2049029706
1286134166
-64105990
-51644202
140185453
1179420152
1726675779
-1097399767
-1711247454
-957660715
676843881
864181607
-1256706401
-1343111861
-1190856897
330237748
1253495245
1792898565
389328737
-1958626609
853626631
1967078575
1187243676
1547843241
-217434208
2019302822
-1884356467
-1406028229
-1610084437
1009230063
1426344583
-22104812
-444377739
294491499
248527034
1932087089
-4260522
1555094343
-877801072
1745670800
428238249
-936910407
1416096602
-1896327673
-1556609256
1704381416
868098092
-1125553839
-107715300
-778931925
942316548
601436777
-143850813
129412214
-1548474063
-1971483622
-1127784524
1401794320
-391504142
-1209730601
1019494768
177031817
803083868
-323124025
-1310995238
105539051
-1077311103
-2004625884
1644377080
726798895
-498351922
249111237
-1705444357
1545269746
-359746892
-1374438408
943791996
-1351030680
879212939
1158109589
-1263890168
2049459089
1014186930
541028687
2043404766
44357033
-2106007046
1068969805
1547505910
-1865109020
-1466476476
-1027611656
-1439644091
-279609254
-141650840
25164566
921665087
-1917412032
91729752
528601111
-1445238371
-522619048
-23503739
1382740911
-1083439776
-1269505622
-234263680
1483323044
-201543915
609176692
1538408420
1685065192
-1673938599
1712265566
-312646796
674243562
-508836705
1304395505
-1361930625
1044392744
-1684447184
1155247946
-198376820
2131772936
-109889677
-1114032630
1199469362
1253480424
1551847278
-406470256
1106426182
1698878323
1186732172
-1038365846
-551314372
478927414
-1522771808
-1957374968
628096454
1384071538
-255250135
-143186510
103748545
254005299
682083799
-2092412229
851631185
385698465
-852211890
1487725302
-837078966
-292479339
47998505
-1236212631
2137855953
-944716433
1981772352
-360950976
-2131212990
975695654
-2032489938
397511940
-17900972
-591803744
-2138276083
149111564
87153531
-432406717
245485699
-437084109
-1999178355
-700240949
-879991550
654153162
-493717080
-1160380835
1603412554
1896907728
-1955941550
1229535708
-2059875790
1078833248
-1144521504
-1901839236
-584433752
1305494122
-263768548
721607572
1856608246
1370993573
1978302754
-1506105161
879852614
656666052
1117677962
-1897466876
475570024
-273053977
902289867
1904353213
1654737873
-775368364
-1192131874
-796387050
1822772710
1990832742
-789210591
-1173943729
-102777221
-511085371
1584075134
1338022404
845836693
1627851223
1324068300
374295491
1327304055
-1026724235
976920436
2062079455
500698588
119744225
-1666612905
529498243
-865716352
1180763640
-40640017
-535698935
1107509221
1790030755
-1549288780
2019134604
-79778477
-1600215405
1932753344
1669234875
836645663
-1207532244
-1961328203
740194800
-86831568
409215425
-1517599778
-2032900224
-1819662914
-703822334
146299028
1352509268
-32050083
92127666
1928870370
-507521608
892697914
-1254133604
1286702188
463160946
505401763
1232153543
295953036
-1979483370
586672844
221403624
1112802749
-797431144
1162795983
550638359
-688696772
774811171
-111239180
-546501690
-1784405780
42264360
941361458
109755118
1889909625
326365881
-1264938251
1705652106
738293440
-1440072170
-929817310
1707231560
-1610313874
-61222776
-2004692137
146819198
-2073514778
1950408301
299615351
38463834
1908878952
994048404
-505614747
-1665171875
-1039030673
-2077068598
826917390
1388428810
-544462759
-655179596
-1919065171
1712207834
-93565875
-1698824225
1391078218
-2100648846
-1039528616
-993599467
655501699
1519289623
-1111628327
880382706
259830926
1997653601
-44446177
2029490102
1512653181
-1458152914
-1209990832
-1133821861
171969988
-134415143
-620974964
1530981354
994401528
-792421972
-1259738031
1616081417
1964789465
456589970
-1753236448
1727048665
-229469806
2029842193
1269939296
1837270526
-1577159618
528381558
1138684547
1525098494
990715310
-904627887
-292952217
1582546127
276228969
828550691
1024051198
-1153257302
-928236301
1039746390
681208880
-374900699
1995255634
-86484884
-1507104769
1940862080
1868762317
-1084319621
1554811628
1995884862
519730422
1926229976
-2070384231
-862701833
308904171
1966607122
1885605295
1390038892
-1933744168
490208546
1451509761
-1298458917
-1182832705
-947031328
1831411953
-518101355
-784796037
-820696649
1071641362
88581325
-585400575
32611740
1178909710
-759257679
403713769
362422843
855936970
-1097004610
-323446740
1998969715
-1578001977
392342864
-114218193
-1838593788
-854896437
1258880376
1324535040
817125767
-1184644928
-617200111
-683602466
-93701987
-134934821
1443843349
-1620655106
76237931
570989568
1664536364
467340940
-404941243
-956077724
-1519406714
-1165687569
1642261161
-1736334477
55573737
1928631889
1536537710
1810200308
1505752589
1003183454
1173894972
-1273260949
-1159600345
1056468043
-1668774594
-1785068098
280260291
1863734553
-1872323562
-1077659109
1032480726
1600844314
538139921
69823512
-225394925
1509733044
1579832475
-742341093
1330366845
204042340
1219233013
-1634146053
-1451560899
1852248069
697673764
-1314473753
1684719029
-141135022
333356332
-491154298
-1632970796
-1412071767
750974078
-765896096
1721619371
574961425
1137037230
414507132
-1632645568
1896168574
-347240344
-1945255351
1516750498
-889838509
728158884
1316530369
860271933
65566759
-681882088
882340043
1622654063
-1376363317
144390894
-1050356768
-1770369446
-501078644
-1119795785
-1434487055
975723515
1463048116
-1049452898
115114888
537387387
1081598551
5033952
-1113051347
41444293
-1566863797
-298449029
-157494006
1933718360
-1142166921
-1166292955
-2038463023
1410762845
-1500956592
1417098623
335229405
-2131964932
594615457
-2144505974
-654192233
1692050154
745281674
1523954009
-177393637
-1513517754
1835732682
-535419128
-1492173798
-163172443
-1948165824
-2006733076
-201587967
-875390613
1617703598
-1224738293
1406515802
619060316
887126208
-707477554
1048935283
2035976562
853805645
371325173
-1336830660
1001383664
1976059355
1910527434
1189910645
646771638
1773104232
-904371303
-1759084024
-1317794857
308210791
-1652419233
1637590963
118047336
-1984112376
-2016959552
-464303383
1606403227
286724540
1879177278
1509553658
-1299064309
-986259976
1672746920
-746453135
-741861800
-1137966792
-1511112753
-1330180164
-1123446794
-1461286074
2140712063
-1510546158
1396191298
879159483
426850221
856527249
1530491094
-222300218
-918140692
-815824986
-805496291
463414571
632080421
-1671460688
-1491544279
650827151
1024853895
-821769753
-1888963901
-850944270
33937596
-36805766
-208547389
735647355
1568162140
1226933751
-1169817950
1402680955
361333414
-1179618832
-453256627
901619883
2020239469
-362852902
1689830971
-935706440
1574310735
-83495368
-1329144895
-2030759167
-488787411
498871288
-570260316
390796191
1211227862
-1286617828
-66025232
535992741
-1990684155
-1554332772
1099343367
745513640
-960896371
1399420554
1310589692
1182978689
341640146
-1526789769
1403524641
1763846993
-19777669
-1505155563
-252456994
-336150075
1717413477
-80114659
-1369825596
-464850534
-1455270694
1858519922
1736843489
1560860259
1749788162
-192721786
578721365
1528892554
531047065
-1412631812
1446734117
1387134612
-251169054
365700751
-60072370
-341294424
505732058
-1332380111
-675593187
1866779729
322854833
-96614025
-1959710275
-1453459838
1937949045
-1865198541
-1119638511
1876208090
1149162512
-1372241822
-478297148
-588831959
890936436
-1158931896
654213277
-582017485
-1618108652
-1615525159
1479749143
1204906163
-1891233643
-56406949
907107632
-704306782
-79307323
-2066627256
-1945194623
364456120
-164380981
-1730613896
1466023822
-1681751501
-1366439520
1725653375
1358477919
1013363414
1313748925
-2025994156
-884507057
-280930252
-1591061738
1464135474
-1026010333
-323714770
-1633763770
1897873346
-1683517603
-437810503
-1199862773
831321209
755220178
1582335204
47569395
-2136166593
657530490
-754949095
-966008233
866670161
1386774919
-1331002718
-572278392
-1571267737
-977865800
300168815
-535025080
615633176
-1547391762
-744390891
-1052088964
1781920381
-824235521
-88076262
1763080478
937427221
-1047822647
1791114095
412336760
1769512168
2040739210
267354173
789696398
-670827794
1984909167
1713947108
1804952539
1651678640
-1604699542
2115660607
-1450142656
236090415
-297086904
-1672019411
-177459655
1941472005
1917301506
1569255245
-807149999
1132035018
-1880909230
143818248
1633274327
88729272
-2132253047
-1084270381
-10645550
-1220230510
1262488735
1905984949
-1175591631
-52314432
1685565323
1974740743
448479302
458388414
-1706394923
617383034
-98220171
-2133836361
1751585384
-1313726370
1662252840
1964678509
-1283740756
570285345
996717317
1526743899
1304568788
121141013
-1982679453
-1949619940
-1559845004
-1934698891
781555705
-536191731
918077269
564854185
579327192
-474323919
390059660
2002196425
1769641627
410474069
1003064776
2045012831
-358930212
-2056120204
-1369870356
635975024
359780841
-862693028
4643805
-1451446083
1411973815
-1797966704
2093954972
-1261122234
-1224535530
-42295440
-651181930
-1948951537
1620309798
186778775
1427868986
-1439780059
431470345
1210888580
-1097362484
966659555
513112537
-1127024005
311413369
1454255473
-427132196
-1444202323
1293268138
264437133
248989686
849348246
-899026532
347357581
245171294
522411686
-1846042576
1593281956
1231004308
-1021149149
1333898239
1671041124
-14857838
-1600602547
976181169
357494915
2103073089
-925000254
-433678193
-1780530463
-2038119890
346874916
20453205
-1349198647
-871848835
-961708552
1594485324
1225361014
1855679005
-454664496
-362062696
72896985
249679932
-891371604
290281166
642193817
300454909
169435038
-461357879
114977883
1345238632
1735436972
1427199165
2066114627
-1636070494
-1949046023
-198243444
1951615673
480905565
608430118
823962200
301250671
1261832337
-1578133259
-399290023
2050949539
-605065620
1714932527
-411612177
1368778401
-2147323770
-513088056
-433712646
-928735093
-1933350824
1685596480
-300774807
350696028
-727717394
535564875
-722836719
797525546
427692507
-344079693
-1445424705
-637592917
-722583954
59741309
-962178416
-620673799
-131946462
1535327050
-205703297
-505656679
-1394373286
-2031872000
159522110
2106677177
-252844723
-2039438679
145365322
-1722444359
966118974
322309786
1940370745
1020388844
-1251661071
-813724457
106957654
744293534
-2147343527
898420918
-734226321
8804441
1764785301
890878657
-2136484116
1961357668
897317917
1559973344
810546979
-660963956
1565084216
-1145810249
191645931
-1894894554
-655489103
-2094641843
-1745409425
-1967653293
88607433
111782125
-812150717
1009934213
-682166417
438451793
-317556036
-60431806
-1646614866
-900491268
1640885371
-414905048
1496060262
487233766
-361482677
451159088
313373246
686319966
459254829
-1938474442
-1584688424
-1426797012
392435631
372594360
1901230151
-103002635
655129476
-18893859
1533600445
639682787
414776401
1091066041
-1645489016
1909024388
1282540228
118461391
-870542273
1804140018
-33363221
-1418454569
229367352
-1625269196
1178588355
-1654534976
-1509803716
1496583396
-1098946034
-1699254537
40657534
-1239185135
411741544
329107177
554566856
-2081820570
382871196
1416558279
569126646
888057995
1842937907
1498745992
310656424
-1355890997
1572596302
1341328947
1249586226
2123188214
2059589301
-1495529890
-130252585
1420098184
-1287003601
-993012495
908019767
-1436463350
1228865299
-1024604113
1327158277
1245278904
590820638
-1182187017
-730058500
-346245021
-1778939257
-951259834
396920851
1622848408
-260380079
706562047
1124589294
550461954
-1690330145
-1057782546
519498648
-1497495796
1161568205
-1711928822
-229249169
-657744438
1048872444
-928772358
2100677983
-705428199
-274296594
1765679066
-696004782
1248020996
374618709
955091006
-1096298777
1397666921
-1453757210
-1849103754
2014295393
-1807779365
-1470953615
1995736851
1457424097
345717450
-1536525002
67172522
1503947992
-631984671
263890800
1536387031
1365799862
-1334764113
-1103651786
-1198621820
1856237543
-1279943543
-163799421
-1432123029
-1369784833
-677834067
-981435501
-1347958056
1299894835
-1211725142
1784801648
780245427
2086718219
2035113983
-1232946485
-2093090371
1611037525
-531418110
-1480459249
-31526375
-1925472420
-571093757
-1391309389
-445154546
-1818742439
-464960591
1454051279
741475339
-1797582550
373367483
-1847053582
1630197227
-245435583
-1525064518
571851314
-1638410887
-1636119842
918436941
899775107
-162829771
390210432
1191228037
-1006763188
322473304
107814296
-94984316
-1591174089
-1199946475
-1065942400
-1833094816
-780446648
1862340641
-1837259861
-1874012852
-528277968
1781335413
1817901340
-848414983
-1590536733
1036233810
-703220965
-1935680967
1916636008
723308677
-1185107162
1235475173
-1611028753
-74328340
-896753626
737591041
-756041176
-1259383240
956172770
-1830893795
1221333714
442562547
1733152696
1584750845
1368613521
1296819652
1496891017
990027900
-1100869628
-301185294
280926709
1461510829
1990657302
-1999728090
2127561928
-8585406
-1240691052
-1627015308
-401736525
-1348883407
-849927936
915105436
-1822892738
841152404
-55896412
76019084
1633164797
-1969161264
-886588695
1343466280
419643393
268907001
1607939816
-816090546
147299985
-2126510475
-405261503
-1775290092
1299060506
-154496034
782189356
-1098874797
178175075
-1849776083
-1266979635
-1766072471
68159748
925464596
-697670965
-1353678791
-447593192
-1191730006
-436321502
879023990
-1476455631
-1714981043
1507847992
988290337
-1474275188
1497921475
-728346322
1831094607
1143010437
-1988378462
-2132008327
988584239
1137507148
343586290
-422377552
146858059
-2012321831
1017119248
-1438902874
-120306
-1100056291
1212742868
-1135930437
213479302
2134060665
623108342
399183727
1013540201
-1905027213
-278826067
-1323297481
1330685533
385149607
1701249688
1767580308
-1511408269
-62023685
1124588513
-2133678752
1202377972
-1612002794
102474911
-1192027030
428805472
761793297
465121660
1679863109
1160757427
762314863
800310679
1992016733
-1659357718
1717072458
-1183654997
48761930
-1935505211
370872783
-1206198928
-1294572184
-246101555
628077292
1316973889
-129528153
1973525144
-555487929
-339859970
-49891682
-1990210998
-233351055
1642788147
1954034662
-2021607841
-1979525285
-1759153287
1665793957
-1564118104
547661576
-520036580
-1122450072
-1062272109
-1714281340
-56713986
1639291958
-354018897
1435205140
-2123013190
-370819871
-1474611858
389858222
-1883409141
-952710753
-1775758293
1176177323
-400782993
1092057816
-2075672722
-1836869446
112349703
-1408383679
231390063
271469080
-498027327
65064232
402725336
1684252413
-1883691336
-1742849263
1634497743
-2055578535
-496318246
1355269506
-1863838157
1827081151
-1088214326
-529595365
2039861028
-228284767
-638724088
-19734551
-398310455
745195710
415044431
343094522
-1596215476
998950359
2118673470
-104564428
-759012311
1520656040
-309077190
217480290
1500155048
-1469689578
-11718766
-1260481137
-2143621209
246036388
-1520821277
-809053801
-1660109411
1421241387
952474813
-1092028678
-663967269
576577994
1894774150
74806003
-1778527213
228141594
1925160862
1601405897
-1771878882
-1163978330
-774928445
667497572
-1759704583
1384038298
-696697417
1787755810
-1609425904
-986405703
1482684959
79437291
-1705984577
1298171284
-670327122
628491650
1008921621
-866124808
2037453954
991844894
-735248678
-656028761
-147346227
736130872
1411953619
-1217608117
1633773496
-986155866
-64017853
375421607
1677084035
-1023735063
-978808139
-289070321
967902704
2131159234
-1054828807
-1463056614
1169029601
-331526646
-525681045
-514538347
1812122432
-1427570749
-2123214214
1697985466
-1640997090
-677910167
-1765439640
407165601
198063646
1356660622
-945558194
742335477
65072916
162871205
-1982567069
-581251861
-1237069848
514042141
990336892
-1415692688
-1196984128
-1471796303
499991510
-142359135
-433707682
543491838
-1384919789
-104571008
-175103803
-476739755
-312121726
676793315
-275165405
1118866386
-1363553629
1495129007
-1657081366
1641767341
-2055668247
-459723194
-1775564225
267550927
-1763032639
-208874947
-377684584
-435487320
392582099
956955986
1972723871
-2068265921
1220699527
168578973
315952221
689238154
-422627382
-335063548
1140711828
660658175
97462033
-408600589
1653988971
30906474
-1821215843
-1278297011
1253272144
-922140671
-1910945279
-501272163
-1696072679
-2059935051
68112353
-932723312
1353481836
1994404042
1835841787
-703141977
570758753
-1122213207
-1551554453
797004584
-1740099483
740920820
-930291158
-681264043
-397478047
-230377509
-710864681
-540304160
-2146199014
-963233619
887628729
1107088285
-1826356518
1245136050
88836356
1083771769
-862591664
-1748586953
630999131
-223142486
278087348
-1480641303
1913143702
-1714429145
-1620777938
-1340934554
1088295876
848111962
1515330424
1370805265
-285609869
-1082737132
-1509672511
-1477320155
-2129273042
-896809279
-661302060
-519425012
433861959
-1553606948
424743545
1050253809
1564689877
-921273948
-2018508261
1549149075
749047296
2129077008
-1132696406
-1649181604
1417273723
-1116554241
-1113997630
878146738
1891851090
-179356237
685109517
1933397132
545855205
-1863249792
784241380
170562375
-2027817677
-405200448
1508465468
1542566073
-2078215589
-1329994487
-1682283585
-987010170
745721696
-1303464799
-1682935239
1238499506
554046508
-295418574
1675752501
-2084724617
-580735529
793256121
-1294233369
-1414831015
52866344
1489001668
314275148
1601507958
-1028527781
839647196
1433583248
464601634
-1784509660
1367329343
-523721041
-765938253
-1721711628
458905042
-799975587
1149697432
-2028456582
1336262997
172263210
-935741264
-547238548
-844342568
71189729
2102592985
-1161225850
300481901
-793340623
207157958
1770280914
-1934420450
-1146960241
1454715925
-999897302
2138145825
-159539366
-791358816
-1417085957
1126090825
-1205745089
-205882862
-1801765557
412891072
-2051791650
-2103892803
1737633276
1090070003
-1114516307
-1826103125
-325171631
-1532085811
-1106229732
-104085006
778232241
-1004772826
1310423546
515298892
-412490581
-1130226307
396444951
1542407654
371015482
-2087647003
-1048680919
-283325064
1734332233
-294065603
1653380595
-1305096811
1366517624
98347428
-541133405
888679236
2138177056
2008608299
774668155
1270783438
-579057516
-1047834165
767450548
-1610840615
-14661974
17064088
-869119074
-2135449163
1352565369
-427960522
-1468046069
-285723915
551356515
1475466380
1991116782
1352493377
-247243947
902230711
-1038504898
210577002
-89462451
-544179390
1511904800
-1559007297
-1622948836
2099325587
295536196
1035411614
-1190813075
1396848295
-2031694706
-1475431859
-952013563
575114497
1298817273
-1334235894
-597173173
-2099938337
400123576
-246639008
-1956779509
-1447347537
-709247587
1783394491
-1442833546
-502725183
765691326
1682972735
-1996363923
1270858044
1264630101
791300308
-1067008770
551769942
-1185808152
291469701
665218606
2040022463
1829381545
2068560138
1231487736
-2054680995
1917044255
1362872227
684865686
-1404076225
-1150603004
318253606
-1842532098
1802831306
-1104115087
1217221211
1170020015
-174816968
859086648
-50497401
-345261908
525420611
-1004205424
356383302
55272136
-1837738468
-1044213257
-173321571
-1823902172
1236783778
1570167636
2000420687
-1991014922
789080528
-137567909
-1989417105
321584267
1051207286
452053556
-1151396042
912231566
-1590049749
-476445601
257156374
-341249398
-762925951
457231825
208262159
-581121363
-1603726470
-361330333
-1388067008
-1589281074
-925440197
148145772
325147328
384536752
1719633663
-277668180
1752462766
1018348679
-1944488627
654921323
-38442618
-733941828
916224365
329984737
109654710
431779821
-1585978344
-7415080
-1796034960
1842122295
2090593134
-493488753
746641857
1881559735
908612140
-405574687
284782051
-1139504052
-1744712163
-886808666
-1172279858
1511133346
934470097
1232375129
-1292732140
1702459500
1813257612
1554852859
-642713618
1002298352
-1551697023
1389848374
75265169
1876186056
2116930368
-588654652
-1658145338
1487815142
493772907
2001378833
-875860295
1361094360
-1030457168
1921385247
1260886032
311756620
1746668786
-262945879
1656014399
782542295
928711113
1308846475
-1355345638
-964225807
225766188
1141528416
601972907
-1236703932
337303405
-252417428
-630377659
2102621221
1619547492
-1365092676
245379288
34938466
-1534187025
-238083701
-1035526265
-1408410819
93218969
797466088
-1760359049
1106871224
-615193704
1624969108
356434922
303778323
1475487485
-458139600
-709896309
2087200147
1231975206
1090212503
1839720971
1516058244
1502440054
1358938248
-296750868
-1839274369
1848796744
1566011016
-995060325
-2059679504
1367385888
618689030
-1807220028
-673284142
1121047587
589604287
-1465994526
1236445372
-464486968
578881636
104993812
-33745375
2074843088
219275641
1118115127
-1951934253
976428659
-1052651393
-1177292752
-1073291831
956127963
-1676137899
-1444297335
-1105058783
-1145603371
1178945754
873192767
-1050751129
-944017467
-810438441
1519886553
-2010080745
137382107
574566940
963486396
1309764704
-1566999420
-1917229592
-384481603
1268063018
210556194
-2031800435
-1793466376
1011585882
445510910
1886724948
851138527
1015280980
-1937136259
1352857501
874099349
19358913
-312842863
-7576502
1587807356
-1844801390
56814450
-1821109154
923315468
662779715
-1746760306
1861062112
-93459738
-152097948
2087896766
1409627141
-375972568
-1144611756
1633438137
-1662793843
1611417090
-887380145
-412788787
947849581
1151246985
-336497493
-207466805
786391981
1526623179
-169515682
1995219522
1184677011
-1128065757
253826243
-734809104
1521670145
-1266115635
29635229
-870432907
384822043
-1529234500
-2071758501
950685002
541476396
-406315606
-95796067
199549168
1064581322
1485886065
1568705527
-2135828884
1979946039
-1078153319
225396212
2133828338
433352713
-1190043343
-1822853284
382332127
813503757
178341090
1098937017
164179692
1946366569
1117086272
-1666315240
-1738745184
1007730944
-550628253
-1454914292
-1761563130
738801945
657209526
-1818610441
-319475552
361365058
698218254
1614557580
-1769043045
841688434
1747416830
-1050838129
1671180611
1292106093
1469126249
1087173599
-950073416
-288824980
-588647081
1354669238
78318306
1150193148
52882188
-1223038162
-651388511
-1818718170
1930639446
480062726
93905481
1247264463
1860799271
1252722342
-518774195
1914637922
-1186912414
207834464
-1282429639
-1537491285
2103724281
2046345720
948760293
193463046
-220064969
877227877
953277671
568166584
-1870683814
1255649753
560892745
809467804
-1999565724
-73520641
1480251515
1294600449
1711045170
-2095505277
1961780362
804204754
-1481209395
-544989738
-1721481326
1718080760
-1750552321
-722290126
-1228981391
-859758853
1114070825
81258972
1731865789
-428510225
-551093933
1795115432
549218039
1594490509
2075919237
-1339019326
1376243712
1729640351
-1637610668
669680810
-1630869813
1488785569
-1332074561
-416700288
-45647533
1946002597
1997742651
-1642469247
1037714895
575378295
-131425013
-227456815
1086257957
-162436352
-322188587
1004840570
1143950491
483508975
-176845966
876508596
-1414329132
-1561727339
648217093
1764532326
73565177
1874028816
1121908814
-886093587
-398756555
290283435
-430333120
1533703451
2143061863
705298052
-1791124272
-977738367
1946289427
-401513617
-1267063025
897490161
400172952
713448218
-242873222
1050532926
-1024040536
-648590223
301969809
-1596352955
-490578701
849868356
-180081755
-1759731664
666935077
6742822
962621686
1842160121
-1344796141
-2073315434
1063056893
667421485
-855856336
-1884701084
-1709880315
-250048526
1867615813
1809078093
2077398271
758903371
-1584887967
-1534514200
-1023876969
-989717607
2032150541
535711430
1921304194
1780468324
1500468164
-2064602925
-518532583
1284462683
594618273
2033277186
-1104702677
-198615911
-1942279846
-2139690455
1372350478
-676418007
875753836
358712105
2112509175
-435057972
-2001222505
762279249
138378379
-1889278471
-62402419
-1554920189
1770589621
1017979940
-1385168923
-1067005800
-1347896646
1632224835
1448122709
992631168
750914953
-107230835
-193978848
-892660818
-2065158825
-101007484
1446583245
-636211406
-731256469
-1036066251
-401152743
-1010597850
-615310026
2117249214
837838381
1382844622
1687667110
-1779785711
1711245331
1551370747
567164859
448498678
-822683802
1138865583
1688459353
-494726058
1817076297
-951326714
110048608
-1284013387
1806434714
-115635629
1257404409
855069696
-1393917594
-942898039
153049139
-233201016
243686558
1523671260
935668173
-280187826
-915537909
-1755904601
1668930133
-1252001408
-1063335809
-2106611313
1535917169
707520323
-371773364
1756784105
-1268829060
1776327347
473554938
-659616936
-1166894508
1143119911
-683370957
-1690559302
1043850353
633060025
1664686850
381621317
-1138888646
1091217413
-481971652
2081773292
-551519341
2026167343
614318397
-219776505
467477434
139033131
-1416979496
-891371726
536411475
-1024127944
1938271368
-1145378188
1522473408
1826209964
956066794
347657891
-644772426
-1959252233
-715531409
-1487770617
-901001971
-967776031
277378892
1600052542
-129077290
-1058579434
1475269558
638602846
-1546013518
408078307
-1960289973
-1946006944
-673360799
176311106
-1274620717
451914427
1706654361
1109741331
837864999
1340921167
-1982466024
1148833964
-77997456
1970107524
-592313860
1951813779
-365863531
-1624568397
459280978
454912393
351760110
1265899972
-712589844
916804555
1961809213
-339639273
-1757899914
989714579
903761373
1005237159
1870813131
-1667008028
608342843
-1439792531
313537412
-346631545
-1762273659
-1798715646
1849664978
-474254768
-1335320414
574248071
-1921167219
106019493
-455913887
1909953736
-1238699636
-1718386880
-981033996
-1319624545
-847569610
724791091
1224012703
-881984874
1416990297
-1778677204
980775851
1243172816
-1464852678
-1228462598
2002575265
921428776
276152300
-2015803313
-535301964
712345242
1630928357
-2036836153
-558515842
-323729695
-1985154867
-1866174679
-2146955025
2028547426
-807624551
-875707925
-194299775
-2116240312
1391343832
1866791163
-257609296
-1230206737
463641933
985098428
-1721731415
-1511155579
1348416445
65370446
466422337
-1148886290
-1520634103
-1268662766
-1087499480
525705192
-615700610
-1853128339
1959360094
1039483504
-1607979925
532662475
-921557787
863192675
-737117453
-171436826
-1589833545
-1060752281
-2005101019
-2009177529
-1627652870
-1588232181
-679969719
974269964
135830897
490218540
1291851132
-1076722964
207468854
1486234011
1115256703
1260212856
-1864153947
-951008260
-2056318261
-1294688605
-810703205
535810288
-1944642328
1472083844
484416736
1477444982
-2060006402
1413157209
-1295944735
1903265166
-1027262549
1427076815
718767522
-544529890
1889202967
-1996121217
527250418
-328099559
-1481067450
1774736060
-1516711457
-13618210
-1132421971
-1041502581
-418369428
-543004707
-136120569
-1896379662
342672001
-759931520
-1439138200
44124533
1593412642
-1746239161
-275676526
-2003549987
1142182115
1013875509
1642233222
-297851589
-2033273445
1390569578
-85201314
1956047915
101927255
1075876625
1195674969
279507293
-1453479535
-300292996
-758502089
-1819517103
-749455966
-1250861684
103734727
83550305
-880474764
-1366892202
-90364995
-1714103292
-160491653
-1046938110
-1664656951
1230357584
1209788901
-977281034
-1318875420
-855558208
1629287183
906089268
1532392940
-2003174601
721661243
-1931217152
-320521613
1828720709
2007116160
668993478
1785679571
-488412248
952983041
-950901959
-475101307
1829572628
-331766943
-754865473
-376629326
1171820854
329061750
-1584158709
-7978230
1284784886
1003146044
542726155
562026709
907974908
-1724573173
-1961476091
-816329657
-193234314
2087999500
-150638340
-1757250025
-2088464873
1767035369
2074139992
-1261728942
-645676446
-172628029
-724179771
85210476
1102550567
2127005033
-1348715942
-1761101929
1219814733
1765960133
160598270
1626283351
127024594
