326407353
-1191625477
58495915
-938152668
942728780
-1141349278
1012497637
21868544
-223895749
-373596374
1653470092
-2058377399
2109534598
2034867747
614989565
1664334445
1922633777
-1124871571
-507757610
-1906751013
-809249974
-1440457942
-106673771
1789670871
-1064822743
-1109632395
1610870398
-767295859
-487169543
-1715952239
1864504770
1363956073
-632127881
-1151794075
-657388579
-1017604187
640692985
-826837976
-1317823169
357128739
-1472252494
-1432067752
-1847395538
-100430212
-1408829644
-1871180560
2060684010
2074550616
416743477
-866610983
-1382743279
-1343008257
792258453
91699104
-454263995
2052895536
-1937955681
345971560
-208842229
1245832497
1758216591
-291880926
-1499460362
-1796645593
582627923
1720818940
538220292
1791217063
921818005
1172293911
-1871740601
-887880564
124442105
1779777404
278407623
701911562
603756963
1919446607
1143467174
919522563
-1304117765
-1564801723
-1306999931
726075545
-1258264140
1459697491
1454634790
1534660355
660836105
-177282137
-1400387758
976139684
-2014728119
999938523
1161112829
1979293273
-1412437866
-100684440
1683298983
-119965166
-1323287320
1968229464
-389619964
-764714845
221411672
1288293695
296717790
-82423332
-116973925
-1140905877
1586271034
1230386134
-1876614197
-1810968486
1530516666
1384637071
-1846833043
1332632940
-1410464447
-1951521607
-724290897
331595993
406195932
768645582
-1623919119
1772204772
-1054689569
-770509464
-2048811642
2044743760
-1670782898
-1397482546
1860691899
-19031277
-563146625
-653659183
1908170007
75027017
909974013
1955070425
-1764864028
2002179435
-894103122
-785637318
-1025650706
1110247104
1440018999
-510793524
1054250634
-508337902
-1137012322
260219833
1738485465
1958065317
707644721
-351219816
-1032069555
415711076
1321668518
-678717765
1587089772
211489885
1601541507
-245381692
2068402388
2050426479
1685787583
-1918822530
-2000747906
-866252222
271099049
-1241519639
-154502330
384451446
1493376777
-37965674
-693558102
-526503650
-390907004
-1347438539
310033106
-1183339153
-2130170812
668012396
582870735
-1576618828
-208041257
-988436247
2022029607
-1175115899
-1979727784
808716986
-835860335
-989070281
-2107094068
976494299
-1066731268
1507169174
-256013619
-1479345904
1123233493
1925457105
770697324
1174185461
114717321
1304327349
1869125203
1563121490
-783792055
627330078
-158583766
1453097396
675299340
780100009
-172619460
1279377208
-79363622
707570350
595244121
-2074309719
-366650810
-980072595
2022405629
286338509
630655803
1506639494
-1635682127
338584060
1189831931
-1931248722
-1469400143
1965857265
-796529819
-275855969
795378638
876668388
-1061057674
1150066512
1749644949
1317853911
-256563951
1724172390
688374705
1312164400
403729666
890589418
-1330249587
-356196729
-1151964352
-312773573
-806643139
1674834369
38476146
-1891979451
1701577118
-1357500323
1035855284
1233290738
13759931
-330605043
-2043470438
1579592672
-2051370894
1797246856
1686799732
130319445
1669462359
-1855099490
1927389139
-1410585233
173925079
421614988
-1428919988
1712491167
-994036320
-43341167
-14185349
-881524136
-1246851520
1812753601
-2045554102
-1215372542
140603660
-1560975080
-15281549
910926644
357062722
-1730242863
-944822206
-333418205
-2101477263
182547960
1170648991
267044180
-158689512
1040007998
-1720938933
2115562649
1862774669
-1147464436
-1180365462
729595194
-1718345184
680408537
1848084288
1199041393
-1505478272
1074745280
1508306239
1681174811
10277468
-49922740
1015949889
-1483424595
-1326558899
752849814
-202775279
866884452
-741436686
1969764754
-1647483089
-247917888
-880854436
1140498597
-1885819948
-1259659982
1946157485
-51481991
-161359053
1349942803
2086859003
-735211
-1440434687
-1374674728
15900537
-300401113
-1551977161
918599556
-401022248
-507938140
782688790
-844149667
1240895722
-1655310446
1136437867
-485049630
646133641
-730847452
-1132907244
73745403
-636096842
-1479719673
-1778189630
-884690574
2057742596
-592549638
861644543
-969098078
-1825987018
-1292915036
366773618
-2104972179
1952246823
290555553
-1380581534
181689970
-1787172374
-421690147
1890250104
958672767
-1313101519
-1919336411
159957448
376338244
-2083769870
-221309190
728354322
396659530
741475399
-1520570967
-522245564
1901362466
-1912550251
1476278680
1425276739
-2014574623
-1147226640
628878817
1523857898
-164077365
245497534
214572324
-318969262
-179970227
-1075792998
-741448552
-1904422061
-1954697168
-234441606
1192195171
-1137709493
-1408301044
-1348179949
-1286387412
1229514525
-292255494
-1880440453
1643047661
-1238903684
1220398989
-1586529264
-900545267
-357715863
-204449023
446607768
1618733997
-1573890823
-1789770571
-1037226327
1235477057
-1356136100
-1067156778
1227958603
-2079475869
-1274828006
-881233315
314392027
-43480605
889036702
-814709702
1815336497
-903034078
-235521544
-252876335
-1270391035
-522530145
1024504030
105286821
-1359089778
-346646830
-1035845389
1792810322
-2125117589
-2012897480
-1426049205
-1219156544
-510769466
-1592687697
-1117413330
-195097963
-1342880586
-746418941
-1891721700
912207851
-915478555
-1895085368
-272388847
-615664317
-1083742862
194458217
-1766894070
-1947501384
-1573107176
674995073
150804167
-973803145
35074447
290172265
-1823964719
-384417426
682758194
1313149457
-1817191746
1266482755
-1427901727
-850099693
-242371917
-1204921977
1163876648
915308037
881936681
1476948011
1660521888
1709820174
-688540428
-1983358670
778346645
1439594683
471079297
-1395266649
331081961
233156115
1435331679
-1456377903
-1579339977
-1341961240
1242337024
-873549914
-1098455238
1891909231
-1721122625
-697558404
-1395254416
-267311085
-16470748
1177284614
-230363398
-664893563
884644455
2132846205
1291114950
394308375
-1154319310
-1315110883
-1390542097
712705354
-1215238485
-752122926
489643363
1813493413
2000838065
-2053616333
1052863174
-980590393
-1867916187
1018390447
674744469
-2042194241
1466396907
-1191106299
235662222
356482715
-858728335
384909049
-310530737
144930878
-177993873
1183605828
-83062723
1889394039
-1431639504
-99356469
-1612259929
-1779552434
-2105792110
-1441941228
1957298730
1963017376
553449481
-1779830539
-1482568618
274091501
1854155497
18351501
1063940497
-1710243216
1707025380
-533028232
2058583355
167610991
-176337200
-1199942082
1495272978
745470676
1016018861
1324976651
-232585768
-1812957699
-244155162
-1755070299
1534857011
906085839
1398022615
-239251303
1541709267
1175421713
-1836644977
-2009592392
1036668121
466296310
1009025494
-2128308799
-1410973833
1872911355
728331889
-1235274657
1549232083
-489660685
-1547549532
-434990507
1491064880
-577795745
345800439
2006557687
977502799
513070083
1010651453
1307413211
-1547106029
-2005768011
-985144111
-22847792
-2000451485
-2063034761
1938769186
-1672932849
1125545811
-905350456
-1534883726
70247600
-1659697019
84196406
1984053466
-307881121
-1390367539
1857475128
-1035044463
1787358543
-1533502445
95344186
779404397
-365765266
-2024372099
353192440
-1683743832
1599730393
-1795235891
643677967
-406021145
-625703791
303906567
-761041968
1231116920
-1502442385
205782102
1876539735
19586011
-855329451
-1015026897
44506844
-34869629
-2021025626
318881462
1762778696
-1657606691
-1731404041
-1525633439
2011919883
-2117226095
1347106822
-110083877
-358556628
-1829327609
1080647146
1939693866
157996704
1941308204
2067502988
1441079827
-574946080
-128347531
-48337323
-241577028
-1787334987
1821588771
1396214568
-2116989037
1281338453
2147283401
1091104402
1466015342
622066611
-860473333
1520695360
-796959501
1239930643
-1933097561
477426097
1320387130
-835788580
-483270727
-729739221
554986672
1145845937
1297648698
-1081859597
1896372542
1354337730
1424545737
-1928439113
1536534697
1069318750
1778234286
1145959247
-760768709
802567372
620441627
1722192036
-554415453
1466040667
-806021453
-1998346768
-1097115111
899011000
-2071582384
1056065063
-463326011
-1620603521
-317323007
-1545463628
1776683617
-452952045
-1679292079
2008311144
1651579420
765511602
1059943374
1769696175
245074881
1533157827
-738590775
-843351804
146683672
-1620400014
1923187289
-1977453914
-1849688692
-2028644994
-1041098074
801228427
-2094228979
-325099951
1814978147
255981461
-1861350600
1732689232
-1126217060
-163170045
1374682036
-1195934604
-2117206863
1571409193
2013711582
1030395161
1341224865
883432291
703211431
-1670219498
-685966964
1889251655
99432381
912169229
822060402
-619732199
-14879512
329284611
1238271296
-1281228925
-2138104138
376585266
519972877
132991621
-1858941349
-739803875
-1694408544
-1130744918
-1442987311
-523292955
274130997
924449660
-1872770233
1386066651
-1970804352
714947641
1905783736
1207711061
1700116466
-203290171
924669913
689131717
1769289530
430939363
1124581431
-227258873
1729804046
1384447391
-2088604256
-672819719
1098991402
-295476978
-938101054
1133258832
935643032
-1124848070
289037330
590687145
253114674
-1210720682
-327961105
1713367774
2093355621
-1915081671
-212066042
-489040997
-1273455561
162744073
-186561289
-876393936
2023005066
-1942684618
-744206024
-1427282265
968673953
-81130326
-2058638278
812511001
-47651101
-1727192770
181637321
575152957
-1342482721
-352841105
-2083838536
2011049281
-1661162352
-938248367
1546886076
902319069
2037811169
-1006915645
-526369384
1730939300
-998531725
-1422926365
2089082490
-1736501860
451077532
-1057848636
1838303909
1380356369
-233293901
-800411042
-1831428529
706537125
-1253780086
424678086
424781515
1381334700
393653051
1339759262
1879814634
-298392394
714426151
-1806286130
364867487
2134454892
1247792699
-771481741
1343080929
943707039
-1935708043
-1160145897
-1438853419
-207423587
1349394854
-1622501597
-1779349205
-1857141817
-567698823
1130051729
-1251736889
411016032
1017570739
690872293
445361572
-1509289817
1589312956
1600320861
734822133
-777104602
1248935517
-164795802
1396607116
1012608844
-1852789046
-1002252974
868039807
-1422003399
1570596835
67441736
-856094968
-910963495
-258762058
-1532056709
-672259411
329938228
325974856
-2111155554
900860576
-1005601533
-1000238188
1406231959
-1380241560
81055365
483738324
1037315186
1960628672
822294675
-356815618
-171299176
896214974
984553202
-1369923951
941098304
563753015
1198713832
1827285136
1958437156
762042465
1003945745
776730830
-1511704712
-72853574
835671410
-1477627284
-321566185
-1952061911
93886158
-296269152
149520127
-363646878
535655480
1887677879
-452543745
1380593294
571696105
-1451741092
665334702
1793540394
-522795437
224579866
-180523873
-4540370
1283180661
-1276015073
1783518162
1181296754
774543217
439046978
-295685780
-344902835
-1934444197
1188774982
-1995612502
-594303873
-1410687149
1710221152
862779411
2080705104
-525482795
356774902
-2012807443
1348348920
1624043599
-1470182999
-1234919951
-994901439
527001843
1695994773
-1273789119
1754142314
342701518
2027969495
-152137319
-1022858418
-1101022695
976720719
-1293077819
85218502
-1846066481
1262277030
1943946578
664002890
-2017633921
-1098493550
-1064676472
-1606829602
1193603170
1436216664
1006924183
1321049131
483310512
-172122222
-491771633
1893454571
413748270
736742450
-1376376939
-785821558
1432338187
-128150074
856204499
1765560330
-1906108691
-1928871172
28554160
-582770650
705139269
1695479913
1598354113
2082798778
-1427074326
1446529669
-363245570
1574771297
-593827099
1950706682
639030200
1214400607
-612457846
-776274915
2034476746
-873149247
2134805447
502249916
-418723826
-1999216957
1844262592
-1651139046
1867654419
1813275505
-808182886
227222583
1384974860
1839648912
-459076202
937640019
1412504842
-1579165251
-1699001502
-1258894411
-425502611
1363594198
1353367723
-700815192
-19548008
-155534694
2099334390
-1430248762
740659427
308274315
-1812782160
-1912844424
-1248478251
1789194523
-329737853
-1529253188
-1753277806
-1176802041
248312554
-73454551
-1350232174
-1464784643
-588052473
-856920017
-2025643885
-91332988
-989867597
-2025483869
-1945941040
-1028210916
1100493783
-541401221
438148211
-2041982556
2014353657
490003157
1218615879
706822651
-556649703
-2059450051
2095788209
710018794
-1919748674
-1325619409
1490225376
-1241546175
-1639277237
-1820344614
-519974077
595459903
-643803242
711026471
-973392837
-1464585418
-1590566470
2051321592
-2114697198
545367151
-1899090132
1801189556
-1444351446
-773186742
-825561588
-366622205
22702969
-148602454
-1505919811
-155167786
-389823436
464376975
-2125126473
-442566999
-429372214
661064707
194883227
1599948556
-890562029
198122810
1087284103
-820029858
1046354121
-438797580
-1170419797
262620124
-93690826
82556966
810080796
-1287366183
840619055
-1935724328
-1048640024
708852558
1928132160
1556471120
-272011159
45278613
-463739352
16102256
-665362210
1005488753
643545479
-1345832356
972127543
725648977
326333141
-786549665
-1063520209
936703701
1938730902
869892879
1910836384
73315729
-931166773
-1928418898
1011833362
-1090667760
263996587
786534867
-1423116652
-822464997
-714339181
576157257
-1069987377
76194618
-1366265286
530716726
1921844567
-1656729478
38379816
-771317121
1617481284
-1206109840
-2011844248
-1715150997
-1006081023
1392285566
-1849482116
-1383488378
-1401319325
1078067796
-690373232
1346476231
663653628
327163065
867969266
1708112116
1387694513
923126155
-1946671422
1266499141
-485879670
-565891836
-1805505307
-1641100473
1785987785
-1964769730
-1040927681
-758840573
-1915991235
1338043640
1966777632
-489886113
926605783
-557637734
-359688450
587649987
378467453
-132838026
-1527261339
-661625602
262097182
-1011074736
1325231147
-1494653077
2055613702
2106822688
975078631
987249231
-740522638
801533973
1026363298
111533957
20764007
-851010595
734422223
-1048614308
160451775
613916195
671432312
272955584
-835373949
-269590183
-1023447366
401382039
1127173248
-766771274
331614579
723635053
-24646124
-1238954110
1722152249
-1540332974
-217249720
-1582895215
-487975027
-1009509374
1442531619
1386797068
-223375281
-76274874
722536509
2046735223
2069608565
-538690662
-1270036847
634651630
591058935
-2026147312
326326167
1193629873
1185007373
-756385676
682035090
1912281059
-1695813988
221908655
337269542
1004576910
1131699181
-520348048
2122187821
1813842154
-1285563489
-2118095608
-982267958
-1916601122
-1174843425
1955071893
-1941204547
553746631
-1782532651
-889139870
-1092394760
1870109815
-1486844319
1879358606
1642477939
-219598209
281320966
-508631829
1109419836
-556562511
549992486
236070183
-1318297903
138690272
1084328303
163321393
-1810051407
1950207209
1083348373
-1259288363
1929229872
-534730505
1690295361
-1271776855
-1924164213
-1052721919
-1399334584
477142828
-792917189
1698880151
775279648
-110168533
-1938001267
-195676194
1725805199
666464358
-573286542
1159346393
1767228068
-2126403213
-2142055533
1749092585
1706995691
-561068573
2020944040
67356822
601429979
481157282
763243530
2105889679
1672180115
66153123
-66103418
1150083823
1483881669
1263820988
805409651
-1663955007
1911532530
-499090482
372772358
-72877626
-1211154985
1690615592
2012787684
-1989306763
488962598
121375020
637214200
-670733246
1582777721
607750707
722995334
989281827
1564311683
-729070162
177252224
-150836401
623699592
-478084723
-444175336
1309673288
508583694
-72857629
733024150
501214748
-1002490156
-401318198
1307178858
-1145284378
-359533565
911432323
-754891132
305378971
712227235
-1012945438
-775802909
-275723006
555871824
-823141144
-1554948500
1489331716
1211308589
-277072463
678004220
-2063856347
815345687
-697519216
396849600
-1773559470
132298269
2027909240
-329767997
-331366692
2139193648
932858013
2035341768
162350532
1460992022
-910125990
864160601
-135626695
136384932
839916629
-1452034784
467840350
-226852308
1488366560
-1863678604
-605752241
809749555
688121250
1876606518
-849149083
501098599
1347501686
1388765150
2003034041
283932879
481575570
-1107988016
-573200153
-1867138236
212699371
566918132
-615426797
890744607
-1756825384
2051442053
-426792655
-1492016589
-1538636299
1601580327
-553717376
-772105987
1347077705
-172315073
1155350102
1442137626
-1889794389
-1031477377
1026763043
-1637382920
1276428640
564246207
-1656265297
2036485072
-417064183
-1177567725
602121126
-1170061101
-958314053
-96213479
-179862442
-778002781
-1525937553
256061842
1496230070
-1976667132
-850098020
1598928435
-585426007
1821199059
-1081631710
499109565
409312388
115429942
-22642326
-1064576437
-408318515
1190799380
16740298
-1375724310
-1841656763
-1027490361
-1764838867
-1699637906
-1163005399
-1452780528
-79288846
937286787
-1956459853
-742407605
-1991031787
-1121754878
1435957735
581401827
-2007361396
-695167611
-314532725
-494006521
664652787
-1224744131
-909187978
170130333
-545938582
-1212189182
1013314829
-609797769
-2013816131
-1763625557
-2091023350
586006212
1672477894
780173471
-788381057
566808520
-1534091761
1578138540
1830179354
1338115279
-139420229
-593556714
1569540778
-1395770530
-198455131
623233267
-1346071582
1201792684
-801686839
-1782346571
-935258277
857043792
275266275
-179415032
-2012770593
-507530694
1970949205
-1185497890
-1674251548
1456963303
-677018803
-961343289
-1294938795
-556985136
-509728986
-1053163131
1596683416
-736180189
1527320335
-373727521
1018589900
217322933
1892066538
-1397805643
-379216558
-683327946
-751783307
1578653780
344694927
1124393125
-1517986641
-1073115125
1963787247
-148617210
-931401356
1073492990
-1645155796
-157130670
-1700369558
-889040583
2064060879
-916420945
-1777545184
-2135814136
-1529947658
544712929
1503513715
-926276987
-1690087592
-1434753025
1893872436
-1785329551
2129429894
-1195363735
857162247
909261895
-1093222285
513050873
648925325
-1522688626
-585878986
1437393784
-1519727163
-343495570
1517703437
587524179
-632836177
1600134
-914880091
1550838669
1391966514
-1594624772
941773208
-465704713
501299774
1593912277
-1790386634
-990286433
145239605
-2054030714
1997865863
-1902762875
-312877946
2004424138
61931408
-1481704812
-618700901
2054046389
-2126105131
1542327760
894907893
-226002168
-727376097
-1415062581
-279690860
-1808825657
-1911164545
-1823055011
-972891749
-1200110839
-297974638
-214422125
-1717906892
2133622286
-370133499
-350064153
-896557391
-789598058
-947400101
1406454193
475918835
1125135472
-1560558099
-1592776995
552108303
-870844336
1678285362
2107245022
1980484653
-1402642203
1797653312
-1485835550
925569460
-959371477
592839058
905914951
1542901667
1403209725
2015222795
2037808205
1724872513
-1590765331
-460966341
-259984372
-1238550791
-761932201
-368064800
-2078137945
530579070
-340574540
-2124516690
-548628543
-1366744778
976949035
-902508718
-1805759441
-1763558700
1694823789
1903579828
221630447
-1417987513
1148177089
42381948
1716425305
424916690
-1625740195
2042705880
830579604
1565651835
235259128
-936703109
1156295242
-1864616791
-2012472420
-1456488984
-1253048161
1526680584
1595734976
-764964881
-1537463202
1226276528
539085461
-2024063112
-777116043
-1449186939
-1462084192
1613847679
-994892381
-2145859616
-1683413368
1181575774
-996417425
-264224658
-388642767
2125025618
-1241613733
-620127144
-1933874935
-38411209
-628256679
129076388
-1814473056
991395478
-1982916482
1753637338
1980878462
1855979233
1899301109
206985706
-2100559824
1798807804
430242357
1960470604
1433115812
-1711637249
664483958
373480553
-1646164298
2129178170
-1930889120
377326137
1228830986
2009294457
651469574
1109612844
-1419135717
1586590088
-1268880110
58023246
1923813268
2011819257
-841306816
-1011884379
953740766
-1312016348
1681303055
-226757923
-1712322311
246964334
307476150
1353616678
233048463
170626510
825239381
-2062669731
-388673210
1943548813
-1756101524
1371959145
-87456427
1445595468
1483455888
2042857447
1137290842
-417198005
-765363365
-324738295
471990633
-1332270873
618750116
-1332627269
1739368040
1118567524
-1773917457
691507463
-539881575
420691692
-660675033
1558020025
-142690697
1573359063
40740746
704443974
804737478
-496210387
-80051229
-1686417431
309450981
-924700824
620836095
-1381139442
703260774
-1410419075
-232578471
-2063504653
-535536672
-1233554147
-1798913769
-692117363
-1330433789
-1963388616
-222789831
-1089629784
-1114634260
2039840962
-409817585
-2088390831
-75574087
-1570136648
-1319821332
-2124397449
1547146848
-562334107
820800792
1475447247
-100456772
-978133535
-1414261750
-34630664
786200552
-964034342
-1543640874
-131137568
165139152
-307494250
-1872984092
492011877
-123278588
-596515272
185974754
-643286978
19520463
896419905
268248827
-1959923940
761946760
-365122471
105271112
2116790540
73394727
-841915569
1491160710
544219423
414202906
1456688478
-370438903
-482795445
-175510951
-698811214
-1746268175
-744501869
1844627128
-1795752919
-1524518246
1840733286
-1917453445
1386561117
498402136
2038283588
-104687313
-639764254
1333180260
-1600899929
1501867447
-2085064756
836430352
-894436320
-1462749019
1172731251
-597648574
2064732607
-476671798
-995908999
829432095
1431411128
-15462641
-971929076
-96304890
1908373058
1353519750
-1435734424
1362158527
998898114
1720627643
1496856991
1376426228
-1821747416
-1835487920
-1891778916
1057185247
-494029671
1918597064
271353444
867359556
-1854471090
542008994
-516575841
-373715294
-5568581
1343185065
339252823
992907940
293003507
-759259766
-2057145858
-381879587
-1018964406
647908007
1001252789
-1601259851
-470733765
524757290
1606441675
1552822173
1003960716
255883612
947295619
-1251535222
2057640368
1775945526
-1723147238
-1774054241
1836884331
-1441633224
953854983
-2000792788
1053194684
-1841833351
-1921864828
-1687744809
74614006
224986367
-420770483
-904746472
905376303
818444624
1619717287
1274802922
-73227554
-200016312
256337315
-885157954
-1157773633
822463533
553610659
123914163
171823610
-1677151744
-601444323
-264234492
-310365821
-1736917995
-43650146
-1032234814
768696771
-1137758235
2112211730
-213763390
-499365000
1387393315
-1984129214
-801007400
813173465
1431020556
1316789405
575588932
-1953987332
-875355901
1181167930
289657964
-1660391556
-415363748
-107591907
597057995
-937841066
-58479241
-1682057544
-652954583
761474067
-1055767535
-147133003
-599587316
72454188
1265275606
1161717234
-1666642066
1631745961
-1214623687
-1287812916
-853106257
1620579338
1367844488
-1212996960
1734446796
-1775414165
-1953689542
266324623
-1748086831
1568734434
537273739
1709204096
670572172
-1418702805
-1386008758
-1906437270
1707374210
-1530908793
526553841
-410301997
565784871
-146942752
-630428682
1280669331
-1693732536
-1540453583
16639584
-286550051
833802699
341313828
1138175644
825609855
-1810068581
1449218556
-2055730544
-1462074520
583239389
-639221580
-1918603280
456253803
787483495
-1030348440
191605713
-1672435903
-21822351
-1588069132
-121507973
-1755343404
-2048849011
1945467610
-211462526
1577385658
633253588
-663257751
2026158615
-1258670337
-1838258591
1718475802
-416291429
1967059495
-112988925
-1072832452
1258160244
-805779086
1697116205
-1381406764
-70237916
-1624411295
292703025
565891774
-505135721
-1016434823
1062224301
1759518231
1992977595
911551046
1227844933
-1176383010
-1660244650
-800399966
570249874
1820894424
-1198922221
-471355082
1721160025
214891189
-752807203
-1446977727
1438770175
1764335728
1862751087
-384441960
-910204356
1618307835
683003691
-2080838931
86620943
1020107802
-1123712469
1051668563
1454430705
-1637273202
196364182
-1223833855
1133685581
-1965325706
1937749300
-2120213931
-1028459474
-201928974
1893309507
-2085536228
-1054052038
-1403673079
-735886454
589406480
-2006945570
544884172
-1650872657
-880352351
-64398134
-2000594501
-1796307259
-1683237128
153609888
-2074625178
-567379927
459466808
-160838681
-298247849
105847181
1878883334
-836475579
758622255
-2067025835
970915403
1445754093
-1922350578
1314481697
-1345672648
1836574805
1315477560
1949352874
-1997058422
1603109164
-729326860
-1527544623
904172046
1418828171
-829916233
-988603915
-308183961
1675523946
-2107904638
1577937540
1508656911
-1693850795
-707295352
-887444268
-1668302181
455145054
-249106926
1480615731
-203252670
217994069
-1831426649
-613749188
529657759
-617726154
-958745497
393213036
-1977151307
-820556574
-1122798153
-1141768460
591850036
-950693870
-287734750
1816515536
1119341562
1503759240
-1203511938
-1879558888
554673628
-495235450
2137630029
178486677
-1195070811
191198595
-1676465818
1806299798
-982081698
1694695964
1935936725
-631054588
669473487
1076248136
-817709826
1972751284
125647174
-686940464
-287337208
520120572
1989314710
-1443702531
1459639159
-1571226232
1098985570
920231826
467322395
-871862675
-1987437925
-1481458948
1972621352
-1544276866
1085022278
-498831160
-1977209178
2103562974
-227115390
1989701204
-1245274357
-1685937449
740235209
298363593
1678855205
-1815082775
2078606709
1734603848
178693437
2035115812
1498168710
1920048226
-1214512263
-414818119
1296519330
-1281427506
1032241538
-1133165874
-1624210340
-744970923
-1976653467
1508288146
1640222136
708628496
2120146110
1890361490
2120183790
-328015658
1796905747
1472532810
-722910354
-1370991889
-1930589571
-574887171
-2146244316
-189161460
-1083873652
-120880952
412577277
1837725563
-1690486420
1506423540
-2102320472
720876694
262177603
190188684
2142153633
-934492036
-1133579299
346301999
1182436714
1782942467
919575179
-949820889
-1453803237
515286764
1827450951
2138789305
1901190429
-1602349736
1872715804
1265595326
1090289202
457989243
-2090520124
702008434
1825578167
1295418767
-479266158
1297938059
925821485
-1650655734
-1540130670
-1984563827
-166276363
822269970
-1930560530
-1695141540
271769690
456400432
588497555
705352466
-216910123
-70177212
-162469357
519084818
618280075
675303352
424156108
673743965
622687258
409336056
-1721870518
545442084
-1160136812
-594053087
1485733609
-1111679843
-1657077813
-1438453000
1842776767
1558851097
-1444785202
-184356323
-846559816
-765081258
1783823540
1921182591
-2131248895
1803167761
-619628137
-469925870
-695948887
890259680
-701911069
-1753980737
1193331846
-1777443011
1351162832
-2142433636
228660309
715436261
-1442839252
972876381
-1227571676
-252021661
-1958314915
-1558034679
133169140
1957790951
1611670438
1527739376
580943257
114360155
360777897
-760745509
-1795577883
-803988297
-614985172
-759216251
900033029
-576987756
-1339292129
153889098
480758058
819419903
996436957
28960798
1825200747
1952436368
577228466
-1001563200
-743525655
-1379748934
-1509088099
1966193710
-455789004
419785827
-235512490
-892002725
-1596463380
592675510
1834376594
-326924257
1542397355
536958520
1543826052
-2094346386
-1211086302
320516633
-874034777
253802700
-749395327
-1739205940
-1109616454
1200097536
542893340
699969753
-1899421172
-1467449849
1412927563
-1882741519
1028403449
-531045557
-1693371247
586266946
1734355636
1868150036
-116800257
1549810701
-388174010
812779326
-1761736230
2022991732
1288750805
868721452
-2101044869
697774744
-1205575895
705073404
903347062
1714200547
1212325228
-788824069
1876777470
-1195565919
-859486160
1451737691
-1365613177
1354548693
1135857078
1680658467
-1057796435
-578705846
351382125
-1764194970
-1196164524
-1896398360
-145869896
461017015
1433785359
-1062272440
-125842700
1149157084
203809477
-474851191
-579814215
1708076224
281346962
1551149156
165957727
-2017693522
1832283882
-1181724547
702467011
1817792956
-963711996
-153394180
-861704374
-1984254844
748246645
1410722140
482848293
-2057076710
1131108890
-1740852606
-2096421162
623924793
2133821755
-1213652463
-1365762061
-1080788289
-1527238420
-1663602180
-1656189654
-617695653
-1832874058
-13480100
2110251140
-1142783868
-1695001993
-1982079102
-735433747
486399148
-816874618
861504080
471160563
-876390731
423041050
1065936324
841051342
1865601699
1189963755
2090483413
1424049824
-1335680109
2016566041
2067053442
1297421821
-2056675860
-265582003
-1230536153
-895708244
1726748883
13438237
1566233105
-1109993809
961352420
-376515915
14293333
1434064768
623439390
1703698610
1359549405
1800266653
718698270
-1364779951
-459061309
-506034874
151792527
-1172209208
1128690401
-1515674747
-353438752
-643043853
272481704
688414318
82199608
272752179
-1840462032
480734120
-857941850
-960443757
1897324177
-2088110293
1096056989
-15729109
2108685680
-1303229366
-567890530
809701833
-1364568100
1068468980
-2060273353
9891021
701273434
-726930122
265688619
-1513918380
-1547040962
1549492483
857334002
-1088802665
2048356412
-2093778377
1329890147
-1853038443
2039230782
1130496217
322265007
574378992
522776439
1694998432
668710545
1524316948
1952057271
596670136
1870216387
708705694
916284160
1555863237
-1972104269
354637562
1490583642
-695818200
-8185482
1842846030
-1004222493
-684244352
-2110077956
386841238
-1952089303
-757614477
-1062208635
1567592463
475780796
-1424008275
-230053804
-972235815
-1272760067
-2027782872
506521505
1152323799
323510844
-1095062098
-228910125
-576982823
-1211358718
-1626078565
-1138209810
1639409917
1637025194
-767335705
71534154
2074824785
1489558582
528883812
-803587451
1333390525
1020797791
-1123327677
656064186
1169777184
-1614630419
-80994852
809071602
1861513144
-1867893943
603895469
-1069597222
210706374
2116831312
-1115724125
710623670
-246133391
-1625333399
811013528
1839014037
1857758442
-1015372327
769543965
-1029955386
-1555955248
285506645
361914744
400751242
472797142
-1794602792
1494149360
822033418
-1613278813
-1492175946
1174293319
110000267
-2019823111
362679793
1134028679
1418901215
-1610480872
-827742517
225115649
1257952030
75468900
-824793444
-1549691758
1508034454
-1319819707
1446068965
-371795160
-1831137025
-1964362674
-1142988892
1699796100
29729266
-1114968671
1573057001
1646610240
1439308188
-1669772400
-1975027799
1758346004
-859164242
1916343943
1794021585
1261602388
1557829527
270080298
-1025686114
-580177988
-824990475
-965090886
921429547
1675012208
-699356344
-596331076
298938187
-644406723
363579112
-1836344356
1747611800
-257325532
-2098238151
1396023310
-761630773
1402392345
1553345052
1806218741
-380164786
-2003186425
226771112
-1586176632
1498574351
1798280216
1043211033
1016753651
-114227561
-1817633742
1218049544
-738219334
814310234
146330820
890868444
-506984668
1606892112
358559937
-511853184
273791958
-1480224316
843411180
-2091220651
1707381437
1861904491
1019617878
318761322
761728305
-1674818889
467091236
-2025224214
1503479894
-1789171347
-603869290
94011605
1506231238
1510802805
-472992444
478350323
711618156
1405175024
1507039913
-706239996
107781554
-750205553
554203365
1716603196
1139069662
1462796322
-409004610
-1382959891
-530025799
735039855
-463790617
-933417850
1174524785
1374534725
-960675963
-165188165
1030177984
-894453552
-1821972242
-508559867
-1848117684
-271211219
808759219
1887280973
24535121
-1284789440
250192864
357555171
-129101188
-346804283
36049794
-427237964
-1364390630
-392618331
-351763864
-1962867524
1666648177
-644536182
-1367352786
1087959225
26955374
-33897035
474093175
-1711934944
-390329728
-1110961650
113963385
69211732
933245890
-845949316
1610241213
1048068885
-742951585
-728673417
1763873319
-1636821706
-561399503
2020450522
-741168844
-1831569774
-656262997
1375909629
-2102846333
1998004032
-685754375
2030662915
-1556079722
1125283333
-701116571
-38455185
1410073817
1732674570
109012732
-1833379331
1863418850
-1706758194
925157489
-1310841937
1692979193
485307229
207547200
-699001819
383241947
393839042
1393286934
-1015446735
455417787
-328200263
917272687
-904463446
-664644983
1871950761
-495082623
1122229888
-74723467
-1054207792
-719748776
-9166063
1304507062
-2137210433
-164973759
-713209670
826351750
