-1950916223
-514156679
1648269607
1195788951
1092838029
27410974
-1176671440
-876797924
-2011584538
-1990908832
-536715925
-323672079
-377754567
1821817722
281490931
-1088649321
439288488
993196379
1855420086
-1866448235
-1144259051
-2147281769
2145525847
-2075849333
1101400224
-1447369827
-93700266
-697188730
-1210601619
-1907083473
640722798
1916792468
200451754
1940973582
-592215746
-2091081573
-1491514928
-865891340
-1511616981
655098214
-939959256
-1038481978
1829848708
-16739072
-57422448
-417045239
-621922842
-1578670779
1211467646
1631963286
1379482081
-412088907
365004357
-391890807
2123400923
581992587
-1045642601
-1719161985
627480372
590512397
-1106202806
-706237697
-1543411542
2079870757
-1908322465
-3519688
241544191
496857137
-761255873
1450076652
-271398183
-559939305
-1724541882
-1855559508
408872936
-2011357797
674118021
1164432965
-359645875
1729882356
-2064471869
-1310213254
566459706
271059867
1634429125
1138917106
-721086251
-575292826
-1453067825
212440180
1945997665
-153707819
941841770
1115712337
-219203681
745019564
-495333786
-277524448
1103494513
1549336769
-672279262
-2139474512
1461730753
103642391
-962243574
1854708026
-2059297120
1590005290
1297721440
-1392839210
-632327759
484195724
1163860799
-2050393296
-112707896
-520534608
-1195122979
-1356924037
203302093
199908101
-569697264
1975403684
863427814
-343621050
-397618157
404707531
-1676629035
-810418160
-1748264311
-822134290
921697694
517959092
949840833
1786002663
-293738644
974243662
-1558895814
-117434472
837479348
-1688533226
544101994
804789859
1337416858
1451368949
370513851
-2060491552
2054488212
412186971
-1761385003
1347794377
2112609612
419042895
-2059384030
1245287993
1225149643
-1555627577
-1710427762
944424981
277266643
71126585
1368469134
379453386
567007371
-1644517775
1939950436
696893752
-1710379935
-1385335387
1717112224
-989882387
1472820267
765394118
88097769
2051284630
1069476751
603515160
-928720131
-1613002319
-1758127963
825573380
1225965301
-1566070393
-395159334
1312863276
-896398131
1301256025
-290596841
1078245312
1859672100
-1244102183
310302241
1016061967
-316536513
-254128933
1630559810
-244814240
1983190867
1261566028
-693742295
1295913475
2069799683
-985726366
-1528102642
-680708190
-330222297
-338151147
-1672843239
-1105757732
-1310612018
1106751181
1431527684
951715604
2130505606
-807090596
-1989438978
-261877627
-703499558
-1184986579
-1994417710
-2114152807
1808428571
364364478
-952848568
908600955
-123425437
2113503307
1862599371
-632005398
1842329302
-1523053621
1242926667
2021147216
1061091115
-778996961
1314815844
209048594
-1325223318
-1609816951
-357720128
1744457513
2033761526
1174359386
186408889
763367409
2120302798
-1760170001
1124689729
837688129
1944326927
-1030167331
379572485
125740219
-933798467
-1128580245
-235637808
-447273372
-85941822
342338880
-1989943763
1389485430
2064995637
-221963939
-1671305136
-853426059
-1320115744
-896320948
-74055626
922174079
2026375164
-505410663
1127060491
90011624
-117380802
598315649
-1795146037
1617719302
1977958422
1074200041
1236769578
2061949000
-321517771
-72396399
-1226383176
916864141
2113803600
174264457
-669208768
1444575410
202404132
-31352093
-1799639951
1649815405
-976657991
-1100336471
437049280
-1972676008
-1808154903
-632038383
180926604
-512211120
-1822931421
-1924756241
964872834
-436824320
-1345521812
-606904470
70569026
1541607608
1906753191
466664434
-622996414
-2056364157
-1880363755
331001457
-872198157
1213467767
-1728428258
-1599677760
1310740769
32918094
1068739153
857654364
-1225667169
-1221433803
1908445096
422206809
-1621838558
130740708
-2147357168
1375735958
-1370160787
1166146286
1541423401
-579945679
777725102
1171186521
1119729738
560548157
1180138023
-809455759
1890439623
308472242
2090966289
-816390951
1827989109
1923485092
876333500
-106424606
-906598034
1488955064
1837673722
449797151
1600184337
-1866770222
730088894
-2062718664
-187509172
-1635478765
1282850047
-1055556354
1696879389
-1534344190
1663195106
-1084634688
-1691053739
672013576
-1982076905
43853788
-1865154402
1062312225
1175412354
39116184
459199168
-1123140912
1185440798
-524382158
-1071867617
844674387
485563678
1648079413
-1195526521
1693578520
1945598548
1254425357
1989650732
237124463
-794051370
677245917
1305309419
1165869440
-2098130978
2006517136
10589654
-27519362
1073962226
-1497664466
-352087313
95071516
1596177988
102744944
-683497166
995511360
78590811
1180434581
-1695785256
-1911662858
-1277592591
-408302218
-1904398630
-186638425
-293585633
1868269784
-1745998669
525843081
1260967095
1762338817
-1349345174
1840710489
-310542608
249861517
-1671110961
2125122120
-1413172664
-399070847
-1055792636
-101622734
-1642605146
210964128
-1710791106
1726274069
-120802114
-445208323
1723895501
-1240525888
752309945
-168209967
298407769
-2062296630
2099256084
681376910
-206482067
395967173
-786153273
-2076075725
2041220665
95051700
972372906
-1547417630
18441363
-343934023
-1324516332
1696969135
-1708727489
523928338
1186434245
-1770218822
-1665734801
-242148026
-1708217595
-575209089
-1858605172
381781658
-831636212
897408876
1775931958
130766026
-1642607964
1924193971
890954121
-254913803
-47358964
-1003054751
-1603912030
-1017239336
1255695135
-1085327953
-447979167
1645003071
1045664437
-1629785192
760387695
1754276791
-359643063
149127083
1953269122
-1728072312
-1030329380
750788386
1485691359
1844450785
-282596840
-358479566
-1174612192
703859029
1662987447
337969572
1011193911
444344454
1905407269
-1436448604
-2027264334
-1116322273
-1657127580
1372140504
166568000
1504231431
1983513391
1682375860
773189747
550842322
-1873075870
132009996
-1852448057
-1821299077
2055019416
1083706090
-2025058078
-8708272
-1636368363
-248016735
-1067355875
836515373
-1453931546
1412249121
1700759874
-618124052
-1929921210
1724792461
-751793769
-2137105381
-140779452
-1589705462
-1294494693
-799593744
-892755551
-822775846
-892357617
-1094448519
1382720510
-343474008
182733239
1398239255
-834301130
517412388
1195241057
-1920105684
-55586296
-1209060654
2039157926
1508209171
1408884217
-803971809
1339812079
1659282000
853773688
-582357835
876426810
1414279176
-1517056958
1302550799
-1231662306
1227124915
778025480
-2134123185
-2012587252
-262574833
-160805042
1682179407
-1268959273
15894103
-1410208619
910325749
-287228043
-542197068
1366357948
-1272540469
360344071
-1919271692
730524578
1094757070
965764118
-1036430471
-1970504176
2057111173
-862387937
1326297715
959299542
-1581521579
7918161
-455424687
596876083
1274161171
193979796
274766708
830493817
-1412206886
421851341
-1148425179
460910833
2126495775
289500512
-593959479
513779707
1740377346
-1556781066
-578306989
744604282
459155174
-1272838017
-16700679
2082049134
-603325885
1532368506
-784507607
329989345
457646778
1362623859
1332146878
-349308921
-1311560599
1194137037
623186798
488656800
-1517939072
799421889
-839989881
582608289
1466166036
2037763750
699431898
1356993810
-1097891789
-1726735758
-1654124809
-1334983367
-478169545
-1581638272
535467418
1371851512
-1827027105
-544964461
-1639264156
1932622963
-2140636005
1465616154
-678552371
807623413
517036966
1231922613
1204364121
282588948
321266266
-1814135561
-2036550391
862679826
1895965503
1696873581
-543257580
193218438
684218212
-1666600481
465626070
-488362438
982530418
-1796503339
-595125240
-2057152681
-258163203
-1330938276
1812257585
1685146815
-1579549411
-1120105207
310928476
865413050
798187837
714560830
1671959563
-1638597421
-1839370446
-552188501
1131821163
2071765508
-1505002609
1823295512
-786581304
1731343120
-549789386
275314272
-782417854
934606896
1484950834
-683828288
2021515201
1976668913
-1729170492
-1259436463
-1682089178
745641308
-2116042053
1062890707
-588016190
-1335171241
-404888312
302116011
-2084711925
-988438966
-917132399
-680958930
-1796097908
-243979516
-1769328827
1481092383
-1362798051
1328284128
1905541232
1065843574
221815124
1446977827
932214608
104424547
1646257979
-1994319448
-632997401
2146488721
1442225986
-1311605314
2093140754
384197806
1033653879
90167888
-1559447846
64917291
-192069132
-857498041
-436391927
-931438016
-1370769257
-1800104917
646460160
1200413490
-1144687624
-1311780336
1737327047
-429707304
-1379081065
-1525202001
-792343195
-799350949
1534879061
1642869458
155754610
1796377404
1171077669
1145008629
166584042
842456219
-1340914173
-140047062
-928583869
-36636235
-626414556
1067689277
186179776
1506299822
-651440018
1732106519
964829959
1225831568
-212243670
-1379507865
-125066511
252323219
-964975625
-972438914
2051956897
1713874334
269248513
116570234
164877015
-1471741939
952135539
1050984870
300460934
-1552190540
606578217
-708154591
1568592291
833194532
740223914
-1637268548
911516735
-1166893268
1938382421
-230188760
1399118551
-506274654
1081517529
-1223793839
-855402774
582790755
-432082710
739508740
-306021684
-1876364649
-76244431
-1520258857
780065210
-1866241479
1628874883
1129829705
-962964179
97463766
-1351705003
1818725159
1485798259
-715707756
1421298799
291640113
-1676067974
1853549429
1766956000
978257917
-1019395601
1156068061
-2144894159
-859013860
1408668551
-493475759
-2027119907
454978682
2118056091
-2065752447
-688978689
1727862282
-1693774342
6436231
-2145215411
-755550814
-1783230726
501636465
-1774477756
455553827
-208163632
-838042372
-171096923
407417052
-28342495
2050408610
-676068833
1764629551
435624408
-1427679785
1582978637
1819026549
1914975289
121181838
1541565666
-519357410
615730486
-365369086
1978530850
1601013789
-1192081151
168744882
-647948653
1436148098
-1439071262
-833477204
756278260
570609000
-813025718
1456726798
-651004562
1206554384
-2086238681
-18889271
-112645879
-420235186
1133042041
-2102703448
200233057
-1635787741
2036678180
1101488784
1139347096
-1150007381
-507970808
1491677193
246718862
102163769
1134141006
824350972
856066639
741584320
-2034885372
1407955134
-906278707
-1411560332
-846080020
-391496116
788307662
1126291632
2058000784
-1703615784
-272396761
1530317337
-1732779622
572761220
1455392298
674073348
1111691618
-1969757844
-1581353892
1802784020
1891454407
224521962
-1942442901
-176356313
942746177
730523924
-211887266
1411296115
1610314038
1034778249
-516457971
501430507
-1814585971
-135232403
-822316332
817292007
-129902207
1713585841
-188682621
445881347
-1158048073
1382664343
-1066238824
-150083258
-1853025391
1105099125
1070074543
-212437369
-578330172
-1635540552
1256480569
-1516892917
358597159
-249684949
1738083180
-1698705293
-471701042
1750151033
-1164834694
961537492
1253573719
1222149104
1803645957
103475495
-1456306301
1027944839
-689561647
-852175645
1541090312
242166306
-360781638
1601978344
1420205988
-652442605
1948780777
-549382753
2087830645
-579573532
-855713470
-1393808290
1706725767
300657747
-1485064672
1501519376
732817582
-2118824035
1442380612
-782498028
-1327729258
2124510463
1259948810
-1481109658
-1955206632
-470186119
-34695971
-705175044
453716942
730897108
-1813606676
-727320974
-1429387543
1143687142
-2120706275
69652712
1548237377
-791508715
-1260638399
1674746922
1861611693
1608080153
1028556937
1963704850
1912011668
-426433019
-270478791
1601971754
-66854204
1346712199
1164984219
1645799061
-1283252862
-1549422738
-16516811
-601438418
450693345
1601112940
-1420006083
-1334334735
-1394053289
1791665949
1950528332
96190361
534738316
-808311993
96335698
-414761077
-67764107
1807667043
-1992286262
-1537741326
1118300321
-1765606308
-1573248210
-17583830
1852214994
1155479446
-610549589
-382996639
749905359
1436660273
-1110863848
1042780539
-2010626696
1121867918
-1110467292
1041223734
-1043293413
1918000657
-1069153841
-1491456113
1785580293
1947091240
398472219
-995341213
-894773414
195922828
-1091110142
1312579672
-849174488
622056134
1298677418
744202237
919490746
-1428505355
2032609239
1367725871
1604111914
-2062217778
1162494624
-2010912833
553253689
-20512797
-1727227803
233115217
1738925410
531918375
1938945279
-663940730
-1649856724
-1557556816
1116588857
-1634484387
-181056576
-1821681729
-1039176577
240409814
-1592500294
-255290371
-525498411
-1471026216
1224072003
1796576007
1215702026
1757375315
-148758177
418369836
-1314420436
-255232599
1525731459
1237309813
193580350
764469577
1560445034
1514901733
-922224600
1218201501
-1862792920
-1475644927
1696789230
-341797338
1231988606
-241599343
508016165
-589361692
-945188240
985193896
1245014945
-1537649414
-708389355
-2065591326
-977832077
453148306
-907638867
-1171549203
1598200850
1981689086
-2021087496
740897097
-1597788713
-261279201
869744837
720949075
-1360950866
-1562815990
1859626696
-422437249
-1445248246
1430784999
-2015965007
-137139740
-515457767
408325404
739392121
1092073725
2139300665
-1069600085
-320875522
627493293
116782249
-229950248
-206776879
693905027
-111110269
1463392527
-1487630513
-1460478657
1678223081
-936516093
-1798471186
2033686933
1631875198
1867060762
-566469160
1924868144
749491480
-79735801
-597576771
-2105825799
1635844275
877989304
-1471123483
228253592
-824726104
-1553512077
1806201476
77374778
-652941539
524396859
-1385047727
-850389356
943554239
734445688
1047187033
1261644584
-1921734226
932552662
-496832497
1699740359
-2096465735
706853741
-1436768600
-628651434
553459659
-69169375
98433701
1781932244
-1761427292
2122491211
-1772109648
-78026597
-866603829
845407128
-1889325396
-1340022555
-1745857854
1387872817
94580231
-1420467310
409029243
-775925476
-1319633071
-1332952281
1837839627
597110753
-673643758
-202717927
1028219805
-1482040464
-380519465
578878540
1279621544
-1744046527
-855876210
1836271573
-619348380
1642360509
1520795155
-1205929465
-375058055
-1937594404
1885453066
-1059132499
1991292665
604702734
-661165841
-2065236077
-233476464
1663242847
-1945395350
1314249291
-2044327430
-488411691
381892327
-398208467
1767569076
1540914972
712870758
-1149084769
-574066954
1413511268
-275244913
-131107435
-636336673
1900020618
-91798776
276093531
-11287822
1622469237
302113547
1342371986
-1679474496
-102735422
499278898
911472759
592478951
-1432823389
-1332113771
-675065493
56620858
390953220
129781014
524989358
-733718975
-333207825
-34142982
-1870837138
26171107
-820427216
419844796
-1687774720
-1703319199
-1533245637
1526611997
-1300070804
-1798066810
-2085325746
245778303
-497545681
-2040096740
-891053102
490846323
1922655547
1871772578
1705016582
866210192
642161730
1593993275
30776030
-1126947962
-1821216717
1688671976
1603623208
2140868978
405495300
-661990407
424413169
170099315
-2131478862
2094767296
-226705114
1925388412
576941957
2139874440
2092694653
-977829781
321958552
329233605
1885666709
-1937068198
1114403736
-215016308
-1900707748
-1796398795
1058376907
-52714684
130893744
-1344476019
-688052140
-1591889250
-691703224
-670449750
-349603404
-2136331326
451787221
-1529668890
1810631572
1954520010
1434189924
1463770168
-689396287
-315767949
1893519365
757035023
-1986654345
-790534639
1218031793
360463200
59912673
-1712745533
-390825880
-844623102
-776511776
-1056251160
665123226
-652225479
1433976843
2068335825
2031662023
-2062781809
1072181750
2031133111
-1486198167
602869482
891817911
-801454097
1891747345
604957659
942650021
707410524
556360655
1692521267
-806245789
119044644
518780630
-501432100
710865180
-1374197851
-798007200
665052901
934453263
-1305758038
1154408911
359554782
-182065074
-1088556583
-119288556
-421323675
165958593
1200865648
-209823916
-1418070784
-535522703
1223321904
730231240
-272314067
1984583683
1936109976
-1009333020
464673464
-134607487
-572673962
-1860015685
1981594699
1976523616
-163765254
-1470669407
332154443
-715927618
-2087627028
1442294801
-1841361695
-1033689878
1704050080
-217359663
168022870
1488907305
-660814841
282928212
1653069987
-1460952905
-1499562424
-1947898786
924604744
-1247975669
216346799
1180523245
-202253732
513473631
-1482562843
-1104264873
924094949
929143407
1157788257
-158356049
-430538647
-1690512512
-1363814370
1978191981
-1261891644
-1976456541
-930966130
2058360909
-97432772
441216058
-1868399410
1078863991
301925586
-204141893
-904509414
-709391137
-687834150
1290142644
1163310210
-456994578
-225355570
-702672626
-1343220770
24566882
1654461022
1994730133
-1695512066
-169362830
-289796150
138517431
-2115999450
-1342820556
-215737228
-1446891125
998203833
1286127427
1974599856
281986325
-1980204749
1864043932
2118865886
268477896
-722863012
-110447672
388029371
238594123
1136517306
450295872
-1438970637
-1002381953
-173913786
-642054388
-15236870
673461697
1832460899
274763948
1296528667
1061590124
470878475
-1423772868
1838065360
-1209264223
1818816843
-1556524590
2065899860
-1064921014
-1981595664
637550122
1470353527
-217274789
1122257794
-352200571
-1218122576
890078554
-1482459023
1703250381
772707448
-966136543
-122329970
526302205
1182475989
147952354
675861948
-1539033921
-108514508
-1113473428
-1095278618
1567618646
-546958725
-20877396
-1482295757
518113981
-1692435106
1172035701
134273912
-526590704
835957746
-1541263741
836871662
-1059388117
62065279
1472862652
-2128262620
1857464720
-847843431
873349817
-43818697
427187085
-1559511183
-1731541627
458694207
-172781154
-122423192
-936932188
-1545754868
-112712689
609330405
1331615830
1488241681
528773093
-302248345
-2083621348
1382030240
48907263
-892006947
459697275
-1505072041
-288949129
-932016843
-9429249
-1147438374
1808363597
1734741554
1054158466
-678254911
1297519942
565529218
-1715627602
314661588
606731793
-340508401
1741742527
-964703115
-738355540
65160341
2094937997
-123093411
-1614396667
376495988
1500247241
-1302840693
-121027612
1546952902
367977862
271087480
-2102884857
-1876089164
-2073156101
921656462
1069694862
-1949107707
1969264775
-507749925
-2011005031
372182775
-1646446604
-1660582143
758831
229179218
-1895314945
-771605135
335833697
-38383175
-2059946472
-740777512
-844477265
1768317506
-1729166235
831901912
7709609
1869332553
1486080268
-1691376901
-1636328231
-721611391
-666992719
-666223644
1695603680
938797643
1762925373
1147852999
1325373918
-147268790
63622625
1357156890
1176885015
-270134218
-563819174
-127728500
1112441554
927605745
68982646
1438782774
1430437252
-1970504233
1009941206
-1625209584
1978571054
-430031783
1090742260
1108625317
778501122
273348813
-1462940057
1572458762
-1986492084
1503579262
-586839450
647810828
-947800944
1719848714
-932567414
500400552
-396860690
-1137531411
926873047
1678976703
438157006
-1941767848
1018415612
-1180291831
1999184312
-98966969
-863942183
144581194
1767716995
-1606965806
1553869890
913952964
-347552335
-1509994046
415685378
-1324662804
-391731687
1502875238
-2068987358
-286225312
818346950
626604455
1783287659
1504561943
-240803041
1525718874
1948575272
-1381667878
403723847
-1082957099
-1344779472
1578094322
1786847942
-346591804
-2016850654
2146042402
-679996056
1698461757
740470002
-505489193
2003386469
788069905
1194560164
2007815069
-872251454
686863716
-1606886824
12487381
350134262
-297575809
-1512397435
-1429040988
1257360079
1711006948
-278553463
1844117038
-1034592618
1465219490
-1924285344
2106335236
1138201457
-1968394517
1997474995
-1613433382
-149581048
-351734557
-1035093483
-1401718403
-382933397
1318270906
1432817800
1059184899
-1250206157
-200536324
-88532411
-1703325629
-1816995609
-509276633
-1577130308
1404677511
855149472
2076576381
108772825
502107520
-1692552978
1233152539
730841992
-1781765510
897171965
-1375743925
1106562939
1730976464
-322134541
-1284981995
-1500873430
1543092897
2031174556
25880091
612677659
-1564771133
-1081081527
-86604122
1480607843
-620488969
722026228
1231074555
-1573575829
-1478705826
-507492696
95721203
850822391
-826678996
1237298975
116662218
1135416420
1541940890
-987280212
-526091978
91724336
788416033
-2098344869
-206607941
1273170367
1911508196
-1702994602
-1226552259
-537730212
1193013357
-63107958
-1126667050
-12635523
-713496164
-2071808375
-626008342
37596235
1623952091
1280029617
1515528311
606057056
1583154582
685941390
339156657
-1052295727
932713194
-863832964
1040871373
552662639
1661727643
-1417338736
1451480605
-1814955446
-1802831029
1449173177
-691052452
-1337190026
1573526249
1861098785
-890717365
365136401
-984998297
1897294296
-2026993540
-3319677
548049327
-893306188
-590098835
798889991
487686359
-291458702
1030739415
848598891
55740306
1202006560
-1860302776
-1204511213
1362289642
-105453121
1336189935
-1398672061
214925355
-704015581
-47032138
-689159780
1308960802
-1606973922
464528022
1082159335
1527405959
-477000483
598078757
622641169
342720439
-135169135
814091379
1425055094
-257869147
690267729
-719587561
224521057
1265398034
367874366
1931062660
1552246483
-1590553092
-1981251865
1972259488
804271747
1951967571
848806127
-961070697
-2056985050
190860274
1638199021
-1353323285
-1556196880
464625356
2138040211
1036088015
1537164889
1864294758
794083345
780958389
-1063921628
-206306428
1696269755
-1123180507
885897372
-1240883673
-1629162007
2023821008
-866317792
-2129000522
452972574
1230492645
-1611958046
852948858
-1822120341
-717590366
841718763
-441357233
-875868139
-343309779
-1063591326
1949092504
-114859403
113283747
1023185164
1605461363
-998157281
902588273
1900581910
107079469
-711184826
1109876963
739191058
1207586040
2113564766
-123486470
1138664767
653683163
1088096771
1859444609
1162402829
-1263983383
-1427009767
-1534736030
-50730529
1003284149
-1289024973
951884085
237659922
1755900420
-687664840
699376409
-237811907
1466852292
1459814467
-401973817
615114938
1680586301
-1925218613
-450008349
-984672155
853746566
-565791996
1123438741
1233391011
1026929465
1865664388
1330690136
1558487717
-857063575
-1346197720
-140753135
232148206
1654906068
529077047
-1391500701
-1974494702
1301942869
539523016
753956673
1041511615
-1890020453
1704862305
-83585596
-750930431
-458001633
-804405535
-483690946
-1800812863
-25690285
2042379935
-1509016690
-194357874
405913367
917474770
-1119385931
1994187935
1692287344
-70665422
1791012777
970601496
1608627323
-679709217
-1503053975
2126498956
1329166239
-1331952254
-500512943
-1977012797
-100066047
-1633214287
-2024975953
1564911036
1198624316
-1001699944
-677107819
253498357
-1670821807
1732475092
-384428048
802299113
256369372
-97939806
-2137003047
-1175940647
69621385
-1146068424
-200158166
-1128197937
1364768453
-448815246
347970644
2112168159
1851609783
2001732273
-1303071120
719015599
1692954993
-26135808
294810771
9637178
-1301078686
248552055
-549452955
-1347985712
606515983
799727844
-1427834380
-1439397280
241575682
-360190809
-699362619
1627218169
1607546626
901483996
-2058034644
1986058126
-1263732093
1822635967
1691262429
-831981319
778077792
213609548
-559330878
-1605864382
-764700729
-215106010
1530453518
1194085152
807959156
1965198521
-1270924655
1251697855
336174625
1680858786
-1132135602
-1175058237
-451506372
-2114912691
1297252938
-1891400052
-1519171878
-1737966369
1385122470
-342061893
1542981099
176848727
-870655761
-144378635
1250897839
1197767151
1079237813
1517291494
-697182360
-853033528
234313562
945192329
1941108049
-302973755
-473244629
-2081047131
2014607054
150939574
807550388
914629786
555785700
-2043458887
-92128177
1797148765
-1170906134
1502039004
-2086204930
-1150436928
-2698368
-824217593
-2058438790
759766518
695766464
-1502295528
-1735074165
3374166
1765666483
1297414223
1487805850
749120607
-449608441
240505837
1302804612
711118843
-696528642
748812055
-1598754128
-691263992
1947500200
-873644801
2128541283
485818643
-411529389
-1716608956
-526295726
1451877990
-994630078
950999961
46509688
-1951262396
1423830174
1125347493
527263018
-1873340814
-1676590935
956365098
592794983
325698553
60531769
828106344
66748788
-1595647702
1189158499
-1860201789
-1531038552
901006050
-138771339
1119340963
-1666156668
-1247311857
512220714
-607376997
-1182453498
2066575986
327702808
861734092
1873381694
2138210214
1425637228
505635723
-122396383
-1420042656
1734780378
1109134657
969274268
-1352205321
-2035497778
1044364179
-2011696148
-38410713
1439052007
787012546
1950399788
-421952239
-994777435
-192314797
834758447
1668739461
-166109856
-2024114958
1369429135
1123380100
611259771
701918867
155913734
-1909017344
-255371814
-211615271
1679392508
892589285
1701694608
381337019
-1701451936
594839132
-2056648995
2059565156
-2000087366
-1443375027
-376703913
-491920293
1492894849
-1584873178
-1948194458
-1980378140
72161705
-1763595557
240243956
-203108699
724549504
-693224659
134389093
-744170101
-156727366
-357901267
-233449275
-1694256914
2101805514
1863698691
1459049536
164660466
1837207922
-2137152789
-763158826
1208576049
933485213
188076672
344329038
-800864106
1696044652
704198973
2104483179
1469067
1455236494
-2084047041
-1780574627
940125782
-108366892
399853903
-1070754694
1576093632
-1526988541
2099692320
1051359789
-1981363209
-481484052
-262772268
1555894318
23771573
1160369338
805139140
74356467
606265248
450733962
-1572492672
-812631195
-201112332
1361619008
1501284372
730309335
-1240270754
689720984
-1705168755
465814067
863267115
-839923333
-1719669061
-1471449994
842509985
987511955
1440473911
-419789731
1157587373
-1694055647
560492711
-1776738976
1709632701
-2021176307
1848780864
1766119391
1856206319
-789011650
2055223948
-446573413
1137100651
-68207572
567914605
415079271
-174204404
930714034
1463201889
-1191923426
-1801787835
1671835432
246043654
-2084103977
-1948967102
423147185
-694824480
-367578025
-265913267
2088270032
1245577050
-2146322489
-401460109
-1063751359
1571319562
-768301914
-1775972249
2028059910
1161146169
-1344897024
1596520101
1439096255
784493729
-936495137
-40217126
2006408766
-294552200
1643080706
913461634
-1410290598
853350573
-1231680052
-1224715054
1602370563
1536015729
-55080065
1379528665
-930592873
-42365192
-815859031
-1945296159
1623310707
-734582656
1994192350
-721322981
-1797567797
-272945774
-1463082586
-1642402950
345129918
2116557447
-594637639
1052471518
930105508
-2085873331
-22847639
-1569781643
-684674902
266395242
-2102423969
-1654687394
132571553
886952513
-368999287
1105455758
-2146071278
-529724780
1425733714
1786405367
-313251179
802674762
-1590206444
263688678
237060962
1657269617
-1623148086
-1013213012
1012228904
-301572219
-1197696502
-2122279296
915653149
-1682830862
-853101007
-977125980
-682427306
672863447
1817009631
-796147515
115960408
1762239500
-552101978
-164904025
1756229358
353497702
-1306274563
-1289473535
-218673604
-2114429639
-1102483078
-853139291
198271508
-1068751843
-1300860608
1787305187
-1176453241
-276307723
755380917
-1446539729
-1620926017
1567816749
-849016968
-1198780927
-2051002868
1567596866
-878712686
-1347560964
1208575292
-451610746
-2118206998
-298924974
-1961011666
187540261
-1917136642
1378305638
1619682729
-248589726
1640674000
1788844466
915062633
1438407462
114769181
-1704527126
825115771
-988631877
-1048727852
-1871086751
-1476097334
-898131500
675627973
-2002320212
1303298552
-1470153008
-253339751
1832153732
-722824846
1946323007
1709982722
1247405808
1713652670
1090067876
-1529188814
219135139
716165910
-1707035524
-1164953712
1640872866
-1397904582
1681395583
-1490106967
-1141476311
-174508926
2125737509
-1350642332
1172497359
-1362330574
-340103061
117706106
1109444840
539332113
-1227705642
1590592548
1924679722
-1498459332
1989191352
-923636715
-2123118446
418974263
-1507595599
1654201514
1584343432
-706433980
-1548572808
-2044860065
-1226721471
-832187400
1111143643
-958628731
1198031204
1882192138
1056017156
-2139248335
156039152
-1209264786
-1160018947
1592453239
1537077852
-92600415
232206709
1910502872
-38828801
-682932666
-656291133
1385512696
1257785522
-954353422
1713764139
-1032512877
-561448781
1946077763
-424249248
1383660209
-255489333
1710622519
2078964042
-487911911
584394163
356507578
-1117158135
-1508113149
1655740851
1946836096
1632725560
1029958928
1728921484
-404300267
566267509
834689150
1574723992
867186993
112424481
-1882110825
-1728736465
1321583696
-187923356
-1525058710
-1123771829
-1150211454
629749619
-1988219715
-1925591186
-715778177
-606575339
1062050369
1556486082
1462243582
-449234078
886190855
1410981250
500437318
-339539507
-135468494
-1787778407
-334448892
888280677
228005102
1219053960
-1390338465
-1810496681
1741175712
1006932108
-842811575
1241680055
-1555346850
73612031
-1475891944
2120975999
2144457889
-297962242
2002301780
1851896535
1313562681
387251531
-1363522606
1458923670
-143529088
1204617589
153672193
1331255816
-841211182
-1587472331
78124931
2067213297
1593375036
-2128151013
1089191423
1216625874
-1671456653
-1235421078
469793333
1548033130
-300295161
-494861761
-550994862
-1148029057
1715391447
-1224005641
1837119877
-98927651
2039859655
1743238354
305476305
1636169887
1465018032
-1330374957
1046598949
1037614764
1988367000
-309617429
-1942042967
-1504115324
-506192862
627012438
-1752484518
553769020
-1797278905
1034388035
1595079384
-1941909817
958587718
-1947200838
978495870
2147456886
1178908633
1671585210
-1784228173
1207833793
-102497880
1134848417
-797624705
780800839
2030530050
-1169237552
-929866656
-1007821805
1615521226
-1392667506
-300403362
1690248992
-351311953
1164600108
-1744662691
2076979742
-57552481
-1739657110
-1108328014
-469958794
-1155510915
146655513
180800247
-1352990324
216880400
1081623297
1491564578
1121039939
1249542463
964783620
1335257300
-1101072699
-2088462213
-1769180285
-606272274
-1483604093
335384699
1491535871
1118156650
-1666943877
1178105647
-1184443645
1196950119
-647436872
-650742034
-2132086463
1729708165
-1325492193
1698916849
309392635
373794675
-135096729
1761849604
1859061924
-1190502459
510807657
-587447943
-1222961210
1110099466
1504984729
1320754784
551625254
-635950819
1795127252
-163204874
1556684069
473471419
167966555
-336743334
795805544
-1614897322
-1279648481
-2139838330
1664488123
-60496344
522961470
-631439236
1661601842
-135382390
572896205
-289964097
932203153
1213818245
-1443981865
-158958844
1820072685
1839054505
587494054
-632819671
-1731198061
-1111587043
1335786048
519350630
219188519
1414554103
-217270732
-1980637246
336241168
1013808589
-1200048746
-2024402745
1880245267
-959822964
1916171591
-424084616
1707374654
-2040160633
-603649927
2043803779
-257848058
846016979
-762133135
-1264115278
1266884275
-1935733039
-577701233
-2075984729
155418107
502776075
-1545638005
-32662328
-1222484755
-384515261
-1692911872
1514238071
-1261640176
933278153
-246901714
1589849478
1135452620
396348941
1227618555
673681642
445304327
2076747636
-1559601093
1143530925
1103105042
-662831762
1990953008
-1367767255
-104167226
1924935368
434426196
1174393458
-1347616022
-392312258
-1688222379
1079720724
-350006313
423629908
110332512
1935243006
-135045538
-452356507
-456407390
-1426197060
941852649
81922812
-742672373
-835905812
1589452768
-1072940191
1287947348
523228138
-1136436915
-1169710473
-1795029693
928764109
-1653753150
-1477908283
631346477
1903626391
-62969734
-118125103
1379573692
-1137866585
1233185981
-1606397260
806943474
1751314290
1664836233
-179750421
-1310372755
-1919901070
1245455982
1484599402
-15204628
1543303005
1599336889
379499510
2053606417
-391738214
-822836268
-85849420
-433381784
478358768
-377930260
-723722244
498519975
-546891136
-303344428
-921544078
-280557769
-237564683
-558056151
-1109262505
-2023441165
1063563001
1375942069
1546712860
