-264470994
1918814212
1832186104
-141633795
1111860276
-833683847
-1815357735
71839708
1640294542
-790524339
-517732730
1159309005
542292652
1832621935
1551836341
687872034
306729237
194916074
1519339500
599466621
-1511547290
-1556395618
1038917411
718041769
2040468123
2002918962
-940810585
1409251494
250719373
1639658056
-335603904
604953093
688922555
2048624370
-1854219370
-545376906
-2085088692
687446117
1595398096
571739039
1421522772
1795564780
-961790083
-1144463058
-119781034
-1642729697
1763620279
1102966321
-942528247
1755901780
1347720069
1746857636
-616717217
-1322342316
-917262207
1811408971
1709025730
-1611754671
572887482
-79627838
1527901088
-109652201
-1618730277
-487618862
-1351731159
-555565438
1949719948
-1476569595
-2117793449
7184943
-779779305
910914427
1560056110
1423849846
-1550201777
944762110
1584514629
1889633943
-1340623955
31112020
115422340
288084530
2001026491
1613720789
2097518126
2141809148
-359603276
259417404
-40339167
678434480
751436908
308397761
-1939770276
1983741250
-1426784403
302995558
-372985406
1750982490
-559718814
854719889
-1878405091
-325456128
-2040876871
891458266
-2019532444
679586195
-1944388221
471942182
976718144
747990527
-943722595
688762868
-707625012
372097582
1225138197
1810721782
324795548
773159870
2108695237
704495331
1540804097
-791592971
-505595580
2038866827
-462806902
-842363151
-1654796289
-1133352661
-1066648884
-884748765
-1896863326
-1555135230
1903604070
828245502
-2146313028
2140104996
-994355393
768624362
666437537
1597666445
-226398703
-948180609
-99459438
-2101981064
-584656085
1678253551
-1517324261
-1733079311
-528915342
-178094398
1281555388
19046057
217594280
-1733715255
-1421961525
1884055561
-1664201232
1323412044
1023466392
1132603273
1582974353
-1591549051
893349585
-487859903
841022458
687088210
-1283709144
-1396454977
1280566789
-1048848603
-1936063694
926818331
-320547713
1918660926
1376852370
-1533643447
-1196107032
1085323292
347006806
1368329390
-754688394
15714352
-1516068704
659718645
-1809411745
-54024493
-1838454903
929169442
299556440
-310861446
-1321693887
1078416870
852691032
220916776
430588282
493058869
1377108641
727397155
-874294266
-1733862379
1683211520
152179690
-473764674
1401814201
-2125815726
1147515237
36134310
-1836299570
-908404918
-1224485026
-259427506
1151086611
157515634
74866992
1850861434
483244591
-1849168273
-1044719683
2034293253
-2027787330
-1642514552
-337544539
1163490305
-1985738068
-1273266839
-1913182029
-347989725
-1343651898
-1054335965
1925241755
-1473524898
928095118
125431670
1946594018
1448715469
778359886
-570345133
-2103997923
-1551135787
-951299729
179367067
1863202397
-115505782
-44181494
1712283693
250808041
719276625
-173970241
183545375
-883059411
-608304953
1529790149
-1495186614
1626632179
1150567137
-544362430
1663787787
2086161872
940757332
237408221
734700360
2095805152
284596535
-1383868528
-313744207
-1984086603
-1008275483
-219118398
1557039944
74256268
-828298968
572218772
1648032546
1935082433
-792401005
-1273448581
-1260085906
445655684
-2115573970
-2069785842
1372942774
-2124465459
-1698311592
-1828183776
1508601701
456781708
1859637481
-1152973551
-1872807032
-1222736859
237283734
470935649
416937688
1772356635
667119001
774058885
1930127352
-2070715894
-1046972783
2020343805
-922614278
898009562
-1940201818
965253030
-107305177
1663689265
-508111120
-768797364
-512370689
-644878039
-1210810343
-1956447613
255663742
1087248451
1340156224
-408301898
-1679643232
1628740506
-2035082976
-996533376
1630162215
-68982693
1165903217
2093701690
1483897243
-702525836
252877966
481470164
-442433390
971678091
1652737367
-767996952
377920817
877884721
547125592
-1826128884
306272498
-1847531433
747232554
-1418671001
-1101155161
1077294080
-1551533287
1865761926
-319627842
1520529720
-1442790394
-1239214224
-1477020731
233523780
2016885391
1813142007
-1765236176
1825835802
-215569300
1450527312
1136759386
-1251162861
1267146267
-187892506
-1399490103
-818775586
1222855871
-184843670
167037110
-1917025865
-1382225339
1078582062
-584958773
-1825660711
2142631880
-326546509
-577709010
1269989425
-1679105482
-216209792
1631067326
524516691
1396655411
523329333
-529744997
-1940716111
-1730578371
708213471
-1779365653
-1015353079
-2061022704
185512332
1305979867
-1512665313
1577619019
1990120738
-704634140
-1141744468
-2141036205
-256847508
1369736271
365794198
810042998
1606015349
-756792582
-1268250016
-1743354797
1044747801
-105907364
-2046159133
-559193222
1993157080
456559813
1998284862
-542952625
-69591571
1345585898
758713354
-2141898445
-473789282
797381537
-1333128494
126741988
1716329685
1702507752
1129678785
384118052
-1738497296
-2089185493
-1730957411
-1588249704
1070365396
-1883287610
1566556916
1436665587
74706760
219422663
-489777260
-1435745197
-1644674433
1884930809
-956175041
-272281366
983706614
-1871568099
-2011737697
1155594465
654630784
1567968122
1544343415
-91355016
-220073570
-1437788008
-391848677
309250929
-1065964268
-1477074873
-151634399
569630382
-1127174728
-1207069210
1001114713
-1124075496
-1420766067
-716034335
1153653753
-1457141565
23128335
542526331
2128228124
-706781873
-355370032
1300031437
-1308054419
1915789457
681238083
725293325
-399094497
1528620145
-1676327977
757472019
803862048
-1838050027
1432969287
-1919536615
1579823245
-521766338
-1774446800
-454073150
-1018956441
1270229746
-1364389661
120410717
-1601830777
-1831364773
1139361916
241150314
728358607
-1674851089
437249843
-140967332
-1669125214
-8300336
674824433
1739203232
1897968021
-108991372
-1571617242
-1709184035
-585997722
-424859512
-360382759
932871037
-641574356
903459345
-2146376960
-1393017236
670982608
287045076
361931793
1933049120
-1917672261
-8765960
-517096488
-1532943400
531467728
-1899758103
-268151669
-554579161
1016070044
-431458178
410017307
809911475
814504908
-1764809635
-181918516
224800826
751439327
1418162846
-738378489
-1067492138
678071580
-1428431954
2122176622
-1911096703
1871186373
1919833717
1454233649
-184688678
-1789576821
-1925014085
529412255
-694360024
1695086405
2122115015
1971220991
1434103199
1891084764
274854985
250448545
1898718178
1491576458
-1095789447
1200363055
2004211401
-1429405117
-1020063361
-1199321528
-1015295645
-1058240910
-789244651
207417422
-950374082
-508773144
94959722
1047768191
1365420517
-1806219503
-880304823
-915606974
2027453609
-293866392
496776570
1060842947
-1229281116
1154108460
1342938216
-2059875647
-1039739142
-91390381
2068129539
-1327001434
-1268922526
490860479
1855327719
-750703657
1746878692
2105202095
2055656893
41318477
-1806841116
784438392
-134456863
-1715445404
-788106658
-595602061
-1802740411
-37852429
-648470670
2107672633
-1458584172
-1760807012
1091714851
1654866701
595256474
360226916
-1496398501
-710887783
1789293538
836645253
-1463825614
-260691747
-1875237216
-465166206
-1928114833
-2043073692
-1131153967
-1929638020
1783353166
292815032
9800352
-1563807292
1881728387
1270768919
1140026123
-1409636943
-882971266
474852966
1647824070
1144264626
226260209
-716015771
1600467551
-1273691482
1530926478
-1565963741
-45926750
-1177411222
1049217301
-1429799500
-1776145858
-112073293
1916729741
-1138705630
-1886885976
-1752692706
1982386641
-1327833696
-1324973761
-1787722363
323523149
-1484185083
1335733680
-196960876
513142281
763222392
1324750491
-1151490405
-455625753
-724757657
492367222
-356332891
1854359592
-117181764
-801346895
-686423608
-1431064012
-1461476782
-1821500645
-1873158722
65094298
2087885989
-2033574013
-816645452
-1506863788
883833545
-1540078942
-1871632030
316404816
944881309
863111480
1800971867
-2032640469
-1496888256
-372039564
-587795803
1084994879
-760576318
-91763048
-189521524
567204575
2005648414
-665105955
218804146
1358871265
371068008
612506003
-1445120149
-97678500
770267202
-1903499892
344102471
-1511930702
-549600620
830625722
2079741935
-1052895792
582721915
406909975
-131827148
836622516
-1332757887
14944964
-551231899
1499843375
-675150321
-1813960587
61602784
-463400981
-1998014945
271952139
708552683
-1828799568
1316516917
-768978814
-805828924
-926649630
-1559885169
524094988
531757558
-829498546
1247603867
-1237234306
419012589
142665253
-124693848
-655787285
-1088374580
-334547385
-1855202080
-772629362
-63044482
-1050335547
-1107824267
2069178092
1807740427
1932866977
215829019
2020372282
-1171384276
685692631
-1883216715
-617062405
-912351456
-1393560672
594332498
-940354579
2103256000
-978806283
-1253611686
-1989133531
1888416721
2055970897
-977906684
-111972743
-58661991
-1586544197
-1341201397
1400558877
-1191138124
321713667
1819397792
-1710210928
82634279
876612171
1242085281
-771022152
1950607797
1956036041
-1214806261
882180683
480983665
1943135946
2022130605
991318385
1458454676
1080779769
1958176030
1340574375
1955360400
-520364576
-1262628623
922531814
962339684
-212034385
-1844644058
-1633695740
1405673010
-1511360964
-570768925
179328601
394827534
-537192373
-350598045
-1423587164
872728
-672779506
1426429229
49997616
-424330804
454576110
-355229815
1299731250
-435361384
-1212342132
-1018513361
-1354399883
-325281362
-1813237246
-1230646975
-1124200648
1878156059
1545695341
-339793540
612613974
1093196568
-428779857
-186535255
522403239
-2008375136
-1987107215
-156898472
858034854
-1998016702
313042022
1213603792
163971411
1094880056
-1685400361
-459192767
891978074
-1011049801
666336346
1243802171
-1900857483
2035433608
1263233252
951704419
-607285234
1081510870
504481538
571380579
196468775
-1615883958
-803141789
1950713634
776515710
1667613012
-1876813671
-588720331
687544043
-333328437
1311439136
-1294462060
-1112227315
-217513799
-1121852002
1204029072
634166053
1997598319
-936466580
-1884833020
-334290367
190913758
1175701333
1712271818
-773592932
-1612059095
-777934692
-2129692047
115985732
-1382167435
1628557379
-1881464020
1473765373
422747395
238607498
35206156
-535622043
522113153
-748556107
-455857807
1265041240
-1025071972
613325074
892969406
-2120040299
-268211495
-553489606
129675851
1151347361
888662181
699524758
648550303
-1811734805
-1899879254
1956665637
90485982
-1356069840
2097952099
-1280258949
2013009536
262874400
-1014831886
1730821900
-510530493
1530451266
466763313
-1318081110
167423586
-569343980
1261786886
309375308
-2095259129
-875886987
-1081611270
-564153072
750629117
532090439
261988620
-494466942
-1605187415
880027728
-1836319805
686182942
-107039686
-411045792
651258498
1842750995
-612620769
-1766683719
907341087
-1433942711
-1114643271
1570384298
-639683915
1611876517
1994411602
1971022461
-1436073799
-517555061
-976443316
1723256978
1872361291
1217196196
-422728291
598843339
1998915278
-1326776352
1946947706
509792043
1573071546
2055197886
259056466
-930418503
1603321264
1453403594
983506173
-1381485654
-804455730
-1838815641
730115125
-752491330
-807567292
-626686002
69520964
1230573801
699328295
-546216362
807705855
-1127076298
-102333307
-995373323
-1782708238
1839591144
1132898232
-458880762
21802204
-1479695646
1223158271
-923389876
-1377090723
-1092498616
-1375771830
1631726390
-238055443
-1636318107
1829951572
-405978780
-42069488
1368762830
725169655
-731244951
-657595961
-180496184
-1055461957
4918482
-1689751479
2118497510
-349501521
1011307879
2113413107
-1748921610
888864124
667627184
1047783292
-813044195
-793201994
-452060998
1025864812
-671331519
987700853
798097691
1588232398
190607014
737638948
2023402290
-1995878364
-1402943525
1803684248
-1568876365
1417381786
-759220265
-484781980
597227106
1678890367
675124574
-1180448662
751653150
-1213850640
-719613015
-121410123
-1855449312
-38202667
1608642373
346010502
-798905980
-2076994287
519898427
-1146440020
-1272184311
1641221365
-666421136
1272430872
2146185492
42710004
-1643525810
-1327205712
-893437958
-1901946467
406913956
-573889693
-1141128322
166503877
-1906645302
1999688317
-629765480
1438583299
-277500919
519190331
-1796778632
-135211424
664129337
1998112418
-555159351
588555599
-1918796374
-843464052
82743610
-1559457062
-1972793529
818849283
1177381689
613020446
-1830392328
-1170767151
-299793663
-1590854663
-1588490424
1577919575
-331286313
1410586113
-668310456
-1586361443
669078927
1994770615
1639965618
-345073494
-1400464555
-1790806532
-859434416
-1118440170
-267641175
-1496491837
-1659818594
32936925
-862753877
1854995207
-318350162
-743286155
-1004160104
604149503
1525418827
-154679519
-138887532
-436070512
54678369
-1076451193
521125289
1576348675
-1997662053
-62899584
1056856335
-1345101065
-1685603762
-1951679441
-668834131
-152797031
-1513586795
-587869356
-1786858273
760316945
1344283068
778195170
-390548102
968626239
-265414431
-565368114
-1923656436
-1323881562
1534103256
-267337943
763462247
-1892185176
-1942676401
631551088
-1382077856
490790643
703968306
1121585954
1361554388
-2055681221
68051280
-1605487469
-1777006613
929010217
2103360062
-1686617344
1847808672
2021233042
-2093731973
2077263586
1232611200
-46918932
268998613
1950625159
499525297
-1929175555
762486538
-1322535715
1673313845
-595770668
-1906574671
789858448
-1697332368
2065010429
-43284134
51993688
-1248943897
-278715921
701480948
-74639477
1446976586
-1746332471
-1468528273
344155641
-1160513356
1179167037
-7209823
1086112248
-590743248
-1426918452
537496685
-374666307
-1507719297
-686918349
186226210
1243349485
884704023
1553487652
1793880608
1002057587
1196817519
-519028679
1663199937
558785171
-354623367
2021192485
-1156694667
-2085027521
-406595472
1952918828
232131118
-1891905879
-563945005
-797214764
-693545729
-2027817447
1387094704
1379590621
-819790337
945647360
2073017893
1225118573
637031283
2106461772
-1527567069
-1960087153
-226188757
-1453860611
2099240821
2047558878
-120395732
-1674351625
724674816
404625277
935169423
-230912742
2094251852
1541029449
-506050648
-248497777
-1984148670
687259986
-1203336599
537707876
-1817652425
-1445718138
1459301384
-35921829
-1507278551
201877934
-780919072
2102891518
177441095
7901342
565929364
1821937399
1314665654
1615217320
-577460871
67981725
-1530112878
1064248401
-1960248523
-1814097966
1699520818
-1149259705
-863439453
-740140021
1560398256
1668819601
-1701258502
897511343
1911044007
221319944
2056887341
-774167387
-2029925570
-546321659
801315475
239924264
-925576347
-843881893
-91577398
-824471843
665568862
1993129863
997902297
1471799846
771325567
2027198246
-433066604
-1269588296
-46268619
-1086003545
-597735100
1376490602
-1224473012
-366811584
788797830
1063483216
575663468
-1165908443
-1356247437
1261593096
-329474074
-260781321
-695992575
-1005541037
1846257840
1812864378
880103592
1534383335
-1573282642
-713563765
1817228616
1265029506
-1267178189
-353818544
-936533175
1047244866
-943378746
-1521446480
777661444
547194675
-773324760
828715269
1224086625
1141393193
1988574613
-1181447920
764695488
-1969382704
-52847542
-650128595
943398172
1386160897
-528135609
1781138887
-403122579
8365142
836980310
85675533
-842620338
1479604736
1472881739
-841617179
1591173088
-1596071465
-1384851060
-205273311
872170733
1449915826
-1907806765
595773680
-826902961
353592824
1334148146
485121174
-467713389
1780435319
1498017879
-729129889
-733551912
1388484212
1971244049
1111492560
-465312259
-870639358
-1210662638
-7580640
-131356165
-549651817
1324786422
-1826992154
2060355470
-826888485
-1747470973
580619795
1368953882
1369856451
-234218702
-603206623
-979231283
1215759070
-640604178
-892582004
772359680
-772986386
2087427099
-1088784767
-2057282078
-1315991366
1601571801
644683733
1922230615
1005735458
1584789129
478006840
1465740317
2000125555
-2055187825
-160122199
-1181588176
1601840380
-2049535655
655280684
-1960240016
-1391652127
1166106528
-1561417029
96020096
-1899960530
2107680238
450075513
-1160789264
1375829039
1620872543
628132909
1102739613
1322014206
-1042576213
793853933
1328845911
-746133924
1616757091
333604633
-1441043003
-2049656380
1960712570
713876619
606574213
1459282365
-283242234
1428402700
-1394124905
-178311056
1560873032
-320399351
-1843846918
-1769531015
94926313
-262722427
-1052061801
652430337
-1850574458
1765461329
1032645982
-873309684
-1341091218
-153122437
928468910
857080079
-2041282902
-1075171836
783202298
958130117
-1209170371
-1068045868
108092073
-181148350
860927660
-1631372046
-576032708
1528505671
1449841344
-1895094545
791360693
1290059224
-203752823
-1696184157
313129271
-1170372084
752963494
986246427
1536044009
177364515
1356667332
-182964783
-1298499040
-1772295971
652881764
-1358977507
118780093
55367177
1491445472
472541676
-736411950
1682441819
-1793190993
-527944785
-1646952821
-1835667326
1433654247
1281555861
-1036507061
775389050
-1007537661
1587051003
-1331227627
-2119302626
-1506648346
-569499869
-456020691
1854472192
-1905948641
-911361500
-1842037762
-449050755
1257475694
816037153
-522950082
-382023413
-261087097
1249361085
1867507023
57349076
763379221
-1557475123
-1532869912
1575061384
1768318721
-1710306225
989498356
-1109979281
-1936983309
-1245413221
2135888314
-1458406723
314739992
1274970072
-1796312771
1273153065
23080998
1133056689
-745346843
293333695
-1408893284
-772844217
664986718
1263617525
2047894350
-1088376984
1905517247
170258173
-2136676832
536419329
-653059345
1312591193
709460241
2143417297
619283012
-1466596173
-114441861
-269996193
-1882777236
381913582
-452052584
2004898861
-1904499824
1791751544
-585169336
1627357486
1004612533
-1576442143
-1980601072
521424500
-199295898
-1369666127
-954411418
419525677
1244786064
-44029067
816293931
-24679216
1242639532
1729274651
293127288
445220498
-1516969182
-1581733505
-2048085860
-43116513
1555455724
954329925
-1925339035
1006685318
-250109574
-1162757144
1563566494
-1869006220
-1422231339
370876947
-1439595559
-1984480604
-1280473337
1340134703
-762963858
-295063147
905436089
-400621507
1384085187
-454311810
-999160804
-1070735899
2023289037
-1372614273
1036367116
-1777761843
-1594113067
-523422952
1690006387
1616667438
-152235649
-1707133218
-1282416917
-233866075
-986454777
901646187
461406887
1461458246
746834126
128330134
-505786222
-1282898185
-591613931
577035491
-1814943048
37393914
1670985991
-1180053699
-1408098587
-1461768757
1165003516
-1185687582
1986803851
1238406955
1665225979
846851486
-1714549528
-1176405124
-259018623
1766902843
1956537704
1199851855
871885952
1438711095
-966742969
673959483
-1963686742
92813239
-2129657990
-1858397712
1014352110
1828473787
-1218572849
-1196949877
-489817790
842337427
-2128600494
1205125674
-195241565
-255463790
251068915
375051715
-812514727
1636256768
-1746632859
-1010195151
-896700289
-176519852
155969864
-872819569
85596866
2077454498
-1979140471
1522958025
87461481
-1125856174
-1239870199
-1492956817
-1491347308
-447436526
-1609548164
1117741516
1374896072
-1176961267
-362891373
877836087
644845994
-754195876
-625156771
120850088
1955006730
1172966077
-135895830
1265339278
-304672733
-947543422
1134276913
1646225886
51077920
1688375499
1388847923
1257514351
-1472833822
-1617906953
-1577400225
-2075346300
1721780224
854309207
1867582264
-1105515606
1987081743
-835740892
-490124747
181115076
1743900450
210490803
1290631399
-1612631196
1062891412
1179577062
270806881
-377641893
1730468356
82236133
1425591251
1451275923
1618357152
403330318
-879654280
-1888003301
-16985946
191527977
1855240114
-831628669
1785167144
-158688800
-601071502
1781417833
994864655
-145715859
1793729757
-777288109
1079326305
-1295629932
-2008870612
-1244758337
-1157391162
-1046440492
930455763
-714782343
-441955001
917448409
539643877
978415659
241984345
1738254900
-1774100810
-48655814
-2116349926
-1281961651
1447472065
774898383
1651040473
1258022807
1982777292
-4410317
-1505072676
-2049728506
-1097947063
-120978337
298080604
1756480958
1739693055
-258392365
-1371851052
-957299700
369583593
-136517722
99177082
1778989465
345940574
-1427889186
629516557
-1494021412
-1057105295
-1130114303
-393297967
1734387664
334490010
-1002492437
2123939031
1820096743
1157536149
1853554402
137248642
786147133
-325019510
2007221991
80198981
1792586768
1640901997
572548174
2035639985
79401840
-1660793177
-277868911
-468461394
1413234226
-756809995
-34882720
1864637960
508030762
-2043800432
-1299169029
1407436077
230719384
-1322660210
-191379004
-41284044
-1955555614
762502279
-1107399409
1851487521
-1847156349
-486425477
-1183383236
2014649447
-560741565
-538733837
17988360
38132653
2108373160
114614629
1378709023
1751316181
-1525556308
-429474084
-2007203083
-1178418887
-1686847569
-894667048
1397355989
-1484279497
-1365698386
-1561742734
-1610386631
1143646191
510058933
-1315467324
1717101916
2113630539
877852306
-1583789177
-1679685875
-841301953
1206162635
-572563204
826920902
-840881327
744323025
1665287184
-1059320579
-186978981
-531954572
-1790174790
407026873
867724943
2033858457
1748701863
2489703
-1785734724
1127173163
-620999655
-1673877779
-1177796145
807226447
-847684852
-763830017
1055595419
-1096220197
-1466899046
1240812210
854659036
-465176056
-1615532384
-2039707826
-640980615
-1401712539
112179104
1178223719
-1855740919
-1060424434
-491103000
-1032712914
327081623
-84909538
-2095149068
-2057208060
-1764018519
1032189025
760157200
-802639024
1738100607
-749479090
1224270145
-1517358447
186681752
1728271411
-1538715291
-2079914826
965783161
-1450761039
1841429401
876065453
1052513456
78153835
297542106
965889337
1255243799
1233700346
-598354706
-523612920
-7519659
1668456227
-815877500
1771986948
-29532246
1700139084
-1527094886
-1080789016
1297923050
788271914
1032335646
-716198377
1178964937
-1113106241
1611889880
1228935336
213632602
-1917702525
-1972700026
500804805
-820792623
1057555169
-1086627512
880896565
-1362973040
-1469825820
-1620318914
-432829386
-227387552
1411078962
1589752175
-1596920944
1149257214
-527004104
616119788
1228750310
1197991130
1023623590
1741885492
1246363214
-1121161446
1011042590
-1383892006
-2079405276
733305828
1934992423
-1714730651
-1475785445
510638557
-118289049
1232693110
829160340
2041265900
17287441
-546043344
-408661454
1582436418
-883464549
-362160941
1486244781
-1190754658
942565812
-1422775894
-1315686937
648180429
198250101
1194138663
-554224836
2110236272
1754635478
-211582645
-2085749475
837403905
-208928925
657959499
-1587758113
1412800791
125538606
-831564432
939657168
574269929
421222151
1282982206
-1765644405
-1921045232
1022892010
1548439000
-4399219
-1435471728
-1900083016
-2090446686
-471832825
2091641112
-237306070
-512295384
-1293724171
-1565585271
1606246402
-1151824322
-1275387793
936353972
1208695938
-1246757273
-687606978
691418728
-1384492254
1805063802
11339185
-1112432469
-558831748
-287272062
674739377
1087987782
1479976331
-205939482
799324947
1952062342
1655964692
2131421129
-1056171219
1991182913
-224339357
406727859
-1835954773
1362599447
-1285939910
-768421008
925927843
-121050375
-1163790586
913766712
1656240614
-1613851665
1376563028
-678939377
604042136
805781525
1963988354
1295105646
-957742590
1210375142
-342728007
-950805981
-1723343962
1599679164
1429260058
-2118471307
-807922541
-1436849001
-2008738249
-446105717
-204365318
50076700
-1942665532
1528627469
469582594
-1591211807
1477360013
-165858805
1454056152
-1433644569
-1206223957
-2017270242
26740745
18941031
506918898
436811468
-618289901
-789028143
748080045
-1546173392
-1301357000
-150136815
-129256820
1259594714
721033365
-978724077
-67125795
554359283
-900143501
-72792439
-1699853574
-1014366043
-886725411
309651691
-1185846014
580846009
516218482
-1349070657
613400011
776242817
-681998468
-366929638
667011607
-623377929
1924687680
-698140058
1550159109
-1658881754
1326989975
329065316
1871294153
-1187451448
-402547779
-740532620
2099346079
-381464784
1591352168
1982842644
-87179268
-2094328470
-1550518500
-2094885978
-1145695482
1325591199
1087563965
-482887819
-791601082
1123223230
542215013
-81075975
1404176284
-850386599
1781739896
-95643558
551285362
-753590836
413501428
-660389326
956062004
252237220
-1157719283
215157399
-1317032961
-1366579907
-993193992
-244646825
-2080681320
1788780204
1339140103
-1235892091
337852319
-1737455905
1755668725
-367984076
1286624003
-757399293
1714472579
2000016002
-805247048
-1610839003
-783398589
34236632
-258840408
1774335771
2100997810
-8148113
855652582
-119132
1880354444
-1886196715
-1372472535
-992572978
2111312220
1287472
437609591
1529477272
895149138
275350275
418235936
-667010857
1052939864
1210006831
-837762323
-521767587
730370662
1759183997
642278297
-326241449
704457493
-1375368998
84409984
-126504458
388098930
-422782046
2107614870
-113647536
580362517
-1040403935
868423066
715017609
245003121
-491140011
1113097610
1005532973
181902444
-1849261063
-1646842535
607525344
294491697
1691535294
-943434529
-346527687
1948308037
-726006053
-27708400
-701477911
610029016
146133192
2102071664
1913509155
322344797
-1347146427
911365062
-367969224
1516837212
1986850977
-391873777
-1263199872
-1934573946
-524185544
694170805
-68569216
-2039725302
732379964
-1289093376
-2070879415
247318310
-1970062408
-735375412
1295769374
-40208640
-60955694
-1500810628
-2046600359
-158573643
135301968
-1281650386
-294938226
-141055566
-1504222884
-193946320
-2134565392
1895178307
681055883
-956659023
-1365470477
-1703915927
255501083
1272026043
1171440435
-1622814481
-171856516
-765168032
2082459027
-1357718081
1227117841
235921971
357758889
1244835953
-1414306505
171624698
1104331353
1342417956
1173369989
1830454945
-1258871617
-1771354479
-581192619
-75688848
-1206775470
-1589309348
900232323
1529265024
899197253
2135518893
-702374028
1479801451
304202288
-978462209
-389205414
-70806974
-1122721297
361346615
719582645
1247276739
-349367094
-752347144
862321180
-1251058229
-2019016234
-1591735499
340041020
316525065
1480581530
2089955079
974084897
429780212
-1169179916
-830227776
-1665863756
97725438
-1898214851
-2059648961
-965309308
-1722116855
-1914063189
17612677
-458086712
1739894298
571046391
-683942008
1022697892
1654721611
-786342337
-1120116665
-1072113493
1265100294
1913468460
1125128734
-1858154843
-756149136
-1117719721
-552919462
-1214610287
1401108514
-1927807256
-2075144944
-1538048787
-1574898402
-1588660096
-107613142
162017076
617445888
1772093272
610028482
-903483481
1212335731
-241702486
-825957454
-1637609648
1797219558
356322895
961697387
-777111485
670862208
-419003223
1187304710
40651303
-1928275887
757923522
-860659560
-833537292
-1228530487
-282287691
-1334917943
1687207933
-1910772627
-1209958324
-360634457
232260400
857203399
-618750998
1559642807
1120266397
706729117
1094291371
-154822323
442738740
2015977574
-435992119
-629587939
-353976366
-395472391
-314017983
-322893295
1678868862
637963655
1668974005
709570140
873972207
-1077381685
265052052
-1741112370
843148113
-1543110273
605832823
1360358762
-572721080
-402361327
-1196003378
-1365265355
-927982796
2062151062
1687308219
-2010707376
-768272970
-1590934017
-1872331203
-351018168
1087865971
590735241
1779319441
680381869
541827864
190405754
1350324436
-177628703
1950829725
-1417444343
-987843091
567450161
-443270196
-1515740515
543190441
-373338071
2028425220
-1981824710
-1843118298
1869814563
-2090804678
-1376841672
518421365
-883704799
-1672071616
-2105851595
-186023301
-1988967716
1866806345
1714228300
1823158807
177747996
2144736940
-852011898
2065671049
1033705802
-1529272344
935829392
487578385
-1950779069
-226939672
-1965435730
130108886
-1202496914
1068251015
-938182929
-1913298423
1209570832
1803590997
703712930
1738427722
-989895458
209458843
1422767624
-929499830
-1167172397
-1826666084
-1833501366
-1248741711
2005268547
-251640291
442407341
-1204537791
-1030555088
470988072
-798092285
1126473786
-2125315108
-505626356
422701668
893581824
-1826361441
1287911847
1981536542
-794859013
1842660602
-1098008346
1248607977
512793022
-2004723221
-85800052
730927199
2110494314
-477137534
-748789197
935071402
-76623020
2112063412
1756139152
-1491520130
48771813
-804697490
-239283973
-181824439
-323470911
1382932461
1733392941
-682228055
1871892523
373490252
125625674
-1357873122
75511208
-711190434
1579798050
672259840
-475591967
-259570755
-572766285
1504541363
1989318093
1063304227
1521293042
-1676484328
1951835151
-1213199369
827946442
-1830193338
1982115740
-1379663317
425558628
-315035271
-1241765472
725314884
-1548755287
1917638218
-10874974
-554306630
202982404
57704736
829042405
-1496736383
562761580
-700164122
1031715345
-2079399193
-1098643039
-633067522
1639519507
-354528096
901967797
-1188962700
-1189545152
368587039
-1652916275
1545015158
-1244306496
1073707814
1815285288
998441219
-80426967
188179872
314697312
-783143709
2001777002
-997513042
1451162864
1560767958
-578113814
-1433037825
442873078
1091456016
1714887664
-1495338396
-44712391
-813622045
1365530437
2078085794
-210415764
-2012943938
1340821783
-425031286
-1996078925
-334998955
23106335
-2061008569
1377028711
-103686623
-448059642
-108549642
-1267274730
-1801621237
-730267900
410394491
-2062827571
399497059
-1700870966
1479628946
768753048
-1203593962
48968354
-225545436
1431909193
1209639968
1779718867
-1963691557
1618637944
1119301183
535265609
-782942472
39552715
2121944553
-406164619
-986478493
1142312567
2084500095
891767410
1965148419
-1583251706
2018902977
883598184
-2129128624
-1261906854
1092567172
-808658379
902000933
1434540017
-2083138397
60244553
-708121382
-1998178711
62642738
-1473324591
-248277102
1106176327
-908051975
313332503
1942888656
280475891
1065197344
1618038824
523096912
-482223354
-1180143066
815527094
1280445204
-316624696
-571666665
-1341246912
1109948604
1860037108
-2082559234
609743471
-375405030
842436541
313171095
883917763
-1016631291
837762069
-1966408631
-1817908114
1743972717
-1692532436
1580126034
184354687
-2061280336
1991034166
1272787523
1396625475
-816015317
750720625
-1166264657
1145012199
452923154
1423096678
-1904515041
1637900642
1216995204
86147950
1882008648
1207664529
-1505405735
-163112073
-1827048833
732598691
1200055614
1032448776
-1249417620
853920183
-928447100
1159347586
-1797056002
-1599182398
1356621364
-1248511065
75455134
1322468022
-41849370
-1403684512
797124006
161186272
1855390930
1443306426
131428372
-779718511
-289602137
-1857430735
567358842
-1923806720
-1004279909
-637901263
448201273
712805230
134510019
1867573209
1970302190
-898669941
-250927196
1973073665
-1718799573
1243356696
-1614287095
204566910
1252584809
-187153203
468487958
-1045297244
-1377595843
1994864252
-1959735139
261782540
1728454858
1949006709
-1873467473
731732886
-762283402
2006132268
-684614026
1684418993
746836960
364260121
-750249662
-914719527
143228177
321376991
-1372698655
781641569
-833347343
-2090161488
-208349134
-626997134
-1743959045
713594606
653704700
-851431086
1871194676
-683217898
-1537956869
1823935209
1158525017
-116870695
-686958020
1406011265
1462084695
-789613429
1630098858
-1778881331
285423871
1542277312
-2022271769
576453164
-1938607879
1770054964
1964473951
1970958126
-7029511
1526658795
1484884891
-921799082
-41580239
1071256473
1041618386
-1299843039
-692277754
-1903366589
-162211899
782244423
-917014523
-1646218715
1890318540
-2074775744
2119580440
1770235862
1026045227
110434825
1710662900
-1518171990
1882879913
1674177063
1983660757
-528931753
-781223837
-3755028
579808877
-1972028198
163984605
1760127224
-714861031
1624292507
-1116908199
-1204243198
-195029931
-1678333233
6361964
-29875496
1738410610
-1923579363
451442125
1869286820
-1797098874
1208995203
-477498001
71230064
-890905437
-1073598597
754769874
-1533446677
-1230140598
807155545
-1726084458
-1211075987
-529734879
-493246218
323202129
1251680824
