1896506249
-959740170
-360686472
1910377794
-157032914
-1894683180
-55357199
-1427278765
-568908567
1059807455
-1444582982
-90349438
1851970334
-801142659
1964494903
692833519
1958492022
943239840
1196678983
690894077
1039916001
-85994368
-872475411
-866595036
-1443100194
983528331
2102000178
847126789
-542847239
-815781479
1993024842
-368361282
-636140139
-2060666780
298170869
-441034881
-1206770197
1816092727
-55768024
-354797219
-757210286
-1342083612
-731035412
-2024593819
421452224
-2053032966
1276856708
-868349708
-1313058928
-1401822409
355202261
1866253637
971198341
-1517554117
292934402
-755536309
82878222
475800703
-683296938
716927937
487412939
305795204
1358537831
563551614
-1541418161
-889248433
-1021096329
1684072461
-427086809
2066306835
-395976675
1023383165
-2142032101
-2002994384
525919524
1027673460
1910221235
953297756
116686770
1171999626
-1075995908
-915380193
-408335444
336859860
311779212
-1104122236
478712921
-750708803
-690415166
801436941
1862778949
-266614499
1224137298
-695712793
993269607
-402586237
-248623872
-1741497250
-673560699
-421113387
-594416213
1829806994
1752648407
1901290779
-279443060
1448182891
335451370
-582476393
1063522495
-412238647
-438588985
451162904
1800731651
258296320
206799700
-181978481
1408092861
-1893390205
181168377
158650082
-1216783038
131357406
97066374
-755895552
-1323618475
561376233
-473004205
982384948
-1928153362
-949198790
1480144552
-1495614530
1192192829
1614695131
1836740191
-587443553
756004845
-1346176708
294294215
-1892453708
-668639059
1775856234
-338091316
-217009658
152967403
2134574465
769695572
2055335264
297227234
-1323383969
-1861810965
-186684639
-1477406505
-1032274022
-1546011743
690476882
813672350
-1444059981
1614684466
-168334086
1537136995
-447830133
-1575087768
1337450673
77900198
-1578301931
-55963459
122413170
-1924021369
-345162420
29424963
609369269
-641634493
-932255129
-576230968
726273725
-710059010
-664827061
523700020
-761106386
1065206210
462983745
877707318
928356322
-710205497
1973321961
31615775
1800957948
-276358412
-868073875
-1468320243
1797585212
-942260059
1959075064
-126340789
-449376364
368882094
-1389149591
-175858696
1538810875
236714400
-483432380
-1765812506
-1357791358
295736906
1839605480
1502945731
216327076
-1801325694
-2087829497
1332708990
592681953
1499455269
-1304519599
-1137273117
-1179790195
-1101743781
-382078862
-1155080056
-420885788
-1794906849
-1696907969
1801665260
-655971742
-1272955650
541957931
-70626340
-559207599
522096670
-420667137
1349393944
1624704675
1543793537
1154844105
-1849620937
-275295487
377729931
-1254146539
-2006511161
702226211
-243805759
-1432748966
1725385911
797367650
-572425517
-816341833
1574709497
-1791331189
885674204
508646367
-926436253
-2061039115
1749673447
-1948493488
-1139095338
1252972756
1803150005
1480753354
-1951622495
-145052976
-104901188
-1767475457
1448233255
-195705391
-139760013
-274557562
-1831053890
358245148
320219340
1483506197
-415619878
1577452451
557427970
-46723857
-1930302102
-231852648
415066004
1261372059
538819201
1111727938
-955507312
587654358
-972790983
660235028
-465534700
1137753801
409967827
1548497147
329779729
-568031106
-1857123549
869898487
-661383342
-1669018224
1363571498
200635117
-64119876
-556102878
-238455804
1438543802
1098898391
922515730
-1436194300
-178772085
1160970124
-1564134803
-679780323
-1374275221
-1095271376
-2139164380
-122539133
-1954459619
87005889
-1281175296
2105363857
401023019
997498478
-44773933
1211799533
1654895422
543772508
-1125846801
855183081
-1671195472
2074340775
1680957916
908826156
2072228703
110481574
558648900
530707345
-676524860
-1745406349
-41689806
962335822
1998026051
245499817
-652631685
1651114072
-222293564
-630287505
-841334917
575479814
-963291519
693209013
681392644
1064679412
274964257
1294641597
230693524
-1782464727
2037036038
1202197213
774858949
-258968708
741724386
-174459518
-1799150327
-951037901
1070923920
-1102107016
1574681237
295914220
1949295137
642983527
679976093
1133476544
-1776866508
594134944
-1068956990
-1863283292
372997002
-1976660967
337017032
734048275
-779790888
-1601706058
833107340
-2129278231
1421038047
-1955556662
114257204
-551928942
-169813063
1991014620
-323743064
689334883
1978209398
-2112401491
-39273408
-1340939449
-826365977
2123831929
1695260605
888198301
-871715911
-1533207171
-458827395
-296675231
-974005308
-1010563655
-747539734
-142595191
-1543452763
247613687
-1313481677
1075820465
1429521801
-187432437
-575025857
1152160505
1663090252
1378864475
-179387939
9067054
-1098242366
1213098401
1936819519
-1993602777
2093726291
-318430993
1083343016
428029297
-334443828
-1594933773
1334296932
1800785710
844446068
-1297936004
1271196153
-1682666439
-180130466
821251132
-1903918437
1858757006
1087036157
-1421496113
2068929764
668970729
-857804547
-1743494661
1880489668
-890109780
-1183351216
792678713
1019431093
401312773
132703622
2082967924
-1442919629
-493631153
1127985505
182882832
-1201897621
939839673
-2087690584
-393247187
-1448159438
-1861788379
-334139589
1216969772
2134071352
-898524846
-320660889
1425336689
-1055836547
-809297092
-2089734533
-705188246
822256131
-2097499710
-762251365
267835088
-2108113980
222881929
790511571
-1686791635
-1877645850
554460704
-164119441
-289054563
2111136556
-323778460
-1912570743
-1037381672
486046127
1374741286
133246178
-1898437521
740068558
191268106
1155089653
-664970411
517726819
-1899616591
-736267959
724758432
235800375
-660428774
1119997702
973877393
-254933321
-1139703739
816041163
48919505
-209720857
-2130640103
1680917694
-1531271171
-2026196586
1796383111
-1541168157
-1831138460
-392478766
1846970350
1554330289
629082895
1683481758
-1086832960
-691023134
1891864065
-2127330846
-524144282
-128924022
-1599721281
-1653966174
609763169
1508791403
1781937426
413327730
-1159218255
-665100921
176040458
638360105
881688185
943077365
-1508798394
603284180
-1550258973
-979770632
152698483
1373632493
1725766465
243656781
-344749551
-479410227
1324313972
-1764589885
522221693
1616243038
1644517777
564904465
-581403605
-1750644204
-652660543
1894257635
-1342701006
-243841251
421007976
54196790
-296201203
-571267626
-765891192
-662237467
635539871
1976967041
700626023
-593046398
204719991
-23530443
-805296528
-1506966423
1121232213
118700309
1315296342
1696475666
-2027710227
-953756220
345653887
1856544679
758010090
-1717476072
408833439
-605995050
-2061767627
33975565
668743074
1533108455
428169590
598778363
-1860046130
504098064
1702210266
-1142445813
84490536
-1089295352
-1959435753
678104551
-753807849
336466393
-709887828
1321885616
-589753273
-322787590
91433069
300788021
623112656
1078746524
-63195074
-1716471712
1176401046
-132552636
-1359228642
-408491789
-1496917774
765683097
176365415
-482056588
514840209
258930047
-625916845
973412710
597710748
-641266845
-1147184190
-1527204935
1280638489
288002520
-1615488455
-1885433726
956963728
-55037085
-1049737427
-478979346
62586609
-682795886
-1411934334
993898612
-1855079244
1003146066
-436589490
-934923703
967890242
1967275906
1130510817
1165670937
-1679663725
-336191293
-1285186807
-398219789
1764658711
1296903569
-241085295
-3313788
-793912358
74024855
-926069493
16253575
-420937758
1949544766
-978502449
-364870020
1166774491
1201623174
-1630397885
-15626345
-1854663946
1392036633
391087707
-802100485
249209357
1986531229
1656552803
-826181081
-885679606
-674881463
-1206726660
1673712048
-1391074935
-1784139078
-1150343069
-832598224
1370143420
-799246073
617586681
720804478
-1875427697
-322836462
-1081071361
-1160067553
-1279138292
967151393
-1001893728
1149731579
-1930902017
1743082668
548150580
-1799316653
-548708131
1765878904
2141588674
1711155442
-106614047
1992366820
-1825310777
1273313954
2076335223
-148399742
166255669
2007031009
204082910
1431122153
-946744130
-151619116
-1896833272
918248392
-73613231
1579926652
-102931772
-374732994
-591176220
-75259097
909032478
-538688407
-2140807052
-713372376
1342764805
122552125
288112457
-767291447
356703534
1108201110
-1271544194
-1165005184
-217242568
-184864369
-1701663808
44470881
2048924177
-64827884
-163861675
-962839340
904737687
-2009627467
-92802720
-2014072441
453534082
-1109365315
1742852963
-2013246555
-2049486976
104928131
-666952188
294433352
-1026362975
135953919
-2039874797
1499226155
931791861
1069081503
1725150155
1997632163
895049842
986387291
1308283735
841741263
515460891
159247366
-1614647912
1215763470
340603999
-2130217753
-1657762267
1871447729
-1177206338
1249012616
703992723
-1722190351
-1829237582
1412717261
-1602061579
521781795
-422301748
1394970439
-1769316442
101810217
1437096476
1628667082
-451955899
-384636117
1206022358
429615420
-1167658496
2019179911
-271800527
-1836814160
1386534677
1914840325
-1189498734
1085093554
1335121302
1619969615
301953257
-418195228
-1257449108
-259980385
2057424731
-2017724727
-1250093923
-271910214
-1618637023
2141971168
-1392583471
-1151734244
-52604241
1554993396
-1685267183
1584991604
-1862193896
118822322
-650436654
-829173422
-1903991376
-814036101
-1646283470
1914035742
-1067757070
721318011
-928450176
-1737383348
-2033620572
329470458
1609777154
1144398797
2015754553
1623841010
-829954575
-374361912
-402778507
293538784
2106331592
-1005164663
-419906729
-1721640481
570794685
-1945581127
-516412622
1177125617
-1103031153
-1958752561
1703544348
-658919008
-892642430
-699586106
133869196
1449531845
1415511207
1695266320
-729356994
-556748633
-1135352223
-1871364151
-1661943974
1173017159
-1810510557
1477450544
896228052
827516921
706547838
-1655029934
-1323109099
969761846
2082630746
398383111
131942363
-567203920
-1895433597
721322786
-1958195107
168600487
-1654241177
-2084459293
-481565518
1086999931
443319581
-1651523664
1058323314
-1418709119
1797196713
1105009412
987089309
-327163111
903597438
76350887
44505787
-1472684033
-1045405373
-1906045153
934774597
-1596977950
-1638024742
-1397058458
1886973251
1935248690
2117192093
377904092
482660149
-733034434
482448874
1288535167
-1905165001
1597539709
1429372641
251921496
-1280431009
-182945237
1080672108
1576604216
620666985
1714019351
-1285199489
-1055959388
-619361386
-157823557
-1603116384
1825058829
-1420490544
-1071253620
1462183081
1986516548
1790039058
632873619
256067276
-1846785748
-801495802
1987110973
2114982616
83359408
1225314287
-2048668818
-589387078
-840152073
1895403720
-1020375333
-167476667
964666838
-1132944211
710433944
-1132515019
-1243786106
-1570237062
270242544
494199153
135636630
-1214538831
415582836
576118159
-1165021406
1242970785
-722835114
-490732643
-1198933179
524483267
1127520247
-159309794
1456909003
-1475058074
1794484925
518616403
1005690923
-829641585
279401770
1249505979
-1663059021
468356634
692746794
1008066779
2011878917
1809152292
-1124422229
1454114113
-307139135
1638233772
-1052787854
-192970042
-1688519549
-141963657
-1846524116
1709701652
558737167
2115732789
-518661693
450145896
2142928075
1545017569
-1670123533
2094445207
152484461
-1815404691
-1755783652
-919444907
-1322368012
746564509
175676761
2075700149
23382491
-470508494
-822159920
137161963
-150778484
760428875
-821642677
822372953
980744467
1372701704
-2122544888
-73883448
491601427
973986928
-2091530804
1404434421
2082238460
-670244460
-380993219
-419129008
1337412990
-1759531020
-1123335823
-1537118465
1793666360
-2099682784
345268162
-400978136
-1932541516
-954271838
989392867
-2074437776
-1063606121
-1420818917
-1257470920
424590526
-1739048684
-2014914389
1525965665
713265987
2099004834
1659937174
-283245801
-341388610
1516553454
-1297833437
1151458363
1033149180
-798255599
946564295
938929196
-362349410
-934030331
1477813635
374110040
65980958
1628728405
-1055660918
119857429
-939920109
1273556244
-1736990938
707112113
-1991509068
-1641234929
-1667286309
1035860935
-2022626662
471087429
1693298380
998645204
316520137
-17148265
-82815139
-1437596407
-766118928
573628091
-1906581479
-855002014
-89314576
1840011638
116615126
-32507146
247256218
-708564214
1140540183
-1314844527
-1823589188
-1647143700
-129302352
-586946689
-1781739170
-267940423
1781044400
66209706
87532105
-1166236565
-19870342
1881212647
2133644488
-137927993
3110709
681767564
793907122
-1423252711
-1536437915
93863493
-771152985
1835044131
571751130
-1318745049
1955623832
704327250
-1023526968
-657792507
-1868373619
-840507085
295581239
400826370
144917410
146503716
-1427327843
279039079
-6576814
-1145151666
405057224
1357007030
-1105667849
1305225682
-1576962815
1614857215
-1100014191
1513176642
14700910
691043953
-1870865211
1157387858
1955372984
2068853299
-1026767575
1355597263
1640184557
927642996
625525950
1003076815
1826907558
-1135138368
214149053
-91293399
-417755028
-306426731
1186422678
1672387367
-1482251689
-253772490
-168675787
-64024198
1551149047
61033406
-338857594
1080512621
1700662392
1012901239
1378626363
-603273123
1000521984
-101911956
-1188470580
458870632
-1402145189
1746876476
877166527
1031959140
548752602
-47868367
107737641
814276883
1214226039
-1013404016
235499380
281930132
-1604860099
-990523086
1548490081
-1396885733
-167243802
-301352109
240160080
1603553252
-1543954747
1537671337
262652351
533614180
1443205862
2133946808
353429520
1573941698
-1651921549
-381086876
371450510
-1187700347
295284057
-1972077625
1353793201
231501965
-1697660630
-1219254204
1898795937
-2142065849
2012001092
1692508380
-1664072456
356359451
2123674675
-1562608449
-1804800564
-1122748119
-1138497709
-338650074
110950379
1489738293
1814861242
482159455
-50289816
-253784609
-420795564
-954907863
1865744982
-1836310761
-1072012722
-1472054719
-955536173
317772751
-2141962056
-956236740
549138760
1597870577
-959263643
-2109900393
1869595886
1049911186
-248669931
-1951628020
1326971027
759853672
-1059089195
-1147817434
398554525
-1528413575
-1657620826
407111959
-376043697
266310677
-1444580515
-1683119159
-1832291254
1593945350
-1044898615
-766539726
-691213225
-1214306043
-1504800998
-1875094548
941952611
-1328930450
917819520
-1305375484
-1333015862
-1178952649
-241465582
1232120849
-36198952
1740142110
1246456049
391525256
1505107595
-578995167
-1516434771
-495294385
-1629536866
1146464307
288665574
-942899313
1413779650
1603384620
-1189608906
533878222
-1507977682
-934445568
-1330785714
541328188
-1847862182
-108241869
580274014
-572792500
220944902
1447229836
1489772730
1588123014
-1783905664
59001096
577105338
-1011223141
-1092822489
1271962385
-531079199
1054333113
579342122
885342447
1426660160
795945504
-1248077163
-1587645569
898869532
-702197515
1550691726
1608806689
1436053710
431046998
-1646858533
-1497889034
562551530
-1213216082
954584230
96598347
1708786339
1625290569
-584915324
-1500774577
767924590
-256290518
1442386867
-1035909620
-938549020
-2076237796
-1629697629
-1774211436
-692986132
1501623558
-744167753
1690450810
884551704
1497896579
257877324
2059428228
-1765467057
207004338
-1744520455
-39506018
484233645
-1365870007
1058727960
-700677616
-1050809946
-1847375632
2057403269
1231271155
930913393
553402060
1059786405
1173260769
-1777776989
1994346329
798555562
-1459079957
794174745
-1600583300
-382967788
1919141071
1868720923
-1934533416
1871676794
1192122986
605951677
1158602848
1819540105
-1746345109
1928079240
196046380
-979543475
519457865
415177562
422455440
720465839
939941238
-1316629110
721173611
-1599444162
1561638868
1448957007
2008216764
-1471139535
-130636696
979228769
-2026179718
-1041628244
-211178675
1109418720
1810736035
1311378754
1296049642
1015262581
-560777067
-429355077
1334329447
570818743
1248906909
-1872970986
1440554588
-176452401
1035960525
-1780649775
-723970357
-750835619
1595836434
-1932232857
849034064
-713713251
-1222658171
1429398041
499228310
-2099655227
523168257
-1705135887
1008537101
-200629582
571094261
393604355
226112217
263792322
-955648902
1515177205
-1272492531
-1432325373
768935079
-1407160894
1805452312
-618757236
-1391543260
-920466502
-249304193
-338185685
1230076925
367994828
431477452
1933883200
-610146120
2051175687
-1895501371
-1180347160
2092179625
699787870
-227903007
-1311764387
-1239579773
-1548749653
-474924553
-302408293
1495457586
-1864121098
148654392
-1642798777
-2055465496
-565903626
-798692001
1679207628
-1906077322
1336495063
1318203430
-1586063161
-891742244
-2018912963
212850683
1928896932
-1939548893
988998792
-1662011404
1650551433
522235497
-2091883943
855345919
-1821291918
-744803780
1588154965
-1091776931
-392132708
948484651
-1341757656
700665680
-19307225
1013748122
820632269
1590321170
-2079136010
1739404758
-940525813
-1578999
226062297
-1960574104
-1826022846
-1429224647
1291886062
2137646254
-1996389273
-171367174
504105283
455595430
242315340
458945002
-74266432
-1546956531
-197411548
940524836
-637804220
1231813288
1815063622
63804593
1110442765
-307160352
710244145
-1001510594
-1136707236
-1956986988
-918568496
2132860175
-859869096
704353835
-326406914
183260723
-621611726
-861023513
-2060743349
-668323847
-2062265207
1012840833
280463872
620218274
370621200
-1007576335
-70408096
-992305065
-1023132562
-684434292
1207732016
-539848099
-133192603
1789713492
-875934087
-1425852026
-1662405067
1256703627
1872271244
1944147690
-959906238
-1419333495
-2003807929
-1402463785
-1550476812
685018319
1135682709
1990558725
2124847582
-1526412197
450108730
1730960654
-219094494
1454555453
-1272341808
2079156508
-1298584302
-1740892567
-1095315956
786487011
-1496247269
-118853425
1272399429
-452716334
-1761525026
-1324511832
-2096409801
29334916
1908488351
1265136147
312753923
-1878320260
-817939486
1669955552
1768662138
-1528929263
1237410899
432964522
326329754
1961357735
-267198746
5443626
-888142248
560047391
-583086018
152615626
920088479
-1066441072
187464018
2057178488
1922719384
1408933174
-926514610
1309819325
1945044012
-1447513430
43093942
379656461
-280520506
1597642067
1412728273
-1120704928
1895295069
281177628
-726196668
-592044799
37296817
-1736311449
-731794436
1505949861
-1922352172
-254586048
-1938593455
983765694
-1429714709
-157296939
-1399714712
-1420494575
-139147979
-733949658
36265432
835000710
1125522252
542764792
1361419663
704681790
-522760533
-1031442930
634356214
-837296918
1380499824
-126260837
-1689387693
48726106
412095073
-1798243854
464811375
1733512020
908678964
-333767809
868897144
1340636583
1556821770
947687674
270729768
1520016510
-1978422980
1464939736
-655628251
-1634245895
1870355546
705457669
1212660907
-2140166151
1030359408
190823376
-899325849
1272204603
-1775880309
1588170023
-1594215258
-1611035736
-1610665093
1629345539
-1280941393
-895733526
2126004185
-448979419
1582019948
-2051694014
1193820491
1229318146
63301967
1710012568
-1519293690
-1013463301
-386034062
825215443
-1838633068
2076079568
-1069737728
1859482474
1073543639
-145836458
-650044461
-1033438661
-1024822707
1042671464
-2047563426
286282651
1644582036
221808155
2019747533
1826565037
221518129
959122997
-1704534678
968588535
-2015561844
1974726110
-1253837246
-1147564750
-925957058
2071756951
-1529345016
353264481
-201756785
-1759361684
1640118072
-563279068
-439375814
408470629
-437798785
-1457243827
1416980082
-1556097215
1903338841
-1904663117
477225769
-955692698
-1979958532
-46813626
-171393137
1598292754
-598803596
1420629859
-549756712
-2016267305
21690638
232521065
1616757826
1643327557
-1170672646
-1566749812
-195686570
-1709115672
511651371
-2009642008
-1630642067
-972255116
645208450
992027865
-1089166475
-16531649
457262122
-418228343
-1831047435
-222449170
2088707909
-579660854
-1361892019
1513336179
-2011120696
375223589
-1351150014
-419044810
-1982203486
46988594
-56247110
1127997586
-1683839709
849010473
643773635
1748197506
1656557211
-1011158855
-578349607
-7909221
1249290305
1393972248
406642024
-1897635779
-1581148585
-1482805414
-1829145201
761231621
286563722
-1895693050
-1640504282
1899355013
-51309666
907706854
1347118594
522572599
1564784202
-1764568033
-1805288841
336213422
1154976864
-1620582528
-1091394787
-2058215155
341062961
1282794270
-459482153
1620159933
343624238
-1245551584
145690385
-1929410726
-923224366
-1103531562
-1316681144
-1770086163
-1285805377
-1083009264
-1301825841
-938313632
-769390041
-914158419
703437519
-1768973010
-321093523
1579680114
1056171662
188837465
-1706387189
1940720412
-54226444
1817789345
-357203275
-442493769
-2059252149
-309692942
752771263
-1197122000
1580945478
-1317405923
1918455483
13852969
-510642620
-1142978357
1040218726
673689356
1324125909
-1079938387
1063548867
1914903650
-308100228
-2095859720
-1498729592
732745061
1578462134
706081808
-1753143367
272693203
942951483
1230186115
-1781090669
946433540
1882424963
-1566472648
-1638019158
-557103298
-2012758901
-1347431449
-2057682091
-2114569912
731524312
1091624907
1654220873
1188525885
-1823208772
-74631530
1468790659
-75814495
-1932486953
531507621
382157419
14996409
-1199981600
-151738763
-522115274
-1770505706
-859098203
1650561364
1810655115
921804403
825522256
773625691
-2028911255
-1215994688
861013483
157395867
-1927771577
-1028885122
1840951333
-810769515
-1921164164
-895225523
-1473900459
1671276271
-839088415
821823938
-1048752193
-595040667
484316852
-1174727810
-709373418
-1874113027
-1197444161
1633101179
1333363778
1663772286
310007480
-887498327
2021708643
1111677474
-929349141
749142713
810455060
970870922
694706198
270035767
106054131
-485321231
-865210989
2091774430
545894241
173326756
513511356
724735783
824876422
1190416305
-1746649462
-1574154205
-1579545449
-2005605922
113288319
-1665813878
-379292581
1578015709
1822234821
-2059547118
1579074794
1566281405
724211607
878429957
1800417208
-1297356894
1075600608
-2136406515
-947847983
-1495149128
1766982945
-2006052526
-1802833819
256990052
-787982185
1444635334
1695286407
-349208900
1051272348
-2042048577
899971889
1524600121
1333053261
-1366600251
-143291253
119826091
1623609708
1226465453
1424373100
-1809382548
912089736
121298406
-1509430752
-308106792
2564955
1693954322
1598894443
-644184324
-692977038
-1055629864
-1344246834
84123276
-1710352621
-1113589000
352930568
-1794554342
-23703974
1163641503
-1309426209
-1891524731
-1942174043
-779496453
-1760340960
915064495
431422769
-672269806
1854562019
-794777998
1938600453
454265807
1538019603
1694935251
567715342
-1131890339
656876588
-1746946440
-1129801845
-890185032
-136854202
771897687
-1191960406
-908815487
101305939
1648170672
-1268229005
-1473257455
-1675423836
-1986145220
-794003995
1647009743
-926962255
-1797825370
-745437858
1399812294
-615786727
2062292794
1421500479
257224817
-646687001
741689052
-134332721
-2078231079
-778598634
806151226
1756716127
-1414260511
1223976791
-771856571
-1150487121
401480416
200137744
-927583268
-344831600
413009008
-1483449944
-2144428598
511344586
-173962107
-1643610111
-720062478
480746047
-19538751
-1888654779
-1202822456
1284035664
-702281979
-1354123546
841895427
1941378175
-77152181
-828208161
-595992176
1402229844
-9407310
1712069439
-1540341303
-255909243
-397014822
-2069926937
1732305638
1228514128
-560735119
-2122487151
1918066611
1934996267
-1511529970
830703381
-1767274621
2087587744
924115005
576086503
1396692836
-326194575
-428855334
-1423225372
-1646275949
28084994
1331465122
989964877
739962418
-1808801288
65651974
663312659
-1738800072
496579356
452620866
-536619692
2141749672
-1556825723
-741480018
272739877
1216988165
-799184394
-455205292
968255890
-299214332
2013476740
-1025101374
532222946
591010691
171867772
1692389152
682098462
-773370694
1928640898
1074963332
1544189652
1214922927
-533666563
2100463492
-969708520
-679203089
1276392626
-1572983284
-527147573
-785829766
1835663279
362376306
-887095009
1821939710
489948778
1123774407
185626202
1235622216
-315459800
-1418038417
-1906518567
36271095
-574794589
2089012468
-1922629289
1169266034
-25484570
925393174
-1104599697
1811113499
-1747255684
-1760373210
431015774
-1120160316
-252280375
-134342765
775666446
414120801
820124854
1993866949
-635929265
1167645695
1907933844
-1843055319
364605031
2058923253
958009913
150512524
-1433489204
1268213080
-341812113
-1440611667
-535121873
-1144606029
-649712497
56385804
377590972
699409655
1980315496
-746671608
1143482016
-1047091792
-1634544540
-2009220568
1896539595
1423683193
982279405
959442104
-1394189834
-1665338702
-1748480500
-1548153193
-96084249
-506040209
-791779245
-544427441
536637683
-1241506637
-253425155
1725161830
-390119996
1407033053
765333331
-1057782029
-1244529316
1911148386
-58620592
-1732874381
1513183065
-47256132
1759894151
1333195229
1739053178
-1921531487
1688189508
-1810786829
-1560396703
953490296
-869141007
388713434
1883246490
706111496
247996603
-336918292
807005660
1821068146
1372373365
1441783245
-1142497139
1515157345
429276860
-532031044
861315467
281096319
-88872614
1590513451
-319896023
64370474
1008126191
-2139271792
-1639639433
-200669337
669519566
-2008849283
1240569030
383493142
-1181134044
-1778908178
-2078606998
-1904189081
1910046815
908070369
-2090293567
1842635404
249008332
402222380
-682534540
-2132230481
1324384898
1220134282
-1636951812
605716774
2006197630
-176189194
-1678955416
1251801317
947759119
-593019332
2058950492
-720041164
1846740340
2017141964
329507676
-662012511
-477971773
-816946735
1512520010
13593399
1343055371
1618997889
491654957
-825403153
-1859669060
-303784010
-2006651341
-970285722
1728265799
527142589
-44428040
1437732816
1892893697
230329198
-1048118776
1041379884
-1408477364
1102864252
154202786
-1037546824
-1943245576
-1913861362
1051132351
106897575
-1047859994
856879758
1002378066
-1460645871
-1148802834
-338405953
1607804880
-162371285
-949887486
-23616491
-1919732751
-888320329
-1350917229
617611840
-1024411464
-1982756931
-527405773
-1757506295
121984945
-783910789
850231931
-1723767454
926541689
1271838361
2069205294
2133062071
-384316285
-71242591
1695071646
97976458
1705941528
1804009645
-1354967730
1522174014
-284934241
-1040420255
-672888872
-243417038
914638366
-1283447781
1320602129
432451345
-1398349312
-558038167
551995242
-1617704345
-196027112
1282426043
-1675688552
-446727304
951688421
1789601369
-1348952457
792108364
-306919145
293170838
-330189781
-277854194
-468625838
2008357189
1878295432
298220951
-560465615
-1100814228
-483215181
-1787524284
-2075179635
377146423
175041033
1811494159
-1169424898
-340109777
1623743807
90701277
-289908831
-833705045
1614510793
1175855380
-2010827237
-1610175610
-1479830657
-1188753040
-1679514658
1469397778
953212030
-1456107241
-463664469
947318347
-1060125364
-1448364310
288944215
-678592689
-202568641
-392334051
1599028177
-1900623603
-1620822754
285897993
-1722005918
-204719811
2040284680
1603624000
1701068087
-1932333681
416345748
-287060255
152803100
-755765210
-1878753991
-582237394
-1841651062
-749254841
1313949424
1221196379
-898797597
-2022454195
888628503
-777604440
1373740027
-1324286496
-957485672
1290462897
730316506
1884766566
-1752364726
253341188
2067169983
1864255416
391679127
315003636
-63330456
-747599591
-733415842
-1629818452
515339664
-550106013
-1603602151
-1293306746
-671390023
1399319938
-1534332350
-1240333923
492635435
760305446
-1624509454
-739856992
392579131
-344333388
-934001461
1406765033
994898128
824220029
-2089059816
-1744383027
1208396323
-907151823
261001266
1898873653
1249374917
-554254955
1154000165
208537197
901386726
-1181712525
-1904658030
-182008516
-1183540013
51644626
913513430
-676686540
84627648
-910609305
-1227071125
-787955382
1260995783
628805195
-1346760050
-353667416
-1707165648
-1951891731
-971477982
-1054954815
-65601294
1337454921
-1252336684
1716965030
-1929355654
-1958369191
911022718
811525015
576173226
1900623820
-1254029104
-1237662499
887517988
-1601711115
-1491389907
-1505510698
-1516163897
1250651398
1323964882
739421009
-281435271
1444137341
12760637
-143885540
-991998937
425350109
358530763
-73763622
-1699377399
-388460639
1788850083
719440153
1060587562
-1110677139
837003219
-1855292510
1781746727
1404360326
206013879
-1491643885
-561646282
-1330350204
-792468063
-1378510933
-1687159702
1903112774
1992877750
-1023096220
1370170164
-254609627
1272371734
-1945926329
1398894892
2123048299
30425151
1223703547
-46921199
-18791674
413382834
-1568564322
-573906930
734329720
1588774871
-775707433
-382286274
467704337
-1706780899
935580459
-771512462
20869984
564269925
554165648
997254449
1079439846
426446240
441457727
723657471
161888781
126501302
-757137458
-1124400670
-1369204392
1328048041
1234044285
905744417
-1679543078
1297920762
-1097358129
-1021087409
-1814713620
559637579
1098166876
1404174983
-1592484839
-2083958459
1773409253
1933704952
-324120739
1776649915
-393141847
-206739293
-472128113
-391616241
-931247882
-1047086749
-1179070438
-469109036
-719404030
-732651475
-849510669
1972834741
1384348411
-1148858727
-1440581178
-1516768876
-1154719141
-1915381087
1935628402
-2121783819
579922561
-1513981785
-1975759176
-607991395
1527207037
-1497132612
40124206
155962486
1930166315
926611999
617646457
-573999179
879167362
-160019453
1573324730
1901039678
1220524845
-1042830700
-944378040
164608838
-1743596453
-446860996
1193314464
-652670662
-2022084653
1784615713
1200288409
1250609887
1862018634
800714482
2105697499
-415427399
-49359368
-1458496797
834839953
-1767664463
856093032
728722677
206612061
1255513585
682059663
751518586
-680690548
888180498
586840352
903860696
1891903626
230159993
-1520234722
-490211956
-26746728
317266173
-1336645966
-620570766
1415566011
955104973
683157054
1430969666
1373147639
83126929
-2097664079
2066460509
1508025021
993156814
-165493732
-875800886
505993889
1517688206
871681157
-1322338438
-511670449
-143192513
-2097193989
-1753879853
2145423551
-910551589
232439530
2128166507
-1200878936
1605332297
-961893456
-1090397420
-267392719
1512206850
-1235457936
1374509080
1593494766
107523320
1547762213
-850411835
70326794
-1657246798
-1573736199
1209254443
-269562177
535644091
748070358
-566218973
1252773134
964902973
-1719665347
-1267345260
-1162966100
32983528
-800849065
631866353
1751409211
-2075756265
1613460809
-839804411
1366680761
1328753205
987663308
343384050
-16711107
-1450587043
-890332421
-1726366602
600431327
-1575669184
-1984341137
-263664272
1859027192
-1408463541
655306888
-1787571806
-1128719989
-1195149559
29818893
706325176
980357122
1493609669
-536908041
1906736009
1672696092
-636067469
1635161993
13772444
-1380138715
634997199
-1151431516
243904748
771842408
1777452742
-1398391208
80055535
1820973282
-804204011
-653028418
1699418580
-2044177353
1769509168
-2113614332
-512253172
-1188499223
-2107985308
-495155000
2031635468
-842979385
-304285633
-629347414
1798886480
-1780028765
860919599
2028724508
1493274530
93284679
1859078504
-863803781
1315663516
1608561064
-314884853
15616355
1527124842
1457561436
734871684
-1906121154
-427561260
618581577
-1339109069
1561508894
628926843
-260143970
-841748402
2078206412
-1290379934
-1054816249
-1440554492
137291809
-800431184
-390196708
-650757402
1422398867
-1719485773
-985507815
-1830297726
1146742546
1670989864
-1116382764
2040126032
1130091028
-1575846983
1067740139
337390546
-1055439890
1040258502
-1713229508
-1336084234
2055813734
664344167
-939264103
1199750078
812405125
2018777265
-1043616836
-203007454
1702189744
-2132173256
-1758947208
-2141370572
-1076244231
830607061
1617454385
-593358203
1926807218
62091433
131401614
-961803833
1332996163
-918348703
-2133615508
-1834168141
-2146414531
-526913093
-1721541611
-1519054035
-1903007570
1954336839
622534065
1299166628
-923040330
-1064609678
1874271740
796207039
-623680166
1116944576
1211104569
1554955573
184672408
1003653976
1466902630
1742483708
-613803590
-1625815099
373563824
-523520347
987347951
