121397961
1922608703
1023163387
-398625857
-946182510
-260813437
474292037
931014374
-258188017
1162362733
865445777
1369666797
2066410036
-1702666622
545925408
729397835
-531323513
-1559506123
1324056796
1711241590
-610608414
-137543850
-1020146496
-1377323657
188945272
1664724168
1020249718
-800136774
1078569749
1885221751
1141285953
70155046
378664361
-2033743224
1486660637
1279827565
-1129006842
-1216218927
1875813667
1191587748
-510263576
-1807525750
-763923662
106391317
150438710
1602560581
-1360156469
2052052820
265110151
910144283
-289191107
-1019985777
829287655
-1856552409
362841345
608290090
806437081
1759394104
-1104862617
-455388277
1772786336
358081729
978498673
-616343247
776864698
-1369329900
-1732542978
-1613425909
-214749524
2044222159
-456093910
319950599
1431325445
368177302
-1720995084
1494069992
-457896548
1797018626
2136478498
722066524
-2038642405
1526445016
1348908641
833941069
-1029467455
1071860093
-1865794385
1621811063
1971482466
114695081
-431522307
1004543546
1181928627
1422178395
1837035279
-759800399
-1504064828
1234704908
-210964313
-1343709182
1709185484
266939431
-1166185247
847057399
-1541181396
843555511
1634821856
-1077900339
-1476731730
1307187554
1427857578
439929676
1740077325
164408725
-958284976
1387772695
434061497
-2015197184
-1354468014
1082874693
754454490
-682489531
-812258496
158015279
-1051390315
972721643
-1226015068
-360917877
104402063
2147351960
1850558239
1725458361
1069846703
-252208769
-311545391
244521308
1431216423
-2027110890
-965725442
-523241171
1949534131
-325350388
1775791598
-1797473781
-233499101
798403706
-149326061
-415288491
1329344279
1943839832
527176817
17376124
780375817
-1593021646
852041786
-1492318253
-1204792943
-817874662
-406031944
-1662509655
412880611
-1045250080
-647827345
1786962073
1457155483
1558332288
2124690818
-353723873
1388975292
-1528281637
-1671798955
-25438610
1368320502
1492367786
-759104653
-1048653183
-1685919705
-851513169
254683826
1892956016
-1820370397
-994461396
-823696491
-245254396
-1523024456
36920984
1754625777
-774677107
-75377940
1297580432
48347858
-1036014350
804363144
629930763
-1560248418
1602868488
-406958375
854408914
1670067067
-499213017
1847133621
1200222510
-1655777298
-1487023365
-285990212
-136993822
-1361465916
-1639230825
-1638548769
878046811
1457339188
-1220543537
1011450406
252466469
-551022523
1514416326
1820213421
-665668447
-464720531
1833073093
-287894545
-670620939
2135109754
1230703182
469303366
608140611
1151773621
1368154992
308385458
-175369188
-1627698364
1481162589
-1239698727
-1923863753
-793039664
736326201
1123259726
1951285341
-1640231577
338398260
2002509333
-524202585
-1729941086
-1287255846
-783733914
1163623148
49097738
439033769
2120376497
-448925068
-1484708425
1263503843
1245698530
1201982704
337481018
1161548198
1347686117
814565550
-924430404
-1067385287
-1749259412
2066464776
54198374
1620783528
501309167
-1440345315
729649667
1489505170
-1917261580
-6391613
39356132
-1629493952
-722524784
1868950203
-446842108
1583233786
-1704157651
795648294
-993710997
1991693973
-219520372
821711160
782591446
2035978064
2092969485
2141135659
-1921683561
-811093279
-1139204818
-1402367115
-364746054
-766546999
1484765009
-872631492
486619753
-1703233296
-193310527
-1746568183
-385425519
-158414227
1006438646
1581591228
-2026345788
169465764
1996941592
835835327
757966945
-412171627
789833409
1317909118
915401457
-1559815053
275107591
-1465336298
1454413780
-1842847884
801267129
-771244724
703158812
1086484967
-765131545
-1155086400
1259478968
726320778
348596391
-1396911519
-948484908
28880413
-1379282154
1139338531
494702976
-1912820174
720905373
1107896303
1975512463
-1013583545
-2142632843
-555330853
911797953
-863624170
-2042440340
-1361113701
-1979669212
2064995370
-322948376
2054150710
-1145091658
-1797479499
1804139052
-266524932
24359759
1000859296
1139614682
1889502134
1180874173
-383025948
-322227784
1451324959
-382021840
881655320
2086155446
-1184783981
14338008
-242054582
-850153681
1896035846
1324361676
1110823953
-1205807249
-528360905
1768728365
1502951394
131268213
631080228
304086155
-200379230
533929721
-1369048384
280341894
-1057760899
-593438545
-405479454
-181615176
268827893
-376349747
-580871807
-640051246
1156141373
580061387
-612275426
-631247612
-1368380984
1009043561
-926578559
1930839714
201786908
-1323540490
967315111
807998980
35272171
1036469710
-1104537606
-136376659
204024419
514177571
2087477186
768472750
-1045624636
112732160
2088446171
-270427828
-146976205
-1168960885
-1369089112
-1475559456
-256461618
1609437834
2010320711
680940798
1490377215
-1666799577
-1193348603
-210561575
2012562965
779609335
-1405532908
960394726
1942002960
-424398280
-1278058629
-2140432194
-1782783813
744404826
615902285
-613317048
1545960448
-875158336
161437725
-1690043113
-1332531337
404416199
-547151440
-1533245680
534065983
-837352186
-1211104780
11383887
2136613393
-739364393
1650859825
387227722
-1949040238
-1446982122
359776126
-981785289
-878445593
112518440
687484533
1939825067
1129291406
-926653121
1322043946
1721463939
1275769452
-1342171173
183987032
781357831
1769865505
-1158996333
897883357
-1265181365
899980195
-913639403
-461416856
1844286680
354317834
470045034
460009072
-1274177140
753953960
-2141378690
247019367
-2146545474
563545692
-2055144225
764476463
2063293093
802326567
-936630331
-1379381300
-857490951
-1226297857
-1523614639
744219739
-2000596518
-344089373
198039321
1936055619
1572855281
250667567
1460227044
1823396009
356042965
-1302293455
-2050097999
952691753
-1171553105
-1816336389
-1404773122
-982765374
1498434080
-277622662
1551426886
-1111098863
-2107809439
1876392647
505248458
1809663169
-504014420
-2055226435
-185790572
-296720319
-499723558
249316042
-956088648
-926402632
-1806910132
37135882
285599965
1254604341
-1310182385
-641688687
1629820155
-12645845
679171387
-298060792
875665765
1924840475
-610354021
-1349571974
-175714038
896617618
-2038332270
-864903824
2072240375
1560952150
1742598460
948946234
-1693101537
-1358255652
-1628755501
-1943209073
-1919417506
2073422588
1684448339
924166232
1634383803
1877492199
257304417
1259857864
-2028747539
-472072616
-1278376344
1718484399
-2026592736
1831785481
554793989
1157310992
-790792456
-1724165272
-1239202140
1302901488
1752079061
1242282378
1985407851
-1196869776
-1655237543
1085410143
-1521466538
-1456103394
618811686
1017819175
148977314
1522024583
1647341036
-648216795
1912982127
-1282408944
-610257246
-13994863
-220142432
-1478586363
77752082
-1878539822
-395908603
-1569575694
2086793115
-1617285908
-644769092
168573233
-1775943118
1736897334
-439693100
592169668
-1677136983
-1723227311
-1225652942
1285297764
1878261043
985768533
1933229752
2129926618
1839925799
-520728500
778063779
1295390604
871284228
-1869316125
-1433565900
1372763994
-35696971
1956590942
-1910690414
809296042
-1179758827
-721887028
1715640302
1928896961
305964468
-1895200900
502756072
-1595885484
920300507
-837185361
-562123472
-1176268962
-1690519347
-700438130
1638022256
-835598796
35036495
-1891666851
2144071273
-807037738
2062865259
-1147668751
-2089310116
-406085241
672294512
-1094714273
2055190698
527113118
2136397628
-889004554
850009790
-705417314
-1432911684
-1084790930
-1008210646
1083779204
-756268876
-692336032
-567924208
-901262752
-1449170757
815322361
-2069769789
-134352345
-750961783
-1013620758
1537662893
256698054
-423134603
1163798434
968655218
-112343174
810927928
964003007
-1195452331
780702558
196337142
-1570654271
545844442
627459653
1964698495
-1563968512
702003373
502195914
-600603695
-764684833
-549885246
-401481308
-1671299871
-1259319230
-915781188
-1496824258
87503258
-524411587
-1095575406
-1354385274
586936613
856313357
535896432
-1587139579
-1980916117
1436980811
875645658
852737071
455525335
-1149612450
995613463
-230607365
-392781984
-1536906959
-341684788
1758144182
571927238
941625637
1927864294
1851425812
-253795301
348774473
-36260419
-1878965880
-1131750780
-131012664
-755253386
-302356779
-304495808
1447066274
2146303912
-1350796317
-1952802071
-1845170273
-1847191487
-567910954
903911162
891407999
597508523
1186713948
-13276271
1784749173
-571404246
-1838651834
1794845045
1585871830
842247047
-1340833702
-1476429735
638063373
-900375310
1908513126
-1231965855
-1174769966
-964782300
-476049256
243375590
1503384475
528473284
-622716147
327474806
-1547783598
-873518837
-562779737
31276574
-2095434681
1495318186
1157650466
1241150954
1032000103
-207388438
-283002519
-1535761236
-1216468050
717699861
-1276537562
-1737425156
516001498
-2110424556
-1918178665
423918464
1984949088
2047597657
254135464
636256109
-383410781
-1821312002
846949181
-1732194483
-1003632029
-611625170
1296621006
1095649282
-1465303693
861133507
-720665799
-526638070
77070254
1177809712
-1379202350
573165828
1917966379
1979271073
1479703231
1706432882
176762031
-559447200
1828898691
1470670527
1740043619
-1974283910
794742999
1812144004
2124789702
1924394658
1998182336
1380935174
549240036
-1647250092
-181485091
743750403
151779016
2065975357
-1609056767
2109065389
-2144581330
1230847705
-2128404991
2083903990
-1542510211
1080850526
-799311410
797164046
588499443
709359832
1197895621
5060649
476529697
217150613
1713280581
1229302661
-300386662
1007381954
1927443074
-839396437
178227687
770705493
-975468392
-890666764
-1222356803
-2113488850
924702947
-2062716594
-2133985423
-498848392
-1263444339
-1141428928
-1390823765
-1835916459
1285317479
1459695915
1054702937
1016263866
-1591821060
-1042946351
-361314841
-1626399850
1740326627
617624347
2129988268
1821965881
1873686101
1907399702
-1827500633
-1495945485
-1086070018
-646952130
1388668778
-643857924
-1167212265
-322211841
-128052907
-1658741357
1697564852
1789970040
432529159
-161879960
-1286867366
-1638119807
-2100094190
1818294846
1230049492
1992244975
-810042643
-1129450804
45350982
37249302
-1971659218
-343516444
988676738
1220706447
-774861576
1311273943
218321050
870910778
-608802383
205560086
593955253
725450118
1083918840
1277204508
45250342
-1510385937
1622338262
-1019600245
25427386
1395413704
1398027315
416005781
4935761
-913381062
1261682570
1841420701
-502417489
1527602316
-919366176
1489232157
1283883923
-1633691997
631003377
-1031830070
800389385
961043148
606292908
-1161655051
1948930556
492277689
1701047778
-1391078349
964665871
-643455543
2141921081
1100114752
-1669024596
696049036
1952251238
-824973280
-1137297316
96957062
-1507987045
175724934
-426063015
1223355953
-1451581123
-1059554439
-1869890207
349644616
2102506969
-795012555
644324044
-1502645950
1425911896
-1639411889
1559876832
-287784932
57424754
1009018139
-2101077148
44024923
-684478112
-813978543
1334524786
1280721745
-611399467
1645674478
-875391087
343355294
-1271816914
-1992314025
1896779010
-1084930567
-647330329
-1203910972
1996970586
-2083507664
-1170968239
-174703141
409688912
-20414355
302495361
646298779
958967256
403365562
-1684958581
-2054320517
1645450352
569340614
-1219902224
-844661806
669002168
-311277591
-798949548
2115441017
1422604616
-178906779
1794776180
-1860878674
632771005
-2077033234
793465430
1811770683
-1975491563
1466347883
-983313471
1886484438
479822908
1140102654
1881511151
-849599797
-953311514
-1765831359
-2100680832
1125120728
875903135
-1620553517
-1236999758
-382026153
-335508960
549386514
709084367
1984148642
-1026126365
1532935465
1404294886
-2144495694
205443832
1794584396
130343869
91943945
815081753
-1657374398
833870085
-1155652910
1210284540
-428057309
39989711
23872069
1710187496
1286995555
-1372314305
2140983376
959342987
-130107634
790006910
-1579824269
-1473459447
94534996
1227404277
459177451
1604344920
1709350216
-6976585
194074386
-148771638
1302711012
803924798
180844293
69014507
1657327696
-1812669351
-1426141049
422541196
55925859
-1878122139
2024146212
1844305695
1832433001
87452346
1091002265
-2087278523
57431079
-1638797464
-142700430
597586085
2011081499
1979538723
-2026172171
914163967
-779444729
1771852667
-552906690
686687616
1880124848
1442307663
-1647636821
1966702423
-1442112541
-450518141
-1429107847
-766583928
227118008
-1949845520
1281517743
-54220033
-1027415526
272650140
-1326552774
-747767833
-57546106
678673706
2099211609
-77163460
-1464105966
-983141228
-1971498693
-1552073314
-541042000
-559151850
1060082149
-1778668952
-1724223309
-2055782803
-1858479015
792318977
1523268754
-1217727167
214952692
946541169
1822908140
-2024924450
-398502633
367582519
1410938060
1690115114
112473353
1210598745
706988589
1864219603
-1610102756
1539603643
-553389888
582605767
1427533069
282721972
-1562018068
1413016041
-1475566416
-1852625442
-855704811
1308025857
-453969716
-327124179
-2069481696
657663731
1789586755
-295474622
-1206607817
-1241481933
1176854390
-1179318527
716850889
495132792
573372391
-1113218976
1969939156
966828719
-2054057441
-1411588990
362829926
-2096041422
807124689
-786531837
1120043104
1778314553
2085995582
1651069589
1495021949
895105168
37339355
1533768395
-1373502062
-924627574
869061682
-41985228
-2127644906
387314485
1523151365
-1256997204
723448549
-1247439154
-1409727560
-1751100947
1719437888
-25020553
604060656
325025900
-2055802600
1133762854
-2006400906
623778402
720786571
-70929696
1355746913
628052008
-454355538
64588839
-439337868
1004834503
533965965
1477377457
-1353875516
-514977329
-493930641
1144097114
-522021218
-1381876121
-1506592162
1499184474
-74678873
-2013848667
1140806373
1659688634
623104835
857373728
871490587
-1441687805
-208696006
210414786
1294794464
-1609023175
817554585
-1672823582
-2037708186
1054011911
-1482449962
-1742031983
1035399411
1120585531
-662437066
499992115
-1240214300
-1204188557
-999399565
-650517423
2063372788
15127320
-35285352
1533226158
1252232894
-1990143092
509167408
704061335
476029568
1457014174
1445571999
-1051745665
-1363471583
-1620432314
1480195023
1605314762
191229812
-468103026
-1721891058
-1755408919
1501383102
-513484851
425357365
1090432166
-1381165451
-259514085
1828497933
-105865280
-741690550
-1555831808
-381517329
920557498
451041897
-170435986
-455143766
-1935261201
1267860991
298563569
1910843816
-915096342
892372988
1738760228
-2093099437
1384412660
-1058547175
-1331589018
-1693238348
-555562003
-1764365796
-67735346
918492253
-2102621345
-122198437
1055309915
-1403668343
2139985872
735334014
1699057776
-204134783
-1551804841
1226722439
-1173765250
1687268672
412527985
2062359063
-969915646
753933657
1901309460
63272425
-1044963150
-1055415272
-763217404
358313379
646780658
-1690061592
1307589478
-1161232435
1393826956
42228
-1757199982
1627281953
-661848160
-2145133297
229152557
-587122684
-1397933095
1140508120
-802675339
-186309292
201293793
-986066407
-135153442
784247140
801281558
568806255
-1184793890
208641604
-989748099
672384304
-1158564603
1951086661
1054603255
1257003400
1713189199
695501243
178376369
-338619163
-493433923
1002589956
1825494497
2010919828
896534817
-635441463
1765953198
1642927532
487704377
336730755
-895480209
-1256977110
-2054727168
-1149506751
-742076904
-110466467
936225343
-1489512793
-974422800
808741508
-404936343
1037367353
-2050454905
1776348341
1228844712
503917273
-725918745
-1286270721
-160919245
1684846222
-930783223
-30399021
-316501022
-333670778
519665546
194414495
788821507
-1238590627
1661838238
-120039749
-770949778
-1566380641
1894002756
-1288493176
-410612266
-649415541
234933691
-1975775018
408199522
-1320950502
87117108
963755142
-2109688197
-535659201
2046358728
-682860944
734725863
206548847
550018732
219919750
-2014929898
558088803
1463621538
492927801
-759262020
-2015909605
222326962
-2141657829
823242655
-1833330906
1417820185
373431493
641413041
1468011808
-1165636222
387109370
920481121
21715324
969229683
1570458380
143894829
-1961039485
861573129
1933678462
2002121595
756663964
461887208
-1083520790
2022915497
-1871991859
462636652
2093241893
397600866
-977657983
570013220
85855392
-789552333
-1166254709
-1572936577
-1264110576
1402515805
2112970091
-2032584249
224905297
-1663375380
-1885636402
-1390262705
-34017913
366606600
-219056549
1007972328
-1190264186
733962378
651099308
-2043575655
-2003700365
-864844334
-280317542
611653774
2100477611
2006574807
775457213
-17756848
-194042397
-1497603969
-1509749710
-421433290
970536335
1114777648
1273925278
-790058469
914489480
-1845212506
-561664653
737921616
1235852776
-1998928890
1797162098
-40751404
1108901688
-702905037
-1369674896
-2060780606
-1640659763
-2003961248
797588316
325981706
-63015826
678880999
1239768959
1398117731
574535226
-1551783336
967980806
-1993875072
-2001044536
1778336467
-1451849027
-1025905023
-1983728241
1493999770
507452189
-755741524
-1836549496
144908001
1017219720
1502412636
768394769
1744254440
-209967150
1905479481
-873222124
726121035
-1450615549
-1563817048
-1873771672
-309248616
536135258
-39850107
-2068687241
1673421858
-1568918123
1021123855
-1433466336
-14203884
-1517869713
488105251
-559623459
-1614863928
809722218
-363704915
919121960
-865002151
2088625614
1682246491
-602245606
1998693750
1809529841
1358160530
-1136833195
-757873799
-1300048201
1584571301
1019071780
-1026648905
-2038090916
-1082051004
1119687648
177243417
-377699728
1578657842
-527793771
-1658642709
728096035
-1435995334
961280228
1077642227
-2102768958
1063612003
846121514
-1983847483
-1172235647
-1894965662
1234808033
-32275627
982242682
-78325425
-293967034
-2012993075
-1775874827
-1805291108
-2008013764
-2112551263
980322538
-994681790
1908230000
1083860191
-895575357
-1896315332
-1334136900
1055047627
-1398122395
1809091896
-1539866672
1408437419
-1892727951
92753804
-561535729
1323126238
-1327161146
-257751194
2004690102
210027315
-838728630
1927963975
-1918462141
302271351
636277994
2124307890
-420514284
1562430287
-1480225570
1223597600
1887772493
-394613432
519748145
-2000167626
1621996543
550424364
379061120
658143801
481047686
-1664585577
41006337
1600593857
-2137030863
116061897
1024301511
1350983084
1711281448
-1707894340
1080665411
1685810773
289065354
1937788536
-1564135155
-1481532666
-1239105835
2093646502
1201263332
-150539350
1474778763
-518423197
-1673720077
1702776262
-1580665071
-503744169
-546018731
1218297514
-853423143
-25048059
1608098267
1191052515
2082071491
-1580880285
1451559180
-1813867277
-2101325376
-667911507
-699378323
737754435
-1360972872
-1039699083
73685505
-1780771496
-1527069779
-631740417
149452563
-69489595
739235616
-2042770997
1993523762
-1085756832
-1256689485
1574307698
742664828
787438136
1672955919
-137019211
1103895839
1315294406
1457875975
-1082808366
-1432130020
-1997501215
-944545027
603726874
-760837810
1690506743
-867078780
-1236530753
1020473259
1766097402
210161479
358480626
-695319352
941400727
-2066071000
-1155840467
356151458
-1805846099
86767532
1096832461
-1125082726
-1336130308
2024000661
-671218461
1555528385
-2129489635
769430224
-1178931894
-1633166762
539953073
1633654161
617808636
-985717620
67103965
-1206797380
-192606047
1526361743
1222148085
1164307590
-1977423512
-1032837687
-1440238730
809409116
1712481306
197062496
-2060586950
866293763
561673068
210533379
862935014
-1543005185
2033774484
171398118
-891077978
-2127096263
-1351424738
1854594826
1689826332
-2047329317
-1411744513
-1636487743
747873173
1408527742
1088606698
-2077080207
-660311171
1777949575
-1228192030
458814871
-1439669227
-955347762
-370068720
-110003953
-1924706974
470428543
-1318062378
-1719769198
1757351016
-2119484347
50646563
275037055
-1403252840
-2130861148
313324552
-1146621987
-577653114
690920870
80341899
-1346667873
1924954334
658410425
1241579963
-411359446
342034584
-1285079849
1372085508
-9431787
724231018
1809585127
1826958788
631267119
-83884162
1056682083
-784083939
-1509708091
-407453851
-1637810886
499912460
1821851428
-2006337206
-1027880458
1012959418
212866396
71687530
-1674096095
1666864146
1909616711
-1466394685
-1766369563
1673932691
-1388202807
-2079553269
-224743694
-1615683226
1022122584
290181859
-1807978332
-2126823245
1351326654
184447820
-1269097885
955170863
-1593380835
-2020711591
1277123917
-571306503
1353158707
-1954386650
-688755182
-853533530
1890094047
-1461981944
-1662124000
-1283118694
1718891492
-1074597371
414076671
-42888039
-1196958741
-32542330
-990848515
852663453
1174616270
783647307
670086669
-180054551
-1896292589
-108670306
-434398741
155282781
1374266806
-957166133
29952132
-748450548
174911786
-2061622066
-733004395
-1843792373
-106681694
456765006
1147650194
77833099
-927471732
-268316214
-259014200
519408426
-343833251
-560532975
-2144426555
1888472709
4996499
1600031479
-972070153
1736176145
516224503
-1880361403
1751094674
301411627
2078298403
1618742257
405892535
1038690157
-554515645
781062542
581688274
913880898
95334175
-573068027
317103939
454391228
1836633944
1786302085
-618259648
694565796
-1195151375
-2077243976
1493505529
-235283502
-2094711791
27063862
811124220
2140712639
1726522374
-1750540482
-1099050534
-1391784
-149086323
-485070173
25372171
-1827682028
-1039937456
1417066243
-1768831730
-66910392
356862127
1079169343
-1489046060
-25758279
1073117890
968036646
-1603767202
494488178
-1169222754
-344781453
-1525643100
300519640
-1068251432
139221753
-961927240
-304505349
534466118
1097960220
1889764139
1267758638
-746774004
-751428221
419408559
-1050839079
1600466134
1708611851
28713981
-671948915
586678370
960839678
-1600545543
-52692648
384257601
-989195388
2079661075
-15428774
-485578531
-1000203687
-215919889
101483928
1181536445
-1451450689
1783232327
750478095
1712198151
1962563510
-1313520112
-669669364
1912632902
793555307
-1319234341
-210372166
-508375443
-1277384467
1943213438
-1146991876
1336662300
152514342
-1789644813
54393468
932645153
1072187144
-128903553
-1896399356
-847728576
1477268230
-319129578
-1915785460
431198775
809125317
-657885955
1606618259
128328700
1351920147
-487114319
-66091470
877001544
-826100201
1712907271
-710794131
-612093352
-2080645686
1941051028
689742412
514704370
-496265051
-959259058
294734890
531047333
1863208604
754699891
-1864255540
-1257073067
-79978422
-355633495
868772276
778374902
1552973420
-1833527450
21429175
619025303
1981727891
1764145297
-1363699507
1540320930
-1041282283
-234813847
1717166631
1720692833
960406596
-395994971
-350187129
614122692
-72615710
1520797661
990276811
383721825
-1659586605
1117287720
-2038014263
1604734907
-1236333292
-321886203
20695394
-1559898170
-1851763732
831727230
-1569889071
-2146054486
1609300064
-1488032886
-443137980
-2110059065
-764773397
-240214093
1344649133
36656633
-1249930898
1758853112
1541960409
-934157540
-415136667
-206823693
572113344
1903113170
-558669989
-451097538
322824735
-1260975741
-1026128481
1755180563
1356544580
310633637
-1848658888
-457422542
422638888
42434877
195468821
754430727
-1352111166
539236260
1759942536
1160137227
1705891737
-1556978290
2128217333
1512591466
-547108197
-1242512568
-394166074
-735277851
1367164973
1146603840
1745022113
-1872800263
-751314045
-120239670
-1218715171
1356639040
-1422901456
1897308960
-605670095
-597688040
-1319015936
-929583701
770998702
-1850563966
927405317
1715194496
1069018863
-142357173
-1722151185
1250612780
-1275091314
241429616
1773007009
-1249639500
-1451905831
-2108779330
-1612904704
-376118314
1493438660
-775608391
266896909
-1520231275
-783767774
-1003077442
-1786750667
-67398412
-1263745777
646729835
1955013863
-756934399
-1625707087
1837107774
-807645849
464042516
1654236959
670140540
1035933409
-77172904
-624891232
-766162349
985346753
1641593482
1555620888
-1116704702
-364884415
-59484927
679179454
410114744
1812690499
593832173
242429202
1865158395
1487037536
129899235
1183887886
-619837877
1385040192
2132633496
976535963
-289977530
922937387
-1038968340
1951500870
-622458482
1551570912
199187754
-1306703309
641987496
-1850803035
-2080591986
98265425
1786848039
-1600712801
945961223
1944093390
511334153
-118339741
992332349
1799950797
1763325024
-1452149300
2061846484
-283003562
293301556
-547016946
2077066738
1564163982
-926158425
-3469813
1127536638
483656743
-1882222758
-481007131
703092907
1944263193
-824007921
1985138900
-1112068556
-1788246895
-1304182640
-1357128648
-1044951320
687372074
2004186318
-2042285583
-629962263
47917402
-235436468
-40974610
-1343563728
675671342
-1482074179
-1047120124
-1220199981
584285497
1713197292
415712768
1503830922
-575359543
608137691
2091572735
-2136162193
210120028
-718310353
-621338884
1826393092
1661100114
-1806623030
1457017769
418449530
-1795267613
1033613241
-770449533
-769354448
1250579538
844857425
908294688
1501735289
2079191650
942098324
-1468511285
546830242
1204626441
805084888
-1610956974
-1898759118
-2109256605
-594694998
1574247709
-980599437
1637854953
990124527
367281026
-485310671
-1423158814
-1625574068
755699800
695430849
757863449
79259847
1113214921
-930804924
-1359222321
-196516434
885539948
-71676371
-1943112461
645507767
1330650259
409032704
394816656
1704216680
436398304
2010490203
-1944615034
1091504056
-1256658914
-2022846407
-1816076676
689723126
-458539955
-441605771
1325332756
-1100766998
766205182
1170814605
-799606175
1002795577
1211030241
-804372567
1519362197
796004621
1031489692
462723547
-1976824834
1944021749
1655135453
1810352550
1146585395
-627737335
-261905998
409934276
-1634821494
9869905
-1093778153
1936876067
1982176460
-1332005786
-27599152
-134890703
-1802312917
1353648730
235945849
1216782681
-1335912844
-1992826411
-1997824805
-1313256244
2047878016
1766600319
-1587957888
-1984085628
58270960
969034661
128685449
1197235077
-166939624
1271344150
544640702
1713888101
888624443
-749362098
-953489946
-942983410
564327161
668316374
1629461336
-474697021
-408314620
398289642
-1827298095
-1430256032
262733338
-1115462309
-2012293496
-57699611
1778564399
-20128841
-1048458881
470084660
-358269464
-2134912602
-810200292
-267273447
-1061456816
-133959530
-626826760
-1977205877
937017285
-964494950
1768707061
1678957361
1596522803
1856237967
-2057234027
-796476377
493904004
-2117440640
-281298295
-72540159
32601431
-124414645
914558856
-1593311473
-2129541393
-588191100
-980433566
-658092062
1275582317
-2101169768
1568013652
1706607375
1936797249
1243785013
-1653072227
368047922
421139934
-1077576727
1859956049
-1355060939
-1533607763
2079328265
21641836
-1502567214
-203765437
403659220
980009258
1758886230
-1946926635
356581847
1992361364
847787686
-1043282197
1558790546
1857800286
2002859655
-2037855917
-970260389
1257497584
1983985177
-2120842408
-1980781950
188065474
478036900
1822838067
-110403915
-1916862740
1633764502
-340572990
-219411034
-988984579
1943427020
135937143
747139050
460776458
-1219848176
-512219758
1445852708
302691594
-1538981150
1657301394
-1965353118
-721325215
903907195
-661985560
1841668550
-1598993222
-349601266
486573294
1778577768
1336811033
1522607952
-586640618
-1002294917
-2100459473
2085463098
-635934874
-729347155
1466397936
-1234831859
1466560547
-1009423916
882958946
1293205142
1494559948
1705323974
-1760033096
1560123571
2123612746
822018951
-131718753
1172615445
-26403228
1469165993
-1671655722
1829807943
1102896760
-2078176272
-1322783228
16448238
1798073703
-878056396
886928325
-733771439
-2129392431
-542976629
-1943816187
840949531
1023851906
39527846
-722889327
1925669471
-1622164693
-1300629381
1060302571
250190045
975142740
1858085412
1345088605
2118913667
-778993775
1900864262
-1586198704
-1820221386
-91022605
1345796662
-1365674275
-1920651567
373779137
847215127
-1431252572
1277034093
-1727337880
-1032649913
1357314268
93603299
1727343279
1674987963
-1439588180
1604366990
317064238
46630952
-382596680
-1159076779
-1945174784
1116652964
-1459044355
-200333848
-943663689
-4845171
94761697
2003821896
-179277424
957290921
2034154117
-1445744499
-144339481
637107854
205577822
-1072776477
473496812
-946894268
-391909117
-688181803
879712151
-996856536
-1878010553
-1545614643
1100503769
660563218
-348258166
1608556763
-2127928301
1336439482
-646181300
-1751197003
-900415285
1789362519
1451981058
-2030507778
863683996
1074308232
1417907244
1613532363
450158702
1959547000
-199760985
-776960414
-875292185
1273212988
1492585535
-684463036
-1816675807
-909017474
1192892808
747466349
-1567882083
988628064
1779909869
-448460327
1036271478
-580836710
1578560009
-855183286
-1374586407
-1495758619
-1674873803
1693886536
-969226828
1012432795
1858212193
-339367575
-1412245331
-1893701730
1206599207
-1025443630
-1477293995
-1510189959
-946372835
1446873597
-1529031267
-983538490
-1797923990
377710523
-1058309240
-331957042
-672732005
47442300
511456546
-574617738
-1395615817
543652046
524529328
1015062872
-1404320880
1191422755
1181505064
2100482608
-1666801572
303215574
-2085519645
1163442297
1120621699
187789936
291277968
-1785803945
-29089095
1150918950
-218801813
-2039867721
-2028774065
1545725862
-1848226897
1572574644
-1966687546
182834706
-1293431223
-71020740
-1668096091
105122892
-993124147
-1703143181
-1682099828
-1660874380
990884525
1053238358
1499940744
2067898286
-1335263833
445954595
1949338535
-1309186008
-202763393
698599416
2052579791
512201563
-121416978
525345850
-481269813
-1105034864
458094554
76917816
626631334
968396709
-38176058
-928735089
1943842108
-202382320
-946474101
1177871311
-984269811
1178306596
739046216
-2105802914
-458847660
359944595
-830895722
-92007780
657032279
-312975309
1801382144
-555741112
398639873
-581028860
1203789489
-157553119
86256813
479502193
2043973999
1057860304
-12103868
1176050134
2134457288
420892164
-613759095
-800967102
-1788095094
732972767
1336822195
1043612285
1822351479
-107295600
-183623877
-1032695220
172674105
1120412992
-382194185
1767783155
861185427
-1808861390
516021352
12468986
479462617
805111845
-85498033
1703381556
-1088098398
-1356067076
1366457477
-2020053508
1267311035
979336096
-621859060
-1409389118
1315664222
-184788699
-197945248
1712804805
453591714
-1864716757
1907342099
-1902795231
-1655357899
-50200698
171997848
-1720933364
1739243337
-1529292511
-577127330
19419996
1897966796
-917929697
-1089927648
-1015389620
-921980453
-1864615614
-1483526789
-670244482
1971784056
-1863732592
1199893696
473438788
-1391341191
-1089562829
2025287947
-464976614
-1178986301
154357408
-45664876
-2116410249
-1506927432
-1039572997
-1014185916
-560412732
-1650497043
-1039001926
-317975669
1475148460
-571812832
-1739043448
1007217008
1654301846
-1422689944
-1807645845
-809825303
-103375761
-1135721298
1635295016
1258249836
1404220588
-1421958309
-1841888027
-1978176315
-512752753
-1680055726
-514399728
-489516246
-445191256
1069934113
1726206848
-593947764
1185458334
-784256398
227363289
1015196719
699819055
1910600903
-1884270541
-500726916
-379185292
1693320806
1172609277
225672469
1986903145
-337438319
1767044383
1504791594
-351169620
-1674344966
-942040737
-1216096502
775586437
200697973
-1721444859
2077868029
428199206
-693990929
1663640768
-833607856
1981788467
-1767587426
-120213302
1261894320
-783375229
1404946041
1940176203
230319547
732773416
-1813568534
-979268102
-489015340
-1452474452
742802882
-1429096950
-2028907722
-19092323
-860893331
-1939214013
1142716747
1863364172
699183718
1108667246
1534134334
-348860975
1914025964
-321611275
-1981186610
-1812308399
762409462
-999486517
-751381659
1812359555
-1299462301
366072713
889390952
376938607
-1988259979
-1124241447
60975056
-1345055624
1691218048
-1725147625
2046194169
371915933
29259230
1038844724
2097044410
-1086911749
2070810917
308958
381589941
-1122888043
781089435
1632681181
-1393953041
64167255
-1490377495
1545234624
994840994
-528752040
-1632356337
-1673320520
-1180806830
-601117601
1769555864
