-1602327516
-1256638576
-153946496
940115538
-281751005
-1854834730
43930207
810029243
498459295
-221465352
1277828062
-1197659116
-35029649
-1588805255
-1959724873
-2111554715
1901358011
1840216633
-1132557132
-1155982525
-1581762297
1913111851
-881220527
-399826515
1038686319
2004567883
-1437342304
-739752168
-406431181
-799996466
50932588
-1802941241
1141257590
564946586
559345313
1395225696
1884154434
773014520
-445226518
-1928749892
-2078572593
412419975
-286645348
-785917954
764846853
1800667251
1482336722
-1351495962
951216446
2056349927
1334496472
1818854759
-1520305329
1248841407
824185804
-1451666314
-314676024
-1599679614
496019330
950873380
-904117381
1335785359
-448589912
-1084983058
-1980533957
1830249621
-1140187606
795945812
426037733
518581064
300526807
-519186265
156518308
-72046511
-826863292
-1411520985
230637423
-419756923
-1175295248
-1675090099
-1335157802
2130379865
778317736
489520228
427799550
175839893
467442221
-331200931
249437418
-1405095352
1864949523
602588132
1363428091
80831483
187452395
-893932626
-1068361799
1484589609
-1136020316
-1079928812
-1534240813
2055809262
-886320338
-1569253403
-456315548
-830350083
-1010729633
-1948616585
54997623
-2135570985
-2094213862
2055838975
-1978951731
-157900999
-374155602
1283159842
391541725
1778744789
-2035619461
-1090259765
-872907237
-1629904059
38033114
854095679
1232714365
-747889348
-705574082
224143213
1186781498
316777470
1588151702
1451015050
-1592635692
1032809489
1848187126
1314750941
-1860802471
-1200693452
274261109
-734542633
-1364860956
996110480
971482456
-1254826906
-639060630
-1774911443
-474593425
-357072758
422268850
562332071
-1246734401
-263245529
1882859941
-2130191840
-1179992735
819578653
-1770745913
764225912
-1510302551
-167476587
-250662395
720695995
-1779119991
-1231082851
256347568
1325783003
-1901566409
1548292599
315978697
1997790366
-298998003
2032735534
1878536063
400843993
-167002959
400483817
-1974398731
1142383070
-2084082827
334313347
781541447
-588160206
-539107584
-725507878
1363016910
1458142851
1501930797
41437030
-537187165
-1172749608
1456075571
-691624050
-1424531358
769403658
590518533
391777846
1297870640
30360434
1299007226
1990956956
-1598615810
1278801635
-460125776
102025060
1544719630
-1712572710
-1712381906
-586347024
1337920181
-46566668
1390055496
-14037259
-1043348893
-340585569
1368530247
-1845510838
1459558624
-1531810796
-232618808
1721606147
-277578024
1474647940
1407264228
-716843842
-582457703
1929115025
-693799279
-1634917572
-718581222
-1827587585
1733946183
2019210803
744570174
-1193262165
1740715238
-1196536479
580053082
-377246021
-474548010
550436068
-1643460876
664491542
-2130614417
-1563030072
1846253262
763901974
-2009377637
1856951266
-1521818846
3502716
-743131462
199068891
1048180782
-35616348
-962482235
2146213007
309070578
-1799196935
2043577525
-813647209
1259378999
631110314
2106664741
-1358306012
1281705427
-2058367843
1092039990
823143694
1693627691
298240163
-675703886
947433260
513551865
-779378195
1408042611
-1911533851
1723990607
-1133434433
-956732667
-1485896185
-432864036
795759971
-1961395830
2065685975
912887404
-130142369
1563373534
-2010716824
1582618549
376514537
-496022789
1858058544
1572318031
-1168213861
379089565
-490442793
120697860
-1776578718
1079835432
919994450
-23532726
-594889540
65036745
1868330288
664595468
1576100130
-26220836
1996914996
-268030544
-744884798
-1539315059
1221937443
-1249940651
1410059376
1737486273
1463449309
-1594377380
44028638
709978422
563866034
93330218
-1226365685
-1366575896
1525782510
-152079573
-1514382599
-663098954
-1570277963
-16492775
237993378
-1241162939
322336022
-1108605315
-888678612
470415396
-1467681959
-1272286858
496374363
1627383345
-28301413
1742161336
1933860166
276300090
-1905957219
-1390393385
-1543929011
160374759
1904955352
-910066491
-1086377398
508969686
-2039990317
-434640999
-261431547
694948359
-625712199
1031528337
34340077
2078690425
1427892773
2128364122
1037663493
913313301
1920320
241436302
-1417426916
1869352907
1701782030
1569190525
1433380929
859325946
659052804
1618115375
1102173556
1436713237
1183579101
-1835003991
787093920
2054419586
865236141
-790735761
186138568
-1728854075
542618166
553980746
628376193
-643885603
-545866375
-404233397
-1628017248
-128516370
-1865378672
-395588337
-556570829
640397343
742743738
329019203
1274762164
-1225423419
-1312535113
-716150934
837454203
375106497
90685526
1269105373
688752500
-1879449563
-1147635125
630553619
820060946
1296907293
-578026170
-1368242142
-1357700733
-1809176820
-685797568
-2059323259
-92884955
939251701
-1118709225
1616344351
-303861705
1764755740
900993117
51024512
491588051
-1892171284
-732785812
-1251587994
-909346276
-1129293029
1947473597
1621658757
657690803
282468619
513711225
924718474
844517486
529807475
-1581832368
253069917
1908221771
1218160958
436876682
1732239782
-298962526
-400182349
60315995
993572243
1554709658
262394837
-672955782
962170839
1801681885
736237324
-827405068
-1415089675
-302635377
-1085888508
-252974788
484056509
-27234437
1545843924
-1550945913
-730799593
1048710287
-222358685
45006934
432074751
491307402
-1828370426
-1981080492
1915059151
834773491
420729454
1720667489
-231067964
1890057804
673244353
-2013794578
831302842
-1244041081
117762309
-1004006517
1941582394
93961145
-1223919419
-1227027011
1706725046
822637325
788507374
-103452140
577371922
-1999266822
1538644985
-490887555
-1837650842
-798900296
593187918
-1752853804
838259458
893984751
-1962905369
1510491837
-1658006094
589365937
-1923075532
-785930060
1326891330
204032426
-1740221122
-1928625567
-893057980
-853292906
-774153458
1599372848
357850896
-5894414
-1432411569
-2079790559
1295470603
575772918
843118386
1040864220
754155564
-190211135
-1626456687
-12561912
128644028
737992918
1470044503
-1701441828
-184482980
-481467193
385530142
1236101109
1550278988
-259609297
-622647527
-1962690710
1306504937
-386987548
-1131232205
1685166621
1275225719
-724617875
-1942761096
1521502035
-1864098528
-770766671
-1728271436
908348807
-377593539
-1774373391
-245260967
1356253306
30521555
2103656184
846686885
-696032114
726303839
-1419371888
-1313866748
-684539052
256559574
2093432120
181193394
-465693341
1834429414
-794756845
1803088804
-804127381
-2021289598
-2081134302
11998376
265556105
-1934605923
621697973
-1100130358
-1133541412
2128115508
-2010386402
152850682
-1413286057
1632612754
-2082546776
728994283
200416728
99566799
-281245241
-1354688451
528228985
2132405913
-1260221552
-915998243
-1847078106
-172264650
-812774805
-850070612
-1881360272
-1825143095
-1498729978
-1271284130
-1550249313
124880595
236766604
-117813852
-316533747
1731643388
600527894
-1975820915
-712184655
656768019
445562977
833352233
-611026182
-1883474861
1543245761
1099279727
-1499941410
1876444136
617395286
2032279392
-1721621455
278038192
691259004
500331627
-1462438598
-2012721083
-355933817
538519059
426020482
-865466565
804755376
-1791258162
-506354961
639053990
-1470254775
-1139041744
130688786
1789718494
-646862024
-2136492471
748926652
1544961669
1181624482
-315485366
1390297047
2048467145
-1391047707
182824046
1638270578
-355706394
-1582159156
1419410711
526997021
-82483986
-1092496899
1874342198
-385387402
1141290444
-1529312330
1609103344
-983324412
686982790
-1099342408
-1034658690
645951043
344372417
-51842430
-701216428
-1896603649
1300919178
-1296539198
-1592485500
-573981979
639554898
1645186056
1731189861
2029355350
-1494257094
-1804272196
-228446353
1219402110
718319249
-902001326
-699051415
561772709
-350394982
-897242949
-2062067259
416559044
-1979843438
1581352478
-1098931382
1712647515
-1042341392
5155784
-1260654349
143673473
-1728135954
-1252621472
1419365911
-256169668
-1587949240
-278139810
20882121
-278306286
-1062315197
-1372520003
37951873
398020320
-705665040
2083489518
-594756869
-2011558679
-238948943
941010960
730522718
32809009
577841404
-200230562
-710247519
925997579
1912176990
-2120875544
-182057430
-161868559
1371486915
1414176134
-1502739017
715921811
2088662772
1305383432
1790951297
443007282
1198148448
1043870642
-1640050274
471574829
1744891678
-1535945497
-146261338
-1458795557
-1729739470
-1506329309
1459337113
-667086180
90588942
-1410294994
-1151165440
-665307862
2102727516
1495000718
-1603696559
1880209972
-1306876678
1080026172
-262888809
968207661
-300648891
729760411
346830162
-1596400288
693605530
-986480475
807000219
1571404359
646047770
91395175
-695432820
-1853742819
2012328876
-1027341137
763122654
-380637262
1302761799
73492994
-1869844014
2104717437
-1770033551
472484563
559220309
420475895
-121811710
-1674803470
-368323234
1169959718
367709229
218809922
-195715430
-515565705
1640283584
-137912657
1308622411
722445265
-88061014
-1437866658
-151127955
2060597990
-1584434754
-656154843
218075674
606138059
1540149173
1405568060
-878764754
786171338
-117172359
-579777739
-1700455890
1564082295
-1730372704
1618603817
9294949
-1574736640
964674102
1627448627
-460710832
1864899529
112025535
1372452130
-1159281605
-1246066376
-1467203973
659663209
-2023963861
-992505652
-1117432341
99387994
-1132060162
1343077748
1331459732
-1668130669
-187558191
2016987934
-819892734
-1270744392
34927265
108735885
-2101287153
-1088286110
1937163572
-1471631249
-1939043740
-90346410
810408761
-1393392466
-1803148480
-1244020743
1067481774
-346665210
-1531851656
-459902461
165380481
1180109783
191850942
-1389867405
-83768710
165665851
-520359643
-1574801982
829586519
-1382150053
1933527268
-729040549
111322936
-1616837890
-275530407
-1786526903
-1912024003
-1797023134
-763341999
1026614577
1497328493
-1716747697
927955590
2080168579
-1051913255
619672424
402646120
-373011988
-498044416
-911533117
-240811232
-1208946162
1119807605
-1662747460
1580004561
-1765970573
-1875099970
-275131898
-623648992
777830846
-603237761
-820750846
-1228079370
-1582354909
-1636419880
-1398704301
-1615925116
-1127158504
1972266506
1026642866
1303966599
-43590324
-427038368
-891188226
-790024244
140002776
1545378636
-480721514
362036726
1340352948
-1922897969
659057899
-1947862913
1223941739
1802874654
1991216464
-575678212
779344402
-1943458174
1406325268
963208612
-1063850890
-754773121
-108329775
-1534364910
-344500332
1119493432
-1177772794
-1162396086
-1077118131
2093215761
207631587
916890361
-1868363686
2004483990
-1662191772
502460928
1970335356
2022224539
1341348769
-1382798285
1874688504
-420862557
-513293981
2060625245
1244222530
803221381
-2105425158
797004679
724130808
-881357748
-531738547
-386445703
864192529
-1856482721
-1092622543
1671644033
918833750
-1807346207
-421954306
-1719934606
1038230800
-738959782
1774579039
1815904495
-1729861630
1476022934
913769066
-41054999
-2018293607
-302334259
-423335440
-617844891
578734433
1858328835
2092182549
-1944123774
192488635
1551656881
597391138
37414330
1824566989
86650533
-1017129831
688449383
-508468551
1664599590
1710103433
881971849
-1448767728
1734230107
-897731548
1747523782
380654984
2126069996
-1936981874
186052785
-1135349267
991062761
-1763377417
-413970354
-874447787
1557874923
583760107
-2120774698
491461271
-602205320
-1046195224
-1037787978
521327869
1376254379
967694128
-822586147
-978615752
-1772498924
-1115358495
-1291058633
1035959956
-337753636
-137882558
786122356
-1138482580
-2051727315
-649628834
-853924083
494021599
-199439408
908707287
1869453703
-447836221
2065610007
1047745267
-630583303
-1917131303
-252445188
1304192250
-95434292
1753474114
1676298890
-1915456572
1395977410
-1151885774
-232641669
1842668685
1003072057
1366587874
1459031842
67072779
-1847397201
-948104757
1148902539
1911658434
-1078163064
369915152
-1720869665
1098350486
1621840655
-915834053
2008798989
836659362
403007162
1332682540
-1558937177
-347113401
1033184177
1806374221
-53367031
-1262920058
-1539230319
1142100234
1753044927
1516264082
-1175748756
1506045312
-2064783576
-2070842208
-1624952044
-666292876
-141791658
2020540674
712415384
-568818042
873505080
-1650868109
1776110095
431516581
-1055063557
-1143262796
1980491667
1665714885
-1410867540
422242391
-366835824
-510103089
-1060895455
-340656934
809985854
124702425
-299478759
-1039341066
-201613461
-122355818
301168802
-146969799
1451221374
316400656
397654715
885207250
609845431
-1081857900
1744852025
-1251246933
-179811397
-280462612
5824238
198507709
1174534735
-1680253229
1288503046
-777619810
-1257229469
798840229
-590806348
-582215586
1450864466
1426017622
1726478
-2064088428
-860538264
1405127332
455802166
2078531507
-2065392732
373457552
1338068665
-74146655
555197374
923817737
-729556933
60987018
285173867
121039594
-950596782
1881068016
1761865694
-2089434841
1470431410
-1227419898
-994193262
1212291906
603826059
390975294
84117830
372837123
-2071984338
-1783324640
-551168695
-1456182425
258176758
-272646307
-622427913
-16649000
-385748891
-402166748
-1419148669
-1627725666
-1020076147
1797028275
-317170954
-1532113003
-757590607
-1514473680
-1418984586
-726407136
1551155755
-1361117000
-1777210677
-1494917283
-742353521
-936571464
824493855
867230105
1420260112
-597667716
1215971333
1184665094
-2008525790
327613189
2123543740
1697544619
-863223200
1761443102
1959305907
2061888923
-887583824
-728297551
137457743
-1613900695
317559973
275980630
-1116102676
1522797274
-516559580
1692694572
1109569314
169379804
400526153
1422400748
-215407031
803377079
-1781313397
66544442
1954389054
446260866
1262304541
-798907586
1780724326
1499542999
-1365641833
-1173391245
1870023922
626268618
-1151041835
-669345346
457214820
555387158
-1685498849
-2050842942
-1672526510
-1247441767
661797770
209208946
-1441329302
-921667070
-942637923
188617447
-733541195
1792484808
511794486
-2108273037
-622784481
1642643549
2067990702
1495518709
-1695296969
-856763741
867059003
480511086
983318322
1856179614
-833905770
473840596
-708894411
-158998165
-991898403
-1978857690
-1136874797
-185397391
-864161095
-930856512
-562846253
-5198891
-794884669
447164400
-704493001
1558725171
-2077587933
-752380728
-619773575
-851373686
-580251014
1258279221
977508887
1842189174
1804974337
380067920
-1723224238
1189986981
57159410
1931625715
-1623242447
-915745661
917805606
-551469937
-930678580
-30909896
-1084436225
-2123248835
700904646
-2112750381
-225364857
-363170542
1360984602
-22263609
1412532441
175159479
-153815782
-886948715
-38244417
-600072393
-1271613771
-653226294
647063964
1070527770
-262194696
1324015404
1062437004
1169719475
-745914921
-152680656
-1403452983
-1839609418
-1845938388
1746402734
-791746224
1633568269
1023729406
-282197545
1071440835
-609812501
-2112429818
1477640550
674302609
369232160
433286767
-517083627
1699266131
-308981841
-318588707
-1761544622
-1283308679
-1521899619
761829809
-755837646
-694614747
1325145611
1591273866
-2058834523
-1075273130
-1459033721
-457487346
-1341790997
-118412983
-1104901218
1914270697
432713798
2035885339
-1481836619
1384063765
-870233615
877683123
-890907880
144927580
-1556807344
-905934370
-1792007597
424080154
-1125279128
82248634
2071918528
-315932089
1444720784
-490361000
189790049
-1329374283
-183365528
-2087818339
2022163439
-1417795947
751254794
1082623336
-520115918
663710783
-903768960
-1859816199
-1382869101
639921713
-1865562251
335056272
240174319
2134726744
1982765102
-959216812
-1520662867
-264957042
1644434618
205122422
2001484050
76889188
890224744
-881583466
698042323
-1167310304
827154553
-1499986587
1299557355
-1841827319
-727752682
-1263728758
-673942865
852947681
-246874237
1342878921
888349215
-2145913678
-293617003
-1468983198
1841729149
-1901750067
-234827167
-681900361
1066595619
511333903
-1993456075
166815024
-1991741295
-1778918042
-1207728180
-384791454
489298373
-9321837
225396412
457123950
2025155279
1907584304
580169523
-1870120025
-1778075996
-33188363
1415370722
589309815
-2109683151
-1414015946
1608293176
64413570
-2124215629
-428408913
295849939
-724063477
-1177901755
-905876860
1631720499
1381570711
-281238598
-547997822
78553520
-303691825
370145964
-1383247702
-581444947
-401412694
700703957
928629232
719816718
-1140803893
-145743971
1712356416
1879570918
977333287
-2006721293
136955073
-1540915339
-2084241942
-1161724321
2077480028
350677585
1539102875
-885887656
848391039
437293282
-1897453443
1198499026
-918069731
181961747
-1441272008
-619659237
-1798808583
1107160133
-18853959
-1168334105
-568428252
728809863
1049408597
1475612329
-3786044
-2137107708
1599910708
2030024995
-1912132586
-474328644
1344951532
1410381888
1557282741
-847162762
1508680044
-92580063
-1118928613
1196227317
1054578459
-136206219
-1463756184
-1272885655
-625348544
-1994102259
-1241255326
702401832
-1859429724
-1874457169
-426678596
-1221305443
1816397173
389348137
1349379739
-961338240
-924276372
-1255186519
-279056043
1783491143
-1906020558
46407243
31538555
1084652508
-1794353153
-862341644
298781721
1293631631
1394478212
1314730077
1968041020
815664973
-1853737462
717778546
-947539277
-758856430
-1711749669
1691379164
-1458394598
-1951904100
2008534752
1979786204
1663909652
121510240
-655633013
-132732582
-1377194793
1696800705
1561508343
-1052838851
2116513260
-208731009
-2145869748
-329070083
184579383
1956180333
1588624232
110630773
419722037
962538854
-1411899973
-1984300547
2072816517
-767713919
-468585358
1196410296
-700899671
1565435267
115134679
1605213482
846203917
271915925
1955881975
-1664193012
1925517383
-555400394
1953190020
1611687779
280847263
-1307704462
-170264835
-218481458
-1531249454
-1943876524
1491820555
-1228879072
1144036371
119136152
193194286
-106302930
-740490670
1979314340
492017560
-840779799
-1830037313
-1752346695
987772248
405538990
-1262547823
-1975511963
-667837253
-1088247588
839623427
-1483605188
1735185902
-753128537
-1423881826
517728967
-581899544
735839019
1692673725
-827042885
928159110
570490307
-59462066
-1455628179
1396845559
389858460
1257864917
1163339653
-247894183
-1486082172
1203473078
1952798193
-733667164
-423591417
855970227
1427571741
1863876551
-1684609604
1815621298
1729210976
-1906894576
513586652
-2120614461
1279748281
-740064048
2125754387
77307490
-758770246
1281883454
-923246950
-1170565640
1878247619
-868749669
1433751429
-525969753
-741518477
1358423447
-1207374503
-2114916793
-1425121700
1147895795
1198820577
1936531882
24255733
-257997978
-59866047
-2101577689
615959764
-1466007867
-192323765
11795286
217936924
1766037853
-93747951
-278483176
2059572019
-172788573
-1154014534
1880163801
1967373752
-1996831729
-2117898343
126932248
418467508
474906436
2008391291
281644583
-1546998770
1440666227
763695167
1678556975
142003524
2034118913
-129262676
1167794295
-1613629096
240414312
433323646
64139749
-1631260665
1894777178
-2131375166
65187012
46723648
-2021272277
-1349424285
170282439
-1514185260
-1915597457
1033109251
1305721677
16437353
638869474
-560709617
-558068762
-222100044
-607786872
1863756557
1404154133
679208166
1799527445
-1600615369
-386610601
-450137753
-1660863346
1969668429
-1271061405
-274623807
1461253167
138298535
1870063796
-264247330
-553190769
-1795041911
1757888836
1267669366
-1371084799
1890668986
1036547225
666001346
-393061570
2089063511
1167932932
1319186293
-2000497344
-1680544284
-1851070936
-1055243796
-207949968
463309219
-1682055239
1036151971
1818906626
-1374923735
2052385925
-1609237525
684851360
1377974061
1963658936
-1561164583
-1658516667
-344413
1138281051
1307992705
1547403627
1530952457
409565981
-1567993244
978080105
-1345014529
-1052130730
825418790
-1664840171
-1643756003
-8367800
1074180227
928582832
-1256412416
1215468455
1944947588
1123646723
-1179016538
738917979
1315186157
1008361413
-85659909
-97581437
-866921991
-851607745
968559283
-688978755
2136301384
-17379790
-1376720806
-2101704540
1152467480
-2111450888
1508642472
-947396455
1675524531
-1174801176
2102371866
-712648250
879028776
-2082833922
-1445704771
1037761632
941563197
-240069957
88718668
-2006595541
-702374237
-1180787126
704557693
1051047235
55928683
-485056284
-37980265
1512897816
1261046968
-1226678668
-1270276792
1014460346
-329013834
-1810613379
238834100
553834838
1717411018
-1853863877
488650449
-1924547585
-1570578421
-1336665592
1536739825
-720805454
1298343152
1795708673
-2132692832
-666334572
1611412297
309123049
-73695569
-1406911619
-650613901
1262126156
-1646343792
-1413713735
1610808262
396643559
2099027172
1139980556
-1562019502
-871176121
-256301998
-1219953418
-1890988085
-1563609681
-1681482086
-1487997383
-734610239
34171454
-2045514263
-1158603880
-362001901
16870481
136534382
-1796995872
665385893
-43581146
433280044
395545387
958899280
-1187335999
-439591662
-861066909
-34531814
1003652114
694438984
298934533
-878960218
-1374944937
1121493451
1383081767
315201773
1668745919
331786555
1150328251
1934706990
-553811120
1424066291
-2088461035
636493859
-1419387383
1062437466
1955385770
831975541
-2058552502
-1187438216
-1770360294
-528709264
1729493108
-2105939508
-223882897
-66251270
1041552844
1328274011
-1687072345
1509684929
1159927460
-1175719156
-18056593
-2023978061
1914421180
-2073600717
1546860593
-470179661
-206678043
-1946810005
712345424
1063940489
835636967
350279336
-1956376654
769620249
117599908
-704997749
-1968540546
1938849751
1244150396
1356104440
-1973920730
1717083514
828203251
642513125
-1400605529
1151607279
1837409169
-189232012
-1385891825
-1163945584
352442633
-237057468
-1697811137
299262101
-374805091
-2143471100
1320804594
2002942410
1005716928
-359762360
-158649603
-122250110
-1971673348
-1028362849
807015384
438742474
183896853
-135388956
352869980
2078415074
-148045457
75133652
-1543341618
-715736344
-674233684
-639640351
1395511323
-1960159786
233069209
-835052219
-1223564187
1684258478
-1530950582
1768698457
1377684926
-147047693
-2146282365
-802801882
449059378
-1868250789
1706487385
-1047268036
-1656529398
-770567743
940342808
-729661502
-489557169
1927141472
501466727
1461087182
1313320333
1555714110
-559969366
-99321354
1053328856
1352210661
-1771222617
728089895
-1616936173
-365087912
765534059
-1403303244
967402095
-272934331
-376826514
-733749326
44221490
-1901385354
-1698553355
-257955966
832954553
1576978573
-1622175817
113336238
979372479
-2002907920
1277405891
-1472178951
709327839
1966950145
-1545807968
-1315367504
815678551
313994898
913340597
1506456902
1402421006
-659250536
-255638037
2015474975
-1229033256
-1310445538
-1166214512
-339482965
555106807
-1028746117
1573813630
-1940923721
678386916
611626695
380626812
2100523519
328807760
-1120496502
-1349645341
2072142599
-228230299
-850739786
-2034931836
827246890
-380043440
1271364567
-1539139127
2131955955
1401473283
-709873528
-96547815
1423824299
1070229559
-1625622744
1913695105
1189446706
1263190192
1201321422
-506406768
-1120741614
-754002236
-1484469895
-476384895
24018896
-1944690659
292077963
-1360880993
-1580232315
1863326909
1032052344
40249573
-1712488274
1963736130
996231098
1255068388
2064763967
1452888939
-1552732920
145263593
-1026382851
-1971542566
-1769978170
-161878690
-1585373171
1560201243
1451518398
644272752
1737153991
-1596858908
-749067760
-1177646606
-2103962161
791083166
7244135
-2147433856
-1909686426
-237217245
1059048557
-873294617
1092785405
1359388617
1585058688
-1366339388
-2034364917
-1598875233
1544405669
475459434
-2138332641
618779126
500516028
-189378295
-2096010952
-996538077
701486581
2076420107
-340497068
-370923134
5898626
1288419009
1466777926
-274696260
967034510
-1279081666
-1053904692
-1965235
405772397
1870030211
830397920
1240046400
-1723552236
1015780316
1341415246
-430650563
-1947052854
-198798968
-2008140666
-959372091
921254431
651207583
-654925133
1558468795
541778205
-1224101840
1697533708
-1386355419
-1612794179
1026698153
-1155650967
-1005626572
-1222674020
-1034160005
1793327640
-1447788159
-494212882
1465326845
680970737
1556403865
264826546
322532241
-1384320089
-511952965
-337725145
1458485509
-444569760
1308667871
1458927486
-1269785285
-2104430200
292008698
-276582960
1293728267
-1184941598
1740458368
-2145168303
-753363865
-286812193
-1907101654
1229862342
-720237633
1306875955
1925984249
-170049228
-1502815321
1002194852
548352633
-843136295
-959179849
787453732
2103957066
-383600544
934324658
-1961202398
354027484
-1365527473
57969130
-2133870564
-57646471
1806042307
1641794018
-133425544
-1988862584
-269610657
1111220533
-885135468
-897218033
-1949686654
-1542255435
-325789157
-238508935
-387247177
1955086294
-393507942
49249945
-594904207
-1213314995
-592245422
214369774
1939112439
-1939666956
-1041145265
2106124840
783701405
869132528
-2099164487
63088618
1025104436
806285332
51572841
811334609
-1003865661
-354283128
265439423
1046675893
541346934
722512805
1477525426
316965934
-252638250
415583267
2086731815
-2038742950
-1837660870
997466998
449244551
866722268
-243859587
-364066188
1374626443
1958329127
-216971280
810565178
-1928885927
-1843560965
-1204266350
1634743888
-894705452
-1021216721
-63841922
751515915
-553893073
-153118543
-1734998108
460001843
545063363
243253451
-1422443845
1226936292
1240984099
1956783527
-4589450
142191033
1048856684
-1001404908
-1233833227
-1183746522
2036087520
1951791242
-541763458
-1223454171
-830788938
1992185195
217328236
407691028
1416265259
795115915
205688678
1858452189
-933308452
-1799381774
-331295532
1901336151
-48662697
1124948448
-1948970097
-116519445
1076268782
-1872166895
-812209193
777709690
-2125815089
-1741103039
-891220855
-1596284802
712918353
-771687439
-621856367
400186222
1291371664
861005163
-1299921507
-1550945433
918527291
1920408580
1807758098
800126728
-449198421
-1611110239
-553783229
145605533
-1448924104
-1674183045
678585056
1265868158
-718411832
-1801493466
-1785416020
-1751913799
1499730344
-1652463410
1054565234
-103746578
-13223522
443001284
-1528390087
1825886074
-1991254722
735210552
-2126239306
1825135320
-1240699012
-37105848
230373889
-2094275005
1744618882
333683257
-1194958965
-658671970
446037188
-1931400445
768388431
1578811800
1621110352
-1772140270
-754282936
-157988853
1015841642
-1335238581
690880034
-426167643
1161789271
-43915188
-2001659596
495047881
1700106873
1019476984
2050570156
1954085303
-1800058212
-1958582990
-1192228853
-1222942743
-979127154
-259153689
-483435308
-245430592
-993737996
-1085104302
-30432897
-1495387552
2008731227
-156875654
2012490420
-59487785
-2051702131
294251775
-290466379
-1673006204
1769065765
-374539498
428845851
-131066954
1781637477
-1303662638
327186628
756519315
1246471495
1196151972
-2007001333
-169998790
996154321
-1883506395
-547992262
57784876
188850349
-102610670
623020348
-2067688217
-2039117576
-564904298
-704192874
1642848979
-686228134
526431439
-1807286120
-2064050846
-1640685226
-1498800501
-1531630641
-1111498383
-1419912222
2087118161
-1171770691
1082286068
1612453178
1721382056
569975243
900338899
-480412176
452441491
-232608130
922943502
-1976487097
-1471611302
210494953
976493862
398054594
1817426575
-173355422
993391807
1404231415
-1918120113
-431820680
-764533631
-1368367192
-439550008
-1546716380
-1155464896
1209882387
-1282681348
2019817277
-2041006244
1483627144
2024133572
-1127236047
1316195689
423840828
2067083286
1704699889
511782161
-2096350115
1967957130
-1330142163
-256829895
980600678
-1102835943
-1390333247
378708066
1963623859
1653009448
-753078418
-1626788271
-1679794088
742517956
701539532
-690128910
1743380269
291319087
-1586029953
1811877497
-892156883
369414043
-414838103
-2028503350
1874364416
-1093009611
1286744735
2101523995
273189845
922918756
-1639738658
-1831433002
1823413365
1693330258
1642713663
-765617213
-451779947
554338731
-924055446
-964182170
-1825145749
1946933411
1098277768
622128549
932936835
1259763262
-2036548292
1105543598
1345419730
256559307
246780627
-1365024233
-1931846389
1747356592
-160445255
1529652550
1889744689
-1926781843
-432469714
523016210
-81531540
-1755790374
-961454534
-191378774
2098023968
1865439155
1933887198
-1626601547
1524294460
850301014
1993453451
-1277535814
706680271
992968394
1892111831
1138852546
-835356960
2117242627
815656814
27642428
-1718599298
-1599544733
1026935878
-42121953
-292328939
1030770308
751429654
-1250558891
-415183101
498664500
1811259144
-1592945321
-2095161750
1097867968
1309964717
-668442348
670582087
-425084043
708723760
1664087319
-1582400573
1437141347
-40835890
-165694744
-1872870711
734912868
1620878725
-1010310735
-2144508200
-1902469540
1507779851
267796004
-200909799
-109703743
-1249746175
-1463999332
166823859
-520019875
2052823912
1459665282
766069342
-703569070
-125115053
654554097
-2117361610
349537631
-560641826
-1994150243
1256548817
-221942687
157302878
1133454064
381727379
-1685348581
562813145
-306351499
-2027911104
992216889
6940088
-938237319
1453995986
-1925165167
-1350026309
-1415139857
979698572
-793877844
984557356
565612948
-684284338
348769669
-1936420521
1854633555
-497797077
-2024142192
-308836040
571514346
1124354104
-556009219
819929974
404682188
1418215334
-933952451
309519760
1696822345
902849043
-1263353916
529674325
-2014600213
-83951844
-660473071
-856466023
287637795
-134960842
1190433259
602572069
1522667045
-1268218434
-513966868
-352117521
-1623047921
917310029
1371465283
261548170
-519557040
-1821197487
1069434548
-1080038433
1589354823
1272954841
-1357984029
1823102237
1902861610
1097621167
-1826447150
1705415149
1845293097
-2057193301
-1594384984
-726989846
-1414089006
970544198
-1212363852
1790445648
-141369929
552685165
-1722181456
-2054666510
902838093
1842496663
1555070025
-39682959
-1692398570
1600211993
151699166
1551971242
-81901310
524913336
749955208
-17292688
213102610
648955007
1285790810
-1773789829
-52957377
-309366061
-1870470167
-1111631969
522437017
670578884
-1587400946
-1830887360
1342275250
498059429
-356480022
-1118071547
-1605583812
1671073502
685038378
1663040203
-65542672
578991615
-855112565
-1657228836
-1470566479
853301273
1715433376
347634016
195855857
1233842505
240108754
497939986
1064394835
-1275926636
1290549928
-1994215369
1181981330
989543418
-622398647
1228373196
-2022033504
-1840203579
-354734530
587318782
-1165544686
-1401081567
-828222853
-66033953
-373504838
-1434802703
-142535521
-1128919466
1893776021
1066623967
-368427654
1604476246
580979943
-170037579
310957264
707933265
1732972708
95473131
-1147423652
1920132079
1742269458
-2141352320
1254672151
-10799877
810496427
-1923117555
1718515897
1618508701
1335805255
-426024170
-1713497729
1937582542
1742565242
-1391397213
1204959791
1124177159
-1846951110
19243790
1562395737
27190075
-2118829627
2037443615
-575352098
-627617016
918137025
-300669867
2027851446
-725724376
1422751396
-162098298
937661421
-125428435
1188835669
-1614482774
-1088838930
641714029
759130899
447500530
-1367760381
-1728708038
-1630666346
1958065695
1730884379
1947858006
477508467
-1326901742
-804429362
566028965
362358724
565406110
-535974498
-611791068
-1247491065
1995767973
2054091904
-715875559
-1009570746
1692033378
188088730
-196003700
1657055608
-1584183038
-653671348
1285457653
-652430809
-1927241350
-97422476
1071609654
77521234
-1867808620
-1808064274
-1252035893
415541140
-547060663
-1652981415
-1630895553
-1633557883
319561814
-718279648
-1499666719
-932116897
1194963209
1865406392
1183194039
1703263716
293627739
-501524954
-1756991053
-1779489665
-1896979901
146036164
1615706916
-1509884247
-632059576
-19355069
1725217391
-1148349298
-1887241128
-1102634509
-778942466
-1626336529
-1885655848
-297129151
-221748361
1956746825
1720579068
-802632063
-1384864719
-1718533065
1810053719
-385417234
1731378403
-1508239596
-985267019
2095746542
1981220510
1027031012
-1441465816
506081177
-743291140
2034385524
-651380896
1155561340
-1546705511
1628712895
-558660800
-615207271
-1853029182
-1995070830
605239469
-85468238
-545050260
1547657843
2043115944
1228176070
