50102315
-1866227598
880604820
-163600013
635852504
1816741392
-1474459453
2004362135
1909097935
457938842
-587609710
-194177523
198434973
763097120
1844939367
-86050994
1554044717
768286585
-1541711616
-2082673651
-1340180662
1404413816
-152353130
703457671
-1219263902
1157240926
823426367
-134665953
1570806669
1861501070
2064271251
319406377
-2017013300
-1420876921
-1617203566
1718777605
-1873409387
409660429
652546501
-996925840
792268943
435375529
551050658
534387222
2033011353
-587855532
200983604
-324677270
-1806672112
-208631442
1969134587
-820301894
-254916783
1380370677
642533648
743276669
1549703036
1267005938
-1057860468
1584217327
1021836923
-403661002
32839210
1284284127
-24296894
-213578426
-820194261
966397127
735525975
1086490259
1173060985
1351398173
1608751765
1995859694
-36609521
-424616216
-222795732
1142297146
726306199
-1782125163
-749165845
1234016866
-1448826796
931194378
-365535039
-1577168755
-1295547838
-803729669
-849131136
1610134928
626568315
-2022369667
-1096259356
947944868
1010091227
-1258643752
1455070420
572562264
-54568985
-1834269536
-397335577
-1556052536
-30114582
-1771998714
1312297001
-406114801
-2127196064
1952486251
1221632542
1112233977
-1099124584
49054006
-703737850
782780925
1681449108
1141715686
-1692697246
803801194
357496115
-1099821206
-591190346
1444122591
1926869137
-1714852177
-74906223
-257899777
2030415790
185999483
-1901530934
-195756187
1527516749
-69858183
768245003
601394646
1222173982
1214922644
-1598545517
-932552267
-1038547426
-664667513
1860003127
515562427
272407358
1666160053
-770943063
-492600346
-642610366
937905717
-1857365252
642510514
1182451948
1855279153
-1251180185
-577027706
258732121
-977694096
-632945848
-254211471
-529869142
26040112
-795635348
-396927211
1754853349
631203384
-1770289267
841709283
610840349
-1492036562
1663779611
-241617784
-1697299247
-829330651
-1515969985
959009446
1391288210
-1129183110
-1280643300
2074683335
-139013401
-872905760
1277967191
281949582
-529840012
-1626672200
-1802735655
2133260079
-798204072
-670735707
1921160403
698721056
793763287
-445363617
-259451390
1252578320
206231865
989554632
434112307
1278299416
-213059599
-1131594692
-1865372407
2083736879
1267413504
-1131884500
916082174
2011506147
-1454656613
609782509
-59994201
148113734
364561931
-1115278387
1347675195
1570980645
-643112236
-203067289
1145097301
-974564992
1101026585
1102533688
1083896056
1474400309
749407550
163501425
-883074604
249588733
-90731826
1248279310
684278727
501436572
-1289092961
-40183769
-1617863771
-244005292
-2052778188
1677305989
1077371196
-223317350
672133474
-50027913
-1032685934
-1044778996
784684853
-1312042522
1813290864
-1145785951
1494231827
972722343
-683002589
377120033
-1791521502
352219152
-1435086207
1043368152
1470058727
2008721357
110853162
-172676986
-473454289
1141054964
980420879
-1109002855
-1925108174
-818455467
-1942876360
1749298845
1616421364
-905509097
323410113
1521158643
1351620334
-1175541632
1357784357
-1024092224
607214830
-292231661
-1391347010
-708030680
580900922
-820153633
633212044
-1298023748
-1127340293
1997034261
1431894069
-613877712
1318992089
1686717660
-1317543860
-2146959535
-348603166
212623969
1250338517
-2026707915
1070795183
1901744433
-410694648
259819699
-1238834231
-744516918
-1590020779
-1623428843
-2073967032
-1497380242
-376217432
-676286452
-1989176899
1742146618
-2033121298
-356639260
493798737
-1353152137
-1967621930
1780502264
728671790
115027504
-860478245
503184743
1871313181
-342227964
1187130754
787339783
-408997265
639069757
-934612768
264435865
-528400351
-827354336
1688033887
-1523102914
1801998906
383223430
2071657408
1342038313
-235125384
881592747
654979683
-802300778
2026411051
-1572080571
-1437803322
-1030597637
1921249631
-1490576680
1661887563
2021298812
-1064046016
-1188051384
-100524227
-1805030493
819423674
-1910239057
-1881714924
-1866885553
-330802593
1810479984
1989689080
-1137163539
2008064654
-1320070516
1744717443
1528193254
498779856
1631760692
-474172213
1000621912
2052750981
1271675806
-2141132897
-447564537
-249633089
-351575524
243667727
-2135991403
-994410643
716292457
-855671503
264399345
1546344123
-1454672826
-310103518
-1701459443
-1280309575
-140481979
-392989621
-1694104109
-1688442566
1708382179
-1124504347
1887962969
-185915906
-595455012
399499454
-1483855790
-1130922221
1934521787
1833889084
-873839417
261947255
592972208
1836978594
-1456356089
1018228738
1680158117
-1441396590
-754724132
27506306
1375955858
686306770
274804223
-1684634841
1591354640
2015931474
-2075634739
252964897
-2025593812
1682182253
-775950791
-1054836857
-1364499074
-373630353
-576406012
-62790790
-1956204679
1829748055
-2077264852
-1966400374
1889258243
-1351666211
-1636159839
212597336
476049735
-1399683659
76844094
-522519941
1715159754
1572904725
-30372874
1265172903
2051562428
-621558667
1843505998
1068337932
147347856
374530197
1149958154
-738465285
511256014
1402591940
-1154479829
-1204256305
-259712473
-453219490
-332917992
212801546
-725593655
-977062763
-1729000678
150578365
-2057749515
-2003098764
-623374835
98125101
593970126
680221985
-1048215980
-1764150093
-1222925966
-1878639518
1186106637
2074996708
201697358
-842128542
-1061543291
-1144986128
756885165
-1414584909
303454702
1249598543
-1269126510
-1415917930
553976911
384395417
-170999864
-725383302
-1006836037
2138580149
1940290359
2015978178
-730060859
1226866998
1084024696
1927433931
-984899534
-1836951039
373171882
8647981
584712944
-846614222
358243718
-105526721
923603015
-1083034560
-430720080
911610080
-2062137267
1838903134
1305752912
-1878731148
-2000957281
-404597980
774685153
-845927635
-1638039219
626716782
1332294728
839719563
-251048682
-527462780
1967194152
-420665307
-244221740
723025786
599687284
1765299369
248141369
-1884137766
-1359244475
808972064
146568635
875456127
-1729388819
595506806
1123255245
-873224765
-283618229
407834425
-2036251313
-24877348
45597280
1829261729
-942708922
2111798915
-52981982
806122448
-86895153
-1663450666
264399248
-824208295
618171984
536280702
1266813190
-1772672762
1756897521
35115284
-424587823
-574171691
1642157386
1539571136
1945589510
1500852292
573974109
-835768541
1757258127
344126158
1198754246
747650934
1212187782
202597556
-112216527
1833005043
138059461
1831664128
227663115
-1566428557
-10417731
1756721094
-763409541
806971736
451896711
1297934509
356853395
471941548
-991948232
-1031811667
1355101890
590613386
-245486984
1094678297
-1398835571
-1962691396
751047509
781050336
-1413916546
266062245
1163048276
-1310132977
1746860124
698884193
-1443188023
-985261159
-1087788133
1092129322
-1018024088
997668442
1335534870
-771987715
711392539
392047193
185573371
1551259516
-1949941227
-2016112819
-131938811
89409813
1762651174
-159301022
-1444526863
-589027228
-1979873968
-1691492036
-1484830934
-1789819434
1546206619
-37064389
984302534
-2077370226
1750810149
1332590337
-919217739
-931165301
1643157884
-628817360
1528080951
1708275978
-1169134288
1414427000
1346496142
-947603416
1956186274
837087952
-1782217483
70770891
-1376244446
1775600642
468209872
436939203
-1161905351
615085933
-1752479196
1468171563
946954562
-1287012090
424740936
-54321387
1058873151
-572813409
367924188
2072699493
961524713
-252266900
-1496290310
1679878141
2004961032
1310370498
278768299
817574938
-2101484283
659495456
-1324712804
-1850186243
-2009948227
824794227
-24813551
1372732877
220948631
-1170192747
492429082
1012407483
-565446696
-1079238378
110147843
-556866713
-559983307
1271449407
1478799120
1833292417
-792799831
-78892461
-1687492503
1132876211
1460314760
-1121716968
1225335123
1597948094
1962614228
1471179669
-1329391199
245806819
-1540114481
-1977834724
-2113145239
-568503165
-1183512111
-1627505014
1205832441
1680378633
420825691
1448663757
976403723
-532250873
629370475
1423226790
1082751032
342911135
97160209
-323966801
-2026642262
1430296100
1397772866
-2030857569
849073430
1738765568
1986177515
551680205
1428594664
1863697623
1440076873
-285188366
-1816209473
1525700844
-264922505
-63732942
-832792805
-26997821
-1037999544
-2061781923
-1810214060
1137625352
-560710570
1574488177
1087335117
-750988881
5717851
658012003
-334962071
-1955094948
-521288514
-1071047138
298583614
2000028676
-567256463
-983093813
1276502408
2065137363
-1782284807
603704147
-70925856
-11614384
434926797
-1752734943
1070610861
-545385026
-821307932
1002124588
-1518643750
646559685
-1041065847
1024531764
456915657
-1588863919
1439284337
-805233845
-1663591289
1549711802
-761667826
1273520278
-101923264
1289777701
-2078977499
-3283884
-482859788
-194618839
1892976542
-1083390688
-300742294
-343177803
97314458
1856830066
-2080139931
786480944
2109169099
-315155861
1023805461
2109885665
27084543
-1420281903
565829072
1677338768
68644860
557259863
-300632319
-597979795
-986424173
430727970
15219296
904855601
783816175
-953993336
-5806493
-988531325
-793175251
1929427994
-609548813
1349614236
180569905
325869028
1308376163
1558086701
-958218313
-2144102414
-1280877411
-437074049
1468416424
1915218710
-1777827938
-2135047716
1481203374
150867432
-341406173
-843984339
162299914
-1633576690
105427364
-735016732
-1177959772
341881789
758997121
-542010853
-177012637
713524351
2122938747
-1704223235
-1760126273
2117823030
36250213
-302453916
1217256083
1742881120
-151822822
233265348
-1143932617
-1771947620
-1806922319
-2067914938
431630030
491454316
-2048700177
402758711
-557702693
-171884997
-1166640644
1834994851
1496724506
672251554
593102938
11951933
336636045
-161372954
1398562578
-900890495
-627437868
876975045
-1744033233
-323959524
1821040577
1130477425
-210589840
-2076060021
97146667
-19858212
-44218824
-969488895
828413698
-969803466
361550537
-1418712691
-100702300
706495923
-758144847
2075223932
-52024978
-827763823
1366255747
1636291579
-1826960492
-1981285287
-189608758
1423148289
-1438983115
-1279110556
-1765950917
-609288085
-825948759
-279874144
-1357179095
2107713639
-1226011363
1393782932
233666109
232196630
-2079480222
-365731423
-1083457435
-858164627
988983553
-984320886
204081676
-1693684389
1032303250
-1454084043
1442711436
965022512
211460685
1451416754
2052183264
-1197193155
1260149217
521536892
279905438
1772835511
-12632188
1349999615
712452643
-865506592
-837943989
-728433062
1985893135
1114614120
1827002811
1862166117
-628153357
-1339361265
-1763342945
1634632949
-1297642423
1746528399
1679455003
-456798882
238568868
-1353804359
709102081
1385887033
811635240
717943518
-458928798
-1330549658
2093149755
-2058867344
651347560
1729155412
950446460
1927283943
-1896626077
-1553406593
-1947886861
-568771351
-1815387616
1830929978
-343645046
-565801564
189698177
-584028754
851900860
473544318
1423083082
-1211908062
-1099276917
1715640048
926358840
-1134646916
-1404580937
1905029551
488555607
389549830
745849132
-1821786612
-662274155
755079541
-1833527365
-1421792356
-1054487407
2093128487
1777838349
2077539355
791118008
176461484
1515662548
1791367053
-1286998893
-178050680
-1081326014
-2050392411
1065750617
-865509578
-1553468226
-399835285
-851309109
1942138990
-1548166187
794808344
420348737
124138154
-2020665746
-996674492
1161137151
-171525146
-854750911
-371027902
-1387060788
1685782184
-640063350
-440824118
-758711355
-293805505
1007674617
1844411609
96241262
-1882219698
1270166508
-851132460
-1786328823
-2125444980
-1408276769
-879261197
-959624150
1231886276
-1936538078
1643393244
1133008267
129709859
-248732979
-536753522
-110850788
841225906
-988490767
-1449053056
-2079105186
-1897480672
-1994566896
-934090487
59683057
657603269
1106947022
-2040903934
531347307
1995074019
192361191
1608200105
-1815999638
-8871122
-1104267165
580460232
-605468692
564004749
898345224
-707976938
44092125
1163229218
2124403472
1526353116
1859807985
-1422952056
85869084
-318856997
1486501556
410158939
1574561384
504917356
-219508514
-85025796
-1266681025
-2039043095
-1241170453
-1155862379
-126459728
1835853899
-1450756373
385956186
1910070401
-1379294956
1435391382
1860821522
1725953635
1683505519
-1476579933
-1980690731
1521312615
2089163156
-1038964903
753165591
1409889456
1823734129
1061695333
-716840732
-1679868566
-801877626
574787566
1968192109
-872193030
-1836057072
-1932605722
1620942786
-1782263178
-55959447
-1381667421
-338049312
-794871209
-1157780818
-1488681555
284466158
-1961877651
1521844642
2010693337
-1260711997
-1652466158
1544181969
1210878614
-1206924628
-1332125534
-782258952
-1071345530
-1865037973
-2007713750
910917795
-1481222064
-667215231
1800670303
1045085976
-591446860
-2089653841
-1794861360
2057202035
2112814047
-858925126
687381855
-269749742
-1436911360
1805019247
690528237
-1191351758
-1048542438
1143415014
-2027082412
983852506
567522587
1382246410
-989031526
-275990025
-914767058
471100248
1815535458
-1879410488
1461832013
1597082598
1274928805
323014780
-321360103
500438950
1266555554
1702211608
-1378224915
1322701547
818478355
1975539358
-1748009424
-886696404
258970784
-1495322517
-2132398870
80577544
-829379432
2120460000
335798937
1780259722
159656926
1709753924
-733562299
1292610221
1365831457
1181998569
-298217518
-1046551262
-663121329
-142836084
-386324332
765305680
-715137718
-888440063
-114634456
-2066739813
1812318172
-1254699249
-1268874111
928364520
-841070360
-1858432872
1787031617
1070330209
747594979
667766525
1304095305
488819829
1519005569
-883915584
1950165907
-1267981534
-726354766
1969487722
1571316798
2044730230
-367723313
1215127982
164429034
-100208558
-1179934704
-1928125490
2090277190
347079281
1855954242
-1178814915
904703974
1599763880
381970357
-1356879227
917818201
607379055
1922982010
586942058
-2098640774
34980767
1872309966
-1616370353
483763718
154335356
-1872319536
-1641100327
2092611951
1269961462
1135891834
130568658
-482845457
-1182629333
701529294
-190708145
1096510175
126748976
498574159
1198862867
272603720
-1673485807
-1063928910
-241083339
1763315898
-1837298411
2135835093
1083421953
645578076
-390819770
-78029328
-1115698404
1306513732
-1203983569
1249085193
1913384682
-2036864760
-1318731033
914380973
30795827
-576406635
797051470
265850844
266002948
2132369982
-1522783594
2068210500
303542483
-1316188649
1234268165
426945202
-1553672474
552091268
951811832
-625440315
-706483468
409324812
1452397866
528257508
629818636
2032034418
1504418614
1971294065
-1129376331
545597702
1947109978
1433695806
1916881750
-1046360008
130017917
-324787904
-1800672808
1916220781
-145167246
-471803519
1807071369
-211073515
756016254
-1833510821
-1189909949
-113086723
1773938967
-219793182
556901324
-426627871
-646800914
2013662370
-1372683136
-248278459
414520111
553093001
-732916435
-713566588
-1810935545
1472952102
-339525315
-445758936
-1868560538
-1607763692
-985711078
-1448342404
-826985978
2138809520
1221035213
-1690567072
-191962965
1006672913
1158267368
-228266404
-1496579157
77674553
897277862
-1454151178
171506864
949634183
-1422225840
-979099577
133167036
15596912
-1286803743
-1248730677
-46706579
1405109870
1917567981
375605625
-192247935
392940343
-1004024642
-287218925
1358859421
791380018
-324194625
996270782
821715017
955725350
-586018531
1585758677
893997631
317273396
-1168060758
2070828281
-837001243
2037256967
-1036459515
423898988
1961129750
1172256841
1701834744
1967417247
407347496
-902051496
349082656
775164169
-2096145878
834332217
1371198419
576388921
1074698349
-1708296756
-983803075
1846552110
-1075689403
651489345
2061822156
87763942
-1437122544
-1380459318
-1888908594
-882573516
-395513737
-606865774
1365218135
-851802154
899437811
-31904532
-1650825625
553763782
-880875373
-1273498929
1708492364
1521673680
-362175749
285249922
2007532101
-1586738844
-934526545
1865970323
2021174120
-1743695955
2103796113
94737677
1708569541
256997857
1348480168
589275625
-269182006
223761626
-1049059294
-2022091836
-2017291800
606865894
-1567641956
1233921490
-1308120970
1826728154
-1461140833
-237273582
-155875882
932937581
954099054
956548803
-704351531
-1717366334
-1133244930
863841046
1842834263
1327859782
-276341691
-1736381660
-1346497229
-804608324
-3980105
1801157409
484753755
995860629
-1080299507
1013244370
1067506496
-1403887996
314725191
-864286148
2085251700
1285491026
65717236
1652096157
720997008
-1040519698
-5108559
282407583
868810071
1996295879
-1558133266
1913158347
-38978789
1503000158
-1912277257
-1492377797
1728161119
1910349590
643187506
1012745107
-1662795843
-1288207282
576268197
-772624847
93229834
2105422001
-1216738117
959017123
-2140758345
-584524340
740372551
602874713
243858554
-42796832
1061989321
1638377627
2125896236
-944332551
-506586385
465021628
295611892
78148159
1591584349
477907344
-1239824219
-1070321013
-1802733904
722184986
-1709626780
1151284028
-860040256
597779338
1663319438
-426869685
887518245
458549349
-1703388200
-1898179427
-1303265028
1827111685
1132282294
-2113406056
-1176694293
-1755679164
1635963905
1019652088
34284897
-455783564
2044926931
1391992803
-62236382
-1670415727
468556981
1601175098
1666737922
988799417
-961582852
547879217
1084140016
-1194868772
1744672879
-1912881631
1033842486
364258991
1314784557
-878299492
424351742
1205606373
180646605
-2035971390
-1616965865
-1009204831
366511047
506229970
-2073372935
1359515173
1759191313
-1684227581
1022702598
-411501873
-762824691
1836047508
662550290
1204709958
-21237087
305158946
2142383141
-1485281808
-1435447897
-537456327
1413853567
-1335623001
-1222758008
805670188
-1204569381
-1440523093
114651427
-699437272
303662328
-1770234151
-1477094670
-1353570937
-910901932
2076199197
-1440053137
-2068080031
-1086430662
-680482268
1895151540
-1202346391
1313152767
181256278
-799671455
1169513717
-31807353
2083878403
817953985
1267369310
287038990
-1829147429
1048579119
-1906518647
-1974226396
-1027224413
-937698378
1028243910
-361422855
-1491482330
-839467017
-1221659176
1109962970
32379753
-321938609
-2133144748
2087605755
162834977
736483128
-56798930
681351798
1168162153
1612255215
-2044086128
210923923
-1428383313
1038440023
878787309
1698768202
1564397039
1992764445
-627192490
-1173870331
1903100196
-643785188
-1247529716
1320473769
410921722
57352449
315248981
-1668002857
1828529095
1142428722
-615010669
1562776942
-1697136708
-1657008405
1072936593
-320723116
-1393956521
994007978
1498812960
2053991030
10972955
814761421
-643624990
851704588
1082554499
586816888
1445405797
-2054117087
208131635
-1072818756
281139059
-1705149102
-751328911
1287217397
-595479897
130106837
900980434
1073098611
-151517885
-43356227
-286386120
926643291
-1058762431
153596027
1056449019
2133431503
-1035569753
-502053977
779845477
305161548
-1998525921
-1408384768
1778260580
600643924
-1172856890
-1392390479
-1869725062
-943388340
988797764
-1254476842
2126194423
-609455450
138451996
-2002251971
-1419886486
1280742978
1055745348
1888433776
453860693
46061841
-1112769801
267059443
-1202436577
-86979845
-1601001014
1899889609
760228942
745486338
-676599043
-1633451715
1312184565
1383638951
378108435
-2061397794
250793578
780791436
-131911771
1185366986
664981820
-2128234918
703804786
-753776337
1870302307
-2030952476
-804231239
-867444977
-2098969415
-1020533876
-1149438006
-2075862206
597348265
931173349
-249289766
-1181370175
2137538853
-931666278
-329574377
-1996090080
-145947427
2108565389
-664384260
-1954186660
1549981357
-56608189
583399141
23449814
-720220586
501992830
-1994302747
959772063
-1553403280
-974346965
2060590295
-1834815242
-272038241
1422532222
-57812301
-659123954
420186372
-1919528357
1975363874
2053795091
532681463
-497911305
-506541
-236415889
-994209550
-1446872641
588058639
-2126811576
1324484047
238270072
-665115126
598641997
-2138125002
268015783
1343302012
92437426
-1550708400
-173776334
665293040
474137464
1216702400
220019270
-2085580964
960345841
324323794
-300117125
490072432
-1986937469
-257926155
505303094
-1383183310
1413228716
756988006
1246316879
-266798902
-1831742139
-3362514
1794513651
2028460442
-313910006
839040334
1490770890
-11709295
-1597449127
760710455
1403232859
616853185
-455307207
163201663
118750383
-1191242450
-1234055010
1705436882
-181420492
-1672503576
1275964138
973159974
724617188
-1755325349
1609867447
1245937714
-1963348314
1266239460
2063355603
-880802528
488203252
382151592
1243742347
-662892160
382616765
-717959007
434156332
-231936640
-302992757
-2045310215
-387625530
1093909338
-930374936
1643231130
946344243
1649393933
1097568510
-140574971
794723415
59775311
877878653
-1238929053
-1356242776
1989214145
-2045826879
1710706649
1083589360
196357220
-2071092429
-1576102112
-280681391
-1363217845
196661230
1435410260
738058121
-307292782
2067682726
-1528732405
344082039
-1707963250
1108441541
-656158807
1026395102
1413324869
1148135894
-818050831
-2038823577
-201449440
986625830
-492422689
580028908
1646370014
-776984408
159465654
-1247481869
-1840259380
1709393689
1043739732
855601272
337251122
-1259288733
-465712948
-1990528529
-843961072
1610692422
1547692342
1716551560
-1463413494
926126133
35199680
-468160332
806601888
-1777363843
1584037129
697697511
-1292052319
-1243718996
-71763026
999978911
-1899911455
1920314160
1918207268
326553765
-1033632983
665392190
1469143751
-1566313325
767352686
-1017260044
-1721840077
-1581467243
2102344518
141367489
-793772078
-897710989
773199511
189917188
1877635766
-1791151666
-1640866927
-782820621
-1327527511
1921339305
1413018589
2010319294
1680294273
898624299
-2043642602
-1858233101
1941683383
1951823522
642863224
1271876899
294220858
-1035629621
-40775210
790493382
1100030337
460033616
2117351889
-1508461477
594916831
-1685032303
1244286790
1593964755
304214810
-1086542681
-310983672
-1372466129
920025405
949062565
-84203314
1473249383
1890213293
-1489664736
-1113805713
1547437198
-1349148807
-709151503
-1483138484
-423115726
-339866378
403838264
-376910836
1117987080
1546940043
-503565660
1763803790
-1817341240
886639305
175399154
681138715
-85010090
251385790
-1784368205
29904347
652619042
-725750390
1925529425
119144074
418484688
159321650
-902338989
2135470187
151334682
586897076
850540255
318092412
-771435531
879390042
513318016
-1547521814
-1584396302
-533544621
-992318935
1456635079
-667726105
-1562857601
-1353875334
-2016443655
284656334
1811587209
1937544257
-1191124875
1131571180
-844598214
784161091
-1210666579
1611259701
276155916
1933055291
1458127687
-984786194
1217140478
-173613278
-2047993330
-2057340524
1190807718
-1959588176
-1595865555
-844895492
1875760524
-1204051934
1758377370
1870922683
711017140
204967998
-846104113
-1184980281
-1291696516
-392989549
128464063
-1730261666
-2066055000
-1197878267
928686343
-1640323802
-1373429829
1936327560
31287652
-2003264363
140314504
-419853525
1499186021
-921760366
936135943
1884837720
-1728872095
168531548
1242504044
-1708115366
1829490602
-1909595990
-392866187
-1828945378
574492930
-764561644
171937283
-2130794947
478907981
-1648194383
1690375916
-1497279943
-1928204920
-1026991360
734682383
-800370682
1494983673
-1471153653
-557989208
590878412
1502140328
-226797879
2130878692
-1291582997
677405709
-1045419068
-567329353
-214535105
320861706
884744187
763087597
-1695257692
643658522
-1690865655
1417527935
-584431428
-1044701237
-638220923
625751079
371445487
-1923925655
1608327340
1831000118
-1755995981
-891881733
65468477
1537407909
-326386675
-806869645
-1215564892
1429117289
1994701654
1811141408
31089498
533411082
842653250
893894247
956029835
1790921334
-720363746
1317239729
-798255880
16148242
-1439770536
1914799783
1538750494
-496680943
-1178812860
-1260146020
111425176
-93824503
1317810461
-323899829
-835774783
-173206077
390867785
1731169985
812537245
-1294059950
316887008
893228444
-302300424
457847910
-410067602
-705583499
-727745585
-1656032543
-38303496
1068375962
45147887
-1633965910
-972389059
-536802816
723408860
-1304226879
-2038089155
372364407
-974586893
696600980
939946238
1209208351
-706415150
1253161104
-1109395571
269538330
-1252144393
2027368186
-1357905598
768337538
-975075417
1571879678
628737864
320641181
-1505772272
-2135066616
1994992989
-849866673
-755515983
77569362
1176858325
157649104
321108985
-1141743171
739448803
1608027294
1956949806
-1311897371
36032283
-2145363277
-1473437040
1034726767
208057138
908847866
1996968638
-144925532
1515999496
1474643455
-1554694825
1669617475
1869444584
249439206
2119141091
354765714
-584556018
-1984756066
-1192076556
-1312318282
-127131799
927548246
-1462392184
-976581820
1040842913
1197453103
1323330737
2046448407
-1605268390
1060168498
-1503869577
-330984861
-1520871238
694242179
183318269
1752796682
-1979999447
-446532137
692142305
-728897746
530935895
-1357360349
-479587863
-75655674
-1350295422
1797546133
-1399443493
-1288421899
881583096
302377927
453327275
854863576
-611849253
-1417812430
678635483
-250959969
354136868
1335360480
-749949154
2112695838
228187113
715252069
1945413951
-1724641243
34938082
1484066063
729589825
127099341
1565786921
-788115620
-1028581434
-248181484
-2103931839
-2022572372
863735988
183223980
-1413948328
754100791
-509328619
-606077937
-1005153072
-577009600
1428527678
-1043001642
-153710853
-460385398
-1781301453
691433803
76742438
66948107
944364873
-654215108
-270646312
2042515167
-986952435
1587148306
948757851
-1089324673
-1879373468
266662689
-2011068037
-1605596110
-530607373
-739895488
907927437
1392705474
-1307204160
-791570276
-2052601677
775750259
1522230553
994952137
-1893580707
1394954288
1411244468
448557337
-733099758
490756615
-616210921
-887751887
-327392913
2052927703
1255601466
191138520
882984304
731768648
949454698
1233636370
751108078
1968152314
-1271525009
-1244241811
501911656
1780069632
1061278192
749970074
-1057314555
-91307633
-2053971690
-1232761026
622217433
1805737714
-1196286352
-656414966
-1040042393
673835969
305633558
594992649
-26141082
-624313263
652531216
-910365640
34233031
-515149970
-1062037256
204772187
1013425655
-261662137
794825437
465055246
-316391839
-775012439
-812934294
-1165550567
1102855734
-1513372048
-1103407033
2080956425
1688415088
-789224647
-1136757058
1244398075
2045051923
-2072925860
-2143954015
-11547718
-518698315
-1750124775
-1717736085
-83545588
-830220479
-1541295856
1897749669
-1075544248
250048503
571375862
1694305931
-696610004
2099932854
-1076212859
-502821393
1848232941
-905578883
-1629269580
868984412
-569906034
-455312081
1225011496
-1994388099
780375157
-720589418
-2086815767
-445235521
-30335942
-1627265623
129875801
-485692107
969403330
-388508399
904151649
-541249604
1851170188
1002110953
642196204
1814809439
-1236958390
-1048041019
-1081585000
1037713404
-81502285
1170795765
2094617259
-30835929
683239831
-1639185909
750927683
-988129970
-158012365
-964953191
-1838032431
-323601124
-1379002170
1098873406
-2015410489
-473123550
767745379
1582963940
241005200
1381533620
-436349687
-554323646
-523546176
-106310383
1375905008
728721576
1166766220
1554014150
519199525
-1904405253
1914733948
722713427
-1208049063
578466301
636746590
1295859982
-826548492
-923746607
-1062820226
181530439
751798640
879242174
26941715
1404606124
-428254747
778625074
-2056500485
2016082415
-431286049
-1781785334
-1577416533
1507247013
-615765641
1415331600
1306778976
696088177
1090724001
-1034967612
-1680053094
1524677473
-2051998271
-1564163489
11431626
2109387415
330225796
1648464660
317769033
-463984085
546838509
1469648536
-520201844
1499782992
-587692370
213730277
-72893546
-321376843
-1026107207
-1607650759
1035711405
99799341
-169249259
-48652956
1897577296
1143250321
-1496539403
1481400899
-1261137561
1153126628
1080966405
915541895
-468820548
2108285880
1968502279
1730004667
-698148951
147454929
2125288350
1029417348
-1084808173
1559192839
-1839131542
-500803799
-23896426
-1790987152
-1658193324
-2137506219
-1658125823
2042526142
450013738
385468188
1886594052
270574308
-1091735443
-858154693
1344911400
134215167
-596508823
1550615203
387272190
-206453388
-936347002
-1557741000
-769261925
1838301781
303653598
341359317
-709673661
717754632
2034186511
481645203
-1577484445
-1768291286
393209937
-1756855733
-88739900
246096304
-393130294
399038808
955097342
-955296177
-1731365088
-610862687
1020326698
-278037731
1347442512
-966111274
126034138
-24538760
-48092994
-1982166024
-1533466803
1239177510
-1329156724
1542037023
-660439585
-510942019
-386205906
-659932297
-398372674
1349062725
-1099922882
-2107953269
-1853934878
-2116878821
-1023558772
-99615291
174488382
-156369384
-274120071
1971558197
62374195
1298858737
326532228
490350737
-2146030523
1097927136
1127173669
484656252
-293827824
-494462844
1909460185
121499147
-1116183172
927315205
-2047345026
1121208196
1523023407
-2073740165
1947335136
234678632
-876120253
1882241936
1947073683
317466035
904826424
1941646691
-1111635454
-796935327
1988076332
-319863633
225699784
1578352180
1830485833
2070946604
-593130690
1616361140
-1326412162
-1866226892
-582661036
-1090044297
-747667344
-1734010966
462795172
-1344693086
278561971
1391044119
-1097864764
-1641011537
-874047948
-1018323179
-739490341
21195120
-1677620742
-15435536
-543209098
1074486866
121033997
-2099556215
276259740
-1021366042
-1193263691
647500925
1639228703
2106415261
-1522766873
683523719
-2060122060
-1099625773
-1209758468
-1239400670
-127591098
-2110371570
-1329365340
1085865842
-120704762
-1147269242
1465922841
2115444068
1494761414
-272078872
1001115799
89441811
1038567943
-892705706
-1718151670
-568503699
543219280
332547762
1488600841
1827015190
-1012929472
764172316
1989498115
-1372213108
271201510
1870607544
-811693129
-1309327221
-1780749232
1996132276
1152863977
1921415602
787701857
-1369459831
-1359481006
268641381
1596963047
-667204992
776821463
-523096075
1569924333
1293679479
-815617026
-873591042
-1618343604
-1215658268
-1375380323
-1056311792
1849558152
-1656582118
-237504557
-2055610223
-738927656
-1609716021
-687593668
1016823777
-1530354298
-2019236659
1659590495
1035761855
-1123564423
1359328288
551071595
-1034120470
-849311472
1794380080
-206680029
1953545995
1256557360
858961238
-1967976939
-1086974254
-1003155040
-1198549596
-1471866095
1014119262
-153150829
-1015381535
747197145
-1913604639
1573575046
2109222866
-1284104427
769867395
2081799756
-1843120453
-1206638967
717557127
485710182
-610746587
901659529
-1430283604
-239685224
1312484064
-20103765
1771138773
144891576
-1932052149
-1112284482
14543851
1118436808
-186029102
1297718011
-1479069950
1092538951
-73421129
-1228733318
-1834913606
-540104509
-1528755691
1342808551
903972839
-1455534413
391864098
-896808843
1440641652
1394488195
-971147852
1062795537
-55048060
364316399
226876934
-1200744229
-1498202663
189884563
781691579
1184382161
952014201
-105874237
1163020066
1309408461
-1571312754
1356888728
-1397101126
1915388337
2066020749
1964476234
-2112716039
-87244064
-64669541
-696749371
-391718839
-167729425
-2037905877
-26465931
-594371758
-274007140
-2057720085
-1069551771
-576359042
1211922686
90588128
-1627146105
1473912761
-606649346
1851153871
1317352021
1162112632
1596302341
-1958071585
-570862952
839227901
502915062
-1638014341
-1850769530
772163288
1557821022
-875816067
54961426
-1238756688
-1323490070
1561493640
-1366439040
-1616336573
375812889
1959620276
1371472695
1081386410
864728113
-281605519
1130150362
-1621572639
791196790
-1550862684
870763672
1509435015
623216025
-1233888746
1864231875
510047457
-189522321
2122913550
484516767
1306187044
-502611486
-635086533
-702898564
1581909747
-1030528724
404250072
200143879
1574314534
-310153919
2104203786
-1079272996
487144908
2023410572
1618649995
909265246
-935689357
-661593634
219053965
312504011
1834381990
2041703843
-1750828072
1472525706
636049590
1855855190
1038546485
-2032138809
1978859709
-1136719050
1642116623
-1841723583
1123475423
-635450311
-354829226
-602112670
1949057491
-1331798463
1549184422
-1943826289
2028353953
573395597
530725544
1186224321
1166236332
625944945
-791008584
-1169408684
-1112441357
-1185126327
1139797192
-1927610850
1825707923
-608134485
-223948157
1486109123
252698768
-714493221
-2003281484
-2124249784
-8464172
870874499
-538368023
-1648629531
-1649678986
-294118237
1860148307
-1681861090
663850816
806206918
2117540848
579595028
540779883
334561141
-2145813525
2083133208
-272906068
359709168
710553154
1243083904
44900979
-1135665381
304420009
39480254
-559559567
431711670
504176046
-1240075347
-1176982437
1415476177
1132793885
2095645486
2131937262
-530367362
1619994789
2005108723
1617646898
431670471
806776251
691959450
