-767077524
844149361
1235507273
-2100345039
-1408433702
116639009
1003426164
1002887298
-783868707
-465963807
1376041972
-1783321586
1552278405
-1419831928
823615468
796690412
76383857
-141830877
-936471930
-664413345
-1676456882
-1847795668
-1706518508
-1846304732
1619655324
825988348
631833719
-1840743158
776308408
1716124285
-588874300
1393688008
2117751574
-376771037
2084537636
-45157366
1528593613
118144284
-1376228869
720524749
-186122920
-698639163
1476578123
1973759212
-618486630
1123858016
-1504621734
-486577159
733294370
-2022065660
-431990381
1270398032
-1370948432
-1073992492
-1431882071
164600169
653011704
786884211
-206399742
-894022290
1855330469
-89689673
1541179218
1803199245
-1589472096
-965720932
-1704233083
1859543182
-377455
-79035526
773623777
1701044263
-712845915
-1021754502
1178317931
-1743562353
-1764061550
790200390
934140554
1370665168
-1186098729
1311062271
211326186
1059249761
-282769080
-802264972
1117518243
-739031949
233122761
1791609999
859981465
1405912459
906039897
1776464146
781903909
-979783600
-1741334190
-2032914045
657245684
1962398886
-1737928210
1384130149
986053167
-564046342
92850189
-1278529112
325932764
-1542746401
-1589010380
1718132321
1629248899
-104687142
2124337624
760743869
-1104245484
1853379449
-1846918691
-333317325
-2015548921
133753257
-1357692583
-520091144
1340925125
-913798071
-1480608612
1274019256
-282787258
1314067194
323626612
1652106370
796781306
-2049987528
-756069460
820373507
-345029651
-1748506194
-1286489386
388178934
732165669
-791495227
-1189422006
-1130762277
-1344485298
1544109693
225203822
1785712614
-1053790567
-1262206592
4553270
-1310424774
-1520290592
-1332796044
-684428306
-1941711530
1794549517
-412263280
-974961609
-564834097
-1908417604
206933105
1754056014
-1852145345
-1894693601
-2103552210
-697941868
-1790427523
2137336866
-2075778647
399398986
-822719730
-885245489
1908435752
-1311094373
-1027340326
-1952337166
730368547
-1964586273
-345493726
407194112
2036523615
-1436415459
-141768015
-691688652
-1338841029
89690066
2050480465
2060789498
-1092778679
1906772464
-753641600
-1458299247
571781664
122635049
-529096861
-1106045205
-1620944529
982436460
1530024955
94934487
244701269
641339055
-351843434
48573793
1998106608
751235823
617491847
951212408
-1042006988
-476176780
-1058752744
-993061935
-1306819587
1207602521
-1411064897
-861453813
-1964411290
1796416843
-860801904
1404133908
578103643
-54373744
-594251021
1473255626
1422060908
-1935937205
-807875946
-1477736731
527583972
-1314781442
-1709734236
-1647278061
-977912806
-53669809
-1865400777
-459128732
1676032262
581232398
64642058
-1827890200
1490806806
-529300362
2101013874
-768826219
-96827326
174793650
1410591886
-368192914
-1795528611
-307394397
671185341
417970658
-966525010
-876974368
1988933712
-179717007
-1739883585
-123247362
-1029488000
184590229
1729550196
-488400880
-511874910
-773050913
-1373253794
-1771154575
-1874022504
1506625119
953435985
-1097910080
-844152182
42401353
-2000358093
-1668582357
-662942762
704362708
1051419927
1069773040
-1505203900
-624338587
111782537
-1470574047
239120254
-1751911444
-1782099157
-1993034841
1810755774
1604362126
541879936
-2059241592
-1202111799
-512209020
-500908281
-164387988
-769277925
-1989880254
-1206097781
1030066780
633577571
572028635
-737628231
164232909
287458353
670214307
-1945854222
-599807779
562053101
-1319440107
2131928162
-422011685
-1050545653
47511543
1961983313
1868553741
-1483255684
167721404
-1123810631
1783134636
-1714644633
836762664
1980803863
-1655945677
346610456
1392142650
1066849670
1352717016
-1808234696
350221381
-624610808
1057835866
1754367294
2073062751
1174264615
-392932355
-813598683
-1019386113
-947260228
-988732974
-68277409
791400929
602399758
-1269345476
-2120525048
1186525997
792491294
-732345170
2005420895
-1003087657
-383745728
64036281
1867178865
1990242376
327805677
1965306437
-202031338
-1351441602
-2111307049
33182750
-1435636703
-752804112
1417194046
1619312818
-420329774
-207738507
-1688418686
-403024104
-889345649
1385408869
407362040
1989812820
-347642925
2069152704
1771034112
148227033
1916054630
-1393773554
35617366
727286350
2134573774
1233158856
1008653737
817889429
-1434274811
1403731446
55229289
-1004805880
-1931446677
-221079528
1710047973
1667356933
-1573367554
-286518966
-1879661676
-1805518676
-288669241
-519500126
-1680407886
1554459367
1377064855
-360545316
1705969166
75510186
720450291
1996690233
1618362402
1474667131
-602070452
1480116131
-552351389
287614772
1287998835
1256574229
1985387226
-1989245177
-764435381
781830969
92306932
518601667
517309631
1372833362
-1695570539
1725798229
552487926
-1243174309
782255218
1902362000
58017477
116974704
-33508193
1387722288
133805413
-954618259
-114817945
1365646108
1396627045
1307373780
36174939
-2144983318
1906126049
1528356596
-382668115
-228546648
2004186612
246329670
-724631618
-336586279
-304545430
-897965543
-1175623692
1930981310
-309173830
1337561202
1422282449
401230038
-839604430
142273837
-1213069503
-366764634
8821364
-520628633
-1876257486
-829889604
704817696
369984799
445461609
1256058353
1266384850
-2137820902
-613615469
-1806299921
385904718
-467808504
1726405274
331822067
152845050
-1058583324
613992250
-1788598830
-147075956
-563105632
1323467475
595455552
-911083261
-585941760
-1355778432
-854774960
-1712824102
1656291525
1820179047
-976753866
1771894139
401896462
-700714670
-560913836
-770780942
2044266491
1906624895
106626419
150230242
931433619
-882755917
-1788505008
1212138683
1129287911
414693780
-1688747941
1414975277
752951671
-1960294344
1279794106
-1917535529
-1521121069
892972025
1168665747
-1506399677
-8522107
1739548810
-1973026677
-490165482
-29806546
-1046183857
1505082505
1730643075
-1606176530
-1668503064
-30743362
-1242400511
-975185143
-1399141618
1059315945
-1694339267
1604132806
1469303970
-1651998505
-1683278256
1217347994
1962023939
445220137
-1210525388
1605702790
-2085655137
466186329
1659516276
-429891395
1498387660
-2142051330
-1156462301
-2107192439
1814070488
356585039
-182391794
-1929516434
-45035682
71494629
-265230284
10675343
-4246565
1231708612
-471816842
1938835024
-344255360
-1253805157
68476042
256568124
353821769
-62383541
-510393035
2063147561
1214964301
427654821
-826903623
-1278906470
-1854425512
538418295
-436840053
-155151773
1627243190
181834185
-1263362744
818720403
-1101578415
950607460
1781710314
223724173
2054189566
-395831405
-1591134922
1111083640
1771739155
32429101
-69923464
1350907352
1890276668
-310389550
1606065778
-1261530243
-1499219058
-1013633933
1626776977
-1454991461
1010254044
590376216
-1917964958
-985669574
658257225
-474604323
-1420756925
876878800
1855229726
1302132541
1888182877
402814507
750198749
-1158054254
-484446511
918384532
284067478
1785897436
-1078987727
161251889
48526200
-457934144
1711152177
-441960021
375722154
-767399980
-710104418
-1921146608
-810572709
1171916569
-1322991730
1395665657
-1067007977
-760425272
-848099112
-811632657
1132695900
-842108335
297375430
2029559562
-388683923
-1550722656
-962738167
1399905498
1607320165
-2073034591
-1592491796
-4076405
585990030
-306794234
-346152500
1489866563
440071923
-790194105
103215303
391349710
154115635
-1248603158
-640161101
-435912579
478610584
84704772
-1334890670
1808763210
-608355225
1631387135
-1040810813
-198267840
1106904441
562176412
-1541312966
130900505
-940864246
-1131068869
-536579597
-514293464
-1125329200
1992227418
2054204003
-1126049671
-822009009
1396780891
-74436943
2051004726
-1120405
1068594057
-333357468
2121527884
1197091134
873006172
963066972
-1549237683
-1620617685
-1832916740
399508742
-184450153
1617749555
899478787
-558730294
-376875338
1640718470
238859143
-1198167096
1916096262
-412576419
552435286
-1703086140
9692573
-1648090874
1973372291
-1393371810
1483781735
-949449664
-1182151903
-1976565882
-1797739631
-690119224
219436878
-2127565778
-89457877
1702211891
2025203827
1959620928
-1769350392
1117333246
-516480055
731153617
-204992792
97534435
-198407650
-1477227369
-1809926952
-2130901651
1359328472
-869781352
-154602535
-583276082
1438195514
2029118756
-1755746112
1559984368
543309797
216113157
595045724
1313351881
-47909214
-1417745164
1760671197
-632617229
296981086
-1301293747
-42942349
399444347
1646310261
-422621434
350593845
797579512
-2055827917
151463645
1034699844
-417060897
-1876864618
-249439792
129198128
-1933055210
-422398375
467407314
-655850855
-710015034
576780845
-1593525829
587033881
-1211315595
-1132213431
288742527
-1080547231
-689718445
2054547493
1390396322
-1235547231
-1732533293
229275521
-1740437269
238421549
15260029
137452715
948801367
1599592285
-890838526
1784024066
286889808
-1625268044
-415120240
-575102027
135094814
1910732355
653433959
1339641040
-91416418
828232015
-195411796
1997154425
1704454448
-1330378447
77469053
-784577162
1019515125
-1578256771
-875013563
-1872717327
-459226054
-883088282
-1546745520
1683840383
448408110
126235745
1156947105
589700958
-1567694885
1310545927
-977974269
1955792126
-267471277
-622738113
2035849309
627678402
1295360041
1839483035
2832458
-471789305
1675297315
-1208067582
-1171736087
1946683236
-564602067
1599297424
-1097110032
-200101837
1684600719
-1360000327
-94998521
1677445712
1959109474
-1128604748
890724435
692821792
318672960
-1926670570
1649517136
-746308907
2060051002
-950670916
-1016187677
-1746770705
-1037789170
39515886
1319663535
941038853
-1189821799
1069984960
1734439335
-1214931004
1276329866
105724603
-263688989
307116088
206170968
-367702339
-430900297
1181638986
1378778741
1867840541
576436994
1698888585
852593091
-961318638
1207461315
-35546324
1773946439
994451028
-822276623
1258959447
-1884345316
2118530307
353865354
-587031651
-717323095
-1492803896
1765509868
-2076063546
-831951850
2088293434
-1910468764
-1831298607
756741627
-753060478
-1742133500
-320692164
189557082
-1134966464
-1220216135
606687874
1165674447
1576175024
736972188
348681188
-2104421371
1459914760
-1468241272
1078637676
-1299444884
243523109
-619325716
-694039250
-801945816
2073675365
157179617
-657613616
-2020673460
1691126230
329272958
-1405482931
2038477639
-1782033265
32074859
2014553077
1348009630
-1489850274
1618315700
-1420859209
-794126117
241730979
848411359
-2094925406
-801658428
-828324229
-2125361600
-1972945495
1105482448
1072441376
1999688586
188961190
-1000516906
-2060677490
1481754793
-917367135
-1059540729
-291172758
1370537935
340451409
-1019108578
1164814623
1034130125
491915234
1551901397
-752605366
-628328541
1015703288
1436542618
-1964657321
520948314
-1928003853
-157175421
-1959582100
-25190384
-2083696524
-1862455682
-300154491
239744851
1022699296
-1148663092
-1809138465
-1577084494
-2031428189
-824163409
-112276582
-2038922607
-936288776
1035590497
-945331815
-61350083
-440311322
-1759155896
2094797228
-1106609089
672118733
145733992
836676081
495170549
-1314091102
1998057241
751039094
-805440931
-1776544713
351002361
-15257053
455025204
-1295461185
1245418531
1525063127
1682855743
-1963670895
-958172000
-1408952880
-771143193
177588012
1827649821
-1277176497
-992118773
-145279365
160639966
-1693648773
-2087583982
986292569
1817600754
-22938491
-112426178
425643094
-1530664536
-1364222452
-699615160
-546844997
170462529
20101571
-1719705816
-601383477
642400486
-1885334703
-337457869
2070710347
-698004260
-685037960
-2084286357
-2075695548
-1798652683
-750360968
1316947218
-1885372153
872104521
954044341
-1998983040
-2016512142
-1446183898
1303441303
1907127606
-748707216
1491590212
1816315569
1833792562
-725434939
-2144888259
2016815397
1673703300
-814098165
-1117459909
-619642555
1424704032
1967576311
2064575218
-62318466
372850934
1264382176
2031681233
-1818342799
-902047425
1960782978
-1454341005
541214306
1417445402
-180583938
1081156187
1282441941
424085335
646396965
260413920
169822070
438152081
1844767989
260986214
-593694407
-1575522431
1871235171
323364302
-1971661631
2054707345
1774348122
326165295
2103010053
481845423
-2025375997
-1197022011
1748988977
-1255722652
-417523641
223052841
-1822368567
-2052588508
-1334774895
-2104746046
-204033772
1675756519
-1790163752
1059606651
822991543
-1896371208
-867638308
-1919203658
-19471201
-409001972
1686277295
-330726785
-62119644
-7018091
1291447414
-321561852
863080043
1544685144
-510314896
-1695545019
-1513874165
1601459261
-131693257
1713646087
757349618
1642161765
1872792646
-1871582451
-1461594999
-1399253119
522608059
1818515338
-1569847786
19819873
-1440004004
1942648785
-1634113694
-1707957813
1856246239
-1682556850
1703645083
-1085840242
983241061
-1643230279
118169467
139111125
999091783
203390087
8103848
-1012949056
873203477
1668096420
275321182
-138573264
1065665755
-2050512289
919498058
-1855538206
-1730322778
-1968474714
-1950331719
997645759
189780294
22636658
-973010702
1817783665
92606292
1010694020
-225993505
-1926463431
300199286
-430794671
1399321842
-123461889
-1669558559
-311374534
437639493
2031210410
320362015
676151551
-1796614653
116826033
928554514
793027957
-194918906
-918731790
-652853448
-1148499593
1745675201
-954588734
-1856101073
-739534310
-2018671520
-1229302460
-1340704644
-665910492
-1189551827
-861124354
-1742331769
-1861229891
419402549
729920169
-1140596247
734692454
-766532309
1792280904
1327668458
542005035
1602969483
-841889669
1409577029
1689244436
-377605374
-317975276
-1156135891
-493960736
2037081356
1654757098
-669679212
-2136219915
-2006424865
475831277
450099626
908329617
1146019463
1378343034
154026403
-547992506
-1160701359
1369331952
1255016125
48103588
-1359149459
-1095731069
-929423743
1717571127
-1021242162
245428559
-1856481464
2054647219
-1831868587
-1422239312
1199394048
-234172050
1961770029
-1186028848
966673968
-1358342131
-1500988296
613903489
464870712
-466405758
988123435
-1658371508
1403550173
1819184437
639623733
1024005577
1669848837
-478684031
1004119014
-928216528
-1476308802
-1262433183
-579709298
-275585744
500242052
-1018741910
150445156
-1248216833
1841978819
1532610812
1575930282
-1384277071
547668122
484331188
-1117465843
-335511603
-1705708319
2097282340
1235500625
1841594909
-1533876371
1484918726
2110191917
-106610490
-1315977326
-13153235
-934004109
-1821962345
788711144
-981614468
-730279564
674536869
-690253486
-743082724
1835698081
-455548905
-1034567364
-424671831
2104326261
1445746237
2115556387
2024428844
268206994
470416103
-1631296678
1219547535
-754696918
932280052
-2063555318
289405517
1479671968
1270966569
-1960347271
232398440
860817774
214816579
-1390770033
2103870880
263829064
1950620750
-1860226154
-608339743
1670208130
-1890654153
1726046017
185064956
-1792327250
646063264
1414158831
-53454182
769509769
1824510707
-1628872144
-1240518036
746108438
38025145
-1333816953
1482249383
862462987
720955180
-971427983
1877888175
1221705068
823363338
389722278
1508379154
864162934
-1208067669
-1639455074
-1836403785
1452951741
-1126832555
951067478
14809686
-695182696
984109775
1825723731
1975295530
-27864900
-967294412
-516399129
401480677
1638306854
-238138104
351876018
432649444
1404053054
759260816
-1744475285
55133860
-1775790791
286245725
1142583520
-58350221
-437202242
807867690
2018799163
-1404211606
1726501068
-1819004953
1243058054
2046985370
832440538
-390108139
-225617808
-810177148
446124351
-295937452
1887113808
-1929707314
-2062670636
1298701369
-1627220374
1533615924
-378879785
1694430821
-1557202831
1583375548
69123346
-1904152622
272815437
-1747547603
576127547
-2065001872
97929758
-692688447
426525342
994648304
-1624320129
-1876239591
1783617785
-192490018
-1592019698
1327946352
1303196070
-1756692491
2135251244
-1947439341
-1235869185
1422856110
-1417201407
-1820916464
806539773
-293705190
97977538
1942302253
928259106
1832916209
296543286
-1589051876
-1261336680
-2086236183
-216762507
-1434094100
-1928707942
993226572
-909729805
-195906879
825406227
-375288892
-1205316164
984208327
999205764
-956179591
789253376
-1166750877
-422436310
899958877
701460434
938315691
-1927211937
-762898490
424898604
-35955176
-504819648
2107422524
-887032266
-608958854
-1068149105
-1914633580
-1511870777
-1366134485
-926370085
-2093721795
-528957909
844289159
-1596552738
-2138830631
-1369482458
2016955803
484863525
1093470991
-961178055
646369307
1866771190
-1107368801
-1152200413
2075632025
1478188397
1309818806
-1623348566
1469961204
1257165800
1325902722
-675323237
1479766798
1123662756
-1401396471
1031469582
1847548353
644613288
1890331958
195007470
1770971666
-614883359
-1371231692
1723980215
-1845631833
-1370195058
-322985473
1801480321
-969229450
612327901
95889464
-506230210
1016806335
1872600534
1474275640
-1700217025
1362287419
1149078136
-63884186
-2022777860
-534154091
-111513567
1923782605
1493155604
676683545
1689539634
200417512
-2120162414
-986526293
-1411211534
1157699264
790909809
-763516679
-443499598
-951828168
734510690
240277748
1705121586
-882044505
-1675118389
-737332869
-1746067389
215236775
-1854314733
157775449
1142107821
940045612
832379164
-1144247695
-659196846
103598296
1589680656
-724689353
1034247315
-646300276
-428853151
1296822626
-1649345038
1385199682
811715082
-429524001
1871872503
-1276226279
-2009779942
691360264
-1131174056
229386417
-1759894414
829577237
-1729838509
-1190083912
-1694285620
925669586
-138879138
383485381
-854940160
2140984210
1647242243
1433905252
674014338
540374371
-1507194364
452588401
281100079
279245186
-1078366011
-1156869719
-194673336
1539353873
517112043
1744422013
-711849794
-1148816889
-232395201
-380923351
1445721263
-1395810969
1761813464
2126233861
2100463664
-1692369740
1741375097
-175721445
1837300045
1875480227
380074295
-1394541319
449381453
-945317102
122439775
2120529607
-833443015
-988359111
-1764860267
-1248788837
-740169313
-1116962018
975890496
-2024268533
-956342125
2003159374
-1050130139
-1251068669
-805486858
-658394679
1683621970
835947481
1292495354
2018082621
-681765315
-80560482
1269180901
-1106651785
1410322731
-346261322
1103814420
-256744426
-1269077034
-2085650517
1346798402
-1673983871
-1688561079
-1328207811
832240394
775461658
2047060239
623347901
-970425431
-145564749
-1288019316
-124257126
-403011319
694169920
-1907333463
994168124
307777530
263139534
1044437175
-1371663344
864673986
-62840908
1633585036
-771020317
911740375
168813831
-1090915342
1814771572
-52104470
1681727058
284612930
-473777341
1943496743
-1278129274
-1667294133
-935782225
1672734139
1420641839
-1434762121
980059199
-891184234
499087336
1591141168
438034751
-310197903
-1280211951
2115603839
-346659698
1160995602
1331321022
-1618785290
-1688596298
-231592754
-1785996558
-1335515952
808673085
-441779121
59941388
1340122198
569486138
1511209367
-1372490111
-105019517
-1774112470
1057242180
-1219917877
-1804145430
309252
1912619285
1006341536
1293463511
431503242
693285804
1360873575
-1449143884
-1004072991
302305429
1638012135
-232450642
-929716637
-907287673
1363969857
-123522408
-1356366924
-1821989400
-1058389728
2027142927
-179826925
632521110
-944081106
-1012122659
-1251073294
455195620
716364233
-826875742
-688507193
-1040462622
1163777270
-1793519951
-884323804
-1909889311
1682463637
-1462530505
-1302708987
1819013685
-1650150954
-320407134
214524264
486572348
1428876011
1724447551
1265308195
513704095
-1818817026
2101166373
183591665
-1267030057
1806702181
-1905308847
1833844173
376040947
2109883156
-1520928750
695763331
-910653801
-1440061101
22016679
-884214397
-1476056249
-2093531472
-1067947994
-2125191432
-407816987
-1719611850
395945630
1522500376
58345848
1394969822
1269992063
767115965
484090414
1365229893
-562962886
-1958872268
588852643
534590111
-548728796
1114105941
-406646173
-512863509
-775560545
1869431763
1557943725
893474919
1870035579
-346276395
-1985107334
-1439630778
-1946325095
-29005115
-1661883203
-1175075680
1466287057
1597946470
-1232859925
-1618724950
271639573
297159724
601452476
164701734
952047574
1596830919
1907295795
31000348
-2050686298
-1393850112
-1093852708
-1621217590
-748348386
-138788407
-2019014316
-694345000
1989034497
1638452622
-715091698
-1317700144
-1766930271
405955281
2086091859
1266226636
-488788607
1635280885
1401875082
-2126882192
-745418693
1586660441
-158673735
994975258
-921086556
-458871128
1806032715
-737919400
629250349
666389614
-1457355757
1058922394
281170059
373339887
1740691600
1006579752
-570112614
-1934575309
2058892402
273016405
587876990
-1583686811
1187396701
-1584599564
-45921269
2000392030
886920428
-2068252405
-581261722
1393005179
-1390886408
-156178490
-2012274708
1625168054
1413281305
421542830
-194040238
-87419660
-982591892
487655962
-634820084
-1591790949
-1422592362
-804380187
1357272050
-428583833
176296201
-833267615
-372879071
1757850750
1756905350
682439050
1751712031
-768753215
-1769424926
-974104706
1334923842
-1455819164
-1114894068
311727404
416020561
681337792
-2119478195
-2103818164
1286875499
810557287
-902668590
262962830
348964135
-982893192
216553319
-1257688555
-157136388
842474549
-1206698875
676092198
-2075378461
866190546
-753414514
-659571428
648734522
1413778831
-524854698
-251868001
338202347
-1906956024
-33478683
-2104697579
-913077043
214654667
-1373269638
-1534619817
1410917706
-1084151509
-1984624941
-1453962328
-1312995519
-716090285
1874165931
1077872866
-349399764
-719963491
-191027068
-1987587343
479616133
1035825700
-1226229594
-1549286267
-573579419
-1925234793
1458853990
-819894269
-1302686610
1750721104
-266340181
-269634628
-629653269
13438372
-1063750482
1579029856
-446426827
-675077252
-751568128
-959496012
1146770264
-1862597596
-395803951
1777186178
1015986165
-1054963869
-128626322
-1813499695
2110471529
-740363573
-1398746101
-1954841258
1114646830
1177682257
1437848002
-1098492118
-969952383
1134514207
-1612236325
747329212
-1989785275
339166376
-1429597619
2104629000
-644184025
-523649027
-486978939
-294122744
1925077249
-444320930
-430213531
156546667
1652345987
-846992876
-684804721
-1449378428
762748432
1298308221
1685539554
363233413
940146917
613458024
-901666748
1106261484
-1352885376
112282275
2048062114
-884033476
1445909822
-194816559
-1743830476
-727287056
1099553350
-1222090112
604840709
-77636948
1984362918
1404822649
1665276338
-1311687499
-1753136710
-1168436902
-676581263
-476663389
836927188
-91970462
-233254827
744132437
1315897369
282102667
1659464399
-1450133980
-1555151191
-1494429218
-256198793
-1982237350
541917954
13523714
-2095347188
-1529724187
-1984494427
-604421099
1456243897
1124973127
216924154
1336802750
1490168473
-1424484656
286019184
872772482
1916212861
1426889999
959515880
1004000343
670325228
-711743611
-2147140525
-1762733962
-1521334166
-1704441188
1256179865
-2000854923
-478924035
-1593850921
954767804
551840148
-1159342100
47982665
-1778838723
-9645226
-601257270
-575207861
-1409636930
1813307987
-827172686
122154600
-2039851288
-1080562612
-1968853805
-1607067748
347235214
1018476928
762591534
-419196226
1333354514
-1641535683
-737007714
1169408313
488143623
1142349753
999479064
316015362
274777624
-1749402846
1517070644
-1413951547
-856577753
-858677774
1710072812
-1458000031
1273029560
245033096
1622272930
-320748137
2090254480
-1490433036
1551456615
231859453
-960012391
622794770
-1949716102
1345609016
-576964088
-1707190567
1520385550
2026895465
-1615903551
108087540
1363530319
-1682777113
-1918151431
-206694510
227572135
-888192977
-1199854819
1496207226
893802300
-1508428776
305055730
-1934493343
-1124107843
469032778
1481568252
1751868287
286566238
-689965072
-1917517532
-1058705313
-1225693664
908615596
1124105876
-922779914
2085078101
1058610123
-97913115
1614233591
-1550211741
-1424614215
1632839804
1646922853
444831431
411732151
894076976
-1698918039
1383166301
996441546
2070810160
-906959515
2443997
-1003061514
-1225560796
1113610824
-973243480
300286124
1968838545
-691035869
-1737573179
-732837760
1529722753
-2086071556
-1074552283
-1244523490
-209322910
563229410
2013459758
1226816382
1142612782
1678687553
-743263370
-1471233449
1267915980
-210446217
1321579983
-346288944
2049078965
-375702873
289293187
1486171005
736848347
-974956340
-1133505056
-1709411703
-1694288955
-858852592
-1355771914
2033897518
1927781886
175215197
594292382
1968445037
-1700145232
-83637452
-1235979073
-932598789
1149175179
1793546686
-1245063220
157472890
1391422442
-53974240
-1780911984
202448872
-1949591752
309962771
-530680787
56254812
1637951120
-1997679438
-1286358687
1515826414
-1143006045
-628418154
-396243445
-2132605705
-1636574498
708921887
2113560813
-974815622
-777180468
1720564756
135922611
-1041599263
1153759672
-483621778
1221953844
749192427
1326164630
1407200624
-1754758153
-578403612
-951377374
666253819
869181687
928833559
621539657
-1547695585
-716563798
515126145
639123912
1537012981
-1210785729
-1897047610
1244555539
1856744363
-1214509785
-656252824
-1987099273
1065761247
-24683305
-330977226
120768898
-1043515599
-1095219509
-680973566
-684762718
1568407059
169332429
-294850410
-611917813
1078524898
716871031
107020007
-279528738
-1842188742
-698946315
-1847320181
949348487
-1014423163
411104783
-1770134424
1163859558
1171260629
136120678
-1147634259
964326833
-1092573453
-54988547
-1462050042
-1917486441
-1003360072
1954592251
-1997373941
-355145303
-1675644774
-1416886610
-2099301384
1339021173
1776733065
-980584237
-36981597
-1396146573
-1611454725
-1682101228
1705460906
1143082789
140091461
-965963567
945125099
-1218388359
640263469
1548310306
1738246456
-2005625231
-119062084
1831979548
-1975887797
-807252731
792180567
1138563923
438247159
-549542585
-740822768
-1933679968
-1249610592
-876192056
1234528569
967923236
1484799725
1625683770
-1518906310
896269964
319982267
-1805172138
-623958876
396422038
1486127188
1074142208
-926630779
795978962
-1750735136
-56911705
-1385963523
-1920363859
-123016421
-2078189582
1148566801
-1506477141
-2083316408
-540746344
1909103807
-1639337485
1371396709
-396553073
-1538977455
267984144
174036127
-1340972952
-1841744394
-957527051
-938561785
1579933945
-842542195
-1717691582
1607852166
-805647300
1376157380
-1596195899
798315022
235340406
1027801953
-496886462
1968892946
-785497957
-1295929121
1478099318
485328695
312055024
1815829564
-1613317287
403567691
-108856846
39398161
-1628545372
648810358
-1795212426
-524715038
-696491118
1300058798
1017022993
1189773239
-528481559
-1371169936
1660444857
-1988339477
-1347039685
-1929766996
794665131
-166341821
1413220457
-1024356864
-1841952881
-1735128766
-1710914968
-455838423
1480352730
-2031187270
1008140359
-734884170
1176447860
52353190
1288137328
835385597
-1505666918
1994607159
133910317
888073299
934392068
706916140
2094561390
1312200566
-970138806
1261912934
1358338505
-482160818
828434050
-172177477
-1948362047
-2051177003
-2081478610
-236530678
-1627897526
-1535755182
1259574357
-652102002
1075921036
-1449728820
1688663023
-1508805513
-1271730201
1203824317
1420008837
-886587466
-1624658377
-659997946
732599321
625145368
-1452067496
-842673373
-2021576638
1012235670
1502896620
1846394783
190691227
-1808395798
2130522971
1173408202
1247512158
2024724325
-758233061
-1883081560
-657084597
-353745153
-440182224
1847564587
-1947126322
-1329969233
-1280671754
-2037050971
-1215412640
556206333
-318229218
-2076104585
-60157652
444101333
587493365
1603321358
1488005878
-1647952228
-256030996
1154767376
920426552
944246152
870312532
1450744785
397534861
-1671426004
-1657735576
-999244277
-1092552621
1492128594
-726048368
806953422
-197106038
1446118924
484281060
-1379724107
-1873568510
-783659763
-1879560978
-92649894
-1479273291
-1134856396
-1922352972
1890033931
-508997519
1162356585
-1179329292
-1606649411
-615415878
2060011436
-1455997519
441207616
-1552487443
-1823745685
994418670
1537896628
-812870744
-865405165
720506297
-511405253
974035049
-1710236952
155367018
1565114095
-1582734731
1653276441
-786002132
-306621674
-397107462
513190670
1962211260
-386645612
-1298301833
1113883141
264005489
-2111942240
1697499483
-1931680036
-161454469
-1010542150
-1621894932
89147695
1841780591
-2112379684
522801770
726118309
-1067657982
207484655
-1523233165
1495470983
1177921556
922281088
-1001888087
-1643552366
1819187696
2120118707
1159175057
-141085683
573548242
1518873719
-1106955074
1157011996
1347507368
-1325582853
1960116014
-1931771818
742011421
-1393627296
1945865715
327519893
-1687764526
405224879
-1240571627
782339854
1265522158
-939353844
1372919478
-937312
779853784
1855937323
-153482633
373638768
1314388035
1963917571
-1084553446
196980405
1016374122
-1225960510
929099368
1239923408
760059292
-2054378240
1942977365
890087071
666205179
807782966
-1918074271
-1047044846
-732754560
309126001
-806333376
1435750397
-1194071999
1926560066
1193748157
1591703855
349798134
283479544
876980186
285825220
-966206791
1771453968
-1785651396
-1101462345
1475228940
1592191980
-1684160059
2054004155
-1722700256
2257603
1802247042
-2078884534
1772790612
-995814183
467186632
75870461
-470586885
853481711
-367046759
1158059806
1056404066
-337687813
1365603915
-1487523717
-338553072
-1606921188
173415531
-1734182020
-420176817
-120644153
605198558
-510563208
-1710349333
-598756282
-178567095
797595459
-241657543
1139367011
-971734350
1647566347
-2089166502
-1899376544
-596457625
81885540
1968741313
-1361389527
1214464798
-1278677600
-1657217295
-775638836
-109833123
-511098524
-2048139893
845870888
-1580076517
940706167
1058787207
1614875108
-903407449
1905466845
1585183681
-1909582173
-1870552887
537529380
1227480503
-511162763
-2044353242
495180541
-1177263215
1982971280
1334958568
-780209395
-1106605984
106521151
1162050206
-1304280827
-748499286
906796825
-1255099808
1488708847
-398368986
1004967030
1254023734
-1546976565
1411043267
-2080608993
-278107719
436045914
745395951
1877854788
1874580987
1610873912
-24219883
704346802
-1066886493
-206919120
-16699802
-1066012348
-1244939940
-1203191605
1171117787
1039675034
-858195088
1737176106
270295675
-117763575
-1601986129
-511018475
450891737
-577223215
1239658133
779580243
-1534577952
1846753941
325267115
-333638085
619105746
-986585593
432874285
-818303349
1056519822
534132962
395178732
-578042249
1212107793
-1528528867
823100790
1855720709
823263294
177349981
454650995
-938553961
-651019807
-906263894
-272646319
333237449
1742033649
882294117
-235827933
1417453181
386184981
-1912284039
-178124602
167954739
-881170839
1461816785
513135429
886065821
-1803788159
4542217
-678426498
-607366798
-690668627
-139137689
-1355746811
-559988606
52980862
1769246988
236094535
-1523429622
-1631256183
1717815142
1238174194
-1105700279
1862391658
-1662304024
1498456468
448379986
1582991627
1557935613
-660180606
-882492380
1479843878
-2052282567
-499730950
-1274189065
-1062680056
-382014255
-1512108660
227476184
1092883606
16140621
1425450933
-593880457
-1921943659
-420383877
-1676396084
522928703
922496549
-482391130
1111744033
-366551385
304063630
-2025246712
-812039838
982406087
-1822294466
-137255812
619496000
-559688146
-1664976878
1380794743
1784178515
-1405487886
-1240126764
-429449671
-2081173701
-1482084089
-1560677884
-1742394818
-1835237625
-877185580
-1114342693
762587643
-880135463
-1553955069
-1157120116
-2111157562
-347794231
-1003571304
1444377292
-888503787
-1584529911
-1345159611
1635131284
-767415318
-634968502
-2024129797
-1905327835
-1048732530
-1402084002
-288177724
-1576609972
-431515268
-677614817
1051295439
1117731559
1613950368
-40595058
-1241233460
517748391
-997421887
-1467798210
1874095738
340011030
474479162
-1833074701
-676337539
-1660015396
-843127056
-1976520315
-766205836
420716605
-805815681
-1412074742
-1905834933
840789221
800717750
102248499
-2013256499
1611544295
1793903685
88634102
-626132356
1777771011
1544481716
1495817581
-46160988
774977575
2027943319
1625251325
253964205
1098363960
-1806840064
421626298
1062849457
1539028241
1732146996
697239818
-1662688178
-1649861429
358199200
140911240
-108130116
-1957126082
498118413
1759178794
-282420447
-65189176
-1974381550
-687326555
-1636255197
213908044
1354074826
-1230145777
1246154687
1965561725
920050119
-434830650
2071609688
480317020
-256292282
1187494288
798670099
-857715969
-1212145757
6375939
-1791229855
-605569389
995234319
-1188369369
-1121651748
1008545955
1350172799
1649958489
900477015
-928063335
1066159591
-585282447
-592494289
-824034427
2057854375
1485800743
84621287
-1150178787
426828613
682402226
-606968588
-1310016764
-724764323
857736113
1625573844
1800285518
-1003539499
1087393102
860493924
-1924686012
-1677778604
1242150817
1695241075
1147856227
630517748
-1869812911
-648846191
373378474
-1812059851
1428176769
-1007011027
-338603243
-524437195
-1749318936
2014267614
1458537828
-1607944931
1749332801
489123584
609200416
-1859873570
1280722662
