1117296059
-1084217707
-1203232413
-1282764637
-2086484351
-389566084
-1332834893
-1314644618
-1868029841
-485083837
-1990325319
876100355
1716925663
-1998992590
-342479380
741317102
-2118765651
-1116152734
678671743
1157742431
1580525374
246679405
-1943070710
-378190895
-144708412
-915133084
-498386071
1143253801
-435704641
2016926213
-1111913500
66071050
-43395130
-151880915
833015952
-1774850969
218131334
241376139
387342836
-735071911
1254982667
-1223715690
-441997586
-1754410958
415006014
-982750272
-717489193
1750399697
1244997806
1418252011
552691685
839209271
-1115284590
-31890404
742966481
510040666
1133992206
-181149587
798244025
209630777
799464629
-944203192
1261781574
1744084272
82102607
-1333359918
805267217
66289804
417152987
-2056686940
1351070786
1388765282
1945772759
-562489920
293497210
1338092188
222775742
-996425022
413877746
1871689556
-934811439
558733653
2030223332
1026700900
1934897434
636568552
-2134061527
350020157
-958239571
-1274668894
-1287903197
-353170440
-225502415
1961547155
1935613916
-910109526
1072419486
915631147
-113149329
-847370245
1700063303
1846251503
-710350170
-655471623
948577818
-2012808087
-213118492
247994921
-104394713
1046193759
939404101
-1438632481
-1596228002
1045515336
-1824013053
214946767
-1500672356
2054494715
-58250213
-2048399645
832189160
-229157975
389639727
1407829582
1480187897
646200333
-2101930578
-776232736
291708923
-429348383
1102971953
1927303580
1146949010
1810235539
-942403800
-1369478777
768604958
-2074050504
-1658568011
-264011070
-1616721344
-1001512767
-684527913
390213850
-925386851
-805606293
-337452341
2038571615
-1937531166
-1247867524
1460173486
1302939571
-1759053049
824967979
-1083350169
497423139
2019567318
-1260539425
2029140163
1682187835
-261971538
-377994596
-1935056416
114163797
1159158916
1777010106
-1751593009
906134131
-24751318
514444503
2072412789
-1363256242
-1922435629
1491955726
-720504911
-265898322
-1915672874
-1537543576
-1652889405
-64770308
180146354
-376178286
533199339
-1664190443
452089938
-1792373552
753287248
257963104
-1559466095
-543338703
509395491
-932455134
23596031
1537255684
-174238460
-956380400
-299661851
-1689480054
-1537311068
1911075877
943858566
34472428
220216235
757412533
291935399
-474610065
2096877787
-227661374
-541384110
2146454245
-1891825036
278895246
-1446603050
-1878168218
-1975153190
1862975345
-27713007
1118128704
706814325
90144748
464305648
543186987
1916538584
-1280273923
814274358
1584841665
-484768988
-376972108
150027901
963008044
1426461102
205910022
-1176197766
-1404488928
-1550926625
-715086368
-584110971
38832651
1374890331
-842907521
1536803927
-1753786741
-874586267
231447038
1493657620
-1765561312
-215236990
-963561168
-1885506676
-2036037342
1078724443
705978287
-987457091
442852597
-231694361
-1162451659
1285832604
-1718620806
571274697
523629609
-32358636
2124916680
697049846
1701510013
1124947534
-315463653
-1390331750
1273981366
-633813197
-1229204212
-229190596
925893964
-1758205138
-1229886974
-2120195297
-230558157
-2087665866
-388518680
-1636714517
747558073
2044242955
1290832672
-175647091
-1003335278
1054805695
657854902
983046746
-1493054671
-1550498441
-1479805736
-364307846
1256678488
-1030994830
1585289861
1168830595
650080242
-1534331062
-213541755
127583588
-125811168
-1352076678
1920398744
-1797797756
560060049
767899936
-1808839182
726529322
-1506046954
-168748285
-180544795
779962911
-157002380
-168988970
1662748128
1412061073
432662396
-220156739
-2142155113
2146387769
833719385
-1620792047
-241230717
1276297920
-303688664
