487553014
-455039261
124951706
-295996851
-981920278
-70800533
-1999615
-139842930
-970485758
-347077816
-263774278
1546820386
760463960
-904650248
-1033349274
1852606724
942139758
263008475
-2098818069
983249895
-1673045899
-806567383
8932435
-1107999675
-1239101492
1091190565
1854120691
-1726675273
-511100986
-1652783726
-796088369
-840923001
-1887124560
-523540378
1469766973
872311171
404799761
-617871427
-546315577
719681299
-557279437
225850384
-1725732267
719479950
-87770398
-1926213466
748084107
1078998216
160078451
1783785801
1811237232
452274415
995149319
1027108669
797613647
675235991
-1417226223
1581699438
1334256097
2000213778
314892821
21226471
-1829585492
-910276091
1052664241
-409220469
291873701
-318466761
721486305
1844173566
374487836
85450668
1124576381
1838000611
1527150552
15201778
934195207
1101608780
373882753
-1611067974
-543294045
1809378926
1071169854
-719016279
269140838
-35558252
-1319378018
2084557936
-108927278
1873429334
-541774661
943234585
-545184863
-1312544246
2105886876
1703878308
-2118331711
-1600368007
-737177125
-1355668782
256679328
-230435627
1225801863
1795293247
1322885545
-72522006
-930340021
751354294
-544421875
1504891540
1870677711
1268270272
757355974
2035736432
1373253470
-1955324802
1115944920
-254827562
-511211320
-180990536
-243085351
-1825541882
-805932919
-1376045003
1894728884
-1840656736
491634218
2001879372
1123589033
13187417
-348721689
1597379515
-626352745
-1324771092
-91647599
329812150
2133314685
245408077
96627637
-1493463485
-1961693890
-389770460
1546557694
1217502916
-1772033629
-1519841415
-850039849
1333108181
-724021594
1739125419
-1884168620
-908906920
-65803539
-218207578
-210321838
-1017784883
489836948
-1893090220
1613166556
1577484518
-793492177
-1447400365
-193093168
1118059866
-358068466
557170409
-1447579455
2146319609
979502786
-166673612
-1072991201
-1457359360
-270545440
-295477851
-2009579115
1951757486
2045379588
-1650653777
131789490
-1501744618
-1490880743
1088105146
299505866
1045562422
-1443949610
906785885
-200864994
1439038281
932256395
789270989
-314625222
2097430617
1045322781
93162639
-30721122
-1762703081
-919911602
-1737633163
-126876512
-953289490
1242607169
-374379833
-1090550896
1782900565
556719165
-840201537
-1535774691
-1975864476
1249571760
-1797587654
-1940790282
-753226582
1550869623
-827977299
-1617145676
-879529667
-1240487332
-1915746731
-545296394
1949008145
-509070369
-1858969166
-426110515
1817671309
-694980295
-1613762763
-1630605990
761443419
836980637
143545143
1529206710
-1194025857
-2056870720
-715101651
-1907423983
-2146851669
294276763
1935337242
-1934182371
509139920
969280367
-1429215932
1595540396
1670624504
-1599058423
186999082
1987281559
-617141422
2026148423
-521810764
237054434
-2105371762
1570502106
1489580716
-1819109091
1578741355
521148749
996711789
-2048815860
-1944268659
-1195602619
1244968153
-777234294
-755289197
752046089
-2107390065
-1062959190
1693500521
-713220284
-1524976803
-1765666530
224527066
-1270439414
1347903732
-80889380
-2057451928
1336389400
-1722104102
1190891262
-1732903841
1271018335
-1833195612
-503801367
-1029852377
1632271555
86671203
1952264881
952895194
-329061089
629298270
90674364
336118550
-1856939636
1950965505
687380900
-1912549869
1989450211
-1652572906
1267121761
-1550995209
658836607
46769202
-1973823833
-511913624
773001799
686147441
-2008804723
-1650970525
-52246805
322430053
1798519407
1467728459
1597274476
1748675402
-549501676
-1042303931
-360863518
925595263
1049209874
-424594750
126781817
1165329713
345186928
-1411873444
-144943684
-1064719015
1172541837
2099549158
-867635179
439007463
2084208705
650193085
-1417373548
822469183
-1036236735
-1407286172
-1062290705
-386784284
-906838584
-1501161904
1554454729
615010162
1706962290
234974975
2144392247
158408657
-1648503702
737525582
337452671
1667611303
1116026567
1512536332
-464810206
1773294862
1264973875
1878975689
-1205180644
2098327431
-118744371
-1004551948
964772969
1924488493
94685264
787693092
1995770315
-1305015763
-165279372
-723194699
433848010
-1319094923
1204817812
-771199081
233139196
-207908437
707196048
1709639778
1307064198
-1606647456
321787124
-2104405844
1818248674
1904304773
-1172543399
-956124002
-396713247
1370135837
1465089035
-408321339
1561114355
-1964545741
-621218837
1639949605
-1957491546
1165262863
-1490242153
1817008019
1427663468
-329765724
768876999
1567649604
997082273
1743417163
781516794
-250083424
1160498123
1427056822
-1373568943
-519198628
1702435618
334725150
-1231226951
975321287
1275087699
-931202881
2147301968
-1863953309
-1009357440
-189011323
1759688705
1052431542
1992995467
-377335289
-1290092688
-813718430
-1595260268
-823448652
-325219555
-1108070541
1340836031
-608055733
1560673475
440272120
-1944324294
-1936983920
1782524673
541031892
-661158018
1327007292
1137354044
-1817084715
-146703660
1645215796
-53702206
-1148150779
-1368776934
1208056830
-1338439117
1855937344
1518705606
-2045149584
441473564
79963142
-1978397909
-816327254
-447872028
1982019218
1830511611
-1057710523
-2029473813
373412907
-124258548
-218896436
679438831
1619081913
-1185905314
199928938
2033373362
957695386
751252061
1743720421
1022303193
-209467466
1389418082
-1814488630
-1382671337
-889785648
183530879
-1365745942
-1312384630
1115578399
-1104355717
-1246343676
1328591972
-251687395
485668379
-815524925
1782393806
2001725342
687174307
-152155670
-1096306936
67086371
-249164901
-1486887475
1409981652
-1459736209
-369204778
-1899947518
2019349780
-2001361317
-2100517968
1106648921
1464369330
1002757862
-509988458
-787670776
-1840516161
-748942960
-1359100214
-318142422
688131550
665947623
-1176442265
