1579550012
-1112113955
-1549829001
509320899
1228960315
-916270352
-450086957
-1383326363
915738156
1320120342
-1574222799
-446417278
-897821839
-1147552661
-1391451463
-597147106
1298088576
-1681299411
1290411359
2138924429
1136412391
1343719020
2044222860
-1294037178
-1876498289
-1537204483
357976318
1078254588
-1413821116
159804340
-252294933
1351137519
-1308701068
-1285344047
-2032181396
1031952254
1237133110
-640155462
-37474535
1984251393
421658254
146344682
-1538238224
-1791213099
818008559
518731305
-663530374
-1838704969
859669504
691170813
197010992
-1387159723
2119308194
738208608
-1451517926
-1754121438
176045874
-1470558030
1400953016
-101495447
1749587979
-572272400
-1574001626
1716885925
1238682190
-1633495514
553212794
1771475215
2099191012
-889365726
357609072
-93526665
2065788356
97774698
270908233
238744919
-1701499279
-609778577
-723990289
1387488548
775562438
-459688191
-1589248164
-48399897
113374197
2055184389
-600128963
1223428364
-469978676
-1985443482
135500242
-1489825414
-941421510
395607113
417109527
615862755
215925522
367407492
-431146968
503607388
-814056946
1822365007
-191271455
-1111259345
648947477
1013666364
-1315333180
-775607568
-846356288
-877717660
544485663
1840987598
158535962
1852149218
-1023253906
1455432746
-1994960729
-990563963
-2382339
-412733843
-1079611993
-1608220480
-729164079
-1452061674
1795089307
-1684719643
-14540344
1178360849
-634501368
1943767954
-6479617
972336719
-2128189062
1420433003
302696819
1316719250
215103947
-572363255
627379946
-1065693048
-1620974427
-1494904015
-1852939757
-481884901
68811076
1165930824
137850092
2116182279
1818859136
-1267343098
-1304841885
763999404
-775429110
-1132469654
1135275584
374027557
421092341
1142620653
-691573183
-879458664
23177336
658021626
-1089493626
-1641637937
948902386
563476892
349684015
-1498209529
1652095277
362702201
743312707
-649009144
-1342555674
1759236094
1541887187
-1187974283
-626634356
-1650830373
-1553031074
-611285147
-47303096
-1028234318
-790104457
612923697
493341245
-1110143478
1900806821
1897142415
592066320
79498377
454870666
1958147039
-61473366
-1350266270
-1104037562
-1077277243
1695006268
969870859
-1860437731
-756131849
509672579
353391155
-949390506
-1918138537
-1803393971
-746989069
1863853670
924816707
1359434299
579083331
83419726
2031387180
680174791
-1477107025
-2116867264
1561800037
1387862408
-1272096951
-1156439416
964908605
2010495668
1805565409
-69428823
1596332623
-371646233
-958264205
620278726
-1336310505
1922862370
-2011146528
2097002820
1569785033
1477320469
-323010079
-1654849108
712497245
-209998944
-1901530824
-1376446507
-2025862418
-1110050921
677913895
-428835775
-1261449148
1218861765
98843430
887335367
761747119
-829616333
269485519
-97238926
-817602026
-423710550
-6705124
822966953
1227342926
1230745717
953753557
-1715187569
443811504
1323614570
-1256355005
-556798548
-10954523
129728555
-1303235031
681663692
-700049149
298769321
1694337524
2129628711
1006553309
377946601
-920847055
1060838338
676693142
-2114136822
-812417474
513765396
1948339831
986000518
1594316100
-969067797
714261506
391669432
-77090460
1743003792
-100724665
2007174813
-434023120
1516285737
-1279840395
-1093363234
1569527388
875832926
349657011
-1488092403
1939481780
784600383
-1536976080
1356743727
492915792
897061477
985929592
-56822406
1852679943
-1576283562
1157907977
833590367
-296062687
-1412685778
1616790054
1338324682
355267919
1087222906
-371976214
-1361531225
-439565345
-928684441
1327919263
1820025256
1969989931
-33008869
-1550241712
93280581
-976087214
305960802
1491851420
876859140
1989932842
11108237
1022674124
496482554
1908216949
-731885162
-1951689944
1272584848
1231264082
-2090527352
627068805
-321380982
-1547547403
1846607901
-1096666334
920991557
-474773094
-362912856
875695541
669638207
-2034164298
361253685
1854516160
963220444
825003119
1617306606
1598213672
1547257447
-1974050482
2123241663
1681753863
313216854
1184533299
63898685
-1710288960
-796487215
-1566379384
-1455612733
-1908446124
-1452114571
915455673
-384123170
325939187
-1864763052
678428387
26802666
1255536342
233012032
477145547
115452
-248223413
-616771767
-1181013743
-493358590
-1648370671
-916630653
-1838816348
899116329
2053726693
-1161188340
-856392840
-2122176898
1907712604
1360016204
237023862
76337111
1507002867
-18503042
670575284
1086875892
322053988
-1807880593
-1889962522
47451104
1141443130
-457919354
135145491
1806998429
-2025769305
190223364
-1570315893
-500811521
-715455851
-1189421173
-1673952233
1721082328
1044738042
1633882852
-126810254
-953295275
-316090256
1910298876
1600233720
1900601511
-403161596
-848302545
-1106562403
-782763291
629560653
-1129225528
-23120608
876826416
-619144000
1978270152
1748930943
730701335
1195644227
1263919078
-1170793043
1920735037
-1736151041
-1004579113
-414207870
72880185
-1011366535
871887055
-1691549454
1692059069
1857432036
1649805382
231261313
1513196281
1323152048
361111551
1788330230
1980435265
669040998
-1154795707
-2121087666
-1627094548
-1381128265
1337564791
320978419
1339559039
-98305839
892080071
-1138272211
-736396533
-1380115468
116068414
-127997736
1836139219
-1500318651
299556098
1982171735
-435980495
76067298
-603690789
-622680632
-1338315591
-788062155
-879612429
1507023737
-1105007970
-2046884467
958519261
322928281
-955511212
536438762
167250392
-11134926
-1241037449
-1155085544
-743193261
1230677334
-1845755413
-1596212226
-923585356
78349464
-693433277
1660566839
-1925980588
1354581694
253859942
1118628065
441746382
-1968318796
-1808367505
-791553099
733950329
2110631106
-958019115
-171917992
-22658510
2142011649
-2063804213
1828223472
2082954078
-1692782326
550237673
620134649
768845102
-412889871
-390591988
-717054632
1330430757
-1591738511
-2083408775
-908608849
1285181655
-1084406424
-1287315640
1019423731
1825826546
1983359109
-1480051201
1381582652
-134747006
906162495
878912125
-1292408100
92780656
1200718856
122237977
-331825230
1141229387
-1443930686
1681298698
-335262529
