248783600
-1114938554
591066067
-53801849
-611985909
-495910013
1752528260
159042151
-1356427504
302299554
-1693242684
1090720051
1442274885
-960283087
2025318306
393518096
-1696578135
1048074342
-1165360929
1251455296
-206622595
153016655
-768542436
-15060370
902848261
-51866035
1999592500
-1558323638
-1472509297
1487345346
-1821086490
-714041512
695944628
1814358281
480807095
1526842373
292248797
-225783130
42034710
-909829125
-642696440
350965694
-1348890432
1650751157
1450907340
767694281
1813563494
-836276395
-1899959398
953978245
-432986740
1703997877
-1064729787
-386172883
105851059
-476052293
1186468803
-1530055702
840505274
715286001
1659860277
-488418422
205278592
123521620
459551780
658341231
1305305038
-952772501
-1438186483
539936201
1659518836
1800286107
1862620703
1526855687
1033615025
1178669241
-248113086
-971734134
971368919
-1175553056
-1645944741
-1385758821
-1160921553
2137577349
1246627790
991787679
1142115097
-1574079288
-951944380
1717110921
-1916814984
-227506932
-2037235027
-210287473
1470575948
-843426615
1548289416
6011423
1910887839
1922883488
544739169
154298644
2120785573
-1322905169
-2013423461
1297733924
-1123941858
1327778342
460412783
-1542033251
-1046773249
1519907610
794467636
-1130888624
688675152
1862681241
408191968
1073071821
1194807127
-2129757955
1023995854
-1789643568
-829417226
-2015088507
-684496447
330001658
-1471484847
-1687776735
677975336
551300291
-1820382541
817202060
527648419
908885167
-1028635470
-1281154400
736001733
-1910207041
280902800
309404133
-1892168421
-1571325398
-1435407644
3070570
1787748205
-802497204
921397624
-502913320
594755907
-445942050
-914274187
168975299
1510444970
-676573849
-920555075
540930371
1647158583
391185394
-1364599144
1280881091
544932428
1341871873
448365457
-715029992
-254478951
-1222708031
-2033051998
-971237675
1015564518
1979589758
1531810702
-1615058212
145257998
696578392
-1107484018
-302707912
-1212241842
-1214264265
578635055
1968540714
-1416557121
-502933252
-811242118
-758793343
1498365217
-1992402184
-617127083
1786569774
-1275546663
-1288964959
-531293144
-82069737
-895569860
1172287106
613017794
-1476416213
-630002675
1562442099
1419648382
-1046350154
1672018756
-29941750
1010473121
2099612662
-1807199471
894688081
1003735814
-2107821331
1634286879
-775553352
229254908
583765624
1043807004
-1391038643
254286190
-374568288
-1665687943
-861873622
-1916538555
1446558255
1593530478
-1872962003
-133277431
457734534
1951352384
1269013742
-1560525106
1803938477
-311525946
285796077
-1962572211
884612779
-2131861975
-1742833909
-157335216
-659357672
1851025642
376107323
-1507055021
-469445904
-691919063
-1018849159
-1292751512
-2084348503
1847828259
-740102150
-314586277
1752960902
194059772
-923944028
1609138965
1333508141
1398626750
1556812736
787082565
1493148791
-178966623
-1470136339
-965382596
2073769095
-968457588
-954839721
-646143464
-132628707
423099867
1900778537
10938148
1856624172
-216809374
1900847167
-2021610881
-1280425815
253965234
975810848
-1557177606
1756773797
-1143303270
735003947
-1766382010
-1420499811
-1302926864
-1802738673
989652047
1872541456
-2015788399
1485741184
-1368337182
-1117538478
-742909019
1530112295
804590485
2125568160
-1108781529
-1885605671
341632487
-1470604173
1187588772
-1528277493
2081441701
-1528237799
539584066
-96401019
-1322165873
1127916928
-1904315389
1047155798
-1940416965
1171621461
792262219
1636273415
-1328615110
-1392707507
593556639
1291562003
260523128
588850113
1938792879
-530959467
-1144868888
-1743583872
1219558805
-1571660221
1817694048
757086432
197580895
1151977882
-498668863
-2068263146
-1434781494
-637857957
397378650
1531103175
652634960
1849688629
1931864461
-777781538
-1966064283
-1888058941
155101619
-190536801
570829052
1697257912
589305660
135892220
412480592
-610541480
457717531
-999358681
-657028640
1961183273
465027680
-1381910936
-1499722566
-821438230
949558822
-1388491984
1491234044
1421280196
-1031508562
852771693
-571588457
-827291969
-638573876
-254319329
-1885608874
1222316919
1282388097
1274486314
-1299109602
-1900139250
2052604905
1251153262
-1148841609
863072612
2055055191
493435156
-702717110
-411516539
1480045502
-1409884630
1628312044
-1084883613
805499986
722716018
-1612004262
-422689084
253059182
74979702
1139080134
709623677
-328577097
-413419040
-423780782
1353053920
1414990978
-26318840
1844242970
-1222149518
-1796495246
323856589
338171000
926694881
1736046437
76967847
-1660216958
2078166580
1691800721
-553785604
-837713961
1947436099
-1803020823
884861363
-1989077861
313207402
1297338821
-564723193
-283778113
-1857828487
2110511809
494076317
1445916805
-1330884370
-2017815068
1943045847
716141123
573771365
-1073443067
1171325802
639670630
1202202703
-1612419223
1204295725
-1503911751
-1577021470
-358794575
-2017174988
1065889511
-1545494960
-971442702
-1065954019
87116862
-1389571781
-1280828123
912252585
1625780405
-366585241
-898069823
868028302
-544248272
-750225744
-979323482
-484608630
-370525439
1971372095
-1106876099
-1187097925
1692917938
1286860792
-2093589540
1445199405
1131680513
-684211658
-676051090
411548084
-238636245
-1749421382
-1549703086
-152268548
-2111650963
-1492745248
-435059068
1278907870
-1198354745
1603192083
-1740313350
1944129012
-1764226814
-457847678
1216344912
2020959599
934587124
385767443
1117715878
-254936281
-2128851197
-410957417
621811400
-714253
471519719
1607676479
-1614182256
1698804538
-546538573
988979535
1382487688
-1733775670
1531278613
-1354749423
-1257390381
489874408
-372978468
1411142923
927999308
-575598681
-1001139782
-1630080909
927730927
2139643005
1526383691
-1117883422
-1277459593
-502837486
62924117
13986632
490382153
1465658459
230171729
840899872
36507536
-1270666009
431878698
500424676
-1967354200
-569110152
438893636
656462529
1599891135
-1724125995
-1888726081
2032004494
1238589625
-1381419298
296666364
1734384634
923309396
8223969
1263428447
406870021
1408067725
-1816575189
-1909813930
-1062864975
2122405697
-624170016
-1044665190
-1852464648
-997033194
-147146994
-1431292236
909025024
-425203557
137310208
