2078587769
-755233408
-1234398434
-211714224
436252855
-1095492102
1046191496
887912580
-2092611167
-983451665
-469097869
14638608
-1445887551
-1955516027
-1335743378
-108365504
1963640117
94175615
2066726231
-213406418
1023802804
-569777673
1429818620
434092699
285600719
1056303690
-1425076732
887057666
1018122361
619369554
1385110800
-664140566
-90723639
-1934434086
1415249436
186086268
31165949
-1856827570
-279114709
-884851884
1538642881
-2092655438
-985481437
1182363
-304009551
122879445
767224821
835543637
1797382428
-1339897659
-1718263040
-489824521
-319972341
1287209349
-1730965321
1679291964
-1543255423
1201896957
1167066240
1867529784
-1574384381
416765233
1939669471
-388656724
1364912474
-1755869771
1612218323
-1050106468
1426059927
977796960
-1489618304
-1539382241
737602902
1521851456
-681133299
-1377329035
1466512455
-1021209395
168589775
-548931490
770367722
1058933600
-648118618
-10291543
87194777
255724261
-617995353
-1679242486
1789672907
-1149127473
1595661819
1558260528
-1397926506
-2088576436
-1756286714
-932040425
-1353707147
-550144838
-109826101
1376144026
-1454779061
408072536
-1614598002
1764298315
-359124569
-490961856
-1301440838
-1986262649
-1192060343
479393428
-2066163963
-1130243132
-524123931
345220087
-1779492399
-863030484
490461222
569318207
684400597
-1265205649
2068595445
860296808
-1171567364
-1061394476
1773630458
-1371292213
1498414476
-634360430
421232994
1700620942
1854376331
-1272566947
-117427997
559651934
-252929443
-637458110
-1614774275
-958327205
-1912490319
-93437001
-498209663
963139412
186591390
-2128412434
-1295957674
-208477900
-799628792
-2085853335
-240850054
-1008663621
1489126216
-365155886
1646336839
202317424
1533732876
1560034316
-1796065801
1404079573
743169658
-161602171
-711566486
1936701404
-994546533
-1134779187
-391707610
1222503322
1741277174
-218400660
-165676130
-365623239
683828091
314204399
245709494
286793523
280868771
2070786116
-605198714
-1166047811
-53352236
1614805575
-1030817954
1271925120
-264572919
969259676
-758494199
1625570446
-981653070
-1337654338
-1362416298
1741294739
1340567256
669027160
461407699
2087065930
-356836220
863414227
1573999067
1666285107
-1765626527
1459229488
753011667
-681704574
2022033824
-401373418
-1014097744
-1820857766
1121186075
288917038
460126395
173787195
-1186126915
559212206
1123238040
-1173740105
2132945952
1575612980
-88367484
-1857432469
1035759735
-2007028012
-1006342179
1025847341
1603759533
-1905384076
-2144163097
710786946
328483022
1649654102
-420273972
110421842
-1632509274
2131158262
-358655004
-39868962
-1550124633
6156309
-1592025545
1818659057
-1826331121
-1542950123
918012991
1527927637
-320476087
1070971783
-1728770063
-2024209016
-171400812
-786143742
-189849602
-725205584
-1711472926
-372162250
1715902293
-2028657973
-91963902
-439824832
-1487914772
425807658
-1164253952
-1832914370
1949531072
-413700577
822518731
785231142
1901058842
988119285
-1022629864
1407773139
-1561303277
-462029024
-1669936249
1525332832
-104244903
-54508107
-798146557
1508285369
-281824718
820775451
1938071149
1420787566
-585686592
1533854723
391052156
-864431414
1437778311
-1193983339
74344158
838317092
-1283890644
-1087184661
-797280093
88997748
-516001409
864226754
1256640731
-1374290135
-1287865157
852302446
-304124547
1686689336
1381012235
1586857230
-537265526
1362032504
944966736
-2046873087
1609138289
1396653612
387741729
21121176
240391349
2088664033
126892307
2070390540
-1178570548
757698426
1534365753
1102258610
-7630006
276912521
-134406930
1442156
-1858810050
-600759841
-803793711
1772516707
693169628
1195197029
-923633647
-223351822
224085595
-374265043
1765000682
-222591259
1537601568
-1440672829
1340994926
791617250
-1256688868
-1434128951
-1136871800
-1777038809
327064177
-1070109502
-715964611
1803688565
-1256239781
-197314771
-715904715
641238603
-9596339
782603478
1804280698
-258363049
-2094784422
2065116775
1424587902
761202729
-163700010
-1968131515
1211287650
1655530281
-96070851
-1852935527
1716987765
-1517312821
-107098798
163795116
-1421020934
-1698658560
-890158709
-2086368905
-1466710483
-1556132881
1094150572
-1859307654
-1398320760
179455460
1589339057
825728460
1917335106
1985309320
-1260267792
1687654515
1541796887
1147299154
519899007
-603812363
-220413106
-1732059843
-1362871342
-681091538
-68768520
62185915
1663654057
1461733988
-1840290955
-1122716951
1485952808
-225951080
-965828804
-1971431165
707164487
-416512994
-1713044518
1923923737
2034196588
-178678417
-1856777926
883115266
673737301
727427902
-1610095321
545914001
315881531
-172504376
-493563633
-369883641
-1596947404
1495547248
1776617482
-1966424121
-1036539688
-1470355062
2098227481
2056240464
-74219737
-313301898
-174413390
-1303201434
1830909610
-2012425743
869229692
30930834
-22541353
-1230576473
671731798
-1589720883
1820786873
660018187
-569220195
591341431
587201488
-951690389
698148782
-1575969138
204452149
1976440382
-1701461847
1400631323
-2113013247
1807076800
-711627400
1924935407
-364020241
654822336
750617615
1743470479
1952043840
-1088715080
-1078809100
1073804396
2084387038
919747358
580610306
1428896087
371543748
-705477127
1011060841
-1732705741
-1076858724
-1151658826
-1627328008
1564012779
-1918658903
-1048003013
-2030734434
336062118
-356327193
-750544580
386895149
-325389255
478490736
-539794482
-1661855135
412311005
-1136823520
-2099589063
251185441
224568865
-1126529668
76385041
-1625380860
238015521
-293024049
-1057485177
-438265578
-1509005064
1200552853
161535740
-1718768421
1185593458
693205533
-919614249
219392403
-1315530490
-385966743
1044510615
1568031423
362585859
-1088452008
106745387
-1694251805
1026512648
-160935162
-44713856
-1287505522
-496159816
1927537779
-1917348260
113002391
1065951918
222210658
1828282218
-1970973784
2062744751
2092764547
804663445
-54483712
1285178654
-1013370925
172513944
-168848780
-1873220428
123046723
-1691466282
-1433994314
-1069872273
390616727
767115110
-1316187431
322160075
1769854097
-445414542
-1845446124
958320943
927854926
632035521
-1444808251
384912298
1910755823
493638033
-219983175
619961054
968637050
-570161751
2059333802
738876
889843202
727112111
463667464
-1380712335
-834835194
1290151862
617525756
61363231
-270551529
1647861019
-2142134871
-1888475184
63302844
100131217
1228940724
1788120359
