-474058691
-1508608332
-522025626
1530971356
598035055
532554052
-1502400446
805426732
458329333
203490206
1947796801
-1899698325
-496676562
1926771306
1339532575
-75529978
1124749482
-47951780
-995277088
-338502013
-320286740
-458646618
1216653879
-1157235940
-295964303
-1862476115
-278311893
-1648667759
1281996017
1715615743
-105397768
543191354
-1650120988
870051203
-767664589
614634075
-913996729
-413745423
702579760
-82508869
1428510367
950299524
982601127
65732471
336120893
2022465262
-241146219
762324243
1203425476
1011202444
194921311
-33038639
-1744524824
-2136135717
-1463085763
2066565190
1065098360
-272876247
-766107435
-462263767
-111125091
185550223
-186033370
-1441341586
-562146205
698467102
-967348057
1606104978
1666772857
-189199785
285252271
1580706360
173708084
-1820872224
-907745513
-655233035
1436607449
621529461
-593439203
-193506201
-716935141
-501937124
-1795460469
-623028852
1561460706
234848668
1048266775
1606181968
-3962035
1273119535
-638985203
-692217241
841162234
1731811190
-318534613
-1242728099
-1100862844
-624109140
-603195445
898828010
194253389
1988550686
-1109567673
-1418995062
-958208644
1260180954
-1551145576
69398605
-1878941879
1065892774
857260096
-1260301077
-925932937
1670775860
-1287134870
1429536539
-1252820446
-1550647405
461314126
-394565084
1567761082
378472935
-397859878
-1430075981
154558287
-770182820
-1049472114
15585007
730685198
1189627735
-195276121
1410574027
1377056523
1763021038
1377894783
366360986
1935733824
-1089697126
-1212219085
-1275130904
876366293
1281454891
-586099322
-1235517306
2010210209
-1016753669
-1745239804
-808522778
-1959951120
-1982698394
-1975402646
337774761
1103219590
-1393664391
-733199804
1551671670
1932840676
-1751807256
1802212312
-705723379
183708617
600659525
-1035140030
-1119743589
-1814991877
-650649233
-1692908320
-90701745
905603654
-450873529
-811690513
196682284
395408069
-1624301142
849128054
-301054687
421503839
2053364122
534537826
1325629526
-497528684
-1008007490
-30287118
-1817083192
171471481
-333331956
-1608440491
2092218135
54615552
-1598451772
-1129245808
-1842196322
164580989
1154319519
1942533029
-1149725244
328237925
1409813064
649343217
-1633092719
606729816
-1409550581
-1336957995
-1531976060
811789664
969600203
-283330664
-575200094
520154491
-44158151
2020756108
-276990766
-2129538730
102138179
1833135214
-1295077528
1392117851
36334025
-1460838638
83715070
-931577363
691167126
-1487766209
2130182282
-1606940430
-555973491
1937910743
2057360813
1402278801
61978658
25966907
-508457911
1167149884
-629630708
1998606061
1424482389
-1272590096
-128291272
-310355594
130200819
37716411
1605970688
509020809
1106499010
441433983
-1729822052
-1838032536
1964767601
1377468916
-70041896
1332749702
-1330914924
-865733646
31411719
-1905303699
-2145487942
-995090192
700070967
-1009361951
-965883970
810776263
-113505371
-1646250683
1709483869
1741365180
-334651277
-1364631746
-1165661431
374634684
-1973865576
763875477
2019991548
-29677591
-1826979561
-1264490655
199492495
2029098837
-1450760845
-1723733147
1754488779
1139791884
-1885675935
-1717284170
1523719488
-1301335720
-530931009
536423585
398040597
-793190337
-568539708
1924028107
1838528096
1008913232
592681337
1671061656
-1395010121
1128083102
1782269032
-1661976368
205960711
1751155725
-1197293934
-1576648320
-474242141
1039870924
-1005377115
893732382
-313806176
737319201
-2028472210
-1304178704
-1394576033
1751385963
-1516398196
1298293933
-516355990
-129172635
998480230
930429795
1051559812
375657639
282750814
-1503571044
-905166854
-605097102
1913940550
1766939324
-1452854209
1894397612
1123315730
1250493357
-1359100745
-1700473303
2021426383
1210299581
-656961070
-96445141
1405701331
-92950586
1801644893
865847596
1290206774
278206606
-1346739948
289870042
478115200
67272049
207243387
1467586402
889741731
1237239357
-1840755731
-1494872079
-351028437
-1013535396
-298035467
-1528130185
-1479279949
-699783368
1182495708
-1320944979
-1677147493
-1028105254
269119106
509056601
1268772855
127866580
-1981329295
144117712
-291354934
554094945
-531232210
800452540
2042768755
-798836022
507370962
1101068575
1263938406
-1224842486
-61186342
-945582441
267394847
-641143884
1457265466
-903370781
-1084399788
740811540
-146652745
2067864485
1458256746
1836723605
1660410230
66929001
-1550938327
211132770
1154768591
1752969189
1833196978
-602916786
-1454843546
1533614978
1072474031
-1009779720
-805322884
-1900308197
-197136179
1181421610
-1958266238
1577306371
-1064097689
1167294337
-1694326545
-1574982068
-1272649341
1986047571
-816236206
-1487391162
-68532735
386045900
69573290
-238504890
-1937731311
-1047971494
-1031127563
282842536
-582165275
1563217994
-280685306
-707440106
1277763495
-953561677
-609928549
-217064439
-1031130195
-1878154094
564334510
1040913807
-66509077
947902006
1254906379
1843236175
-1108505175
1935991006
-1833224158
1717241802
-1090663307
-1058081632
1776811550
-1635804957
2041941337
17470091
1376997430
1790202272
-1471032239
-1848411632
1938230850
1636468274
1831167735
44075165
-415112048
1876357170
-778077312
201027466
1057658360
-1075433171
781837035
851665976
-1096461523
1528330594
-2010963338
2131242615
37139285
1841977033
-246665132
-534955736
1250238940
-1622347689
-1597454435
-46495453
1099093381
-753913472
-1465088122
922467930
-40393535
2034608637
-511815215
-798260418
700664644
-328522289
-562127738
-2008281503
690353364
311968131
-174806301
859019868
-2029641373
-178618698
69329296
522057714
373831264
1704959195
-1841714666
-1887265163
1841123657
853948987
-357590638
2014371432
1727278980
1776877885
1196740261
-1440081307
1955610479
1735976423
416856750
-129226175
-388485451
75446180
-128923077
-786674579
242125283
1885899591
-391274308
-1813689954
-1992539846
1942339919
530307961
1482796720
767436486
1308666988
-1296461883
768950471
107198895
1926634562
-823592845
1879510967
-625028402
1595887724
-820246903
-572536155
1344865923
479270850
-713307853
-1551484178
-797126715
-373874721
-527834886
-1290925753
1187895417
-1428801315
-1794543051
560673060
-2064846073
566792546
-1335866689
-73480610
-1405511381
-1970065696
-721932566
1077408015
973865992
-1062984169
-567049806
-1785838656
-1457507966
-509782050
1393015861
-1815556154
-686069044
-427313629
-930912158
1293392872
1019945023
-1886956240
-408120591
1287348549
1381314157
1894305071
1602218130
-657345932
1266606198
-421220368
-743968152
-1986400020
1689338777
670963432
101131704
-1790331738
-994664434
-659714692
866564829
-1211266559
446049042
643423103
1078427519
-1136842268
-2018490814
263484409
-1510926332
546869289
-1785798612
-1515746262
-1297128379
1976931385
1107479074
-2040521010
-445318267
1151068147
-60811438
-337748063
-552275042
-863526703
-2126980845
1964729125
2092263292
-1230459059
672582785
1819999906
557805775
1048045697
-1784033973
338502765
-1167554308
-1126136307
367665610
1368539245
-1489205932
1636253756
-1307904938
-1880467238
-1060199801
493250153
-2029351467
-1999702200
-2060758182
