-1981090754
988360762
-1768004917
-1454478690
380282179
-802482531
744477428
1864271020
1921218293
394625502
2032074338
2101775401
-527094210
-1702223961
-645507164
790811215
1666172214
201458424
1372707563
1266000290
-359847516
599677532
-1185981899
933232961
195682244
671208797
206890925
223533437
1967033674
-2045350600
340329041
-581612113
968405158
-1263893292
-2131859243
-1233756347
-1959720822
-1261726736
-186665274
445459998
-339578968
1090769308
2001022963
-171152872
-2138296128
679711210
-393126392
1407371750
-1095297319
2107001572
364340346
1806408486
830782926
1580102848
-1894240598
-87048270
-2098927860
-497895086
-1668162492
-1343706059
629462680
-1981143359
1223626729
-1061405695
738786391
-1324590723
850002957
205614624
-1386123895
-1428827792
1624345121
-359964760
103674518
638576243
-149137421
1085871955
-886133491
536809475
504973141
-1713506738
353016297
-1885244364
-2110690307
12575313
847606805
-103616027
1209738155
-1903854353
-942490831
-1804920268
2108392592
423623727
-129244522
-2034447052
-991572498
-136218534
-1213469545
673607133
50249467
1491714838
-1722616310
81584452
671348747
1797331891
-80185850
-1928671989
-63583763
1700353220
-681888275
-167720678
941889428
-123519247
-1242937940
1204451470
-628806151
-1594921717
-1940754367
1313324529
-1396197824
-1477532319
-300944259
455638699
-1815140839
645370961
-69433845
-1726174791
-1487121815
1459393569
1624103600
-143559268
-23459800
-1460298225
1534674899
997198227
-1252012148
382711974
-9096128
1231095307
1379614055
-1221298349
1104765480
760979542
2071099084
-1533976777
-34908820
993936795
-952579335
2079343933
1848924698
-526780147
-2089253008
-1951467153
-569184457
1245241695
304310886
-1800023163
-525231682
-1938048649
170743649
-760089409
-1335270424
156309601
-1184157156
47272692
-1925804882
-1018903418
315229101
-775167767
-699782261
173311517
351325673
-1964611610
170642566
135998688
2040639751
-145693050
-292927377
-1397113597
475350914
285968591
2097896808
401733473
953506884
-879063679
962448295
23376120
122314496
-1602048846
-1362494855
-1155945065
-1803470113
2064438170
-1397134967
161346005
694514526
-680965717
-1569885598
1080082501
1845865334
-1976069403
648158769
1455863271
1630993148
1610195815
1080169423
904772064
-1873955254
491665480
-1491279361
2006168685
-391607265
-97031769
-1453250061
-1891811051
1630870979
1768933888
1068527125
-1361522658
1390638446
1512154817
-1946515197
720235329
108003050
2071543324
1923813594
657428896
172090999
-943456737
1746086582
-1773936905
-1231683090
2103189761
278827641
906129938
-1358125016
-4113731
65723084
-7453058
-1590486368
137595876
1053043043
1204221315
1309107542
1278291375
1987769220
-2082958767
-1828726538
-560895149
893025993
-1099917960
-2079489223
787209369
322972195
1737591709
1034111371
-1614932563
1884275490
1650883434
1245809134
1067188277
868313972
1427257030
-727685603
-1578880603
-2075536725
92670790
1418796276
288543441
1399179331
1865319906
-2091837938
644017347
2136893922
-1627636245
-1567652945
194457294
845902305
-516302020
437305060
-2000649757
-909284853
1979698095
552124905
665451810
-1122908509
-1725342765
855139530
-571011149
-1068552789
-390715685
-1097652
1694102487
1145597539
62788056
-120694003
-1223311559
-649532145
-70433238
-1308228375
-1581210486
762676989
-169812172
-1391754081
1601190476
24720070
647249742
1525250996
922933996
-1624973101
1771716607
68691094
-69832170
17719331
-1097027221
-686239995
1542343493
-659403958
1481628938
1898069678
1703851416
643383740
-47251558
1759629336
-590442260
-750718645
-953029034
-2060482621
2030835750
663598062
-669295768
-2033094770
590576848
-2104375869
235040155
-1756567975
-711251993
692279126
-827220140
1032504810
-433933326
-1937047517
2074089666
100500244
-1199639466
464016729
1525283156
356953109
443457000
-1769821984
-1090567061
-2075432640
-1288149820
748172445
-301439664
1904075739
-460545188
1469986292
-428179864
253474634
2045894355
-519520882
1061484454
-276836244
1585757323
2010724187
1520762944
1504206660
-330744580
-2072056102
977467301
1593294556
-36417593
-477817961
-183963219
-1170114715
-940436214
25035253
174115346
-1918714206
1180590070
-1554787283
914062110
-491251065
703221405
-501055594
-1758811226
1169689117
1086524176
2034237990
-1410291658
-99297112
540740009
744186936
1165638541
-1933181174
-608675676
2061734543
-1007084981
-8669335
327144692
158553242
-133376536
1728423695
-113354668
-1576017159
-1303147800
-1201683822
-1129433957
-1394875841
429571660
560386100
1774751828
-726088199
-2109989301
-832033652
-1328056179
-1167269905
-239527359
1792456037
-2135507985
897884073
593724904
732495589
1239343886
-2138454476
-1525630011
1401108209
1052170754
-1500278234
280490724
370236112
-664920266
-1226889250
145996742
-1625513202
1206553471
1213184528
728357018
87116194
-1741551760
380253824
-543431509
-1252520366
-51789332
1717074701
-2015985894
-1346822826
-697713669
230446832
815525068
-499893189
385662433
-1260725179
893543845
1481924874
345114988
28100043
575504629
-2050811991
422010254
-118950681
2089645362
-205366912
-1164501206
350899182
835067624
1232714591
-1059079374
916613283
-1387592980
1548621214
364287473
597623550
-1474510889
1867057797
1653218213
1212150831
1407689394
1762135790
-130300336
-1164432926
-368422162
-721364695
-954979121
1364462019
-1631139434
1768118815
1258319659
514066755
-1674639417
1421845689
-1320578002
-640516708
-880656289
941123458
1189850169
387442707
-1647941389
-1049568118
-1430532779
2091991676
-1330289145
-764456051
-639026041
309334019
-1965799816
-593773995
425154663
-30132696
-604093891
592693084
-267183885
1748754955
-837521330
1225042612
-402638688
1312161257
1193175011
2077518123
-150512974
-272106778
1245135073
-1411168854
1037025996
1929376524
1516611473
82828509
-156995126
-549951597
1228208018
-458303720
-657605682
-1719459998
-841969136
1355895928
128297880
-351999531
-1346247882
-2117896375
-1572944101
-1878767167
-41628959
333361319
-975566516
-368489292
1781357717
1583461223
-69065412
-1064496512
1905601204
-130404041
-1729141143
-694433542
-1489661716
-1530214909
381207120
1488199679
-1405636111
1889121690
1410068294
-514098761
-1130750868
1165713297
1563399303
-1399956707
-858305742
1771408743
-1179654257
1856561342
-2139654983
1388773097
-1681438040
182139840
967531975
-1160718121
-426131260
1140488998
2041914219
-1772758584
479414924
683550033
1287598128
1134393674
-2086240072
-562076215
-1995386736
608654669
1529479072
60216125
-191685977
-1325559360
-471304173
-389934648
-1819271896
-1510273412
1340111207
-1748314763
1405192596
86284129
-512866095
154994949
1180913064
-1799195970
-1838458378
328342767
-1370370026
450490870
1618230465
-804011353
1132643448
-1560483745
-1119939465
1025021986
1587726977
-1990251411
-570823673
1583450010
-443462539
543196943
-1941341274
-1685659762
521621722
2143008088
1408643995
2110809868
1355625327
1014063202
719233111
-1832652238
-1326548643
1754279790
178486216
1131035377
-1239796564
-1469491120
99811310
