-1133656894
-400866772
-1873237045
1746841602
294885913
-1515683468
-1609195016
1354401877
-1691340736
1054028521
-926490725
-1864030269
-841901610
-1524066244
-2100970627
-1472532834
204844576
-1848190910
-506869787
-159278806
116114259
965895653
-922427262
-1505427017
-1176418030
2113299039
693613199
347434994
1522468661
105672356
-1014750415
-448067209
-1391131445
-142893025
-692766686
467089321
1957649250
-1834644319
1594517140
1491474118
1934523013
2129895830
2051959887
1742684725
-1717461115
210123385
14685980
91656738
-334854788
664414857
-799695258
1156750924
1855820174
-1022317124
46756637
2094537245
423755634
869332212
-750147107
-1259971078
17420848
-1170620048
466707279
1363325404
923897131
1867301764
-1379543345
510995743
1135868258
262451340
-1452874929
-122470503
249461490
-102611938
-180532614
1814116334
-1474905377
-397696898
-91293157
-864724189
-225793773
-383991210
1770260416
637297008
932190885
1170144166
1965900442
-374838183
210339935
34122233
1330085799
2127612415
-1803964038
1896192984
-1415248878
-1193666125
-1175968085
-807675517
1574482393
576955851
-1756036766
-1603812130
1062525616
-871364935
1939491664
-2023373655
585751845
-808688808
-797058518
481226484
-1162940412
-1814371703
1688118189
2054252241
-1323188228
1880760830
320130529
1906598218
1676657538
625788501
718012320
1501758869
1755736308
1723955304
1377023321
618175622
1739948802
-336796701
1750703633
630965060
-1425959095
1317833494
-2067905366
83727679
-1594232000
-1409121269
-1133213336
2129461601
1442884439
856126171
-69161040
1667088003
-1305417636
-1429121731
1903428626
-257584350
-210622687
-1683819681
-1920049528
1882842194
428691036
731974136
-1350630145
-180174862
-1511866675
1795654046
1095938583
-2112367072
1756283302
-1314240684
1253360679
-1307634193
-54789850
-1437427097
-1291462525
1196155223
-835078266
-1606229127
1412060928
-742847380
73818137
-717723427
918008248
-1069081645
-1373882706
-471632858
1833917706
-1993640335
424755512
558087418
-463289372
1752464996
461447088
1205873963
2106309699
1427227958
1057095226
-2018618873
374947835
581881679
-1514928762
-34664721
-769102413
1370626732
-24318599
244016422
-1851910605
1436114126
259495435
-1512741654
-522888734
-1912132620
437897842
-348218424
-2086921591
593856395
915444352
-724134868
-581024419
1581511653
-1252673975
-1652999625
-1125304005
-808510167
-1484302328
-1245824555
325111093
-718588534
-319502270
255306253
354663244
911835835
400685099
-610297445
2098557823
518311586
967126601
460935355
-1345873148
-1441288373
1197007191
-895198137
1618852821
557505055
1695931755
-1699957244
-285611923
-1215760811
-1765271718
193240632
-729196589
-1737973081
1240650331
956955263
1013988823
139764297
-102827030
-679326242
-268147813
-488282858
301523438
-397042152
1975141460
401497868
-959404259
-1946035648
207663698
-774577414
662903199
-1278896497
-1258076099
2137879671
1300680689
505033079
-156489056
520602902
-1707888628
436385271
1673649579
1579208919
236537029
-1212805328
558248756
-1665806881
1218086262
-696229575
17274111
-878058645
-594807842
-2128569554
-383373506
-832840702
-1157942203
816092815
-916275366
1336428266
1041597412
1528256454
-909833485
1567079644
1033154946
2088387593
2055488293
306199546
-764380062
-155492254
-352593907
-946090240
1930198364
1978134027
-1055162229
-670698566
-1443299767
1241249791
-865502648
-1202424651
1239376804
-2069584435
2073708026
-484988359
-6747027
-665557074
-231644186
-1189521802
-101069744
-999993382
-523053914
-2106552068
-339385338
-1460196074
1596285484
1227126128
1910086651
-503563631
-979241722
1874758012
1275913521
213940464
1487698403
-154595833
1692116067
2070217895
-1323885739
457486246
1224510317
-2020999798
1761137624
-924562863
-23681813
-1242115165
718052370
-1399540647
-1705380321
1236929861
-731989668
566346905
426105623
725015137
-1285427072
-836171797
-403275506
-1473771241
-1092706108
1209915869
-1199234286
570765200
592055079
1361695909
1805446375
-374333686
255085034
-298857391
1885382699
1193145396
-1067467695
1441188162
1188796346
-1827645253
-1258493270
1642444250
1509565779
-1121400284
921839246
-321932428
-710064773
317258204
1472621414
-1933817196
679851425
1775278733
-952417488
318106207
-1522370430
1358573234
-1659260029
-1931711667
-90164018
-627200915
1685223120
-2074048228
-1670555125
754518679
600966634
2087225351
-1967050822
-108262631
921515463
498956600
1366438583
1788204665
190016904
-282865030
1959421157
244858039
-285230922
1849249074
2134799113
-510808230
1567766990
-908246897
1624691958
951863493
-1701854977
-1450710272
172510186
165770446
-98727119
1514692326
95118136
-1642656112
998993225
1634207370
194565926
629933952
-1273040981
19788625
527107608
272100286
834018815
1294691374
-423440403
1515313069
645992248
1411280727
-1452243032
-959925563
-1501730350
-317842629
-2050499757
126075815
1785686106
1460679346
-462432737
537915761
-1916263885
107360374
1949196496
-2066790829
1033968790
1368628689
-197073833
201688930
2062641114
-856252264
-1194724672
1081472427
1503710453
-830016425
720771662
-470578037
2103562050
216974029
-67615005
-460959426
-1266448764
-2005659750
1763726757
-170031180
1954059562
-798971082
-1101742369
-1007689557
601931476
1610735909
1432517156
-131599111
-826875115
-902277784
572817593
1368171049
1662869626
-47987402
-1883860428
-281404342
1952392139
1207803627
268246880
-864433918
-832837744
1727046976
1862696803
-871090199
-1308989482
-1964305987
1298649890
-1638282220
1000574514
-1320424853
1241135844
806611695
1400232454
807632588
1921204789
559531087
1007716610
-624279537
-971135476
1331759046
-993377298
-1089443713
-1981425360
-1525408967
-1222683739
410789437
717220566
-524507472
-111173020
-1942799058
-1941785713
-1834317459
1113918788
411587638
1060007008
1722584127
262064644
-571252315
-678226894
-2119080681
-800660212
935324401
-835893396
-482549797
576920494
-1473049690
935751134
-389660550
1350735534
1100380057
-2100337952
886190656
2118011140
1119153251
356187066
-705963926
-1516636448
354928141
1963987014
-272247812
2092968173
899459848
-478090796
-1006284078
-495743015
1966441311
1724922957
-2050589707
-1674273771
-1768673489
-114684518
873123120
465718745
1548136534
1679372102
-248037918
109674858
2019539817
-1884803487
701578004
956709791
1767039980
868670888
-402206515
-1639007584
-1645553732
-931406366
226464933
423120625
1554210255
-939800436
-826727017
-721272658
-115864544
993386680
-1140108005
259212568
668199140
-1476366799
1100828020
35276879
2094885633
-1106434333
-1034532538
875269985
-954364480
527452793
258584683
-1367378301
1903684544
-787786681
-674779642
1204309917
-178973395
-657037462
-306670633
1281959179
-926968526
1376901422
-1367695664
-340826975
-817407316
1813740975
85913833
533575408
-404326369
-432432446
408671280
-954825017
-1503826195
1399301397
-1344824541
-1344733956
-80971324
-749786220
1372631617
-987007892
-1783461288
-1420192498
1799141086
-166024641
793898578
-630352872
-71194826
-94032272
-402272377
498431281
160006085
-1537288052
466813804
49916710
-266217003
-418364231
3268041
1475165624
-1499570344
1180867833
1077279405
729808507
-1521604617
-1117244752
1091842977
2032445440
-1077849238
-1193890717
-1242156000
-1539880138
1172141322
164613058
1695441222
-174936307
328508580
1801588711
534120646
220825179
-71546737
-1678067744
-796194015
-2023579645
-1665274624
664201578
1856075028
809858387
783137948
-669384705
-1372537775
-411649362
251096654
-1559541741
1252758386
-1780820374
-1618232230
-1487033703
246188330
850289147
-1148864334
-150467381
-795810115
541268304
1524667016
391997483
-650214991
311549053
-1488215772
