2036024977
-1147967692
-1992005208
-1758809553
1802893247
1567755085
-1631324372
1127378496
-636659616
-851559998
-1009679106
432225523
-1782891701
-1528572471
203591037
-1878990046
330565872
716088374
1833152342
569043064
1949113428
975273520
263650345
-837063864
-1000510375
-117343449
-1319760531
310304153
1393100099
-1550498299
650511248
-1356726395
1317803639
1852314019
-1777740959
406104770
-681404284
-857546626
1847690674
-617266303
-160051353
33952682
493571384
1713496694
-1152832246
-1766296315
-194668874
130649143
800348174
1992306864
-1161857190
-1490482742
-714057015
231567803
597106023
1784952440
1369063058
-1069181409
1234970387
1034278631
-1817340101
-1292292624
-1765407822
473779559
-1130511650
-1596048942
1135395603
-67977333
-404954660
-779395924
-493553879
-385908484
