1628475664
1931882598
1556568506
-512714342
1344206987
1985889423
-1155791422
-391066429
-17276808
897455336
-219285977
431540365
-1647718221
-123077612
-1614451535
6262665
778409402
-1107615709
154811656
-594678425
-653558091
-567709110
-855546797
1131765709
1634236342
-1331071530
-2125859039
-989054871
-444660672
476775006
-664761972
560024649
993943053
-1954187976
1147041179
262849641
-1582941173
1810957869
1981588456
-1692867699
-609122904
-1120652432
-1678263678
279893329
2116187727
-840468277
1701697044
586209917
1374614833
1533068826
1450979654
-1789368674
1135879496
-1795462915
1394957922
-1754004783
-914067048
-628597304
-688982213
799148513
-741107273
1706965950
2142234442
1018335636
-394755441
-666947457
1291236377
-844229311
-1745563805
104775358
-1209964573
-859589210
28215055
