-1145465495
610144517
1371424211
-322233107
-1984214533
-457886821
-1018064333
1208990157
1222297646
-1139046153
-1540624289
338235067
-1122806156
698211340
-1007206129
517959916
-1978734295
-746410701
132500418
1542749128
-1706741549
1963220254
377340057
1470904068
-1912158038
-1953590522
-1803520895
-1904604689
-1674688165
1571770919
298236824
1278808075
-1987492856
-2080411027
-1902246455
-1145265442
212298131
-1337102225
214442424
-822137590
-1445043684
-191838052
-1795569179
-1643996517
590682311
-1596239437
-1999478773
1473706656
1506901954
148982392
-1274447159
1265706492
-1901064058
638062244
-332060284
1581547389
1864141916
1433839388
-413789558
1244668205
718782754
295872870
1686425467
-1803482392
-565291442
-544794024
-1846662172
-1848629714
251717171
274352146
1845635628
1067201338
-2088900733
-59584723
-2121010509
-504564909
-682480876
-94683340
-337178313
1515070561
1180496358
1092031058
579380346
457580994
104914789
-980226995
-1281792991
-1990902178
1618693098
-731556686
-1541955361
-171430920
-1606435961
-106667950
-351886638
695796679
-724730621
-1142424084
-264041940
-2092972987
-1345211101
-1126704597
-1599465962
-393455546
935877163
606015186
-2093746736
1806793547
879944611
1888424245
-1845524452
1812533015
-1079791010
970888170
1632644316
-1248872829
453604536
1527271361
728009978
-2128688754
882248478
-451352592
-1525187449
961083064
1120973010
192568722
1789549350
860824975
-1055167249
-1732327854
1613403819
-1796706679
1039142827
-53265821
1943679998
-269403116
-761708580
1990143411
-719486395
-1849497365
1898994877
2057545823
1441684546
-1909035093
854669297
963711592
1643617272
1936326565
1921051591
-218003801
-1283349356
-1400206603
1138053566
-1301225218
-847042933
-1805671981
171892044
-1351943216
-1044938241
1432956712
-856760614
725340338
198077287
172223076
124810003
1710518370
1440659053
1191350926
506110558
-1479342601
-125801702
-931707236
728134824
860576090
-2003793616
-1974890748
1606155622
-672103180
-136110634
-580195182
-847928358
1431818920
-884043910
1061486716
-911660140
-2112359421
-372947982
-199646797
2075803963
1837566386
736167140
-1514245253
619876237
1443704372
1536542312
946000189
-904421213
688420815
-419974165
1923621788
1755778937
1603970504
1901766486
440529605
-1260008019
-326636339
1506766446
1943292427
2104983943
-976120138
-1889172867
823935154
2029994041
-2010224276
-656533966
1557642250
849029223
506333481
1760009669
-1382105409
-2027904792
133417441
-272157346
1496439151
924270542
1581818879
-1178105417
1575391357
1154260387
1804288084
354100991
-1458320604
2059114742
1644187468
-1671802367
1156423630
-1591357931
1886691170
-358428795
526455206
-1301919973
256222933
501366262
729125740
544253996
-1610845029
-1187388092
-792501369
-614441985
1542601878
1861558539
1575687520
-449870692
-2110459131
-176568076
-1528046611
-2115652506
-581588164
-819184805
-300661
1779086172
775007639
1085730354
-1000638192
1059706011
341997740
499100196
-69839840
334929958
1863328191
-2012032003
239921855
1533793514
1554303098
-890279864
-1739173848
-2142632197
1553404381
-1717269191
-610684708
-1058316765
1064099443
-1067721011
780735997
1991653534
-1787383866
-973481681
1421117915
1959835166
-271093484
-1196423842
1280471503
-1286377708
1081317185
-361575413
-1978453689
-1688609743
-543306736
1765741255
-819762654
1362309674
-1727620979
-1892022435
1335979582
-1528908357
-1344814387
-763904644
654292558
2049625071
322654938
-1713667431
-1793625616
-1585558883
1008300775
105843731
-11827970
617073973
299343563
1941693335
-1773304285
-511241796
563533484
-1241205307
1807025
362848788
-1055536902
1777493779
-941159502
-118731391
-281598049
-488434959
939626556
225654376
-411329420
2051496238
-705771255
-195397544
516034806
534551962
59693383
163818062
1704475961
-1218896405
1665042603
247251252
311472668
-332856860
-184059189
-1041426773
-1397566787
-332805709
2043414445
2118490122
-1771278033
-784089446
1409255834
383148453
-1414266262
764889554
-986368968
4999761
-846881405
418272683
1239206103
-4381913
-1865139684
-1769988873
-1037714422
-1550733432
179036701
572001449
-1250516870
-1698129566
1171835555
-2120836168
107997942
-255990352
-885880776
-1781711544
-313629747
1817619783
-1142304187
841273612
-1494034081
-114745906
-265647676
-7326235
1830414321
-2076899571
-213190855
54715087
-1985484095
71399531
1557951458
-1765955075
-2003146150
876098225
713093676
-482211263
594648105
-1944063468
1420564841
1490989745
-1023817905
1071830129
-944904000
390995079
-1165647177
-98672678
1305482596
-284532919
1462239339
-250679984
1580111881
25666345
-947103197
478182354
1904680338
985191853
-755821793
1238052758
-1446883570
-367491950
2026865462
-1635647083
-1380637467
-794164498
1674780461
-1612815539
2009577806
-1710932844
-1408085428
-463742270
252857859
448912315
-1717248722
1252186821
1045985592
-323181343
-320025127
-1928176776
374713800
1409035500
-255040242
-1339295984
-1873964367
1537756563
650411233
-2078372132
-570040894
333052923
1786397835
-353911673
-1267292782
-314612316
-1027840643
-45837415
836329140
-1461028986
-687020615
1965979459
1703802920
-547474569
-617194659
-316077989
735103764
340883407
1002980736
-999133276
666063283
-622584498
129998401
-1854437293
-2039162484
309169980
-362939876
-2113818930
-1351113497
2094678481
92457087
1672230838
-1763561604
1056942807
1979681181
462148391
-1916564883
-2019254131
697896321
1641177150
-863173770
225854158
-1359671195
-1176636197
-1289581725
486527602
466929731
-255189593
-1478062143
4070132
854734764
1216780888
1681734616
-137538987
-773891623
-1142482381
1414419672
1144689471
-308052993
492027090
-393468591
-1158654612
600070119
-570795225
1962486760
-1748531128
439206845
-86188864
-1819442873
280835029
-1673262297
1343823180
1069033813
786875342
-207993447
-1651825059
-939015257
-2067963633
1485258215
313704815
-1278652619
410713395
1198047003
-1093556696
1008923984
-1211501442
-468821368
-976762655
-1776545837
-2102236675
-1966998753
2122812772
342023832
-859913749
-17442304
1834213879
-541876178
520281686
-402347948
1855358617
1657536968
-1303903742
636093017
-281213813
1980832375
-799441523
-140083267
292493841
918381979
1015843539
-2073823952
1884921465
1489989783
-1067451757
2091105076
2012553820
-1320603709
-675899310
-1291186633
375377955
-354734426
-218535809
-1980310558
-808038196
-2129260700
-90364713
1162711475
-590366482
-1594880651
1901632267
-338509623
528269818
-1072466025
1729089951
-1298158850
455791555
709252357
810686228
-1936126662
554672703
1821026793
-1282973879
-1730692346
319447950
463081230
-406088931
-758718625
708043324
-1638493991
-1875069351
-1364920628
1558638531
1073088889
728434637
-1571694926
1384053587
676096605
-1209499720
-31107609
1386402004
-169039642
921129068
-1053857148
-1764899797
-1927331234
-2102571726
687591678
-1490432836
1797819175
178019178
-603942793
-1947118289
239615287
-1611771402
-2004881327
850903927
461306307
-1488655655
1293660932
1331952912
582857274
-1844139238
-169825743
-1684509817
-1276236684
1912333550
359593975
-923253441
-763161045
629487637
-413888124
-344842639
1563515817
199701636
737466093
-55310732
1264301507
1112081219
1488016450
1366144318
2094310149
858667416
1706360797
541691178
-2111160274
640301669
-1492874758
1238201595
787657694
-1793209906
-1114926708
1675677216
-607706739
1262991134
537383502
600116025
369514431
-744767253
-1338990569
-501044519
-1487426187
-43968649
-2020981902
1722063501
-1585855770
1649156440
-1237709971
-138918371
-1418716817
-430086565
1042884785
-408365295
-1763854649
1242154150
-1559124525
1454401654
646596470
-1462873060
99750120
2046964449
2096264327
1402248196
-719738274
-2038631244
1788567676
-177078548
-1698157303
48568991
-2098430079
-1802010421
-1334213764
628780137
-1429061915
1727351653
1973878426
1672823280
-1583403067
-597191437
-749936276
758350958
-1446467319
-713503486
454841907
480116733
-8973164
136262555
-818995007
-1361917604
-1246667850
-1046856029
1184080388
-1037452301
325986021
-671714939
-111345437
-109816812
-951262035
-318469363
491555916
1621780867
-1637626908
2046504343
266775181
-532050376
-1481683679
885548392
1427565027
-1333455517
1434625901
-1601523365
128714320
-490666321
-1205824453
1207923135
-466749263
-1900903990
60702357
-1523654273
1411212047
1294226981
1453455768
-478413437
1624043060
-2063150344
-88970718
-356450730
1593470081
73274248
-522053687
-779663351
-1336486401
1309821868
-370239218
1811149910
-1282838093
-1814439796
111791825
183524103
120307765
682432940
-1879645432
631782552
-1778320509
1085298216
1946943147
-51547365
-2088419310
2139107905
1279585010
-693416613
1562227494
1502705943
-622718526
630323268
-554419614
-518177096
1171427684
1623497346
-383870814
-1222730151
174020471
-287635865
-883293176
-2055759646
-1200064728
-248371695
10586453
1688655791
314912415
-292256309
-1854484359
-1513072748
-39170116
-118054733
823793260
-1250475998
1786904578
2006504349
1885827134
-1134073048
276497363
-409265609
232565613
-1624153988
-1455093539
-1221789075
246177654
1501809147
-1609391148
-1924775409
1308099758
232367053
-1261374111
1870363311
110371921
