793614619
-1111079917
-510402452
-2018288790
-304752534
390913913
-902905368
747877261
2061132255
-1184028188
-698505929
512832296
-1452031088
885150693
15282212
-941358070
-865247179
1599016907
173637809
1686230607
-677039896
722020883
1615744643
819195890
-1979752661
-761154273
1743601276
-1928978010
-244647121
1240972326
-59814743
1116714213
-561687981
1947119980
-2147454881
705996616
1782426090
1212222386
-357376352
47105817
-843881919
251315950
-210137406
2006156582
128239071
1791933503
-936123054
964988887
862259470
1752499482
-166811339
1120308099
-541835878
779083209
-1323522288
-847610882
-130269480
-1359496426
-884234519
971748214
253876713
2074511171
1979750414
-72525185
-1521895872
1164261948
-1729095883
-41949845
-605765024
-610385649
-1166626076
-1601697057
684730602
-2031458149
1812369938
1105596322
-443477546
1016414087
242639118
-749372488
242529280
1823548278
-665343840
-1385526097
954301158
-1824363144
37286765
92535096
-1519500112
1905029571
739927455
-472065544
-1742668689
235030178
-1432245563
-1332491360
-1887038295
-1425504596
-872129033
1580834362
241608213
-1647017415
175001661
1590371782
-67422558
-762801134
-300199632
1109327877
-271225666
1349815655
1521638882
-2079759469
1637561044
-463704827
-1813358086
1778732091
-1118695659
1444337095
996063011
760453254
-475942022
234354765
1459400359
880143509
-27194870
-1802181652
1792536918
116682288
-1389280936
-541691164
1421865388
2109386270
136224079
1494369752
-1042469838
-1706470730
2004291633
433291898
1227887140
1556043702
-729620515
275007877
-683574701
-308873390
516676432
-142338064
-1309754291
-652242800
-2124159891
-305756320
-583411270
-511762734
-1553739264
-1906761251
-1515693560
-711256396
-890769920
245775560
4308042
-1057899496
845124628
-1286205684
-437738659
-680901250
-648432552
-108104044
-841473972
2041798808
-598720928
-630906628
-1816084747
674032669
110147708
1300171658
-275302164
-590152995
1853916989
-1877766561
-639569250
225276949
-748705480
372795113
-714561863
396944644
2090134281
-2134936165
-788012085
1978816445
565893018
-2126109984
-1076346839
1329152831
139782309
2074189644
-571906031
-1973950270
-326583433
-1630375148
-104371693
-384585133
1571769845
-2091052864
-907090516
61630114
575571940
1888247582
-150798285
-1777711590
-1454664604
-922849671
-495762440
134767922
-64303171
-936719093
2071842217
-1537615870
-2009445027
1637166767
2086431735
-1839365351
651180577
1582717914
-449735302
2015208845
1335271123
-1580164148
1412716754
401961042
1467107059
436473345
820554510
1244151503
321572794
1313515246
1696839760
861619374
1926636379
-1215642647
1483872944
1989919987
-2106989429
980060776
-76539040
-1716967856
1090096707
-570587539
922903057
-1243907914
-1957671996
-2096546751
-111167851
-2072756177
-1006514981
949264735
918730950
-1817143062
1392351846
1296150707
2141500069
131139735
-1385910506
1496288772
-1462703931
1505530101
2082035829
-719917907
1823608042
-2127964248
410887211
3779987
-818825492
1804760911
-480977540
-1562777518
1889273825
1759628758
-1509892332
-444869703
1316477818
-1005462520
-224641786
-243711624
-983159891
1442712167
1342081810
1151639831
-215905644
-589502657
1808286502
-1423655382
-169814380
-263245320
-764932057
1066511811
1961790657
-905721940
333676784
-454123737
2138594689
-489339655
1346987930
-1616673853
682682223
-1119915753
-128685827
1834271328
-2053653375
-1655192020
-232226697
-1633261163
1599739244
1968548574
528382955
-723806851
1065408326
-647220950
-1774406644
656014506
-2025402515
1468034675
1454146779
1394923609
1136413095
1684324574
1332759150
1793170406
51078282
301110748
2002118130
237776770
1451411486
-1528723961
1549668082
-962092510
256025280
-1345070542
-300878632
-1802271046
-356380600
-1342321222
1941763252
-1484951382
-14594194
-129097182
-2050726084
-819379336
396323177
-2024548385
-1075066093
-1887286848
-1915736104
-880402321
2045366093
1225934696
1587131621
1179704751
-1483800013
1704655639
13541800
-241614226
-1695340478
1900135143
1085083336
-1701615556
-1921876103
-209430440
1574945640
2029710984
-534416684
1663621000
1259994687
-531761431
102859283
-724925024
88354056
1389040315
444228031
-674755951
-156092899
-1595410962
-1645832338
544150016
-1757267874
1426064154
-1671752123
462194558
1858921815
-11074347
774217662
-968367620
708762017
729655368
-1840911190
1218654845
390371208
-756380416
-314449287
-262084083
2095646702
175373825
2024888505
-1867805967
1931519342
-830232543
-662555940
-1209353953
-29772348
631169426
-1816276419
334781936
-540265109
393434815
-744151963
612356883
994728327
155267164
-1920413303
-1616099131
1929169925
477693624
-568897705
-1144333506
-2126248448
-218810795
1748163569
-1347417234
732589158
1385916857
167617849
-556298519
1206457051
833383558
-1058365361
1004579614
-1866774308
-1160406072
1971705175
-778530865
1199265063
1702397838
-108059777
741041341
-901446822
-1194157637
1664008511
-1871970654
-218044454
821548573
1052441827
-911380637
1015381494
-802093122
-1308950202
-2035751547
1848214603
-1887506566
-2008374561
647859936
-1376437399
1393117137
1656715521
-796953965
-61445450
-1940278786
-1565538466
1105557048
202723218
-374349752
-1946158132
-239730089
1418123964
-2000842345
128173131
-1634403809
-186982413
552481353
436994374
-770901422
1009458144
-1756940730
-854910951
580457345
1155150898
-651460527
-45258285
1599304569
1226839562
-1256363359
958132796
1398845949
210982554
-2042608464
-184855783
1819718836
-1319798264
-770483630
-1692807250
1918459492
2038580375
-1393698808
-123536253
1142324576
-1663010296
-1436278635
-533190805
-1905414849
1909763902
-265001006
1597553601
-328720434
-2055400928
1843504830
-59365643
1525645639
-605598782
1308703961
1185087814
1232235458
-859840313
296800945
-1484423472
2140675563
-856902656
-537964100
1794206921
569141492
-663056551
-219347608
504250119
545786317
610260724
-1844168336
-1867386427
-1974935150
-1290483050
567077233
-1881029723
-1871658683
1814296898
-955034180
-501871624
1622719677
1675348771
1176670573
-1544638147
2052208861
796149166
-839819844
584713191
1412311303
-242586105
-1890523501
50856291
1400254419
1560604068
1667380319
1797276505
1739233019
1200348464
-1961859286
718348081
-1852616038
-1292379727
898305769
766687704
39945109
79349740
261960978
-496954429
-196989607
-1517884921
-2039288974
-1436790477
1685721798
-1868616848
-1624738756
-1972452677
741207658
-1417296131
-1768204444
-1857261057
-948340238
-1301501099
-878249683
723007165
1303050460
1578975629
1987806720
-2001299439
-2002765199
1262713365
727140224
-1852375564
-945993998
1667384277
987215578
2048915205
2059676689
-1015688814
1603854433
141792908
181968034
-1381346921
1429138521
151858875
-462334062
819198864
-1997610734
889842486
-1453028841
868194488
-21433800
1493307348
-1101291223
977332790
1145565545
1836113831
2018393648
-396979772
967750664
1426419769
2104181502
1125212306
-152731056
1779887384
703736062
1634152553
-371792980
-15003755
317593517
1995942674
-1082368956
-1901736248
-370708918
1380688887
-359600165
-362443818
-726158135
-444733429
-597131817
637484661
-1091098612
-1245272089
-707245407
-421370448
-1371908779
-95363019
-1207023057
-714817305
-624330507
1196647505
1694105566
301077786
1390580809
1172139820
365102980
991724134
-1976406298
-1251942796
-252273723
-216126002
692057875
-1207796751
181841317
623199038
742962551
-933562062
-1647681185
147821517
1304709139
618234216
-2003237772
214651970
1907366001
-1801255535
689295622
753319897
1529069853
701998808
1031017061
-1942969530
683791956
-1344675013
702578410
-2056776710
-1650457093
1338599534
2088098564
1394202532
108839634
1277014270
-865060465
1236156410
-171446551
-1804939335
-1411158676
-1198358856
795294034
236784973
-1167163315
-2133543447
-160029929
1553873967
1957642960
1731872868
-1093869714
1830938302
-321500721
38547097
-1189575893
780385191
-1913852683
-900902003
771897205
1853217930
-1704715627
1842036258
2055889852
2029187806
-2003037002
-776369508
1217921770
-1748881647
1384278898
-2079524768
1376491480
471438834
1902430335
1540558845
1302885635
105726035
-1712562162
1175430512
991841151
1564504297
1998527187
326744739
-106416854
-1288199049
192990564
-2067429833
978693669
1845035051
104861895
-641621374
2003120512
253411912
352292933
392800475
-1671467724
-1254778620
-226107260
-495928044
-1575141035
1235944371
-458542124
-1024799417
768736903
-1760681436
1501396936
-2099017259
-1781098575
-868247990
34138121
-115451477
-779502863
-1909236706
-507805082
1395314375
1180960207
-1469989948
1496893486
-89301254
178178228
139639276
-605927231
-1451989777
-1195438692
-37377414
899707236
-1829917333
-432155126
-1662203543
-1815118251
-1475275562
-2052996036
-1521549844
-975050465
-1726416647
820880288
-463459370
-779425745
245990152
2139784326
-1056786630
1213780902
-1634464285
168517398
1797987926
584090480
-1082905448
-1315737213
721997228
-325584236
-1237838548
-1215836800
-73035151
122680269
1904112539
1875364083
538922795
-878632102
214952220
321865192
-1095379307
-2097462766
1499118504
-589232697
-333377339
366032314
523991485
168197065
-2109616496
-352392550
-1446668705
479580840
-780013779
-1162169779
-1226096289
1837504918
-899761129
-79873063
-1374421025
1692716143
-555573448
1550350591
2040908052
-977327311
813799235
1667695827
-394482867
1141183659
-400683423
1422057358
-976667340
-357410700
-97388785
67867554
244211540
