225111457
-264071223
298352038
1824214227
-1972616576
142649957
795489692
1418559438
1913907209
1882000342
-921450139
-1079077828
-532756980
1084577396
385344938
-166344777
1155128202
1257332130
199400546
-2013385224
-947283595
-2042565820
-1746319568
610266473
-1239046727
-1954324370
-1068782583
166211832
687819391
1510747485
1244678169
-1499602130
-896985681
2029147306
-870325017
-961640833
341470391
1493724604
297982902
-289423645
837949579
925751934
145009454
248996005
776408556
764486737
32031547
-1716184966
-1134103061
1602663492
774220597
-2036989740
827734704
1712740994
1951000129
-1173637000
-1906467721
1049975051
1690319350
2065026638
1932366555
-808852058
893336387
-1119512969
-1493172649
-1334814954
-1307949681
1151450276
-1822102008
-1295421045
-1792524255
-1384110171
-2098233929
123504219
225891777
-1226702272
-171700201
-1265673487
-1530461537
1783037252
-1504089782
73468677
2140806260
-844488996
1842507177
884234765
-521881369
883667752
-1586591548
-1402394637
1387206193
1511076361
-1913978713
-1353974521
398518787
-1812124100
-1299203745
-1344413386
83933862
1892589994
1615211708
258339452
1628251748
699935485
-2118018473
769748631
1612234022
-1072361354
-324291626
-478272516
-1753788322
-2071258115
-1858516626
-678003186
-774513370
-1067080583
-776029527
350593165
-519801687
1669814369
-418107543
-618838452
-422852926
-384459373
1695931692
443438886
2042508002
601463396
613211280
-1993316046
-1886485707
-1367327753
1100043033
-1646026443
578074119
1151585746
-1220610766
1535878744
-1395951260
354350766
-408869775
857316634
1268202751
97660558
290205215
-578396793
944897620
302121490
393047542
245192874
1382363920
671463180
-579577556
-74718913
1131247024
-966580653
-653085264
-1588606036
-319170457
-1125261609
-193822285
1767610674
-315424188
-515054091
-1151053975
-1653235105
804551316
-928274164
1899043088
574289095
1705297540
395310160
-1377382095
822466547
1858026763
773325534
-1582877915
-2122109544
214742278
-1350501361
-17524774
809574667
-1783205468
17265168
-1167011114
355785204
-1087311613
-1825000014
1933466492
-2099501503
-2085453541
-488303746
594822798
393957214
1799601882
961564172
538563571
1699122850
1454793617
2134829460
-333015879
1867109644
498140302
-111928123
-1370460836
-153560530
-1782273783
-1759675691
1983969352
863807080
-861185469
241609432
-278917988
485690457
-1608707604
1262534741
-1376162512
-282606189
1285204676
-1613887210
996139993
-95017331
-798705787
2124178496
923815147
1358798301
47080448
-1536854366
-503621890
423785126
1350222982
1001214033
-834340107
-2097711538
487929737
1529698164
355790907
-299590284
-1325679230
8555611
-1090281136
581547041
1331456788
1618180822
417555587
-2015649475
-172664464
-1231852348
-1252131584
-1242698429
1522055419
474853866
773498893
434208824
-292754898
-457371387
1688287888
-2100507944
-344276802
1684059681
-1510796588
-1948201198
1654281468
1526805035
1931141772
-456016969
-1372518531
-1339203643
-1017080553
1635848045
-914777347
820003161
-606153211
-1791854871
-709261184
744369264
-1744045095
477354588
219476409
1885918788
2141215504
-562803154
-1362831952
1322194323
-731888286
-1307780375
342453150
827747765
-303023801
1601785975
1198311451
1246344945
-1757542980
-856778608
-1509412742
953776139
-2005801402
-719373203
-1547648909
-433076959
-1509500105
1519784385
-2024389117
1810020278
31048239
1557807849
1919514512
-879897585
435352293
1406084705
-1681070001
-2096369731
-490314713
-973760134
-1228513559
1313893755
2078448926
-967060919
767324764
2021122617
784791255
-765207326
1747357983
378894200
2082337278
-447203386
2018760329
423861976
2082514155
-1152826471
-1744874893
-749475090
-273381918
1294301720
15640347
-43835045
-786098794
-391536567
1262625099
1288952345
-2123420177
-1226479629
1273736890
-368885736
1647048973
-1897647024
-717990223
-1028602103
-1870277493
248575488
-7464719
1271589496
-612260601
-806923711
745166547
2120239648
193682914
1072925021
-1783944527
127252346
987545924
289788003
1690849668
-394852201
-1304322974
253039129
1395034830
1501676591
1546454019
1939360560
866816698
1009122041
222778687
232584633
1518279296
-613752260
1171586697
-1160497192
630678286
699007909
-1764600592
108513718
1424907748
355276379
-257885791
-2105358661
-149129153
1437062480
65508272
1061805565
1541174393
709387994
-1072897513
1275172339
1421473199
-1464981119
1505978878
-1653041299
-2102746716
1371535898
531318076
-801688632
536673508
-816298220
2137249053
-61564324
-1625922260
-967932655
-1027646107
23425337
975949321
550164664
1197919125
116311315
-1263066178
-968226359
-748933524
1426293882
-1088063382
1585779569
-2102484560
-2141062579
-1235722390
198239710
-157634003
1086978928
-1923671301
1707093270
-2004976130
781958076
640843812
-551931644
1807291658
1364885047
-236407598
-136895788
-989798959
-1968335740
2084842564
-2046596225
-1271594392
-466787939
1384351145
879808425
1265248706
-252619842
541995270
1563786410
590545200
1504643492
-1202454947
1030116073
489249322
1250563831
859044619
1484456305
1791287375
-2018042877
841564529
-1046493507
-740774998
286008494
1505926871
19000022
-1109314762
1338213030
500446092
-647936353
-1612684381
475371225
958427473
1250061423
1713233498
2141273642
-1960305674
-1279113760
436053183
-505293471
1533489221
-1106953498
-1132481611
-1905457054
356439327
306787875
975131494
-1407065951
-1054164251
-1857873288
1290870595
1528153813
-1058894567
1961197023
-498398646
-677155861
2062441028
840416631
-1942887546
-859124419
-1455483367
633454304
-797172004
1393608707
1137351130
-1245580600
-263068157
419426313
-2042837254
162032838
1991161300
1985191330
1019588611
1634411622
1812532163
2112972508
1646717881
922006404
747169709
-1000048652
-1767868801
867182045
1165895123
1943109388
645907962
-632705566
1783887142
1385242394
773452532
-268086577
21949892
-1307959773
35921282
-578163716
1094159298
1598276265
-588550297
-1374683789
-1561652693
-381938590
220225723
449399234
283712073
429192234
-2013322553
1481583889
-745254110
-1108984007
-119974605
-1573710474
-1891551931
-1171099240
-1046255262
-693261177
-1718243642
1658747856
225073181
-1088518608
-1838609530
-714817563
750554478
-623417145
696491447
772172162
794504910
-171212195
-1299060066
1027446133
-1405673598
1701584727
60252059
-1528431524
722429761
679589436
-999763098
-499575648
-801317094
610884815
-8956006
-904536158
227625108
1879833184
1639456375
-539240908
-521260266
-1134179490
553548003
-408704949
-459648119
-120976847
837365938
1243071474
1554133563
-411578042
282379046
-1378232448
-637840634
1657965162
1750613945
1602339597
-1108395088
367099740
-605368551
1091939617
1086717077
-1193320548
-89381261
2074226350
-469885053
-438579319
757754612
-1131099584
-723902236
251548842
1705265548
-2081807758
-2048272606
1494954827
-1930541324
-1016814685
532180038
1061163340
1930333170
-1860725526
-1339175454
669479476
1376956891
-203570106
-1346586831
132079756
1473729369
1175601689
1768208764
-220145558
-659462802
1968496599
-1860049218
60475211
-1385849672
-1668585990
1104806539
1573696806
1121608438
1659614521
1114725677
-1841665347
1035280586
-286636296
-1079001841
1325607221
2145116096
-1985232639
809499230
-864270615
1440778382
-1370517388
1335570668
-1470610054
-1762967139
-883638276
-1638224808
199275818
1460515272
-2101772989
-1602620820
-811959958
977349475
2055799207
-960196667
1678852784
-1980890242
-1970089427
373394105
1174425998
2012911977
809601717
-517431180
-1461987584
-851127685
238463087
1326166116
1595901445
-162460145
-306968691
-1214187049
1090267760
-1809459761
1127417914
-1958670367
-515417857
-1996763596
-652964150
1744152451
321752236
-857887924
-1437314254
673489928
-94878397
365702590
-2032323655
-223017550
1346304820
-1246335989
717455087
1111596694
2104687786
-1361646570
-1937413922
1137160644
-1172076581
1493848294
1270947711
58581162
-820463967
-2135121751
215167599
1919027897
1295585097
1716938491
-708361758
382927688
1050070699
-1276954776
154151127
276119993
-566280326
1648317487
-1290004851
972025817
-858279203
-1481474744
-2035528907
-2080245108
1421405758
-1279644760
522152936
-347797335
-1980554655
-14304061
10002907
-1896973278
-1498300489
-389328302
316471504
-1052974744
-1005077517
-834377130
904114383
1547858189
-1608377123
-1450347684
1689089813
228820906
1000856679
-665591551
430029389
-1544931326
-848594435
879920312
1072729597
243161959
1906560289
919875274
-1838493374
-1201421220
-1784222410
-353313890
1898548416
332822395
-289717605
-241569478
-1082606637
-1678307687
-1363143429
1779323145
-2113342199
-1338529241
312486626
144130526
-1381063212
-1923345189
-1701425516
-428116424
-936585861
1072037262
-1804284902
807776967
-1040932014
-705664153
-912376676
137419055
1487008810
-787754951
1584345846
149117707
-1584332022
98458921
1421712772
1304451380
1232062750
-1117618796
-670305984
-327879870
208236783
886545455
-44338673
332172114
-910604076
337090159
57289815
-2134965751
-262805336
1346732586
1205760980
-1185403175
1614577340
1223731581
195754924
594024578
-135301105
-99557136
303291328
-35671588
255522748
2079300568
57546564
-407494958
-91958861
-43818244
-63407983
-1569798735
873790635
318345595
-1681533383
1360572578
-31543465
-385582100
1486755164
-1960574091
-1205756713
1296197063
-1925415623
754092447
-272759695
-248256254
455553031
450142341
-1886549888
-293686273
1170529541
-294387205
-784465748
-719076956
1863516111
1187132166
-1840596134
505311179
800080115
-1214735639
-545004954
645142493
785632196
