-1302704724
-1929148918
1730705734
-1179639200
97948505
92359699
-1983649597
479761903
267756751
1751537027
1362287981
1548741190
1390144489
-1000977861
-1661936317
2121286702
-139141754
898742967
1642263519
-1573044061
-1643921083
-544913790
-1815655973
-279231905
-1949126257
645936620
-1879290255
-1758100304
780343257
1590590201
-2124523679
-1775106158
-26007254
-1447211621
-1216029929
-1406162695
-924834085
1573967652
-459888372
247201645
-878352483
1088725237
645842028
-1741436452
-638292800
542620283
281134328
-1227224917
1612875698
1073793628
634249773
2065634317
-1016278075
1807056620
1067322534
-837663848
-2124707788
-1544285723
-500516418
-712115435
360310375
-873147561
-861321863
-1269354345
195577973
156561373
-213578077
1449574350
-2052975637
-1159010799
1477161273
-1776017764
-1549167413
-798466239
-1585970424
1404978921
-1092090665
-1770758302
1436399252
-1119295053
-936361201
-1507590076
-189675462
34684776
-1145634953
-228119545
-624289384
-1895888521
1245404956
-43906355
-1989091540
571185444
910646361
436410288
1414448187
-115216485
-1864407210
2125533430
586737907
-363312312
-529724719
-2081736829
723394259
-1314605467
925407520
409571726
-199162038
1748200148
-2147342986
-1829624681
1172502686
882843438
-2109059740
603151000
-1570910961
1857589531
-1050700125
1027802746
-1024917444
-561258269
-424844016
140819402
417906372
1915195973
-1919562505
447835564
1013697583
-644725113
1387251091
-572159729
1546085135
1503232974
-162037803
-365298142
1737388898
-705356369
1042736484
-662704891
-1347165382
1725960965
1439204325
-704779836
-461523553
-1358891772
-1913165700
-1404499072
-1951843404
-779539570
346206097
-1673315602
-1535200233
789818053
861129942
-1341426683
269810829
-1757352480
-1520250999
1262743283
1626094047
513231682
242493174
1054696528
-542074370
1359738312
-1485853889
1825955989
1013224557
-1425391774
81325663
-1135813937
-1924903713
-1844186907
-781379220
1446347407
-844497889
-59847906
1802164764
-1442088668
290816815
1912636713
908928137
-813864437
-2114483020
-2135172093
-586560200
1900295846
268624017
1779861342
-1276035241
1838459180
2060242384
237578164
1448923974
-586882335
288345801
-1718124129
-504526504
-929171066
-915289219
2121308774
-134927143
-966428655
794926658
-618952230
-1673518253
808564385
817217189
-832629405
538340365
509033899
737162891
-773887915
1657705428
-1645434759
1672103321
508460424
-1514823427
1413855957
1231836885
994119206
465255337
1847434753
240987277
694360518
-561932726
334723305
-950180233
1575246778
1852103270
-711207013
-741161447
-358202972
-1039786597
2017236470
1555617131
1698314063
-668851486
588267937
-758983751
811097019
-331584489
464070463
-1732965170
-714869895
-802463816
-1724154144
819592782
-820761543
2048558828
-486970438
-1545998493
145556897
-865851449
386056984
-1568547172
-6458529
-1158430772
-116011375
1970334225
-720040831
-1124654413
-783450755
-479095350
863296515
2042380651
923580837
867603553
228861609
-1594499743
436065081
-1702300187
1435187727
830581762
503855110
527425793
-1870423810
711896703
-1903302169
834157148
-38921984
-659897905
-1671075716
499441219
-132856523
78293753
270271002
-1057599355
-1769498009
248521619
307740673
-1383922018
-763334564
864397957
-1779473964
1233629207
-682908564
1631591698
1841437765
-685170388
2021153106
789732377
1119883023
622314414
996958278
176128407
-1070619095
1902031403
958734154
-755209617
608918072
-1167662773
1408239812
156866669
1695974468
-440861828
-1770358708
-178605944
-1409337170
1066324689
-415102777
-1403971225
-1446093471
2079296807
-1167345740
2095283750
1053192008
-1876955511
-711366203
-1232848551
-337335553
333604309
582657201
448064592
826248396
-476528737
-1588686264
324388508
1303960528
554935124
-1101356857
1612923346
619230329
2130329250
1270502509
-1502784114
1955219002
-1401502953
1554128462
-985700422
34224254
1383766536
-260551578
635469072
1046604505
465007284
1539598064
1493659100
-1184234368
-761753944
707170040
345449222
25298683
2136600676
-112348625
1081286479
-1877878760
1108430910
-721639426
-482551590
-1304070366
861338502
-2070180899
-573659410
-156085933
276496874
886302948
-162445318
1066985862
-1340779236
-125072735
1981105112
-714291408
-410665295
-579139796
-802574762
-1854414703
-2082287540
786060921
1849560561
-1005718491
2133144059
-43054355
-436901149
-669547167
-1890651424
-185794765
-961754529
-570199909
1462026259
-732721841
-1223189990
1168722505
-922147385
-956390670
1329123341
-1063912083
48774827
801392400
-1771584903
-539009712
2389394
-605264721
712768555
-919429523
-899990187
-1034293502
892047617
-778245456
1306714871
2031727286
-1688488276
-657685280
22076938
167536778
1742448054
-2005127336
711607122
992402725
-1006762298
-1197356547
-1663681113
1138508323
-855281629
-183215253
1644474655
494140528
-241387658
-1142097551
1010396267
-1649572903
-153347117
2015970495
2060356737
-1884674080
1290308601
1632463837
298251899
1828572623
2018151641
1647241567
1962150847
-708510705
1257145428
-2047839914
-713032609
-1228945735
-1097307063
1842004489
836787137
1146515821
112275918
868568037
843766658
-1167730078
-252427076
1228727473
956321943
-1476459842
-1075307663
860224005
-329226571
-2061088728
661958352
366671612
49980914
1280582554
395784844
1352585512
1442295468
-884833925
727879078
-1073286970
1853869993
-1548810516
1198544691
-1287722958
-2056103297
1718343777
-1696703646
894152349
-2079106506
-2036484748
2100358333
-1105505796
646680619
-509641227
-1171094097
-913746877
946920247
1592816709
-1217561018
-1372641326
-1370788593
1813237988
1969543736
-1889829073
1869509101
1469938503
-42110165
-1811782666
801181296
1712389102
349766448
52644109
461297600
-671810634
-1871129712
1413581851
231025141
2077156459
-266988597
727652922
-130744136
635401889
-1082516259
313535466
1279735339
-340629309
-100588349
1010453577
141249542
136340332
1570121276
-905961600
1374102274
646180597
1511981268
-545350528
-1292876679
-1495849394
1950094621
-631788050
-2132958642
1903772433
1722736959
2102488667
316338442
-1246210348
-1326489165
126907320
745865287
-1825782338
1001405003
1164369416
-756501168
683234908
965602165
-1216799401
378833929
-572790091
-618293313
1133814506
-1249459700
1361589915
110370206
1067708855
-819949547
445056835
992381290
2112799255
-1117186657
1181347864
-1626266708
-1181995847
87087822
-238260021
-426598500
-170389286
-992932721
-354883410
373108196
589048242
408934141
1889069890
-579373142
1756399409
870679046
-1300379122
1994638797
-1998692885
-21744562
805791666
846977133
-670342577
1891532883
-1902335942
1561604785
-1771887841
-504946735
2030703287
2061622979
882317083
-1777958554
105936908
1523183135
816140799
-1391915911
1974907653
-2030945779
35722416
-145539240
-1850813011
-394319765
-1384665935
566692768
592467936
14842032
1851741915
-57142047
-1037165794
249257261
-767223475
-221071999
1097357218
-2138545004
527026336
-397152800
-1605908814
-1427114050
61713503
-819027523
-340746696
1517055912
-233998666
777832407
-342806126
716507070
-154500248
1080127447
-447132763
-250793892
-77360634
459981421
-1748724168
-474479215
-1004376227
-1143906376
-569138562
-1754927579
1683374640
-1346060310
-160143628
-1305565475
1939435302
1305115179
571754093
604651004
553469957
-1179609666
2053305450
1658831629
-135988704
-755938974
934202031
745058015
419196942
1854459130
-424123374
-2037102639
391060124
-886824593
-429617003
-2147056049
290313476
-73796907
160495287
-1308476004
-288204706
1863121100
75560455
-473527087
-1960709546
-903251672
-694313223
-647767003
-1814531298
-672804652
832361468
1032645229
-692091226
2085103347
-741283893
1798090470
-668603126
-1221480889
1436765443
1490162482
-863156660
-95282986
1330785013
160352672
1522296130
1382818250
1429334973
754369456
-105947695
1128157592
-1020192877
1187122389
-541212069
888234085
-311553696
376114556
-1864186762
337631908
546539668
-1807779251
1620716765
1352723459
313111606
-1006996560
461397675
-444959609
2035788604
-1453155950
1695734213
335334389
2121362972
-1311828120
-1177423720
793565044
-1536920158
35843187
-52714236
1388795247
1390271235
-335678394
-1121787753
1592951744
102919475
-1160285307
551910397
-1134459894
-633190541
2058235118
-1992898121
1816076901
-1680425683
-97107299
1520146443
23847488
1938992899
1244489611
-166732229
-2055899773
-975528667
1325540695
1318947065
-1200881164
-1390736670
-1719453112
-567338471
-604251941
300484481
-484945006
801116040
-2022144793
1751248977
-95049768
548947324
904942162
1945944063
701511154
777963501
388871492
-1555005657
-1255101457
572770115
-1963052428
-243750356
-1142998435
-1354193840
-647188971
737779788
-175974457
-1050130561
-1659419409
-1080791058
1731377278
1959868237
-1129901109
362452030
2028011164
-892984839
804426003
994539515
359786054
-338637193
2058968250
1051644303
-1654459856
748595369
1014147673
-299094945
270130277
2107464912
1351985562
-1724828828
-1825878200
-1778305472
1062572249
152408314
1432726229
524694867
-1841222137
795113464
627857964
-1311240033
-1932516910
1515268608
628391248
1436325227
-1125766910
280825623
125561643
-455140514
1693915174
-892390793
-1419784235
-1932329095
1593601391
1808152739
-758617323
1338923590
1595383003
-626318660
-1439452377
-239245999
1825208981
454849299
-356458561
-631094313
-1537120357
1791919870
1643848014
-235134275
1572938913
-724092433
1275201667
925623235
1552183093
1588078018
1968333332
664520697
-1116484317
-50588587
-463828291
592629105
-1591465446
1177646685
1949400968
-1141656523
-1322308722
-724241545
1903701583
-1598890373
1195532000
1304192893
-723465601
1020100631
1366336956
1648615707
206580254
-1946169040
-805075773
641955233
-1874235634
1981757494
-1665124247
-210895334
2006220946
-1143431405
-596724705
1983254940
