1473651572
-727707550
173578036
304460404
327097502
-552357102
-1493393588
-1911662021
-1438340495
-1007071811
606720820
-1180482199
1234873866
-827783136
-1531697977
-1463969225
352280393
-1019130617
598263517
-1780574048
1078889687
1531749375
1383306993
-1338577613
-1866835862
796848720
-1614873340
1246747946
853340999
240211753
932668864
-1710055494
1233854216
-1744627939
-364266785
-1713669972
-985172321
1442400974
1023835597
1863018540
-474823782
2094941415
-607557492
241468384
-1722424408
1769792335
-1046497065
111824188
1390805595
1868775322
-1587181174
1472239892
636234543
823882435
-139141568
-854008718
801470410
-612343784
759645501
1323758249
-2055119227
-610288779
-374000754
865317033
2071455018
268025524
663519086
-1955276395
-120996865
-838712733
1718197484
1094142098
228099331
315502008
72712393
1658938338
-1427780745
-988581439
-10203738
-148820688
2095804319
1850803167
833564510
-101022932
-592934199
1415023476
914753712
-534812582
797577102
1791145691
643553057
-897227993
-54089129
1753115544
-239406816
828918589
1668916770
393364944
2025620074
-1608771561
1526782342
388045563
1313925808
1460962519
1826480116
498168791
190636662
-1734173353
345711423
-793824865
-141981123
-1537898371
456751453
-1759128964
-891041820
636298195
-1867294097
-55178948
910792266
614614102
862909182
138452033
1869228856
1735504013
1665701511
602652603
168302462
945039325
812865081
786915097
830129499
1948191515
-1241137156
245893564
-1117849311
-1133610398
149227957
-1936230675
1765554201
1437793319
1713450184
-1447766767
-1830864477
-91618934
-1946634786
1921931291
-1668823390
-2010522642
-555528985
379632449
1493871382
-2095122485
74332514
-574576143
-1762746871
-920555326
1487300315
134038534
-292207697
1638355697
880782773
-1616236234
-990925368
-464970360
-1939774423
1832056783
38796873
-816620900
1778154382
675318434
836767802
-214343621
470789594
2094350911
-1537258783
-1505063233
1577221992
-997018270
910689056
944545895
-393733893
1604330668
-1868624101
1555226147
-804831742
1289710997
448163869
1431522734
1301603101
428456097
1951807164
1006120162
1344481503
204232401
-1320352454
540888647
-983646507
-778993060
-744762322
-569496852
2026959559
581432990
780590434
-1055736454
-998444995
1144492880
-1659907841
-1213826427
-325913532
-1017086215
1476114663
366344741
-1203996303
-3834716
-322359710
-1684724027
-936337370
1964599507
1981924859
-1842805446
-252684525
80941491
-107227732
-1327666665
-562165760
-313926000
1414527288
-238014402
-363017016
-2001667446
-1441269544
1243661498
-18911064
864941705
8582681
510401484
-728776263
-492628370
-656080124
1785357123
-1141180741
2064956810
-358185089
-1710946800
2008558867
538226259
-497411854
-2003774183
-1538637034
-2032856748
2036705324
-1723766451
-1915841913
1462794085
-1351210616
1336414968
-1568780450
2090027804
683875147
-1184765352
1965067979
-1836685949
345607760
-1338124945
1206336121
-1040074230
-855862042
-413362406
-1357810666
464080319
77806584
-1822803102
391261459
-561648196
-1569033617
-1632537327
-157157720
-34711329
-883719469
-444678008
-2096148966
1668075712
1775108920
533880783
-628037312
-709343777
1008099159
2099086317
890357571
-1953000675
-318742278
-1623705734
-1356396124
1677229165
-2070455651
-1790779790
1683741059
-1695849269
-239871918
-1216389301
1543494941
-389025940
482409189
845891912
1864958358
84803638
-908467905
-1708815345
39951608
-75903118
537510927
-859859847
-1383584645
171508927
1795139494
-1815944535
-1191824634
1894387017
909166626
137456991
1951923189
-936500933
846406606
2044225166
-1577630180
-439767951
332122057
405943595
-1932059892
-1265234318
1120060132
-2121418681
1897879188
-1413814883
-2058820912
-1442961569
-113597814
357849505
-1252417671
-805821454
250735307
755964210
-381298516
-709504940
-1157853825
1385823993
-1321580033
-842727486
1730988961
1431867851
-111224591
-1547709515
1943289278
-306129891
-702930609
-379495813
-1737207556
813831863
-1026104359
690815746
646647901
2134491816
1365195557
-67569161
-1416839611
-1118417287
-1162102076
454607887
287244857
1561842341
1623383202
-152655453
-1330467095
-475991737
-345546574
-29374590
-1780128657
1929512213
-56982838
-663758590
-1578855719
-1722561652
1400974027
-985198760
1839177956
1670774381
-502695164
669354537
-1322304758
-2057727897
-1327472425
-982694560
-390852929
1116045589
1000147869
1652854849
-1169197578
-637502422
468872646
1721786814
-637741334
368621546
-1256903611
-743498231
1731902490
-1272527141
176594986
-651058838
-505485164
-721465156
-581185904
1280943186
929098870
127067830
-1960740168
1755434159
882572721
-937793839
1475130998
247791745
28907792
69313193
-868641589
-1203778132
-1559580808
136920416
-2060459309
216005392
-1175755919
-357305130
1291848417
1402181334
-1589929244
1463994903
-142047768
1223300620
959047974
2080816405
1737916188
-2117117580
1117426996
-1236922474
1092259288
-1053709416
-1953841088
-2032254097
1054124481
952175650
-1482624916
-383039502
1686682924
-788046742
-889912364
-1641051484
2080340412
1627275599
624283602
-1822433485
2033013583
1514196553
-520949636
-1422822746
-1290549989
1514425790
-2110419855
-1263059499
-510704365
1541716629
-1594158891
-494949604
-1232696945
-733561079
64039321
381313867
-921303765
-740668225
-1929217537
-1632012832
-1650672402
-1654250983
-1514677923
-1453305737
2084428975
-357183284
1047140384
-968476287
-1027822157
-32958033
-952332013
-445038028
-1798384741
1912386006
-577172767
-1389763646
-1990528132
-1802386209
-890655272
173456333
-505927345
-1367684981
1255543279
-686613479
1298460555
1797879184
-1573607158
1937400194
1769102608
1099102636
-1691219589
-1727183311
2018172231
769439485
54779084
1381344010
-527841658
-986372977
1419081403
1568691304
1510699704
-54418378
318265477
-815516148
2066988604
1495490974
1682121831
946367058
249762062
1394773664
-1582447263
-181706587
105928228
-303001386
593612604
-1930473676
1820362010
-504957839
-1251845426
-823651355
-780492272
-1748879287
-580984195
-1059999607
-1411295278
146065205
3728129
-738863535
243896378
-1868582244
876364909
1564095617
1194831570
-830209460
243715951
272137827
-232566339
-585585270
1864053462
-2013504387
1299954902
-677473943
1809866068
2031271173
254104345
-1228081057
932589445
1935226772
1066058305
-599357676
-1160459729
-2051835878
484623539
-105930115
-1967391541
1035461906
1693818266
-1870879959
-1085499324
1891890422
-1770278062
-769693222
-1430410754
-1107564813
1759570953
-1029625513
-1480858855
-2134846752
1741598883
-751928960
-1365135370
-463256468
-107431458
-1276573789
1973076985
1401410967
717687735
1840478221
-443671152
-1424589725
398050059
1390496994
1104529012
1894023114
1309251968
2046682672
-1552165842
215238642
-1139653723
226160450
1042836701
1462074783
-599650985
659017010
895800374
459484392
2107398247
1700324033
-1064057653
-872095955
-2121080455
759086442
-1421895281
447930439
-348917970
1314553780
1516440472
2070749953
-622211195
-1925309240
-564557785
2027387079
1592412030
-1533265598
-126852379
-723185507
289069312
-1978350261
-1696438161
-1773637294
723059451
-1268210713
1318819092
-1481874700
1088675793
-1099959413
465236957
-1794278522
597083633
-472658958
1554311629
886260464
867880645
1665500464
400060777
-792518090
-1347459122
184212486
-1361180039
1305907693
-2104995316
-388528264
2026856976
882981865
-1010715742
-316533859
425916106
-1651833797
1223761850
-30730827
1918319957
1609379162
1537521830
-1842672256
281872689
1751190431
890228807
67930061
450444731
1820457974
1362537138
-182626736
1871842151
-397700654
-499038449
-1308954439
-715375284
911749217
-1263054140
-1715776767
1803639525
-405568767
484813523
1687481606
-715152875
909609201
516951936
542996313
-1156506261
1730291787
-484970953
643875159
-982033753
1560050737
-831822421
-594686858
1852671357
-452177338
-1264719806
84527328
565897880
-535065760
-960618321
-937572539
-864278815
1567118203
177405152
-1368574995
660178688
-1823709968
-1943796965
-374313204
-1740285150
758696677
-1651550877
-1576004007
1390756604
1049024263
-1867380960
1794298849
2138420752
-730448266
2001578238
2094581271
1193757743
1522242049
-610259179
670881072
384404030
-58620525
-1424911031
103123373
-1634781380
-1024279828
-118692365
1989425208
-1233879677
1099498387
-162494784
-1365600588
-1718657971
851070474
-925110311
1095503503
-1185469062
-60116413
2036281668
574709849
-730315889
-569487021
1496509065
1471835290
622126081
-1310917531
774215832
1758672351
799351220
170186480
-1940562455
37646358
2090556349
-622303188
-1055151899
-800509669
-586455953
1372049345
-190686076
2098239122
-1846635371
1912345025
-149921994
-2029292297
377442043
723955160
-189418489
-73964558
2093660211
254211522
-662863363
1549384687
1480566421
1481234172
-412176956
976902382
2028867207
1698696126
1902766476
-1765329257
463105789
647096103
-857841870
1915566480
1392312899
-1593364294
320624797
837007891
-172181766
-991116536
-1149269398
-1209162822
926037343
-2104958545
-1423907637
493633181
-1358990125
-2085979518
525995692
1785525662
692888982
139380233
-245174505
1235004930
1598255830
-2078541013
-1561073448
1579189316
695066856
723978793
-446845853
1702691365
-600945708
962958030
2016527350
-596499961
232409623
2022476260
1353006586
893629307
-832931933
523190762
-1719068242
1699411224
1707961642
1358547715
-884319738
1344763790
-1832097893
907861552
-2044337456
1571986938
1305764844
783337409
215647257
-432386181
-1505840358
691537160
-303704114
2075962884
-94352787
-1597929136
721343909
-400038285
-1206430720
2058739213
-1135918787
-851546654
-511523968
-1789291948
-990161276
-1947123651
-1424493773
-1178423924
-204908456
-1408830443
-653882052
631642470
26273136
-1291864142
-1172617956
-1908590838
-720619651
-812414098
844506492
1423119250
-1291603828
657018176
-1351518679
