-1220108992
1906762811
191744547
-1688737131
1496977222
1899515102
-1202584096
-827216868
1577618845
-791373107
2051246930
-431705830
-1519442709
-1199364007
1389663162
740795360
-1945538935
929992797
-613028058
899946591
729465666
1572561843
198737617
2061336762
-1129228711
-1123008022
402747849
857364246
-2045674288
1572489525
1515399122
-661286732
-1753766681
898896293
629595786
-1232359870
-404504094
495232922
-609121075
194510189
-1937166321
902773111
1949339738
-22290502
1395283207
-1480364908
1224806838
1597188758
710377523
-135688840
1322205776
-1231686485
1436340114
1438977863
-533145371
-210148236
1512250552
-386199943
-963612635
589714451
100939289
1582418636
-819614825
-1936335262
-1580013433
1960397947
-839891271
-1341052601
-1260675847
64792752
-1682279830
1599275339
1101696653
-1740728010
952706188
1508842093
-1112482609
47930226
2076655077
-1314125260
-2068709829
-592115053
1906485829
532303619
725047040
1884219656
207150830
1736702128
-488638458
-1527821006
-694002897
-1149909418
1816054322
1875322203
-549253294
-1126445718
-1537627672
460932837
-624964169
1593376268
738211537
124452038
-476632512
-2145249121
-1923523619
-1461024461
975072240
387573915
2087900043
-540045669
-1006013234
410376353
-1165087641
-1845193770
-894516209
-995150897
-442822188
-324528226
-192481677
-2064209835
1040637195
1097262909
-1267111698
1344593736
-1727679901
-761746296
1316872587
1266433462
1022996178
-876419317
657810061
-644013319
-52368973
1572193413
-912618537
-28362672
1190874825
1891208342
-183751027
752330155
-26897277
-2089118794
351991546
-1715650619
1601622657
902621545
-726839117
-1386675336
528645206
977286576
-1826952963
2074243660
-1166490481
1007647170
1863545707
1150067792
-283660
-411064324
-2131061557
541205293
2115977485
477841173
-946005950
-1730485641
913298407
1164481685
-549334346
554232134
-230612456
1780144775
-10823573
-101875451
-1443512577
1737944173
174188784
722599305
1746811984
1953365875
-290114244
-73633179
1094964943
-168734232
-856169453
-997594757
-869618853
-2018224663
-1832126290
-1371738410
-1466714067
-872787106
502366106
-1052211785
1145515617
872920362
-701422112
-1068705043
598988726
-367102562
-1439261083
943474793
1962448017
-1754243539
-824084077
-1699447279
-570870201
231280230
-1076276423
-1535056940
141572507
1113390622
631012015
-1239906050
-301783675
1414131436
789477694
-1640287028
-629697995
287867097
-50455874
-50959293
1333992534
64347736
997252223
1083474237
-1131362153
1083683699
1492903532
193265348
1769642854
-181672889
-967773587
-479263070
501115134
377009842
-1180187123
-2087488456
1403068836
531194698
1897079389
1219352718
44310060
-1295105648
1448758807
2011210667
-236703550
2027357029
-1797349883
-1104539865
-1619886618
19968956
682008483
665099774
691233208
-1346868080
-1826698749
-22067802
-1672485515
1297020952
-1061562128
-532245406
-452294335
1265160505
815347286
-845584168
2087740966
-1330038980
-1358424608
-528937247
1634462812
1540245696
1662658275
1642976672
-414268982
1801411058
694747258
-2060029227
826049740
980285946
939109361
-1224095885
-1741129929
997022648
1946546534
-564668049
-986425959
-794094161
1073433261
-1035987238
-1986076988
-194024127
-2135187340
96482865
-875245683
2012913948
994719143
1577076723
-1983949103
-387455244
701588757
961924468
-1625864776
-808054670
-1768680109
1952508145
-965443523
885066603
1730676448
-985400605
415592941
-730418859
-1467719542
-1809366888
105024238
-1706780170
-549315057
1094666238
-1834088126
413394269
-2061351674
-1532605247
888181325
1854091542
1070072831
-2134519143
-1943576428
1142828184
-1429004311
-569437988
-1572795961
89489666
-613854284
-610925734
1787961601
-546242554
-1023179210
-2062797719
-778356403
677465637
624818770
550868030
248384620
87391260
783867223
700641662
28821972
1741439901
-1006053467
-1667045612
-2049781252
-938484926
495813526
1402164036
-1549639210
2122749374
570289818
353020928
-287378787
-68042667
2077853859
-1808677766
-794668592
-1755876211
-1880218172
-2003052550
-839993987
-1737797338
453637652
-168563215
1859932354
-82489786
1291491288
-971773107
1701653648
420815096
359180256
-1704270578
482298034
-1816927785
103904305
-1445099496
1582385421
408742662
-1797868316
665102923
730739497
-1156439710
-1414107315
-346335024
-99024913
-532734725
-767858850
1403975605
-375847500
-5118785
-883375283
-382122308
1179942518
-742968969
1504298357
1999986543
1022799460
-456954889
-88555399
-784465800
1303604899
1659951761
1568582062
-1856718290
399646799
640594378
1029631418
-715730829
247876543
-1283195824
687434616
-1879185988
-1617137651
-1266381270
-1117341409
-589839504
350602964
1162180401
-1861150814
25285494
-122290117
1879156926
-1616988072
1177165577
-336446670
-1552498012
-1735903009
-1927223602
-2006925829
-1525859488
910195006
-631035865
1272787692
-1587652721
1518415945
-1313365047
655191410
1876796576
1470227017
159201675
-986776743
-1198331191
-1256907301
1390587265
760612425
2016201278
679617304
-483579319
-335918701
-561809504
464476406
-1909189468
2117541933
-383366221
1003762925
93193288
2062544635
-1912202668
1865382109
726922739
-1319473328
620332201
-2077693138
-400749885
-1400595021
-789071207
-1206653639
-1155110716
1216631013
1991860094
890934246
2126516426
341490978
-852064743
623847061
592493953
1802921895
-260835386
1566320705
768614338
-1755165068
-1216267536
-1079423262
-457700313
-36091821
-1230238522
-1269953261
1835167201
-1117724392
369443374
-615476747
-455929144
50279977
899564538
-801479854
1196008627
2060687168
-341468583
1752823300
-488020983
730984303
536624015
-1130698600
277444504
-1101186460
-1136356888
-218840019
194635173
427657710
-1576571671
-1307940958
1547078211
-2127405121
1503285705
1204977904
1312988904
1588223859
-415899873
-2084325165
721200956
-701129520
258095068
1912960175
824432436
2069367375
-339039878
818959026
-943372705
2008402907
350814581
-65551307
-497515393
690713048
-1760803334
-381130137
-1757912229
-1610588058
558220766
729618732
754846163
272754406
1174582225
-1035557822
1561437236
-1925592132
-1631076142
943774373
-886749747
-1680125866
1105684965
1165055029
528732098
-315756179
1097002244
1511191957
1181151519
74278795
414259538
54218325
-568028112
-1844794420
-1289392490
-504023726
976571663
-852359960
1902460902
1363035996
-954557059
1026973808
-1593848414
2114661402
1413816821
-477987753
-1055290716
1750123818
1921514494
28615859
-1318453067
860793740
-525857343
1183975877
953092162
674864959
-244655398
-1144327626
-709933234
-1893020372
141697650
-1638314589
1603349418
-517796029
711886477
1607953243
-169159580
289376995
721736864
1891948903
260218493
-1523625601
342279014
1854648266
788482269
-741349506
-480691725
-1267151863
-138288245
-825174687
-613452792
-1325547283
-1189937640
127706922
1541642153
1488682630
1481623900
-1698169348
-487944211
2067854963
341516388
-299001858
-1930804972
-94814111
1751231658
-286756219
-472487458
410583761
1228904838
-1681167758
-496384486
1704141853
-1161196827
-1459093801
473319036
-1348925508
-534656200
-257156640
-1881116237
-1251288124
-10623826
465110000
-1584971077
-465519952
-1269818972
-418126582
-1986324369
-656562845
-1282707364
-1330481038
1836812897
-1284925076
-319797779
-1972578669
-1268959506
115361675
-1350919046
50821411
-1451893108
-1881788812
904566950
-1449730684
1568563301
841883090
7529030
630221165
310340649
-1904908914
-903881640
-1661831735
1993800992
-566414000
744876084
875013087
212988542
-2027163579
-9164799
1189601458
1662408954
-823559901
-842238870
-1063535958
575682976
1790294633
-864519792
-873665165
1482424806
-324473109
1916743489
645482532
939972862
-1299091827
784146538
1565217188
-2144438678
1599800142
-915065398
1393446729
-1257288236
-1138226552
1880553448
-668364351
86582303
1376052853
2106752070
424225845
992960953
346194933
140603863
-392660566
805025330
168622221
-2131754835
-1152052053
1338958098
924810419
1082618102
-693689051
-1902857242
-54049208
952618281
-300537711
-2070044260
54200165
-891489413
566204503
-510562544
1449465177
-1351693672
1021776497
1132714214
1041923058
1007914383
-1798444977
894255769
-174489349
-469343475
1580873722
1591132884
-999400442
-1353468979
-1946946692
489300224
931473003
1624241230
-1140819330
-334784482
-1340323952
-414919225
-1161057743
-2131987754
263905642
2089554520
754419569
-1134373682
-1736244926
-317831039
-528881880
-851163841
-797992772
244292055
-1639859984
-62533946
1082819348
-2053439244
2098452476
-1579300745
-1222174037
-394751313
921273911
525376568
2045911746
-727048564
-904333907
1217601099
-898627196
464314998
1362265130
1145195052
-1047607735
745948587
-301757152
1520007324
-712976360
-334704905
2144990669
-1454546179
476784750
1476250148
-1590569059
-104626208
1455937085
1417892016
-1213666100
-1635597092
167521591
-1523209792
1084859215
-315410015
113265995
761148756
-1611007500
-1588541364
-203733393
-1817094468
-1720153145
-1038825733
882814112
1469583947
-15438408
-246368604
1605953574
1401508425
-1917664646
-901967070
-1767520740
-880933075
830417069
-69431152
1283001647
797611787
307390270
1942313434
1412897446
207310923
-1649607666
1898390672
-1884566623
-1795632229
-344362799
-33673731
-1034587
1309976870
530881080
-1294961288
-1126958761
-1435667195
-86497966
22267897
-261677433
-1931641098
2055608111
-1859096337
472768624
1318945099
-365288762
-1728207793
-430453955
-227478748
-133170920
-103680528
2062025679
-418364960
2054944660
1049850389
928298685
662220240
-2138711875
1322789707
721417116
-1643069907
-982824182
-1864281739
-1001621377
-1693745076
-1617260020
-1672993243
1563767233
-1906047473
1330877910
1351967276
-612994559
1567479710
490734744
-982458252
465839725
-493990825
-616994163
-694115828
-981955773
-427950334
192832535
300646276
-1864686443
481349961
-1828303321
694492026
634912588
58077798
1823807714
921561716
-268730770
-1823826659
992419969
-1626643472
-2029569885
854491373
-538496904
384413882
1303947764
-1369044350
-681634598
-1399231876
