-795087441
1373975365
-2039051789
32345798
-283248709
757485299
1694513017
869109294
1213061571
-2131548939
1219456588
-1826194235
1105321307
497741444
1603380962
1345227889
1062902425
2064812789
1943506639
-1350426429
1838446548
-557711830
-754968542
259863692
1468719535
860283467
-1013277937
-1320352586
-1245151403
1351598262
1708584397
-1980689328
1877993221
1459586611
757372609
-2092966422
-730032432
415729260
1636859100
292865570
-963365471
68797083
1218624064
1276257150
2025611390
732718981
-1653312215
1513844605
768182284
-1256016218
-389029110
-665258776
463446616
1568591533
-2102732298
1477939053
-1515866924
-570226902
-1603365823
-2115219347
-1285981537
-1356803195
-981104025
158145812
1786817288
243163441
1339197227
1095539114
1347003476
-671390430
776100355
-371657176
293961407
-214905732
920374195
-356356082
2084686784
107889804
298301751
803708275
-1666677359
955502075
1912961253
1446171997
1215361774
-279654592
-383914541
1249200466
-2020310244
701848150
996797813
1440850990
1386669612
208247215
-861480053
1267810871
-1352604288
-703948697
-1025597383
-308521362
-1360936818
1486019005
1985371255
268341543
-1625091612
-1098353730
-225869653
822549468
-1906868117
-262037182
-731043437
-72614339
1001177327
1110179612
-7215256
-1928970102
-1318212642
-1135744884
611865408
347954981
17394511
-2120440072
953095859
92136290
777061702
-1317443365
77023681
536884642
76334646
156382205
529943282
501349535
-635482170
1157842660
-414550593
585473544
-1232842793
1416142218
2030721840
-1202670512
-1361763386
1698073935
-598974266
1482395074
-287446034
640396336
-1332811366
875628760
-596520080
-1424132295
-1355321915
924803533
676696117
-880513992
-1774115838
2056242545
-805085388
2118355635
-218488430
-1587299013
-302251792
-1867354085
1050154079
1941227684
1603041860
-1817148608
-1352926364
-1226590286
1730714978
452649736
-1970372277
-1767204142
1979096856
-2006578085
202693975
196959210
-1641530283
-516461727
-1443340668
-525183825
243413996
1458195439
-2093415189
934114867
-1774511977
-1318134466
-1142567573
-2015504959
191283005
245972189
-621046906
-897142036
-2051814025
216120552
-1959416440
692734693
2006264912
-2093557382
1695131373
-1275196147
-1857461428
657756511
1203354884
146080971
265166763
-1598286322
-939523633
371625118
904817646
-2136865067
109988141
879009397
-2088871014
-1307006122
-440581062
1261851966
650063675
1717494065
-964202762
94401468
-1173146453
746828034
1200796708
-1603337059
-992417900
530169485
-1344935052
-2093979701
-1917249998
-2085287880
-678062621
-381460222
2133593693
817932729
1212513378
-1600193630
-659155258
551654927
-1802300235
-1760274491
1486600320
-369722187
1605816478
842511508
1725078722
-703312363
1550367546
1931430870
-1963195669
1759646522
-1967716183
-1292119351
1484919493
246287562
-557614092
1903670325
-1111388403
1363234098
458671915
-1492691011
-910316494
-1927921118
1216825806
1428556407
-1888219299
-1024859844
-1432170130
2048941247
449001905
-1125749753
1046560914
113641800
1094050771
2132934441
1868578782
929741171
220859820
-2145754923
1262902641
-1874969885
737330797
-1032142206
-789692785
1551497809
67104979
-451974691
-35600512
-1452615780
1191675820
328627455
-546349641
1463527203
434120345
1650208226
-1909610443
-1563036585
1886706452
713335057
-1667468753
-210511477
1815511476
214657950
181244910
1154941197
1458516911
530445401
1256392182
432415610
-283080543
-1157397442
-1144421782
-357329074
-564285301
1141502511
1253136558
-947599942
1503570461
832886242
-1630644403
-1164207942
-1751508681
1633187356
1746006045
331363942
1040679341
1105782303
-1625228639
1553636743
1820584522
-1596389792
-587679570
1800468333
787426327
1007443068
1909260624
-69684482
-239570468
110753389
-1226590739
-355091182
-453727257
906874104
-858790485
-1362859522
-410911733
1060723049
-1062124785
-488643474
-1238934037
1854624386
105041894
-1677707912
1406144376
2062664880
-1949441177
533215725
1408662967
-2100758144
113569433
1395464433
1196079559
864870992
-1239702798
-2082074675
-1327711710
1177156169
-525836480
-638802173
-808260573
103142284
339019468
-534600542
590993863
-928595029
1269016252
-558608420
-754849865
1021666138
-101872199
-1138566699
1460432773
-2130061979
-1156990511
1548484541
-1954956746
1075972325
1966194845
-327075296
1685954304
-1627559250
-1026910810
-1173222020
739822164
-376587765
-240594172
1792167955
1836118301
1077146797
96364616
509507842
-1134398390
-1621389857
1706677147
-529707885
2022324362
-1556781826
-167950042
966752718
-1716603306
814165800
-606704459
-1171063467
-597981644
2040219699
1178960278
1242127729
687009080
-1498931487
-450022201
1758270311
1907174862
717598801
162686287
2029237776
758489271
-1527069001
1160089324
-1507870296
-267265455
793964367
625326829
-63055643
-419471334
2005490574
-280552607
904362827
1278784118
-1394335334
-452610959
-1756058434
-1722110288
-1466003460
1131329546
-1665303976
-1414558402
553158804
1018263486
817088637
1362427976
-840165683
1316163820
-1241778645
-2046347669
954840336
2051946269
838590870
-734870087
1108276605
-1214594895
-432201229
-678706428
-330137128
-150021702
1375242900
1816693084
-1436834111
-309984985
-445756620
-570231339
-1905598936
-1588055004
959398292
-575988851
2082213118
393079745
-1062121402
-1272794132
-769497040
283365585
718393032
887672621
799618256
1239108116
-1048156461
1152485661
-1409034347
876824728
2100163317
1128121891
1930094469
-2143881637
1559769693
2055421055
-1809106960
-1924781259
905209333
-1888137770
2030505376
-422196236
717499062
1187214573
-371657907
1610905544
-1880021706
971656117
1959453014
325199841
700011141
322989447
560704686
781165910
-1995500998
-763840081
1838674196
-473630392
1137130952
2057812526
-188028282
1502362439
-658448107
1735537339
-652283401
-571448845
427255885
-1394140149
93098303
-1003095578
-668379406
619155282
-697146798
355329745
-1714758601
-1172085240
1063202228
-393178395
-157493106
-1277586960
1991965740
-875417485
-793368449
452424021
-796717129
-557387306
1314277563
690135958
1008203711
1115184016
-1548376207
820847077
-1118030708
2029720754
-830916897
-1137991605
-631955974
1747376513
-382462677
643988206
-345570964
-1157073834
951803250
-1380076650
1348512512
1761599685
1690138145
-1991457939
-15086076
-1543832319
-498110332
-1081916154
-1532297049
1801416063
-1221046884
948681376
-1887617293
1966905048
-1058325452
1560933546
-371578630
629723635
1067394102
-1078010742
25522255
1639661155
-838659270
525838233
-1266997064
1480972045
1039425119
164542066
-730468319
-712397555
865373534
-1536908180
-711253550
-1525060391
1198154459
1721518948
1205504228
1421644199
119182846
-871579713
24266225
-1461196020
1073353026
1015580846
182377482
1183209701
-1870345588
1279891636
76191981
-1103699590
-1696495489
1657129573
336514167
-539785761
1011624206
919070063
1292665687
1281783965
-1731904174
228945886
-674645756
-957769070
1627328157
2049560475
-652528400
327574037
-1754439474
1783857205
-755857667
-137719715
-237074970
-1584897821
241882928
1990744355
1280939739
-2085462327
-962167644
-413212540
291956140
352714618
-1703243840
1624388396
-257622859
-834105411
285535148
-509076303
937279300
-427558252
1042043648
49381436
-101417109
-982348679
1179757502
629020526
1262427415
-976410902
1379174018
1400028032
-110525855
1481287720
-1929616137
1318624428
-1759243997
264735546
-421825651
-362935349
-1630349874
-2131164104
1180084840
887601727
209490811
209657029
-1723168357
-1894018030
-1416233665
1163760860
1023599765
-2038654881
-1841909566
1478200272
-1606455077
-1891544080
-703937006
-1941555827
-379188233
126149160
2032994484
588455971
431942831
-1072916445
994258428
-1499279995
1537618810
-1843741157
1459002526
1848419725
1482788399
-563545331
41523588
678003778
33547007
-1511303525
-1536037407
-1490917283
-913033563
-609815245
1117739653
-1323497974
-780385829
-1779043727
2116381811
318259691
292973071
-2025587262
264603312
-1876502431
1314001238
686136649
-842058403
1129755917
608203169
-261735675
-749068792
-982008172
-1870956754
-825794510
-172089026
1820138146
2019249728
-873610512
-1217167004
-1155518927
-1471506415
1696533026
-808574266
-778248693
-409699577
641559448
-89900816
953340813
-1241054682
-526612368
1931605308
-1515206227
2031583174
-1440928839
1997605548
2122524221
-1629624443
435408728
-1124852999
-1357159568
420959102
-799536337
-2067570453
663883165
-2001786694
1771655803
169421803
-1263314621
911314662
1576510333
-1536032554
1949996364
763440966
-1268445860
-401771501
988609941
1490382569
-1321258935
221909223
-617565778
-1499097058
157162468
-978853369
1616237534
146319142
2143825885
1292005230
1369707625
-2032619990
-147791138
-724810383
-1197527788
-962329489
-765291608
-1467786993
-1944514328
-102386489
1309788284
1605819789
-573516746
1801576266
1033535675
-852730046
-1765175077
664404550
420379856
-843368529
259312325
-19374477
-1878679475
-1268601134
-2004870987
1192290923
940560980
1955618235
-1613884090
-98989736
1908015160
1288808031
-1088496595
-1499301650
705570403
478434475
527210433
-210556260
-1164934279
-1681408804
155509437
1811872765
1161451965
-818877683
800064069
-425164140
-1760238925
-1915111407
1556298790
-146710856
-786605817
562812802
-1525953182
-1497380403
-297452371
-1689898214
1037321450
-1560128588
888157512
-1418975423
706627245
-1978825852
-595380528
-1177324314
-951649583
313937785
-1297167250
-941687663
-454251201
208117804
-2108117590
-752773447
1477468517
1608536836
-173604409
182820178
-1210687946
-156602388
-672008851
464190122
1190458997
1038321222
294028936
309776757
-1743711949
-1778817762
-1334859152
871174694
-1589889386
-1686265182
1831416394
2044563839
465577179
-1335515438
-1703800403
-227314581
-442486371
1614032243
2057956231
-1076951797
-772211882
803500872
-713029310
314524942
-521457882
-1556184444
209199138
-523120315
793142995
-272674182
640387312
-901453195
1307927313
548843158
-1921790500
1087420271
-646109694
-1276634992
-317345121
1912214622
-1628130817
-1055188515
1615993568
1072857951
-437030760
349878377
-2026605864
137237079
1649444313
-1100283261
818708024
-2146350593
762155983
368502297
-1476677303
1269201475
158052938
1365755684
257718357
1902835660
827432675
796625253
273420613
-1774575909
1947625792
-658177711
-964306037
912600920
770973590
-796000183
-1085717951
1784960554
-2019934353
