-1445689110
1332078993
2095547997
-2056921165
-1609024764
182520896
-140469305
1221525258
-1254419180
377817582
955765469
1067258475
1508066483
1325232098
-1925758436
-1060279427
-1962249315
-290926070
-304578810
-700091042
1593014784
-1626420757
348218368
766365365
-833457929
-1455263534
1340919932
756838663
2038753616
-457848497
-249772198
1164540234
592464533
324389859
-2027581557
632251831
-1384604086
1124993784
1698151159
-365896476
1608665970
-1152507375
1116288929
32199185
-1122662824
-1877318591
1075564295
582949569
-1222477685
2127855073
1432467406
-510998132
-1705941719
-2105541252
-580444770
455139891
-671462048
286390286
-1221475509
1507605237
664000818
546978926
-2089409740
1795727136
1589741687
-1928869369
30650864
-593852694
1462071336
-718176562
1321215782
-1475741568
708446169
854012015
-748425029
-1076763041
-1396913273
224306377
-2010631117
-78209309
477803924
-1567416932
-874970544
1040916765
1625019662
1785031553
2051318015
198601449
-1868856265
1085651994
946540404
-1288235970
-370212031
1636800393
-1746982765
246729671
1446280025
-149700315
-517142639
-1340831565
2069933542
-1689063573
204444379
968721864
1409405970
738692914
-679915210
990534078
521302664
-2108946910
-1684869849
606257354
188687743
-1605490586
-1777071468
-1162876040
1777248503
970446240
297882283
-611948867
361472323
-577769187
1042602498
-1820462772
1887692742
-1554634423
1489257726
-1805594072
1600741377
55525989
1047154297
2002879610
-1931700020
811522166
-1171286881
-434189148
1370078691
187092096
1011404824
-1020556651
-1157325404
-9187084
-1168189077
1955650910
1415104278
276941158
-1466490719
186018821
-839973843
670691714
1941535528
-1048189031
368686155
-1019740352
71986170
618404486
-2102539510
696431702
1446988286
-1565845206
-903448776
-273181970
2070145198
-1827248217
-2077379038
699443609
-1243633927
-2129975046
585389845
-223958398
650250346
853781324
-974638303
188793318
-1604502392
415688072
541039904
19324867
-138987392
1913240109
943541750
1879206095
163596033
-387902619
-234860263
1780777643
176697959
554773589
-1117276845
1724411736
2090429723
-466117707
260703686
1482402794
-550249416
705885091
1916587825
-576928134
563554418
1040452276
1513665904
670900064
-1037649613
305283660
-768942775
-272561758
539999750
1568497199
-1764970907
370998950
-2135168456
821870935
-98094693
-834283217
274843324
494216199
-893939852
-346731642
1605221967
-164948192
1384018667
1363346679
1942833116
2114578610
308040820
1179007615
735564576
1803271637
867758399
922388162
-223913071
-674695750
1435792061
1440634178
669828476
1570908668
-1358624158
-1250931506
1732929900
1893294139
-670300755
647261495
-1946062382
1015300331
2128191077
1245762633
-1721438494
235562857
54987556
553475577
1175438522
-801104049
1220711448
-1547660326
-402073655
-1159781624
-262033400
-77094954
-1395451026
1437872038
-980849259
363738649
136144607
-1930329614
668839106
728148560
-526371764
1921224900
422309046
1258398739
1794485827
-1740203883
-972115521
-679991650
-1474646187
-1244607406
-1605187686
-845029433
-686974982
-1553055886
-1292377103
1680667180
-1326833999
136895818
-1120244444
-1945391445
992968299
1804075423
-458462900
-75501290
1053861673
-2108127619
-1170220676
-1137503193
-897297181
1904696134
-1283127991
-666586959
2110075052
-1608124147
-1400669556
1512676376
-28286958
1532053540
532464998
-1294476797
-571267382
-1456944397
1565795459
139687247
811499149
-326295029
-2008629853
1736143942
448907580
2000305530
-1521215914
1177902096
526123338
2084753248
-1158753018
-771164311
-800781222
2000147394
1351224890
-903523180
-727247834
-1784659555
1981260312
-438096242
-860223069
-569231042
-1764725204
1231566215
290567778
595608528
1822906215
1012001421
-1645150151
-1855817674
1884581993
562430602
-1638186206
529307931
-1661616126
-1364097936
885450082
805273670
-1843958794
618600114
-1704818195
1058368306
1405963264
354430965
-619674360
-61997859
-1432082151
1137450759
626161456
-2131228448
-2066666247
-309125616
580465210
658799551
-1955969571
-355277562
-1731507013
-785451902
970621579
-2105708698
-434698327
543024004
1198631571
-1246107360
-766875070
803553930
-1155623210
594736850
-281626580
468990487
-195555764
-2038117063
-229464611
-349747203
-1171248383
628149219
1461776188
-155337929
-1496675489
648253225
1511470216
-2088068874
976081843
-1414156964
1092305273
-93962503
2012038121
1474204478
-1620368732
-983083231
665806234
-1386990668
556182819
-864096188
-580708792
-1580630344
-1527292812
2038222912
-1824230937
1189663636
1522379425
-29469869
1642553759
935780940
49890977
-786731862
1234555600
723365979
-1508651778
1221237815
-659826090
182891682
1930159799
1529736647
343689229
-270123363
1417212519
2131252563
2045537943
2049547479
-4351066
-524551019
1218323292
161265312
1052902574
-1557703202
-211076398
452136188
1324639809
12584998
1667630334
-2140449059
-489076278
1533544548
1539739193
-1028379499
2086846914
-999656416
1701095479
-810846587
-136821675
919798085
601554757
1377407770
-1618015164
-1372842181
1164951505
-366712838
-1974655988
-807606987
-1784442833
-1052388743
1194295112
-148764217
1359995546
290728785
-2071083437
-533684294
743039864
-1813851758
-371410895
-943930333
-1894807583
153874647
1631209135
-971380302
358121570
722728634
-1973628728
968658247
1094521853
887778185
-1471078583
-783671350
2000758644
1653809721
-1811347528
-623036101
1924265158
1425929114
-1049175694
-370054905
-1381419271
-2055046964
1108343058
952842142
405851674
-250054415
-1739370983
-899273407
-2010243198
-289604061
-1164548405
-1204030944
-1469270438
-186694232
-1977190825
282385315
-1131157408
-1750073500
1694011706
-1706853625
978027242
-1461677938
368495588
-474873555
697287723
1879526822
-391241830
-1673426002
661988532
-54992986
-755287650
-1058492622
1000387901
-1749661577
-1332569970
268423938
-373156698
177355430
1126341641
1426010586
-1045937608
2082977879
-996906344
-1562668029
1784336431
-681104007
836424138
-458484063
-1019921796
1755216187
1242334368
1276417097
1100637638
-1766614339
1903778859
-392854826
1991412402
1360065802
21003891
60512893
1996886371
595418694
-202928229
-130754019
1240211780
2114547235
-1529786046
-201802533
686549252
-203505767
1836340267
102282478
194765538
1196759510
639148063
-752304201
595237162
-2021870478
-353536495
1023354644
-1460621570
982256358
1605800067
-276642828
-681299623
882045758
107120169
-2105387474
-1639877551
-507778034
-36556085
1191773582
1348337819
1115674018
-1338815889
-1051631567
777934164
-574649736
164526774
-1330025966
-1005616642
1945766642
-733233530
-1573940764
-1338909496
789393479
-1116354583
-1195794655
306338065
2119834298
2108662836
1211362658
-962313682
1459998479
-2228629
1366853873
392519275
1856091961
2092409827
-100466532
586333776
1930361431
881274665
-450953013
45399076
-1473585183
-22938334
1593641941
-2048069706
-1845382626
-747188109
-1544952946
-107406758
-64433191
-145176798
479885348
281694002
1270349139
-1756264835
625438763
839900078
1415894139
-1198538438
762355189
-1702251435
298013788
-323650593
-1831733721
1445882308
-1897875498
-1818512540
1083759496
-1425217033
-946480240
-1269347818
-1652435940
1930596807
1934183213
-307929411
-848037007
-245214541
-274174531
1470329345
1857078839
-305008414
509773173
-1072038391
1292102422
-2031182488
577205923
-1511627676
-1614248772
-113610552
-623408677
427513388
928366900
359172537
-1829724810
-297985432
79082110
-814361555
572029500
-722381134
-122284965
30981262
485179232
1355824665
-1098900633
-2099096758
1798314412
1765755464
262775149
319792273
-1241138692
1344004839
-1668463882
-1850587043
-2135212304
1644074816
-370916829
-1505530190
618759644
1095093797
1284129468
-2010846170
1382815491
-801042415
-474467448
1757940388
-1904729851
1489260429
972290270
-446029204
-1715259499
-1040395307
45591676
-1173143715
-1035810450
-1227380293
1202488982
662918774
887652743
-1713127734
-1585265614
1300156314
749668229
93850285
-1087299918
1521706899
-842149008
-209163566
1207675058
1601875544
-22411095
-258337718
-364174317
-917527150
1057328155
-1712144398
1482368344
-702463140
1749862833
-60033833
-849962960
1896078666
720821511
-117041962
249526611
-245383251
-1141698205
174919555
1635244433
-1294240492
1700392166
1549459276
-1894810073
-1021017580
-297321730
599930077
2136650324
1268881740
572901918
1080947908
1590435371
-2075817053
789369009
-60265640
1683273386
40532179
1482304843
-179873065
-1129702644
-15662037
1169421857
-39303218
1560605531
-1554542192
1783565243
-738547779
-1269947320
-1262891324
-201350425
-1922312710
-1446319042
-857142038
-260834832
1386410709
-1329250892
387067465
-532108016
-1237774084
581888706
-831640496
1990811170
1421628705
-1844218377
742816217
1881645979
1238559705
2039848041
1449575857
396194490
805108167
-126685940
915005784
-1953531650
381872633
987300167
-135802876
618076376
1031825
-1929565500
-2048441877
2007170466
-817018969
-710890873
-1638596670
1968732879
231892078
-1934047934
1856506496
-674289054
-829312363
110315750
-553553049
-2013036892
1090080751
-1069197443
2063806532
1794390800
-19230123
-121926858
-1198952460
1646921874
-851781173
1470089153
1392915242
1235720432
-1034100511
1371163869
-1208537744
-168555128
-1906036901
-692527570
-2115358101
1104713019
-437611757
664802387
-1408978078
-410683991
-788937954
1557670712
877072640
1801581470
1398378798
-1878531673
118277465
-1156722997
-1757065930
369442341
1188473386
944915640
1872838483
290278651
-797122716
-785658119
-990684182
-1829688430
-2118511125
318050463
-823093747
-1074268924
-1898298726
441362161
-39685086
421159918
-1468858998
317116764
792644294
1001799051
-475262572
352265383
1829093870
-1171990018
453181459
1908260202
2014873679
276913646
-1428390674
2117772736
561862912
648051032
551757525
789668411
-726943908
969195423
1331888074
373938712
474350892
-1112019737
-1698338334
-1024782669
-615262458
-1499288412
-1354126260
-4368835
-1130190097
1350677869
-1001241454
-722924117
472442183
-1481617898
1499432991
-1988495887
-1247725594
1827508220
-481011200
-1382109073
1582487425
532871842
657062126
-1476456789
1348281170
-913822596
1040460171
2130389313
1243849464
715707659
904347884
-45059561
1457618587
-1735445463
1986384727
-1346292268
1010423123
-1377387867
162794317
305021074
-1509124662
504340498
1961553098
223975889
-2077377249
-254443044
908462282
1317309359
253173773
-502767717
1623876879
646605141
1602953804
-357005141
1072536609
1379715252
-475987914
