1187511788
658638825
-1712302316
1365363416
543028743
-607073104
-2093128767
-855194787
1359907259
-2146722909
-529378336
-1495412837
1722917304
1182314104
1270738937
1388399501
-827167780
-1015607820
-1300085789
1808199499
-2013555204
273657689
1661231392
1558932382
-752488221
1966503196
325804935
-117261354
348110746
-577894694
60333091
1551581402
-1910294807
1199355021
-811792805
1171192191
-2085162723
-1508910854
-567383214
-1285592035
-1277470196
-552702099
-1077880944
-332524193
-999008426
846385320
1712277217
497840219
640594157
747555608
321432189
-1191449630
1083506134
1952221770
-658199191
-1767415528
-251651792
951189917
-1091183844
1449451334
749429621
-2009870793
1384451172
973594862
469062655
-1941978052
-1180942710
-54968801
1046027982
-304702659
790968500
-1827966965
204894856
-804295186
1017291658
-623445546
1497928384
-317259492
1838184220
-1540093264
821973626
-597162531
-524098813
346271013
-1996967186
705219336
-905374523
-1278470221
2114857612
846074343
181108862
-883887460
-1450387392
610925099
-910979141
-1836472578
-950655241
-980862689
-907748695
-1603990752
1980933472
-1129312224
3034990
-1561657331
1768232438
233551436
-98833450
-1983785881
1324350270
-528209542
1849158962
1629913204
-898554803
-1733977495
945068668
-1708912771
-278200947
800581691
-156889921
-1933063593
671852992
-1393696989
-150627915
-1764427967
1971201859
-1040372131
-1926314831
1582580465
-707656297
696994142
-849356353
-796383512
-1821741283
887793741
-255420663
1687216397
-1985115360
1887902641
-322729861
-1163931526
2126085145
-787011734
2039806378
-1102886000
-1837859283
311662821
-2103139855
693191504
883026425
-464139125
-1061064995
1720207341
-570548334
-288336263
-1354690358
-194788708
-134242873
1717371510
-1365561907
857307311
-2080650840
-1495900383
-1547018539
-108811295
-2125321653
-1671280534
-908240116
-182686733
589896909
-1707727549
1826944386
509865335
896746647
-1217082218
2031210765
-430638613
-1096467486
399590776
-392237462
2608393
-604551044
1486935711
1163163815
768930652
-242804533
381294865
1765831621
1926168086
-1167471342
2099642910
335098264
-796712928
1056887027
-1820125040
-1869106958
-794949517
-1378334412
-1807070944
-1160361216
-753693274
-40494651
-1574433238
27415283
1589444295
-665008127
1737744036
1228245986
-1404359315
-597574348
1610291276
-1598646034
-1182366451
-1130713763
225696032
-575812698
1739113356
1228285492
876575763
1015936173
1346447126
761236078
1437314301
-412673382
30221613
254868798
962349010
-1529660641
1966931716
1272578591
-34113770
1066105452
-1724070131
1563022544
1003537808
1695966421
1821354960
-350700128
-2067327171
-1645861199
122985470
64742891
2002042247
-1790452091
820549574
331575523
-1626334537
-1980535454
1452032870
601545875
500074663
1931307403
1530367748
255848225
763524794
266540890
1415546814
-1281051565
-1089932528
-1040020381
-1222662658
1437945684
212472566
793731289
779693331
1046652086
-615321956
1098289968
-1821347843
-157343558
1120347145
799703556
-1543958649
-64283185
1181947218
-470147015
-887126629
-1746751656
-580430327
-995834014
-722497071
-321465166
-2087126028
-756134810
-662938808
-208119691
1208600319
856504928
594041785
-289742856
-298429326
-1241032761
26765257
-788861158
72864102
1961810383
-358717283
-489036736
1458167925
657779213
-769811789
-785436519
1941743280
-1309908383
171140592
-799125336
-1226427435
-1239293169
-1542642956
215304451
-781862463
1058842415
1686397365
-1586517160
-1082243293
1621998407
-299858613
1805019056
-1829373582
-1075217866
2020985096
-2085294601
1455544864
-268340141
1808204491
-752852037
628480783
-273472299
810595989
789967412
-2058115516
1008867700
-134656164
-952012668
1665807578
305819728
-661941985
1435364926
-186425032
-232599534
559781946
-652877268
792455302
118701648
-224921093
1193345356
-504000676
458782774
326490740
1333395996
1473928636
-2103332511
1091570578
1699139607
1323509314
1311825166
1842514286
-953027714
1170394265
-43784845
-69408797
1499214171
1497038641
596604268
126059871
628729794
-23701458
-2138425254
-1808754946
569240154
-839968349
1171371080
1782669780
468640539
-1247217409
-1793056178
-781372022
-219251880
2079829447
819783994
101252139
-1459138304
2058565509
1095212652
1498641215
-1792476128
1347817216
-2066239232
-1155309031
1954850987
-1777289556
759767858
-418225811
1770195069
-106865053
-1619986946
1574176805
-1550261859
-917139883
-1065735417
-1911385740
1960819906
-1400435395
165052601
1143427114
-995330024
-96176683
1144802481
1721140042
-508181949
-1511444597
733812827
-1013227559
-1090993756
-982532491
-510204964
-343251976
883583962
847552129
-1642319053
-1046657227
1181241738
353312240
-1674753638
572333085
163832419
1464396548
1786722098
521434901
812608860
534006007
1133747422
1560063593
-1878761152
-1328799697
2114865774
-730429531
718180715
583556528
-1304159488
240117283
562070229
-1014737454
-1716472926
152915685
-1049557681
-1065607629
-1749612484
-1530440284
1178770701
-1045359890
317377196
1306085160
1423540324
789904140
2036279346
-513825574
680340947
-1088520134
-883328754
1744455063
-1630609849
1174465980
-1936931224
1823420358
21911450
1714186913
-554874257
-951549780
-1489312932
190522168
-1988538685
-1277627138
1272344022
-2067589694
-1421406953
-693639497
-1754459829
-1739884952
-1644333550
1048499244
-1608281727
857726575
-52952458
-731921315
-1372353665
183155369
884208259
-1068688243
-346792553
-375149266
1621598109
-1002390765
-1283716186
-1015687604
1535820844
569994098
1578345370
-1777518405
-740237885
1529022375
-1368463820
1507437845
855969155
-1630610750
-787531762
-1547102076
1284053697
2021071032
1295392479
-1881023812
-173048858
-585007242
-1882468610
-163469524
-519927401
-538806983
1642237220
60046703
-712425451
-1723647972
1919412341
123254024
-1506004251
1780675314
337711297
-1937551282
593729203
332647254
-283128570
-1217066331
-1229879950
-776848129
-340666823
-31369746
-226893624
-175745448
1420073541
-540165312
916158121
-1797019057
-1546409133
-2141302057
-1329312703
-1011479700
-1365745844
1658668876
-1812647145
611738662
-871013477
-820324346
-87618449
1382301809
-306099913
1244040944
-1288282385
-1160389477
-1757459232
2017041772
1205871236
-646329000
-842670168
2075497606
870639238
-981297893
-582569036
-1621496724
-363481575
1952823974
-1702604476
-1257894114
2053136087
-1084410652
1098741744
-444278175
1151794603
-596426762
1733742643
-1002844935
-1232538113
-1211240565
-1569738451
-766029034
65124121
527503988
-2099839324
1808328206
-1323043902
-2013119625
1965122379
-2089618612
-1526845400
-310115486
-235771065
-132792696
-1004549627
-457516957
1906197230
1983886136
-1987846401
-633409897
-2057167407
1368316229
68793681
274998752
51218940
-146251519
1710787243
-1772488454
-1395182725
1095268953
1271328087
-294467120
1102830624
565963590
-488897636
-1197269236
-2089907324
-1321723511
-1943837337
-1640061204
-640861366
1625127831
-550343642
637670236
-1321368662
-327441199
2122849527
-1865014464
629738541
342712567
-505474814
-1985385200
-1509309259
1196856030
-1744109534
1115930282
-294507840
1347734113
-313404982
-1748031902
1635655405
567199125
-406169562
1577056606
-1130557762
-1356967616
390666624
109472545
1970173598
-351060854
1543883749
344558180
1475739686
-704293899
-55941369
1100265260
788316315
-1491691638
-1004081051
-480385512
594107323
-1733943212
1739810217
-547601157
-609153352
2064083218
-937727664
-733211478
1176496004
-1583813081
1157993871
-969552874
-271143857
-258975531
-140338827
-2074355556
725694285
612477354
1380877388
-1026322533
1806715580
-217442759
108061509
-524081849
-1125244635
1700695565
-946956973
159890620
1028996577
84482778
1145731414
-1750866602
-479903266
-803237898
-1707058564
-1115154113
-2058762077
-806273786
1652014820
-1353969336
1032032657
-221210628
-538805117
579404284
-1809548949
-92728768
-1573570485
-1812851214
-1139603433
-337605331
1134965641
-1907771037
802330277
642195902
-1711207538
824675067
-979807856
-984666232
2034519953
-1997797901
793615172
269674219
-639102765
1501313375
-862416160
-993279356
356176132
-869195580
-1009532100
284402661
-650874139
-737447443
-831242707
-267483256
955584814
-84544514
-688543737
-1429797888
-1038098511
-454183991
90961763
-470349712
262175422
-74929824
-1123357407
1557761601
-496285495
180921066
878610608
-1539755505
783274570
-659453766
467664012
-1187321885
-1040305180
-118010211
1464264456
950222503
-1957753143
-293001613
1303302989
-1771575594
586128220
-1962620928
799360674
-1002016654
-599145961
-243932669
-1196106259
1144288315
2023382702
-1955395448
407256953
1108122653
-299495052
250262650
-1946688264
-568377623
-1247853826
-1391974277
-937819700
964985672
-1518977531
12668664
302778753
813252075
-1426685040
52159863
806197918
-1913716985
698531154
1833535795
1391251869
688587520
-1804406192
-1700824855
1813530678
14088804
-122756666
1466441716
238765283
1998707994
-648501173
-1831223657
-739320160
549338330
1924797235
-1285635175
796072179
-768685345
2045330996
974236439
-1810940885
598279387
-1036019893
1847031445
-1108808212
1499544875
487048416
1067520597
-602550806
-1668124084
-464066008
1443707884
-224158989
-1578653300
861263306
36290065
-1685117901
303284484
-92887355
1579947448
-1906144589
1421864133
795661200
1575408735
-88631518
1002984272
-42205310
-1539157082
-1033689128
-1337885364
1695826548
609521189
953875223
322473074
1610139300
2111648121
-21538413
-590647861
-1147674405
-1817690720
1581671732
-195724515
738854610
-1884633722
-1052831719
-952090718
27215825
-1177377569
1006501856
-1060154373
-1355207783
-1665450185
278323492
523863395
1529420676
-1408852922
-2018971834
1490074663
-718685719
1278965129
-1500662672
706565461
-192164923
-520222451
2120566231
-1024924749
-401237865
-1652374131
-302809025
1467976691
-543300470
-914938945
1568016580
204369956
-1940264743
596525290
-539814442
-428286358
-1033376146
-140243268
738018436
1088763633
1922461389
1782787161
2087255550
1994243358
-922624208
-1014580041
-986435244
-584005625
1780582898
420662824
342451587
343868965
511580720
1601382200
-825006158
-1130510264
869449132
2144963768
-681109064
635340746
184811765
-1120807654
1268589794
-561243129
-1285174844
1007901951
611161330
-1425976564
-1216605271
2038214926
-969171095
1287905677
-470265114
-1916829433
-366994679
1682562588
-2123390565
1087385623
-1528468588
280968088
1113856802
-997353875
-68164134
-863766813
-1140979268
-976566260
309981170
1802693591
913820268
-416418589
-1573166649
1284277625
-1257665757
1855239706
235399638
1923071343
1649428252
1474256046
-748127691
-1304486225
-671242871
1409946943
-1645215274
-839467143
-1521181073
-1030490840
1951135244
-1080859002
-774829618
178341072
-669683633
-1919266943
244743428
306682687
-1234181061
-1709948234
-1406854542
-230187276
1825485278
-87690231
-258394273
-2073985036
722147378
-31793880
-274400228
2007924518
-1501017112
-760805628
-960404887
842733278
1773909607
1551332988
407063
-960325449
1548460307
-1833947045
-1561396242
-1842981723
978768082
1953630340
239919824
-347628215
698078667
1559343211
1745101598
-2104672889
157225840
-1890797369
808808537
1104294741
1515898046
-2109703547
744120588
1795474390
250904771
1035082495
1709568233
1754938534
1571292000
-281665683
-1117224654
-529729929
-129024432
