-434675201
2049120551
-1526063383
-2204468
1285121899
2096890609
-1525546165
-1889895862
681866948
-492679714
-878193900
-1207927891
-490572411
1902277038
252901038
-1052863069
682543052
1280205716
-1334693283
-115226627
2087202400
251704805
-1371808278
706406017
1517551860
759529228
-1080593787
-1681204483
1453607084
418790337
-1608019225
-1802996577
1942388449
1802838138
866775479
1235441796
-1262947295
1443335713
1329904174
-796072050
1086399353
1679203846
162488061
1548299641
-1042450955
-816318186
-1109462163
-1642648272
-160351641
1733324365
1002205896
-815718819
-531507865
784661609
1777179127
-486903746
-433558117
432423647
824129388
-709188161
-2121557960
-1051881966
1724519745
-1612620092
1483262408
-584977726
1901715873
44114629
-1953657043
86977730
204454246
1291042976
-2103651611
-1210108691
1299200259
1102337961
-4410737
916636250
1680291748
-467116538
-15882067
870591182
1632211091
149043258
264507050
23287410
1405066973
-461556226
-355910881
1387313861
-2060890315
1230768215
223985745
1483247827
1421274135
110101732
-781545730
86948519
92276784
-1516189064
-1443430056
2021592061
2020879100
810621672
-621407663
-1939019204
-1114168399
1542913573
-875215591
1168668578
1458906715
1925874316
1144783076
-942752320
-2549944
636464764
-708680464
-2039641303
2123475109
-2110425303
108189894
-1132791706
213397096
114086063
-1617044289
-74725332
-206156687
634923882
-1225007415
-1861019952
930472683
-1545276796
-2054088853
-173470470
1375263992
-1838817330
344175366
-805467752
-1102264947
1264466131
-464204964
-705235178
707282585
2128300330
1794176342
30195659
-910231956
1054518796
286615297
-638577226
1262098262
152127269
-204277287
-1735589527
-49599089
821026990
1539870026
-1382486972
-1103655082
746580667
-1656582797
-1274865178
-2146806949
629395921
-217734612
-2098281247
1603027297
-1561604933
761711178
2116407980
1895278879
241775517
-1867290847
-663858467
710427495
-2080918455
-1928332214
-1101251177
988119434
-1898645551
-1357076571
-1411635904
2091380473
-573272740
538613153
-917844105
1675659567
1233595965
-1505888838
-1850152635
-709676594
-829837503
1988899651
574179986
67346184
-20892856
2036233829
218856665
-779719104
1519350550
1302114663
-94668513
1023294704
-2006765974
1296416302
-1905602272
1874258893
1521883728
-870494201
965130187
-1211142104
1942675635
2007023012
-1267622671
84203414
1620247862
569370468
-484552648
1689739731
-1840397501
-664289833
-1023025323
-1844652829
1575893347
914369665
2034279290
2007068537
1516795344
-1235784484
-903990772
-1687478884
820656200
-563018333
2004821144
-511126648
1560116515
-1479607731
-1611731961
166867666
-203414105
619704023
497754897
1436147150
1664962971
698696646
-1515645969
198647092
355089945
-1855951252
-1971231404
1058126849
51494312
1707544937
1228219037
1777679770
-933847671
-162424460
-1791061178
-350301641
-1725526959
1404068443
1502844320
1183559038
1467766199
1123002440
-328830784
-1874615442
-1595308113
-854406843
-1899146822
-988401794
950850743
73636609
-1085806577
-889304571
1411106671
1765464276
429774179
-1390170148
-1866753169
-1059918336
-1626872717
-1648983999
1422806868
-234446791
-1438565563
-1270065922
-103398372
435248742
1396505760
3422409
-438043213
226441129
554699966
-1112989714
-106506035
-1319715172
359001407
-1860122837
-546125322
1197956318
114484321
124722394
-1879410201
487250637
96789358
173316181
496915226
-28237932
-34086795
-242211947
-1406774113
-688296601
-1284925636
-1359774948
-1580876240
-670261747
-1726749324
-1031591915
614787459
-163568738
1081357870
144275640
-14752545
1233244558
1717153934
-1852433677
27632370
-1383550487
47914429
-283493050
-182922272
1850174175
-1963935196
1214994926
-2004304993
-35587965
-2126682666
76877893
1260362113
-460800305
-61478835
2139402344
2072081682
-909953045
1384921944
-2048959206
446391331
-1576222034
1093669204
-738334745
1842912806
2017482084
-1231746407
-1920480372
-1253773124
-1083172654
-1505604041
920184981
-494311028
-1535234186
-1263109662
-1376524216
1059670358
115617042
-10085078
-1602393663
674403399
-369360277
759837678
358243678
-453586034
-1408933554
1605850130
-2058472868
-1969890257
-1169236781
-1852997009
1151056578
1349365526
-224769563
-1352932597
1651894653
2132788846
1296573441
-451757943
-1069822260
-1643289549
-1303512515
-1466865949
-1135773986
-416172539
683157643
1124429141
150834872
-1604722113
-1783144130
-1863677028
-235015332
1613255240
1899940557
1623950944
-1746694361
-1370370520
-1421888041
-152682771
1547708794
-564642466
836513639
1858933289
-1885926244
-1812979472
1589244792
-682970430
1197188575
2105219778
204702651
1198322342
1400341504
2094208555
985491095
-789696584
2059884499
-2042174011
1337053808
326916032
987028255
-631084412
-518698709
2027403170
722321862
640260105
1242228722
1790118354
622205225
1477372472
-2116587724
1944156167
1691793866
996352007
-1078049041
2113307694
-909201614
-377139303
-1191967951
-1236857695
976796180
-453531766
-543806245
142204824
1040470193
-538021492
575689384
751407583
1035190654
993274418
-1336760723
-1677685559
1311202309
-1130970613
616475297
508790628
544719880
-1296081933
-336415712
1540218605
-92286229
680991908
1818575915
-934903162
-1680299181
829480851
2018344627
1628136997
-1710169335
307815673
1298546902
316453071
672261924
-915878609
820878249
-760210938
-432734617
1930392894
-807749832
-1102566784
1690013159
1679919286
-2107612726
842159129
2004124657
-1484727106
1987235689
343545097
-2121069270
1685448812
1802194336
2106497625
173602806
-1732776361
-380833914
-21260910
1752787485
1809165161
-723945989
-1905444424
960416940
712613625
-1898579919
1501729654
-473361895
-64864232
-724365202
-1921994598
912767657
-2036878294
-993750769
-2077472062
2120563478
-1527915848
1592853967
1744234839
2010098027
-444939643
-612268727
1971826363
1696912435
-938026018
377394875
-170441539
881207250
1702722614
781135884
291085397
595265074
-956725519
1956319247
-471370611
160330913
1542672256
-1262356215
373611708
-1350614024
-1766717267
942509936
-2024724998
445126400
1274303799
727441653
-1094715441
-608769262
1328074145
568121284
1963097133
-2002647299
1481150278
-1889722870
453170848
-280857557
1172514993
1383937463
398678723
681207302
-1760790741
-258226044
1024865781
-682609769
-1429059180
1051096119
-2034663347
-154351760
652794998
-898328794
-1955665718
519481804
1788511063
241426681
-1922731825
-426702604
1190662990
-165237838
-239146291
-1663540253
1326244568
1815109874
761409601
1349303084
-72191253
-80973964
853951201
-1875678181
-204663477
984650974
-512635631
1893276187
-58973155
-98336840
1378727323
-1187100073
710778553
1692208572
-1868514657
530552226
-1095876668
-1357534641
-449493048
-755723109
-703831940
9343311
1871313856
638511628
1949646165
271907343
591433957
-1229647982
494497733
1201565343
84286780
1619708035
-1122061988
-564341936
-1312105050
1548967691
213007382
-2146639242
651100240
641208216
-1666163724
350888047
-2121457040
-612415881
1746601416
-941650972
165836077
1204261823
-69040304
-2034463154
-1973436962
-1918666387
2107679879
-576065348
1907205495
1419868112
-1537755594
510843090
-677246145
1906179111
921476560
1794249236
-1605677370
-1141697144
673948287
674506596
571589910
-51112958
-1936356486
165875913
-379663064
-849250810
-1674343527
-1013417615
658257817
-1738291198
-1081748950
1006625272
-1336543843
-1822270898
1669977349
478290666
166937395
536146251
1796384733
-876080250
706461850
-8530999
-1937836839
1375361221
1248866051
-521413719
-1753388446
-1618960230
1904592007
-419795773
1749660222
40029562
1343114075
-1170246135
1910064605
-678242786
1560707137
-592060180
403747827
1284398470
298280001
913642238
865020742
791889729
191788440
187459032
-1020830008
-1248670741
635175921
-1341933251
284825320
-96284169
1288049618
-806321281
194511908
-882536786
1683064152
-744422367
-1143626014
-946097289
-477466073
1408189
525688960
-1936348328
1395652251
504992808
595132841
-1556304708
433510979
1800292307
1974299114
-1783323786
-961950834
1167527795
-1575482236
805582598
1296376518
1774393060
-505975165
-717197031
2056740926
-663375286
-1283132913
1424869462
-477177401
-18911111
616006401
253793111
-303019160
-1106546794
-1490290503
100870133
-1858519219
1637537790
-1859043026
-922211640
1949073663
-1342004890
2084809030
-982265107
-86634539
-1996618174
-1482434969
1364141577
1136084138
891963755
1013663053
-712740722
-2136793393
-1310281221
-966172131
1913945661
1138617411
551412091
-1238266438
-1203218709
1938997537
-1320425408
779330647
180061063
2145677913
476494865
1849547086
-2041110694
168232866
1283781901
-1537213393
974535057
1881790639
1241052363
-82478310
-638563592
701090208
-1084957758
-409160111
-70335480
-1115268421
-1557270293
-994608888
-2009139421
-2079621285
230449060
309963647
467788573
-1102221272
1327394775
1317573202
649044478
-1888293753
-1110139813
-1220661489
725385221
-1348624556
-830592102
-951478775
1720319728
-1551394098
473181811
933121387
-1328658054
-1729617966
-2040854176
-1743648369
-1522476251
-671013812
1000401883
1697208976
715350073
-623227670
-463349251
277421853
-1406529012
1371885073
1997548648
-225718128
-1831398526
-1508710380
298494567
467074110
2123403735
1453257379
1530372691
-1631683056
74558875
-112383103
-330390472
520638546
1095921662
-671630215
-2093956425
1283261642
-863809459
1374399634
-959873491
-1092732148
-1149432388
605991041
569425428
1771939852
-1408376475
-317911458
1164475561
1346667252
-1416016752
350587035
-1466496817
589589304
1334839093
1385464881
-2088173005
602414054
832164542
1637801499
936670127
-466911166
155399440
-422566905
-1817661453
-1297613422
-643997748
-1312349109
1357698146
-2030369227
-1419851823
1789331733
1409881657
-304461318
1744253189
-1394445594
-1995096586
1894389678
-135122347
-1518778815
-2065107721
-1684028426
1664054777
-1957093217
-667891360
-1964824225
2083011068
-283400027
125111362
-1262512717
2095961339
-1688392296
2049830393
-1448757106
-721075412
-208057840
785546452
784688944
1728053154
-1004372501
1082550779
-2111878765
1274195406
-710610044
384088205
2052834495
1441683272
1358160933
-1616659704
-1217022371
1906917839
-941338695
112263918
1125963146
1859166606
888077253
-1171642716
-375599890
-565400672
1350495641
-25067108
-1420598772
-1571500842
-2022648894
711742134
-326025766
-2050357065
-1382346046
-1272324893
1399204500
53069000
813525250
1351183883
2039667404
533431308
1018322439
1779396656
-102265402
2051036878
-1683230492
2046290131
-1124588286
-86834531
1508391407
1071057558
1719893785
-678156649
-815664201
1300151586
477440972
843964394
-406053067
-707117238
-1622815399
-1569803625
1969698624
-2065741968
1928313617
-1481393543
-1825462458
1590052391
485669158
-1202296698
958167353
598847258
-935667255
1325551699
-234328378
-2063176661
-798237836
-1105475107
1591671244
154525407
1012111492
1462266757
-815937525
-606333960
1348164618
-1565089700
-1620912612
-249885341
1996042209
1999756961
1374829984
-297384364
1939830787
-135970169
554578620
-1249913425
1840934680
826708282
772596932
1612370601
-231712689
-1329600476
-526436811
-357769297
-1143833999
751737963
-1099530263
-852090
1668954163
-357429570
-106507387
-1152640846
409917899
-515016879
-1278840523
449694492
375774149
-1047794139
111305883
1109294062
-1321674986
-1413074036
74153220
-594953279
-863414671
-744620820
1069421788
2087873274
1346120921
280676802
-350593948
177750129
1463492983
118523114
378149793
1457296978
1032127661
1561884189
210509719
-259219128
