-532211348
903647403
1215896746
703119399
891309855
1929821038
-1246666439
171757348
-573318333
-1726804908
564796159
-1660250829
2052850842
796369809
1683973049
-50672495
-1882313342
-661732258
-1801993543
1902040564
166103417
-858278348
-2134325237
-2011619616
1012606691
-20445898
-234375719
-1368057543
-1817226997
579589614
101768208
-707880935
2035060327
-1614069701
-520713662
-24009245
255246111
-361372278
-189613107
2065246104
419766224
-235588028
585425469
495182184
1914844300
121182855
-1380486674
-453201780
-521084891
-2129006057
-830532362
-915665326
2073373611
1858477974
-2057328575
-178900871
-2113699278
815829747
-614373636
-1509270850
-505322281
-329709792
304277559
1870476726
669965061
-2007111929
-1342516539
1014054622
-1872747788
1750273470
-1222218906
-500324880
402876018
926406136
-1060085464
-499831945
-880379930
127544511
-343049207
829674661
1156373392
1306237791
916656609
-596408220
25600277
1063812261
-901421698
-1063982678
1891422522
-217001655
-12954608
-2075458799
-972000273
-306878552
-2010188601
-2127718490
1928688272
980634293
-1563095366
-1952502528
-134030746
-1583174607
-2000189174
-637459820
