-531596749
996144426
-1376904353
1226515643
1672142843
340921376
987864237
-1473446936
1683423747
-679163404
78866644
-657348998
-1626365903
199143011
1253881478
1416918910
946648016
1257421404
-1930874601
-1526360353
-1979827821
1519913904
1226308635
-1010964929
1186666457
-1850540027
1796656462
-159654133
1031906610
-1686564080
1511669940
1892138441
1882952481
-78124030
-1222325503
262049459
1729052963
-918860221
1526722106
554233737
623164399
829743453
-159279973
1937480355
2419968
-1069284294
252818875
1649217349
-1459765680
1177231250
2046994925
1298983734
-874629531
-1021105250
630247402
-935409261
-351678320
-896180975
75786412
-951862560
475174260
-200397496
-1950691940
2069539423
2147334085
1545351615
-41261842
1024541861
164542801
-654281017
4651084
-1610337431
909204548
788353397
-647867983
1189528223
-1237654361
1265360093
1744781975
2042053317
-239112663
-611346816
1317763413
-2111390597
1866488354
-1482502654
-178861887
-208680615
-96134700
453893151
1717880348
-582900228
-2113939213
-1419356960
-819994321
1688326498
-1473000345
804432137
1969445553
-369635977
1533749583
910289621
-2067546901
-69479185
1810303049
1831774692
-1923892578
1668979286
546552048
161421940
1218287652
1013802084
2096122277
-1362887729
174555860
-1492706410
1115703186
-1178930684
-1688503638
1491868921
474675948
-1651489063
1913762343
1456727624
-1319394441
1005012479
-846821258
145813305
946501967
1196402823
-118259248
-1066646509
990803428
-507395180
2123686432
-1473792636
1851009350
-350065070
-1420046871
-388845136
1368792994
474665766
187110759
302717581
-684221685
-635461593
1645940212
1376038253
-307583618
352733900
-1370284627
-1530474532
-835272928
-222405915
1672338773
-1497770581
-2105168695
110096591
-199297928
1417286732
-565171515
-1927283998
-805301293
2054707040
-2324520
1095618094
-41111053
2136246926
1419603074
-1518004633
-1152750053
895003798
-1352707451
-198553315
14302570
2001166245
-2024312668
-1317582801
718063165
336767722
1397694124
612384641
1658228178
1497678184
-1101859401
-747517460
-60367827
-567418354
1274884271
-1146979978
-1066501570
-678976252
-840494831
269672130
542223939
-1787868601
-1304081421
866749385
1104353899
295558519
-512769209
-1088418358
1920688572
-354532625
1163202401
946934399
-1696876747
1915650582
-1495360330
-1310249839
-280511690
-1225072396
-1034788378
-2064716980
780487456
-810113784
151745019
1875261846
-172546248
201297239
-1129124109
1615738909
-441347376
-1162454584
-357097349
2028209871
-952741208
-1169689681
1448522493
1635266959
1804053905
-116913241
-529374500
-1234979803
2073580371
1211580580
1186437118
-1963669131
-1407693360
-1420024761
-1143294582
513604083
771580008
1882697844
2025857522
1682775382
-1540916833
2131952161
-690009293
455295883
1034427133
816672112
656091995
1901705452
-885138635
-1678819584
1912607051
1839569329
469984905
1526120064
-955338306
1260824742
-1553751700
-1302706556
616088713
670129438
1197134184
1473480091
1110684196
-1453892570
1143402561
-1405797216
1401558376
-895364866
-1073246885
-1999761840
-140700262
-566994748
147841368
124793885
-615326553
-985238158
2081683461
1199516737
-1119900239
-1563640822
-471591818
-824068843
-1511301174
1644835343
462926703
80193954
-1565703938
-1814720969
1012649989
2065208184
-1472944746
-1641721763
1716407940
1935214014
-2039175269
1798366396
-1557483117
-1037953654
-569517415
-1885059494
-383091306
-98073742
-1481050204
-716778303
570289747
-2105644445
887211423
-1068674828
1625809623
-459307088
1037156795
-1130744415
1582441370
-2101514130
-104969154
1420746386
2094884577
-407353346
-939106939
155399017
1312995171
-1266824214
1277691723
-308229748
-342744785
-1673672459
934692395
490320221
-961230644
113790316
1260119907
-238918994
-1864970079
2146184386
1333823194
-912688012
-1128288105
-1727944613
770763108
1405045690
996533244
-399093337
-1841547453
340413911
-1368059478
1290566003
1057741552
-110812701
776737384
315736187
-455866340
-390750874
1231714703
1265999171
-1164497167
-1630275502
1486586864
694283046
-1772691556
-1183562701
262574325
222615215
-407838193
1884529316
606833157
-1629701337
-640711165
740159236
1842601005
-582236818
1589669692
-1667772566
1516693500
-964530162
-575315440
597975253
1876626349
-1731384180
1407636521
-797117785
-1133859957
-444412415
-1794620023
-521894572
54975633
-1516861206
-390421042
-460849066
-1846045360
1235852347
-160872009
2086097764
-2129426155
-1268385863
-54381338
62060258
-1594355382
548172681
-306005017
-1358135398
181127452
-357143293
-1336032656
978336172
-1248018594
-453780277
2102467050
-1135018301
555049644
2087467554
-770456529
-1425097847
558992339
905559929
-1826677099
1357076572
-1139848592
-1826888633
-1166984917
-1620510399
1561155542
-610852837
-398008766
1459079448
404968501
-1645917452
-1359999441
1208534033
1237201399
-2066010416
-678825138
323892574
1546482541
-904061310
-1063939512
1223285802
1607737002
-1941592632
2031270553
1487662025
941263791
1916708508
1060830028
474307376
2100064456
-1400997942
2037424137
1141585830
-1654599372
-975185726
1186069073
-292557125
-421547509
434425519
304184071
-1103969415
-1124877988
-895369528
-1623760847
-720051495
-2102125675
-426812955
1111096064
-219755656
-2003469529
458698068
652595725
670563466
1110875753
-275256083
-436263963
152969230
262676413
2010892899
1041927623
1470637123
935099377
-741577252
-1803363669
-1427834790
836772583
1297441732
1023295110
-854794132
-741380489
-1658907682
982876620
1456968877
1283105683
-606497381
-861675210
1123590114
1472618923
-680528465
1117693381
140423440
-1193728941
-2085502752
443529477
-1901472651
-1601389789
-930486240
-1188120170
2132264892
765778910
297226718
1085821928
-60498581
182072022
1584180376
1180427077
1360208799
1440454030
-1753065804
-338452716
1014022651
1482505121
842952592
71030875
-19807522
996680161
2036622807
922880901
1543551955
731511746
-1350658282
856476261
1932331341
1965577977
-513158002
-118898054
1825870227
-427829920
139714891
-1948294284
-1265483015
1652728092
-1277477515
999549430
1301922128
1979154176
554685157
2060702365
272365215
552411956
1996052219
1746794817
2086107922
-622089199
104953262
-633608070
-1286404046
1376282447
1559042531
-1030677146
-76584106
260982114
-772708605
-533445720
2032249689
992976672
-1004128313
781299123
419255692
1037840806
501298773
-796488377
-1329453586
1101034620
262267280
-640110533
1470070426
446803447
1105728427
-1394162307
-1074568576
1218210271
-1378624001
1437167191
-823007401
-1635699120
-1496920545
-1914855437
-738372910
19253989
-2111049688
-592111328
424040209
1153367570
1728914012
-2030964650
1154425434
-851825455
-1435398670
-14778889
1264793096
1842542720
1357535527
-119331113
-373212990
1923907337
-965745000
-1299199234
-2108475408
-2113703613
486749651
-49881940
1654983787
2080418711
2108438826
-795581539
1250940531
-158714650
1470575819
622555277
1124910309
-806697046
-64980211
1638450429
-2096063571
1711688026
184490508
589411127
552906105
-1168911341
-2076946825
-1347257712
1711881390
-2093205900
-1307652185
219128813
-1019709537
1543900617
24004852
-19783033
274760700
-882450838
1571066948
-663864078
259935624
945999461
-1130919452
-138313126
942279694
-2087000486
1032812954
1513377808
-494816107
1657011366
-280256262
1127197508
-1045640750
-1157714236
-239652104
-1888455916
-1326956579
-1620374289
-97598274
-1848824123
-1983879385
-1042752502
535770048
865336399
-1442180437
-1507880508
1849973004
1358586654
193686884
-1011388681
-861987354
-1317990633
425210622
-1763746735
-283130477
-1739999272
2129412048
-114201291
-577077131
1279113284
-297096184
-1690161949
820616280
1883773502
-1407785433
872749525
-4069878
-164750669
-1509916496
-1586302100
-93122512
1866295774
-130963685
1586806220
-515427497
-1434997818
1291546128
400596995
550615881
-858325749
502952657
-435945360
1403999649
1221558242
-224297481
-1828158622
-415386207
2045654366
-1665196704
-327692289
1911243075
-524966160
-1284609689
1358708582
187431821
2111644721
657615190
-1891968488
1478639657
320837854
1912523544
-1601878125
165618740
-686604510
1122492978
-2100784065
1409781846
-1319914981
1918837236
1275589006
-639080430
1625040023
-662665493
-989801379
-1244310946
134725661
1313383321
1250432416
1750267766
-863342540
-1412283289
738588991
-1824077844
1444191711
607510234
594624314
-1502371581
-1871143066
-1835778043
646423314
-550772162
-967778213
1987653182
-1543213717
-627652557
-879622693
-950406636
410778605
829431972
-463170796
-356582784
-1081253012
856075215
-2141859320
-437841831
1569296456
2091826948
-324533104
-39465715
-1245607659
1344535672
914760098
-182040435
547600253
-1213320103
-2023775530
-917097847
-454403227
-1752513758
116729381
1649199837
-426013618
844955951
2011621364
826568010
-4363011
-1484941420
1361205584
-134962072
-542673570
-416690647
-2003020165
545650651
-1190922587
789653225
-560348761
-1422399035
-769442378
-1697588612
-2069854719
191158139
1500772295
-992867823
71780080
-1877560966
-1224032958
100186737
1622818718
-1877295461
509404911
316599377
1714427575
1706155654
-286191278
-1791466009
-856577425
-438435996
-1307970991
-726597185
1581521098
-232473896
1282827546
-2057267506
1219790871
-995471825
-1996763069
-1341338169
-1422298180
-720936491
259934770
1126332333
2073395513
-1821420534
1901862846
-405456472
-123461274
-1897661738
1386782998
-26369508
83395071
-175173318
743200993
1153104632
96179042
992527271
1523519910
1394568523
759047830
1138102195
2062699886
1426213404
-1400871025
-513742070
-1366748248
-1042445190
-482330705
408380834
-1553712821
1373169873
-818664304
1371421490
-638023871
1966472575
959526656
-673806364
332817155
-1913227098
1045771852
943559753
1231084928
2019444547
607189953
245951628
1957448771
1317085567
-40861073
1894790890
-1286942508
371984453
-1708630224
-1975943839
743404125
1416661012
-363090712
-1355555161
557231504
-1876896491
1237186829
1402460765
300785352
703140975
-1423379351
954444932
-1004590482
-1096587558
276163614
314403887
-830421091
2085193842
-93892885
-842276486
1749995785
1958746573
55493293
-311277894
901939228
1759831631
-725578201
-756389643
-1974864287
-1291142212
1450007301
-1476666476
-1293092571
-1482512626
-834169827
-2142882985
-993049765
-830756216
-1331043336
-1459651448
-1083469376
-335593206
-695691375
526868595
-1909404353
-1318960473
-2146440868
-2059227628
1004337046
-1440285068
-5408631
1606040082
25673272
1170644386
-1264357239
-483178004
1846073205
-1423629361
1898456272
1701248625
-1098609193
-371941224
-553835299
-647925387
1487609295
-2141100430
-1969943433
2120776385
-1059206767
-2010490182
277845048
1716867147
473351995
-203050231
1606919759
1491826086
1855941948
-1893485619
61307776
1131065019
301089011
136725525
590546031
759228857
48024470
-1954714965
24716062
530338889
1561286997
-146405273
-937396044
-1930620922
-393804098
-1679203390
-1261646976
1114192428
-1079984029
-418293335
577128764
1872575118
-1888872263
1282295699
-1742984811
-1304588851
-1685120958
-1272380715
227570922
-1508999482
-1013814290
-1448316620
-164433068
1024033612
703567294
1276614331
-1314027546
305082391
-1784872021
-2057163569
-2069595083
753924091
492712133
-1958013312
-802062310
-486200740
1890858142
-154581471
2007523766
104260833
373122280
2032986138
530629046
-1708987289
289074524
447211259
-1892661289
1726193976
-1979874851
164764885
552934316
-810188164
-1385656611
-131152443
88647070
61666542
13470719
1107167184
-2047943628
-2123022125
-950577922
956212214
1981194645
-919799000
-682119988
-1217321855
868480330
939740698
-834187522
334437533
-771424697
1534907579
74134374
-323072723
702492971
1971191282
-350754815
1668334299
720508614
-1985729870
-1128913645
-182435471
