1037956973
623202600
2027352346
537698711
-622991380
-1844347453
1410172219
335192974
-1531867160
-509412702
794024705
765453572
-1032292787
814347736
1563361635
499099112
315151940
100301989
108416652
-1281149502
1813528245
1161363103
1291318531
811322377
2106598926
361713710
166676236
2010714545
565278275
-1922375620
1745964109
568733704
2027312405
742135085
-1105556045
-1679263550
-590238571
1002046733
-1206699114
1448606546
350238699
1001192712
-1456664038
1067162490
-1978197933
1721076766
275816409
1182235941
1152923240
11339030
363188926
299227508
1653928869
-1994937421
1413345075
-1482714858
1915482151
-1913650907
1573082494
299569116
-1514739529
39183298
1186314600
-1247980149
1630138632
-1323076107
-2046840801
-1681770508
-25850308
445972598
-895698851
1293824578
1215395244
-2041560133
-355131192
-1674750574
-1494354968
-653595475
384266396
443035336
298205180
1154949279
1280128646
1889580448
-307347723
-535276421
289628627
492214531
135953315
-1332616386
-1877177911
-1961657189
407459487
-1725687899
-1318729899
685046697
-698305905
-1595695832
692913381
1754498325
-1090281304
880970791
172091543
-783129402
-1644703372
-1094613661
850967699
-870937036
-1515532843
1695715503
1485371828
1927740474
400768073
-234966298
-271099795
2010298928
-974473618
1249537823
1075153898
-1792677319
675345096
-177952993
-1784673419
-793223976
-1213118782
-1339126001
874810907
-136999479
128959730
811772014
-209576817
-253289970
-462193759
-1565788088
-528622259
17302343
714577801
1147006119
-759824638
-1355262906
-94015776
1603315018
1273914666
441318114
1518712981
-1293118572
-1469515014
188279563
-453544999
-797203001
1454755969
-939663585
168772576
-1585090191
-2054855159
1043089787
673858536
333386022
701090243
-355906733
-940861574
107915630
85552034
1794294982
-594789649
304990465
638634886
-1457860052
-633808843
2046105649
1486775709
-2014491982
-1309563950
-1055978585
-453607162
-218754007
1998358057
2117504593
2007155894
-1489477606
1329206524
-2122197350
-436488545
1884562973
-1003347662
1325980380
-426211058
853045098
498392281
-115730158
-1759258028
-281655376
-1032200851
851944914
2127186600
196175653
251035226
-507398535
-2141057972
334031326
-1866897473
-736945497
532206061
-1151096736
875642228
-1901635346
2087173967
590415222
-92226994
1674142405
946028585
308823364
241351585
1346704322
326560077
996000156
507838725
566554632
-1522808821
-1660514417
1458087005
1957221885
1058653143
913861191
289639957
1915328320
1976235561
1392310036
-1605473878
1550363866
400694436
-1123240252
-870392210
-733316430
-884766342
-956876746
-1754918771
-1255866
814888462
-968662991
1466412618
-411908968
663280602
-466888079
-587330162
1274651493
-1403963502
-548861949
595860899
689648028
845798025
-105185582
1757819196
-274519283
1875717716
423325312
-1280908104
1062628193
823299756
1822981754
641049767
-1860907958
661429656
1779890502
1204328588
1904095994
704001483
-359966434
75757028
-506036008
1056022346
-1570862654
-36372633
1751866225
-172758447
1615623050
50803853
-1233518676
1362138231
-696802374
-159484589
1858245698
1270340624
1234085401
-611770818
416919404
146564562
1073013700
1718182048
824181725
798693562
647633727
-865772775
1196648690
-458599376
675857868
547468896
1831580199
42198121
132447744
-1400714685
-1230435891
-691054324
1671084946
327978732
367051513
-502750696
663976054
-478552475
2003883711
991500036
1069060905
1707592285
848396448
-329823193
2055799374
410651179
-750801344
971266650
-1872876166
1554629907
628242011
2007203035
-68878517
1790983368
-1862857991
1098066291
-1353874241
-95216590
364174049
1226639067
923053506
-827298191
316724811
-454793893
-604962040
1300529696
-260076840
1576082868
1029989661
-1159447331
1820527302
424606272
1669474489
-1045781751
-750267553
-417853865
-956685224
-1463773236
-1588255054
2078449651
1609466634
1506941275
-1185100667
-1359902826
-1260162937
207912317
2025942665
103819882
-1460342138
-1519029686
-173407281
1039233706
-1887403186
1342359349
-1222901894
1476094529
-936033908
1784103501
1492989622
-1176544336
-497628825
251200959
377074152
-2009555660
1579944657
1926908319
-463938266
-1452643801
-1990938336
1161129447
227593193
1092054694
1800728540
-1400264513
-1910668287
2081679731
475056346
1740494078
1309508552
-985823203
1575821193
-960289552
-267126886
-189636259
-1495388789
1667874137
-419147132
1586672067
-1710216057
-843744070
-1415430597
1527725714
-1009759939
1327592146
594286159
-1589607705
1864971226
-769340313
-256548193
-1486812385
84402573
926168901
-1882585841
-540564870
317870937
-1968766329
-618000776
-1331415301
1231255085
-946372844
226062048
659330963
1199337521
-11901844
1237185770
-988516226
1139601250
-1021231708
2100908175
494807531
-956740256
-1126686033
1758727438
-95908638
10394758
638534110
1441379873
599216738
1833038395
-1054540375
1788189808
-256704311
-1537637753
-1972526417
1872948554
893303672
1548968168
1310849531
-851832430
-1131878218
-18417050
-449954936
1720748023
281399764
104570085
362751238
528461415
609329554
-954228806
-83674914
1010446021
1602839745
472973695
-1141741196
1788805848
1805709609
-2104389846
-61950805
1227113351
-1229597012
-540153764
-2081131603
1212364611
1857928875
725611766
-1883675925
603083715
-2114921049
950706162
319137379
844179191
-365470933
-1621759121
859983392
-562734282
539677673
1037021709
-1609752825
-913880391
1739282979
-941184645
1138336719
-598747572
-1105618868
-1749386675
-1935422895
-1488948415
1866332654
756351250
735613185
-1843813208
-1006698802
1022233765
1541245116
-840739906
1267145805
1597779395
820522691
-1355957342
-23277296
-1874170914
912417543
-221717426
-470429981
905179952
438927014
-1886672700
91774682
-710668270
-1345728843
-1415355257
-269720647
1728711565
1873835839
1450632268
-1026580843
1180024113
1298793102
11576817
186063291
1623909925
1688477864
-1111624786
1809964495
-859395713
1661819676
71337610
29316408
-1540114987
-1785347842
2027117583
-1435631173
-1826687980
910151471
-681921728
35481702
350736271
-1528751903
102917323
847796142
514091867
-47811495
-225637766
1038805979
-704423719
1730654199
-330716689
-2111179357
-1501977709
974328691
-1590897008
-306731243
1411728971
-1036439192
-1406828865
303803064
-1313252015
692440342
1553258574
-1782380300
239774229
-1728391069
601104434
-769753169
-836224004
1921961507
472523125
-497274822
-2007674250
522185880
-1172457615
1685309294
1576455248
348263484
-1104036038
1879737362
-1822967738
-1211806019
1827286108
791068543
273537756
-1926282680
1690383558
1510005894
-1056948883
306320650
-928069628
62505105
-1784735100
-1852865293
22267316
2006792968
1757264745
-1866516548
-503470286
-803668235
-2047599873
1327204139
1355714709
-940109078
511140301
610815381
-1516176161
-2047550686
1018531673
96171684
956135791
-1463934491
-604904260
-1287169958
921445562
669368881
-1566251917
42145877
-808262598
468441238
1731984242
-870473388
-1624472155
-1241801119
2080515966
1894509817
1408515938
-1911991556
-1313067332
-456415792
-1000061896
-2053449836
-703054716
914318735
90005064
1158406396
79296378
-1608903777
2025375037
1791550417
-1666620193
283322331
472163265
-569762083
-780391132
-1611278953
2000617522
-79009856
888542656
2054775523
313130133
105618893
-464075710
963719183
1309647306
506783537
962076329
1845965682
398109185
-361423782
-1958617869
-132387481
-1999831444
215352725
363601907
-32302952
-999039946
-1395437831
-103538329
1048877694
-368782157
-468560253
1375949129
-655525849
552475863
-1845086078
-709200795
2046087994
622321644
-409092555
-833120213
1049965368
-1711568513
2039419569
1611067334
1337630468
1435581083
-1565564408
255585900
-1578480987
-914170311
-1509767513
552678136
-493822647
1679266038
605235456
12785845
719360908
-633253882
-823986840
1424097659
-822558214
-1537072280
-1380266943
1108782336
-1817936942
-553830565
-195063717
-1696321177
-980000243
987470096
1378908055
561539357
1726209693
-1401714016
1937965517
-1915426331
-1159573511
1138532927
613218799
-307766992
2041374937
-1534449486
1737155950
49099185
2076330046
1235774206
-774666788
652627505
-1751839307
1754329953
2070892754
-1585525345
383446491
1368710533
-1261108717
1729307755
-1139143901
-1751401997
-321213455
1761505043
-223570218
-1408715579
-1208161809
-1919264259
-529596837
-1791036513
-1475077721
-2085277049
-1731385160
-1103536416
-1565934099
-651201188
1495763032
-734442989
312373301
1974693385
919667982
802336683
-1041038287
512670671
-76348839
1205072879
1351467454
1356779450
-1783298583
1106404147
922671360
952023026
-975584670
1845747528
-1898613557
406178896
-790918561
-1742639051
-1756819644
613158964
-1800507463
-610948058
588311752
-442344043
1710134024
1731537572
-176299765
-163992232
2124769129
1391359750
529056388
-1225387803
1329131137
-784189914
-607506424
-39898888
-767283006
892040024
1349946549
-1481292
-1169656340
822823064
985880081
-97534979
1360724439
-1934993918
1976121458
1077443590
-1796515474
982891654
-766999137
899876136
838489086
121933787
-219418185
-432598283
-1696957264
567145395
603961937
-1187332211
-1483306924
-171485135
475110372
-1217013969
-962403489
1801816471
-1857013399
-1763815150
625712183
-848132284
-1060709826
-766312074
144715181
-1487579684
-520314291
1820776693
1609756106
-1215807288
-1966299027
479216926
-283499315
397229793
180260615
-575306173
352129140
1916235367
1551729404
-1672999278
2060932986
832298039
-779762490
-1142014366
-163466911
627771965
-692117539
-908324401
-1279867279
-103290586
1732047963
-59731064
-1254650881
-716687014
-758991134
1656170726
-1323130638
2027259689
255199933
1722354497
210136707
-882559420
-1290413499
-1510178177
-1301409469
-428781458
1990201733
471119085
-752529822
-1492972686
398843681
763240529
-1821370067
-1208272297
1151901555
-1215229889
-1737069352
-1009508910
-1353198090
-963336789
1642954365
1858815995
908777703
-950910017
85166948
1310295875
-1802038487
-944605714
413386628
-523629403
-217186200
-772168887
1077686346
-1440661220
-411285631
1623991057
-1928902760
-1214841260
-1380608223
-326728052
-434636017
-865132893
363800748
1307585564
1829125009
238458938
-2027614881
605777804
-1354823423
-1088776297
-1788565064
614992813
-1033701812
1752321342
-1531378924
-1546551007
-969250387
-668245337
-1415855206
771528310
-780722900
-1168881030
-560457641
-1944828554
-336682137
335470585
888851882
1614260668
1366422676
-647427651
-264417822
-432028534
-131971131
-1644145756
1322214949
-1799542310
-329008018
2091955209
515765651
-59053390
-141387740
-784469962
737340074
-2020257604
-1381491545
-479570922
1521300203
-1559740651
625490466
-509300434
1469415614
-2021503899
-2055102032
1445124302
-37811310
-1383667153
1092484130
-303233661
640790088
-21287575
1358448895
-122558513
1720518609
-539095985
1370204619
1904364059
455770645
631645555
-447930996
-821133332
-551656682
667706392
-1274613623
-319876011
-1747563435
1110185409
1989469268
1780837292
1830145140
-782875388
2014073867
580406400
1056433948
-813732445
1363925210
1830519753
1688647456
-1249124900
1814180547
1959860321
367562466
-881829633
1190427041
-22691405
-642499851
409063233
-408429975
-913205839
-1829483773
799555280
1578329267
1163993611
1421575409
127275559
1468181625
-681941859
1990911552
1315344290
1310344221
1096046376
-2090084426
-1847906732
-864333136
-435223996
-2077788355
1670964248
269732464
-1341830251
-150070262
449036518
1331495826
-573508803
-359630591
745040743
1428340546
734819473
1696465239
1697141450
-1962354969
-182075890
2018669433
-1063867944
69606315
1649407117
1219931691
-1425965242
1894722106
1861334454
2128032756
977504073
-132892983
290491826
901054649
1055943279
-660531879
-1609460700
