-1636591039
-769700197
-554676742
-299627045
-1535481927
932596874
-1060498576
-1650173721
-520311593
2124415835
-2092468675
-1988329831
1120186354
-1235429648
1228425328
213375426
-71713363
1191756145
111854141
-993458356
-500146893
-1765364676
-161768997
99281478
1112736963
655615001
372585903
-1786421952
63115886
-2038293326
-108176214
-283433768
-1018557153
-381044927
1893927150
-1567885420
1466921436
1714241675
-1898692425
-70340877
424120650
2135054860
2065570168
-101386818
-317439626
113476211
-1124644540
378210211
546858962
-1974374064
1077406319
-998550013
-1014259843
574749195
1254577525
935798282
-1582596154
-368727529
-67947239
-1562215424
-1044625678
294426216
1138833617
-460134434
-1985811139
-1457124318
-1468069535
-1223293148
-237050850
954079378
-1385536571
-129118231
-1706424881
1293360225
2005237331
402520371
-345409268
1129111046
-645260255
772215944
-1828549350
1590808444
-1892683101
-1807668028
-1269640694
221150005
513885593
392232493
-1267011266
-2732979
-566043353
896539588
111151660
-1939593725
-1786594747
1343329757
692033378
-2134606236
1555246425
-363727374
-747757623
484044872
-399625439
-967138381
1299789869
981760130
-1739113514
474875744
283744508
1455608402
684703886
-502071973
141184077
1579722526
-6993183
-1188335880
1558591524
-77888159
520475343
756753560
1786611956
183751395
-164522272
1738614005
-1039613852
-1807864278
2008011405
-514378306
-1963496363
-1121127632
1654519518
846221670
-105592284
412145493
-909686444
1770530360
815585836
329961622
208473352
-217910610
-651122802
1251523583
1896192531
1939755779
685819955
-46041250
-691337424
701027335
884037906
-2021891527
-715634272
-1403035855
1365965486
-1703183871
-1675759795
-1077095430
1732284898
1916700038
-731523278
-1652989336
1074385120
-2092366930
841976825
1648130792
-626078602
976998753
-1465572123
1885169504
627122579
-1416709433
-394080014
-975445627
1594060554
1018522549
-674664391
-1988412823
-18339947
-725716124
-1531519079
631236439
-585301989
1748127587
1753537172
146311138
1829273141
1440985550
-1692821642
-1125598917
-193762578
398554816
-572292677
1027427011
-1972359734
114162949
-2083801422
-753489951
1613648905
325506580
1019291741
66030356
-236402644
1178796347
387484315
728976971
-1811841608
37561884
-1373933944
-650613644
-1203399367
1717731927
-1914490844
1370032210
-578732919
-501842296
658676274
535596179
-2143629486
1168514675
-582261662
1212332321
2061564880
128303230
-550834255
-1066290760
-164630565
2116477023
1726735632
-1813126728
-2075274716
-1048915691
1046518339
-864302789
-228652098
1611833883
-514563828
2071529322
962012640
-144989221
1700799624
1157314060
936591337
-545570976
1319172311
-1714918817
1075274147
113513808
1532330242
2031513387
1192766923
-1192650728
-246329575
-1942287341
-1475430192
-1399417496
1971561116
-1236734419
61638619
1398694626
1371613468
-1657141803
249691151
55026189
-1915312864
721513918
-74863087
1370148751
-1864065204
-940822711
426737098
2081296795
761431487
-296126439
-128820629
1481308584
1999232445
1464341735
-1880357199
1088564579
-439325810
415253906
570056042
1210854117
-392006491
-1342292359
-805709257
-1672111064
-1292075005
-1162679539
1660512914
302575031
-1445578531
-1980381791
-202650862
-611443548
1682331516
1205590147
-296028947
1363472319
-1428048796
-78300080
44457919
-1645408252
-1151997512
-1103911036
-1069737079
275952725
1623336668
1011999568
-1211037957
-1389505432
609688155
1778203056
-1315920395
1961694978
250680843
-130076484
-129409973
1208282981
-1444032145
-1464391875
1076629704
-1842438650
1169256028
1436067459
-754287499
1082787970
224699358
1985772916
2089003546
1355848915
1135620955
-1677723416
49965573
1861661630
-1177023495
-510735052
-1499939319
677127823
1541062717
-2073459452
1112506825
-1065087992
-1621085708
-1132230290
-470691018
1716965526
-91449259
-856615101
1686110037
-1720640058
-512015257
30324135
548271941
-533379850
1735837600
-1626275357
401445248
1484529999
-1439014706
1835328633
-1643832479
958244082
-337456326
-1271561352
1690238693
-1990687375
1643318282
-1150384622
-389578571
1470348160
-1758250521
-370770581
2056903267
-1158952469
24591071
-674855245
-223464204
1122566091
1975747723
604076662
590235550
-44357132
857074292
171851058
-779182382
1640654769
-1333139790
-255982295
1002884987
-1019996493
2095466710
-721376904
935533192
33950277
-1239650551
1601588841
-330414936
1077510596
-1122013836
-877722876
291153492
545428046
1073465315
-529652757
-293750766
1738536889
-679566940
588289895
-773742858
-1490911033
-1052407883
-787335491
472153452
1522698903
-1862387427
443545798
-422212555
-1211285667
-1909452390
-1922453058
-1480835153
1889176661
1029634683
-1459651493
1930820952
664273652
-705559089
2092179489
-692378220
-41674400
273029055
182388980
-270240338
3702306
1526153784
-1804753938
-782891492
-1441172710
-1712212276
-493013645
-1874499322
-1188338765
-1350208806
976452737
530885897
1999579734
902171115
-1521633460
1272203319
-583485149
-1624100257
1111678217
-1202049182
-2076501538
-147523512
-259055350
1180474778
-62916313
1473034901
93065994
428036083
1286615278
-272476558
991555786
-506840693
477496868
-694344465
798227676
-1073941558
1478036918
2133241567
162721470
675442411
1501490358
421214978
-241315799
1989453499
1207658459
-1127048602
1939528619
1685610401
51213867
-1837181175
-1109970829
1644507101
-976336138
-262887229
1255501675
-1366402796
1475513094
1909183586
-1971284596
1665218059
311238931
2086918422
-1377720468
-334085965
-305764996
1446744079
-498335205
1706947685
-525234892
-1768906140
566060336
1107497069
-258632710
707131702
-1267987938
1940913868
-1331817012
-1545696235
-1806803765
1067279161
-1455699043
-20172383
-334681757
-160688535
516136773
415782516
-796241048
432869776
609651384
-307839425
1412655629
1566445094
1913370234
1232122675
-17257020
642375150
1727630162
907626401
842423061
-2109227213
1079094077
-1392407068
-966308175
1720004948
1502545317
145615486
1314215623
-2051404413
770996946
-1250171776
-2115189355
1516169161
1955447456
-1288038353
-685893311
-1963328436
-1530164622
-2089144348
-896414488
-2097730348
1173290598
730793779
-1449154825
-1362898293
-569888310
1806130255
1144789178
-164665340
428743373
1217901485
228819762
-794931330
-1043458695
2045530598
917796138
598489448
1776034272
1409708001
-496552308
1253044008
-292793963
-594145999
-52284176
1953138199
1100027998
15991995
-1919933067
-2142748976
-1319013337
1744193435
-1114247212
-1103522646
1648697400
1041392199
-1152141647
1066353026
-669759574
826322933
847089972
-1666434627
-686068969
-866852806
604883416
1326245004
208366992
-1784237325
2065413762
-1588390798
-1779893037
-47182232
415202773
603620355
-672282435
-520891475
450649540
-179184915
-192856579
2110985547
-1926215832
-1433370820
-2041202678
757896224
1252058131
1990309593
51535446
-1627609469
-1280616540
1036115283
-599711549
49409451
-1218620388
-1819102751
1337689942
458063185
59986545
1746403751
-18331350
-1196729966
-1600060254
660484664
851893926
-130388198
-1320790773
-878677925
-119176462
-1934005889
186943226
1658619666
-2043586394
-1073738774
856444033
-1692491049
-11033148
-46993412
1689707917
1555006760
-1771414808
-46543122
1812569143
1660152902
-102147651
-303122182
-2010893735
1014248248
762654387
-1828790535
2070942820
2087677462
-679005714
-1009003955
-1997576847
349013635
-724155519
1185308416
-77055851
1786256506
-389114149
-1159044051
268012408
1750740814
-839499391
-1835708770
-1335044568
-1966943509
-796950275
1644632502
1534084138
99054945
-874189803
-1548223855
1192422098
-83461981
-1719991488
1458248041
631083220
1618158731
749065301
898170171
-1015555302
1306539296
689481093
297962921
-814550313
-942765797
1265687435
-624439519
-1294993189
-1353075544
-1814261983
-823411393
753523241
-285967255
-2003794507
591456112
80697798
1698921663
-774340260
1800451031
982737875
-43744949
-825746425
-112628621
-1343816226
735400114
-280911372
1444772480
-722376588
18149536
-1318346906
-2083490786
-393198086
-884562417
486872471
-1865097168
1131600572
-154257975
-1181512979
-735587194
-1054819770
1733372203
-194680212
352703038
170751474
-956228821
471230060
-1461287833
2095063234
1976521115
-672476533
-584891162
-22102929
-2056640850
-583915292
-1719235683
-1101339711
-35060037
-1691341184
1010871241
226379297
-99350975
1510959884
278954923
-30750612
-1115663318
-2108233780
649396842
1999331081
-91550637
1267231183
-1796822985
1689253181
382742092
959159140
-1947835214
-1929382467
1649654876
-1730291508
54622091
913590404
879707847
-1723493328
-406833300
515037671
-1980340398
-1136425771
-2035293418
-2144141595
-1507266298
-173337203
-1063919414
-609006909
-198059980
242140784
1288507369
-1799444008
-715254087
700741068
-596373282
-471345755
-1993928573
160482393
807249723
1010791976
333462611
-660076367
-1759339998
-1527085967
529536196
2003207678
-746146074
696500853
-1267165813
554228212
-396830223
-359900127
1146341631
-1991715326
-191880729
1734149554
-1869796901
-1991100477
1474736395
-1192613053
688446787
208008378
206872801
-180157017
-1701443324
247074110
1406405653
589080696
1647954464
1200560819
-1321119077
-1212719760
-1588293752
290721018
448330774
-831659785
-1501831893
-1824273622
-1912152962
908284924
872332079
1315941247
-1294967044
1052636935
262886781
1743058578
744364824
1563034255
-1412395133
969599434
881268757
1480667272
2011074612
1899621650
1149395611
-1582773440
-1145730477
-849088564
92919958
-1132374677
1809990897
833691908
-1132245154
1843404668
-1963186124
1458796264
2140370968
-910401995
-716123559
-486098568
80750171
-1216440703
1279621371
-514194311
-461513451
217739905
-292119916
-1925516114
161400240
-91728924
1981989956
-1752566710
1868002672
-394971269
1265987537
-1073587552
-2096093922
-1705722357
1058225647
-440904932
-931184918
153775717
-1059516224
-166084746
137651853
-685996876
-1026307427
752781603
554262446
129229589
-1089555178
1831343631
-347048314
466745197
1127404599
-1814637431
-1074901306
968796789
1102162445
672666239
-1878573897
1698540569
1255812712
-526543894
-641299293
1253814530
-790692127
-451699573
-1639424909
-392596111
348195614
1266770135
571796377
-1415341746
797065556
193663535
791053615
-316429952
2134376205
-313787821
-1553897376
1256712831
986532394
-101557736
-755543290
23377958
-37677525
-1062338727
296129172
1324060365
791484846
-1507998165
442416950
1377898903
1898313781
779581780
-120355530
-1097031161
-11680724
912836092
505946273
-298754855
-1988223703
-1016645980
-547066070
487165967
-1442877835
353397080
1544469581
800783945
1511461322
-40176352
-1286362185
-32799911
-2079434146
40612539
551020004
1484975639
326159392
384457871
-1645909238
-2090851471
996148032
-705971750
-1570721739
-1403724091
1807749109
1354156334
-1458574669
-2100518030
-253277574
-250765797
-561959503
-105335892
447275864
-1929779667
2005024293
-819715953
658617323
-492287720
1307001071
-1905244298
-249359586
-274917327
-1366579398
-1085583219
1812968056
1547698464
2085289256
175604389
-2101688484
-630999084
-1754956114
-1751941049
-1839594356
1716112310
-1583442245
1635828235
161425390
-722330591
-341726049
-351870423
211165331
-1282891760
1780212651
-1608020656
724635892
-642026216
-1228951276
1669344438
1964749182
250505625
894528540
-1219256976
-2029791408
266368560
-1255523213
-1599633149
-1675812030
581622383
915475161
-1517931718
-2038293207
826855632
-1625335800
120508729
-2106245288
1112673765
190979537
-754205230
-1213680022
-1149141292
1548033669
1793531670
-2133075649
1967454979
-1898363242
1531695407
428449091
-1859527410
854393980
2005510765
2069072630
-1178224895
-352863524
1253141662
629733031
-520514109
-1538805529
-1655834719
1759674754
1549895632
729031936
-1914334915
210118349
-22455510
-854891103
262624814
-1477944978
1251657361
-544271233
1817585793
-1822231120
1497919985
-800131093
365145889
-1885140154
2063372827
-1428881798
-314361168
916112271
-506917961
144398568
-2052742245
1874126875
-536718983
-17838535
1942779240
