-1648582236
1133591344
809965060
1342174174
-375556207
1033910240
-1517945156
-449621814
-663278099
801786444
1459287142
2042993600
-2024737103
1455219456
97424965
1763904797
-387297737
1163800763
-1321209541
774092572
-1479158462
-1110733795
-240381074
1192934064
1977173825
-1289327970
1879619113
-1612483180
-580906796
-1538716478
-1991958017
-1203044961
-358462833
-883205238
244494645
-1807385252
335158269
-2133612243
-674720671
843335130
939379430
-520730360
-1976779442
-201676353
1687485141
-1398656302
-1239018462
-1808992861
950264020
1617437971
-805676350
33954202
-363892871
718076630
-1124310411
-1390028782
1787412262
1265576093
-843745337
1851952607
1673934475
869438612
1088366767
-1789466732
1370044271
-1357562358
1890633972
-1685776364
310334384
1124231196
-698984245
1214145640
-981184888
-1038009422
1151119813
1998002386
-1161662959
-1363733329
1698242023
1293695777
-1630084854
428142180
1372634394
931237446
-563069733
1200268101
1699110085
-65815769
-1222092842
-946736162
1360766392
690205362
1303053247
367954183
2015151179
584949045
-265327474
1241474390
1230761670
2001660653
-262004878
282163668
921988611
1482971612
87686681
-502640140
828574802
-2040396577
1007854126
-1824716096
-1262743908
1390727167
1024128291
1362823509
1055202250
94225927
558825519
1779770513
-411322777
-169002155
-1361037158
-57068022
561458307
1485621749
1558170680
-1906096575
-434167333
-1680573717
-1315786190
660129815
-2032265162
1494790351
9405451
64460671
-1442211311
1399039903
939680482
1296674676
-332403842
-1129931312
-1208783628
-563492051
-837458616
1739324070
1379960677
-1533778289
-309731749
-1747647035
-977043393
625201635
-1763653790
-1924987898
-953561926
1972194504
-61023055
-1783313010
-158111811
610294891
1787466342
2103390493
-1100835675
1185468660
-1567449398
2023209123
-838956476
-1048105405
-1069529348
-1668373736
-1092138453
-774214693
1057837520
1674454924
60368940
-1802420194
2050999540
-2013112963
-626866662
1474849466
1984155732
1055794792
-46626862
-702631325
-1892774977
161977506
-1145257089
763267522
1744595658
1014877031
1415852568
-1289187412
-504853772
9028659
1821533229
1292459671
426262538
790291792
-1660797213
924344137
690520781
1077310896
529188157
1336185553
1763780049
-512099844
-1819233892
-917534789
-760482649
1193135852
-264658040
1856368254
1355555134
383161561
-1854020176
776503609
-541809786
-248954737
-1820192721
378483358
778202965
850322792
-1502475504
398186542
-754342770
-117273451
816526612
594592678
1298341247
-941314626
-40127822
-1837957191
-354812021
801447118
697903454
369566718
-294702584
2023588103
1179740942
196277291
186834794
-804017828
1822152185
1880964739
-1710070624
-1585688065
-1348834143
996715917
-277130562
919351095
109439507
-302153466
-1581619493
1141789047
-1502587283
-75406825
1969724476
-1730922836
268296097
-2114206006
1344191665
-2054873898
-288621961
-132605766
311825215
45574618
-1120202792
-832433398
1889215742
-535282539
-540067256
795216791
-727215036
202537780
1268832180
1498028913
-2093051389
-693636414
-2086800531
1804950150
-1704623761
772037634
-991310732
-584211808
697348579
-1820632706
465042423
1005686160
-1870179579
-1725971745
332726299
-399007061
374343463
1546899839
317075196
1980655477
1583986672
-1130954180
-1299753487
1939883932
279613755
776978575
-1240692460
-220624857
-648460738
1838952156
1326638849
1000192495
1773339887
685154314
628315356
247291725
-2024621150
-1020291498
517371545
1739831572
-1726704394
-1593287836
-799447177
1866460865
-1269117454
1205241239
1034352332
-2106849807
-1807267222
-517341535
1960930568
-1278780141
1607437223
401891165
1643453683
-691954339
-641274554
-1714834213
246170937
40785923
-782939040
-524287300
1667302952
147374758
403602667
-15460672
1454534583
-720222454
927019359
2031059357
-1922176055
643684876
-832948068
1695861010
1999538355
101010898
1252210186
-93051078
2085087227
2078610243
1131558913
-285447387
1588254050
-552722758
-1756245909
-698298716
1305332261
811918325
-1258318936
-1899637404
-1383866242
-660628141
-1332141647
1616152893
1162935152
193286718
-1339155073
601139148
-1854789948
-898477851
1299166893
-1421634242
-1665305778
-818016466
446474588
6760558
49075060
-1981176085
22206550
1706599474
572242928
1044209995
-1864505995
2130014706
-1065906988
1441727890
153906245
-1788317319
1822361294
1062330124
1712046824
-1713901041
338514093
-80957889
1843684666
-1338922809
-391032540
-1923024545
-1104187852
-1462814700
-400924468
1322414086
-1870675051
-1782375262
-1230006161
179590692
-209725506
-2126048413
-298369149
2035165747
233776605
1516391655
1548230387
497547951
-1262957490
930021872
-1458127835
-1918755131
-890312387
-1467204283
-1800617928
1946371658
286039439
-1484656954
-224850035
356717806
-493168126
-1133864000
537613705
696695984
-193832302
-1076412286
909510808
-1951904876
613905438
-1588119760
1325279860
-1787256684
1834129483
1033320406
-189773658
1073167315
-906841176
1726465471
719749452
-231055848
1926547987
791453191
1329827869
-1233835143
169768282
2017196911
-2006767702
-1456421546
-917558748
416138096
1218452198
1856540553
1134978834
495448210
89463528
1284052187
278606368
146198013
574950638
-430686535
2122549329
1964300368
-266060635
799331367
-28269685
1106204593
-1123291482
-860457997
674183871
-567146716
1513494340
506887726
1143545932
1706384672
737622404
-1665818408
198697637
-439334561
600355436
-380044326
-1458678992
753368053
-1198132096
1071976504
-1286006927
1103202724
-1549568119
1630269062
1771350119
-737640082
1888379032
-276080485
-1881578442
1289144170
-1454365110
-658584956
182752773
1438009563
-199117492
1142202043
-2094032855
-1017750146
-53618399
-2125151847
1767142530
1890445858
-1514476254
1184540680
-1519278299
881105022
720378310
-1052017284
-231413957
1068972094
-1965383133
1668070691
1817123368
-1153917602
1641809332
707701338
-1500392209
-619606085
653392476
1338072163
-1407643692
347578343
1565885099
-658353835
-1159073726
339473724
1493083231
1341897811
1150930159
441477427
-422673620
-653393152
1713295421
-567114762
-856038465
-818995663
-1373774621
-143577549
963271424
-1615670812
-1205888820
1568353330
-496194153
-473304975
89178686
858895913
-1368972366
-921297665
521155391
-325336625
29021444
814924089
-1496369357
-913583826
1923035408
371927616
-1745938743
-1697424707
972507046
-1939799838
-443482600
498867885
-1441491538
233148684
1710989572
-869204605
-1454155229
-29649795
-376684058
-2071649306
1387837282
-1046580036
-1839268244
-1419665479
-1568987995
-423151540
1312065212
-2108771732
1809970121
-235499747
1675207391
248476815
-1183781033
-1557220796
-1430836643
-1638162777
1679905985
956238574
1953976867
1273793349
-491147541
-1863396206
-937986899
-644889005
-1821747987
-307024283
160151648
885177777
-1746104041
489705491
-343132105
1820354304
-1816218572
739038635
-663121246
623046332
-2064148205
1972983514
1170277034
1841874064
-1630512062
-868369061
1896245080
-1777493787
-1716827108
-2084499794
1239211351
1725767611
-1286908666
450338055
473747160
657370300
2069851637
397333385
1768988085
-1428816754
683264306
-756215373
488590297
1871101800
985845089
-1995486694
1957610974
2012068071
-2060182849
846551128
-424823817
798722338
-500686678
-1576451516
-1467026161
-1985318149
-598800538
8181858
150939698
-1328958536
-387845603
1507617181
1186916396
-957464623
-1158030041
65830451
1299357039
915536139
-662725492
-1061958160
1837304377
610775493
-1472282938
-1192106594
-1204292362
1744540049
2029869002
-2125058117
-941058846
-1457737978
-1894320055
173167724
-340548366
-2140802349
-1455860429
-2002901838
-1729412876
-1073113065
-104504452
1932690650
-1199640332
-396108304
-1589646303
-1243346374
-1771010334
-1492205999
-479667091
891109401
2064036465
-1871069671
-1136601480
-222050322
54161217
-660198816
146327024
1028835533
1175105855
148461331
272596251
-1276616162
2033447756
-1021594942
220044827
-341109361
-1082160100
-629881928
164648052
-1345889205
-541528736
-46046644
2107089611
747953003
60109095
386057334
-92976912
-1955206227
465279361
1843015332
-1222277602
1056663651
-672930203
1859018190
141245313
1493301677
568960468
-2009792825
-90361097
236801514
-150871491
1550567126
922390042
100202091
892523299
-709754491
-2077712002
1050532713
1124299772
531408824
1318895671
1141275449
1179854172
-2127801344
1356381085
-312776515
1000848466
1382918193
1149836114
148159773
-1690131438
2122446897
1493193092
-1512804169
724825556
-619229678
1635413871
2107166547
531409658
900995939
1783176741
1160084379
457133432
-504615997
-809508975
435467721
30460528
1314499766
2025118648
1441388961
-923710693
931028667
1760214594
-1323743326
-1989199888
1432241053
838625337
-259445384
2121583102
1273388553
-1817478641
1800528308
1755500189
2085049952
-620824091
1388037822
-308182715
1872042190
-1028679158
23324937
550150077
-1636188005
53699521
810536073
-434234249
-1747229503
-1382888889
309075298
2011501370
238655933
1716349459
913913825
125625345
1249950889
-1389037473
404994991
1694406691
1751014282
1753818855
1513528899
1578431923
-1526509849
-1123581968
1354199192
1284891945
-755672934
-162627957
1368706080
798625089
-1386521623
-2094831846
-258336009
-535312094
-1739816232
874423315
115027803
448060611
995878072
1765452547
301817436
1976863626
85950979
1476242902
-336916017
320730421
-754275989
1085709396
584713608
957406461
-840885712
969554414
-748969017
-1308803336
-1182173263
613764027
95565042
605312958
73065030
-1540021572
1545393796
-930086321
1735051596
1272448615
-1267241659
1347915828
-736277888
877347683
195757755
559382499
1015788176
1200939663
-130130464
-885803673
-780537105
-1581036472
-367167724
-497936064
46997736
-1208132629
-1280669868
-944389753
-1543351818
-1635670120
-761685332
285280598
1581672786
-605290439
1362865642
-1200145818
985967308
402943426
-1309331564
1329376504
-1026873634
2127244218
568794139
-1767996935
-2050927619
-1985385991
-1668208305
102325088
-404854478
-1327049294
-609831658
1567143642
-447590935
989867699
-71865512
-631320919
-43175159
1719364843
-219687107
-1948310327
494872900
-1181074900
302338970
1951669332
350898351
-1844198350
1023676072
1352287526
-1602798187
-1710544156
-1112730378
1524776388
1269124743
-1895297319
623744928
-575385735
1890332599
-1878326243
-1365777983
-531683135
1148663686
-1188041420
-1065766619
1162697195
-1337538470
971801182
1035134531
-451708935
1746797493
-551974628
955432809
692259274
821041794
-1881571341
-1309600967
-2087935110
887213746
-732446097
1524383315
2063455241
-64423417
-1014535830
114014291
-1920087750
-1621283281
-910595187
-1970109443
-2106208835
-643186156
-2125086185
927723191
588318095
662888562
964400605
212882231
1708199073
1317301161
-267863919
-1478044804
-1886692425
-835007788
633925190
1432632833
1966970771
1828910105
-2137928909
-2001300944
161820242
-1993324478
538454454
119527444
-1863784683
310121356
-1684505444
-254132397
-413579293
732678079
272335263
1678424410
423032269
-577223810
2125797423
50758361
1455190866
-57558304
-97304459
954421362
-73735931
1019286846
663717524
-1567550804
-1309694868
1524683854
303390257
-1288207059
-1733093077
1907677296
-11259339
528547112
318681186
-481716664
1167862993
673131284
1921720914
1282969996
355531714
-949107810
-491940282
-2101792482
53351637
-1948105761
-869997392
-1390264227
449593005
2016888017
-1149872239
-1024347721
1852858820
1043665407
-1515483874
-1858767230
31974831
685799291
540631200
1737064460
1656168101
-638321899
-890110565
-1903411728
245534529
-602475319
878870834
585903531
-1679555962
-360105352
-65090103
587616110
1846067748
-1758375205
-645630740
-1003056076
512126201
-999922764
-1834493074
762878231
-454544934
-944877755
1420622805
-1073200161
-2142342510
1094432006
1728015093
966202588
-149482710
-125908591
-470580518
1604600309
35977578
-875087391
630511595
97709824
-73301856
-677081669
2063883339
855316307
-2055543393
-86655637
-1274358398
-815334246
-292622582
1408233139
866814044
-1686622486
1184978386
-191918848
-1044037871
2114748950
1966191100
166080735
-577106523
1722582081
-297996377
-102036818
556824721
-1106097740
1983025229
1310377110
2130502051
2033230321
-64603064
-1057026120
291790626
1959791112
