1636723974
-1159095664
-1146172387
1632281106
912260100
-845914699
-1098904469
871606796
906835649
835644110
460967722
-1171271384
-2095074947
1766918124
-774510601
-2134936044
456189311
-1832661137
937247664
929145981
-2074077934
-612409926
212506132
1944673256
510913488
-142006747
-122176091
1147137986
675241762
-2131877065
-1232928299
1952765109
2102760198
965957140
-2117628063
204238652
1586546451
-1656075980
1301731063
-1685801095
1840025529
1419676245
1180086814
-1570781627
292806605
1991004082
377647702
2010226569
822584901
547339381
1917533822
-1586508341
298517567
1870624873
1763074677
-1529437429
-523346105
64786163
-1700891388
352400080
1315099609
-1037252286
-1972996101
1650350461
-1525429212
-852232251
628905625
-933337880
-186859759
-986456355
108684848
1792684588
-1806869630
501332692
-527577847
980276414
732865502
161189644
-1505627260
-974251330
1314897357
-1454984069
-902863996
-1983806833
-322340288
954489686
1353628169
962229673
-2118919757
411038732
680955677
-1533420371
683217078
1390850933
1612019700
1203658937
-314191704
-1898535349
-1473804466
-369758723
-1035020090
-817428520
926478368
1642875790
518001507
-1554853903
1618849394
839572602
589939576
829008930
731929226
214621723
552896095
586864682
1307085386
-440617040
564997595
-787445335
756770006
1123823401
-2017085861
378135319
56577145
1710397249
-1321673345
-183721480
-325729591
1187334866
-774759205
1437006925
388819720
-2065692316
1572080890
-525508275
-1499705651
1844447494
-608996187
1759973717
316066019
1016975713
-474118044
534233372
540392048
782316553
1004805700
-1692156886
2097147481
531363350
1326635482
820984458
-688861467
-648216845
-1222863736
-504308290
-364195424
959914101
-385841666
-1493530382
-548782719
-105657298
-1573195517
-1271199628
-528765106
876300803
-387098507
28195940
1858863167
1280394236
-219774834
-44516697
-1117949215
-1445086373
1230159976
-1001972703
-1719121347
-1771586833
-194943038
437807394
-1054134471
1754815145
1538538756
-950118112
1557268541
1873930351
305813376
882203047
-763353320
1594903088
-1234707974
1562480781
-1420496603
1032121656
-288337558
1658670441
-1877973591
-1766730044
-549340161
-1567056316
-789633409
850176473
131759207
-1548682351
-894703882
1399567953
-1502298803
1138966362
787375354
621569333
2137393443
870931388
-1873915791
-14444974
2100959776
211322005
59950311
1866318598
1006380684
-1102331781
-2026030740
12450394
873606459
-659417873
-1443296580
-509081003
1994524246
-1764310575
1987511200
-2921841
1957706849
-575848425
-2117171308
-70665213
-73076360
-1982728263
2129937322
1600975401
-68987685
-825499409
2020641198
1135507780
-798724947
-970292066
-1216497271
-345903624
269367288
312414223
-10920726
-1765066209
-1165202188
300314593
-1827088094
-852415780
-251635832
457549377
368892751
-1128606737
401710097
-960966569
-1202920772
-563129270
104981089
-167211261
-277443192
1502924773
-796807927
201377480
-1245541499
1478800078
1629806811
1379855112
-1498719391
-1697083005
-1191591766
1656572017
1325413899
-1347143037
-1070767789
-1834745161
1707134031
-1624847070
-1688937983
-549471869
-230376765
723904925
-1583172437
-142014294
1611388902
-1505538451
1038377697
1537693602
1187168389
1475245791
458996424
-1819497423
-2537888
-1944514844
776257635
-2056293274
-1463900915
411979813
504905491
-2017297459
-1280204515
-289760166
-912263328
-409305123
-682560132
1856104668
-2097584903
-143386699
-654658787
-1533489288
-135241479
-96214265
231700182
-2143463291
-1041554325
1055274068
1545116040
-714485192
1412787984
-811423143
1092533890
-1733473994
2014369375
1003187400
-932158426
494564970
130842828
768016443
1064196813
234305048
-175713971
-514923163
-1393670680
-1604068302
1935656729
-1013155958
-14578841
95615466
-502590030
-455033296
1810978141
-715167608
-602064602
-1359272426
2145815012
219655548
-1470166384
204363109
-943792835
615713718
-1205364507
-1194225883
1061052988
1498797621
-1066120724
-2014291470
-1092666142
586143710
-512522354
-2085528081
1744264011
1318642830
548830543
-763843079
-1777968950
1409083250
-360535524
1749610527
-1839468718
-1656094059
386157126
-1138091694
1063885591
-450325574
212786638
-493637544
555242612
-563203477
-1977004317
-1421620218
-1448770545
-1162216622
-1409844056
1103839406
85497146
423214278
753610297
-1750421291
-493565284
-2101552984
948089327
-1000114903
-119457520
87224176
2080091363
-157642831
1689980108
1006741634
1246027441
1754996294
304381125
763243462
2019679613
-1654063039
1478824018
-980672393
796921403
-2123652235
-560588017
1395475769
-265528022
-1648087969
165712643
-1746274959
-888309088
-1897828964
524264709
-1918095407
-813785075
1092051610
1601022810
-1087638991
-1952243399
-265870958
-1680381277
-1314586971
1682656720
-1811973963
-1781810955
-1988403765
2038916896
-993154395
1977348937
2012557924
-1219645920
1710816806
772007190
595964453
-731591245
-1172630251
-646576580
-1215408177
487859502
1018314392
-2091699420
-1992777091
2133833495
-1872086890
-396147932
-967051716
-366100433
2108363881
693510439
-964136480
-2075116877
-605736238
1097550476
-1098330603
-976432675
-66286803
-623388593
-2126865996
1350699441
-484134427
-1792969114
-155359401
1852874485
736252457
1948708205
703512623
-551787648
-2055336225
1324688004
1966206996
-462939465
1998585561
772911479
-2097443
-155968940
-1039517626
2010285344
-2035455247
-700468375
-1810096278
283906569
1209563422
-1052137564
-810586991
-1646913707
-338940504
-613667116
1214979392
1631652319
-1240382811
2138394796
-1246247762
-1160475229
1076342663
-2117822779
-1237061774
-1710120611
150509050
-767337751
-71397764
-910598033
1480173552
1922905486
769170761
1656979207
1310219001
464670879
1459517266
-117578624
1410628823
-57302398
2135724229
-786364407
236387665
-1039837866
843744887
784003972
239796551
527163004
-181225192
839717039
-401829114
-1235449255
-1925453913
-518577015
1604420573
-815366055
1925020968
-2050220818
-1029287184
2068153142
-161577580
471045252
1768041803
-2044202631
-1408598511
-687525670
-925738182
204851776
1399223395
-335986995
-1183928617
1593621058
305408417
-1780731602
-592590877
1931572496
-1044894677
1239999905
-1536605991
-319365475
-669836069
717738951
145692992
-1918908160
416125818
374311583
-1550913216
-1318565257
1742296693
117776425
-1136203144
2135945135
2135022031
-1555990708
-585285106
-1718727102
-1125041831
-1832222728
1316026375
-1821394048
311304737
-822225521
1063065560
847260529
1489657639
2073845632
1441756732
-606700518
-658440874
-1256400843
-1079183289
1387442431
-193054030
258301487
-466962502
-1345985815
314225869
-1960152210
1613011097
-794630167
-1535735169
-2093740267
-1796267013
1229125532
-1934072619
1404020046
-1750352864
2121912239
-562062519
1052789099
-1300005432
602479781
-1170741453
-1326690739
-1717673278
180038359
-1242539393
-2011559671
1657895362
1818829756
1098812832
1187224007
-1017624713
-1773053078
-1395509052
891543278
-275077923
-1004113316
441232457
-912460163
658616015
-930590859
-1405952913
1522201019
-1057776929
-660326843
-1970801586
238788371
-969439895
-372671094
285844489
1269730872
-1904243482
-759911944
451321411
751743632
-1989620099
371913020
1046149329
-1679210546
-1591339041
1838967102
350577841
263970017
2013487699
-383555674
-796692165
1181591820
-1136825585
-1701063262
982666902
-1796829355
-179700534
469072869
1624556396
-2029489117
1784856206
-242185486
804669921
-1099577054
216898514
1889788825
-1007777856
1926919018
-142927417
-744430654
2099746295
1314549727
-188469774
-343884951
-797127867
-585377318
1452698106
287542760
659488305
-1911015416
-197750589
-844504196
122057277
-1615121518
-1884362565
406138625
-1641421733
-225239682
-754983054
-83596288
-390763872
-239475116
377410160
766384363
584260407
-1042060284
-904392382
1988694438
1598205591
258490886
-1729729322
-160821687
-606301960
-546154557
-1293686776
1744030244
1768953602
451092787
1755078012
-1558964477
-2113680952
1759585734
-637260115
-1373085518
423230964
-982181496
-1591586746
1692951747
-267703742
-595794817
1818118064
1507730062
304787761
79510615
-1875382805
1847478136
-410906120
406893632
-298316895
-1939563656
-361122633
-792893673
-1270472072
-1528024617
193316334
-1633116221
-1920927833
512975414
920704306
-1439554591
-646138932
1549258197
1774529309
886506659
1772268539
607581457
-1810822522
1926633973
2073831450
-633069266
-380546831
466521057
477280875
-661871018
-1276040631
-210563533
-1750729623
779076065
-1643852852
-591220128
-383793960
-1063282473
1343253061
1172468643
-2048054505
-497739086
1317789569
-557784728
-147592264
-661074841
-436817157
996117485
1245774418
1444855719
1918335449
-1036773593
-385446763
1901345378
1295827483
-1043523614
86788766
857854604
-1945830127
-855302357
-298364789
-70450654
-1969873650
1020303345
-696074926
948991855
201644634
-2007409943
739019470
1613931915
-1103703188
-1041949518
-1900623078
-883533532
-695600040
254941754
-154212574
-1497803392
-1354821242
684173151
28422774
508640706
520880548
1936622552
-528717727
-1468576149
1091994333
-337700266
-1423448518
2086120227
-1964619958
217189862
309114617
920732857
316769448
-427705959
-1717320692
968858472
1943913291
2096203365
-1061109909
-1464344228
-1535498157
423246669
1119918826
391594355
-1298682084
-1381454912
-944267059
58216007
-1617492486
-1100060610
-128974431
1828838764
-1874132442
486167873
-1404900535
144823030
1326046962
604589146
862158167
1181393213
1580645444
1321020313
1249128092
1180860643
-515895231
-250939598
-814450687
-1199594218
-1197014968
1505161564
1973278872
-344133614
-831597279
-1205875588
-1658550547
447146985
-1433207178
545807234
-1354669150
-2038887546
-1642767999
-90086253
1766850874
2061465582
-1105350906
-301237784
-484125388
141684169
1388223620
161676533
-1301485989
-1740607711
-2054988634
-622415923
-936801188
1544736104
-164814081
-2064942908
-881847143
-343388225
1329463031
-1739178923
515792956
-1584072331
458914303
-1845563066
414371726
-911330099
-2023070452
-93433078
-2029580664
-1462704636
-1359705791
1201264229
1754437290
2024221329
-1078448146
-497564586
303233547
-1833678674
440579513
876584752
650464177
584160023
1986960666
-146196983
45955362
-1683012335
-1885547508
1488915032
1318824250
-239560019
2085626112
-213980199
1812984895
-253056691
1390275349
1775103668
-1918105294
1025621095
1214697862
649273309
2084901991
442055304
-209926556
-1373725763
-39879849
-1483319652
-1610375036
1020848914
1287537077
-201977492
-1187751750
1485883923
958081982
903565159
-1199937978
941342166
9318869
1757546148
-144314738
-799007754
1426069838
-351745753
1600437261
350578800
-731036023
575811426
-1767952245
-210620979
1954225219
926148351
-982145394
2129441670
-2077000664
671181276
-420612592
19281571
1134509227
-1831034538
1059590257
-1953593180
322021402
-115934774
-1192499282
-2042087259
-1585162004
-175003047
-1378741037
2046012092
-1778120867
91501802
-827592274
1426702757
673455164
1920754292
1256659396
268762785
364387587
-2003091587
-252475767
1310866330
225396008
700898525
1047706314
1232102283
90169522
-1289692985
1483321709
-2106012386
240466958
-368184311
-1055489187
-1270867050
208420130
-1092929646
-1515849537
-17184274
-1313343070
1364291125
-1995146903
80135234
426303139
39843499
1447628947
1719251822
914767213
-116117026
-382699569
551673588
-906800748
1487081828
-2138481354
1472710947
-311028663
1033800265
1467111651
550824308
906457325
969469969
-1579334235
-2142099146
-1810256154
2090105852
152236271
-1975581074
368780470
-1300396917
2024625683
637370616
-2075621303
995240259
-266479441
1475163633
197357709
-10324304
876098151
-451785384
806804552
-2118105428
-1366161452
931864050
-1856187867
-228171552
-1055762245
1499573103
1876258319
-627925109
34291585
-999005494
-1351553087
1880562818
-1679051810
1812183285
-1663852899
-702371209
-1036106543
1831374772
680761021
1128341117
1602551251
156337352
1356714824
-1588056629
-875435185
522424144
917572102
1030611903
905900624
352096108
-407753675
1045558310
408874876
-887311325
1367842972
454258106
1894601024
-1939481722
-1931113759
817926379
-744447668
1374572821
-1236880361
-360263966
-824725182
-376009120
-1242371941
-64670526
1965055657
1890050545
-1850941665
-989608144
1611801127
58466409
1701772551
-1503227371
-991568401
-796081176
-1086354445
-2124713822
-1877500041
