-1019085985
-376398412
778581968
242148477
-1027572841
-464275199
-1301617809
1993876173
-778202424
-2135697933
279694184
-920376309
-201899453
13499807
448275485
615128465
554787045
-394123437
-2003750154
1824190943
634191772
-800613174
118599816
824746483
-1617751511
-1687753318
1715775732
185436125
-667262938
1461396977
-140542323
-2129733998
-43187637
1912814720
117895869
-22136065
-1684934676
-731386954
1168202024
-2031355295
562258117
-378967503
1760975121
-54779437
933431034
-764692879
1040113917
1759943464
-563518120
-1336972850
-187813739
-434947334
379438560
1148208811
-1868096304
2118130691
-1942449018
-1253968404
-1344343471
-1980638293
-1530256842
1123461028
1763809805
508726241
-144960489
1730317075
-826219472
-177377747
-1503395054
-1576382001
-286057151
2013449222
683806613
-126209472
1870877059
1011908704
-1657901677
1894128977
1589109406
1306592905
-400216881
1030429539
-1738910849
-516152779
932168026
1834288261
1729457787
7435479
2103447642
726337506
1980574138
606508081
1799947532
-1736919430
-152703534
1163359790
570225163
405832980
1000809138
-2020522513
1310343889
1709177203
876553921
1197274659
-931970690
-1745029433
-215149498
-837802853
-152701736
1897323878
-432604918
-1332731107
1522883218
1001222587
89744443
-1963181705
-1306164783
1092271742
898068114
1290892503
1450199531
-2030279131
1017159864
577476697
-1665087119
1683756954
1249139685
-1989410078
-1210080913
664672813
-1912559414
-1110925781
1218101490
456664267
-124481360
269626144
2077711561
-660474768
6055137
1268940650
1717903248
-636201510
1533057094
668502090
-1719282198
1673696894
-1587146927
445720232
-1869800691
663064767
11078173
1263089771
1009764738
-508639395
-1789260590
4612875
995308589
-1104329685
5663310
-1628867741
799566731
-1315623420
-183741183
1193699019
2120225595
1698056703
722770456
-1924435610
-418935873
-1619207199
1544186589
-838756936
-462916477
-1516529197
1271650397
-737762950
1095748125
1479845716
-1093409462
-557210703
-1380834091
1570950000
1376342563
-1173344260
871816040
-1729931726
1600882577
1113326382
-91484663
926181718
498680596
-47325924
-813572696
2139265090
2093148638
12297143
587944821
821826359
-1898666498
1098720092
-1498956633
13554115
-1480412735
240386154
429883001
-1116049286
1843688788
1934142997
2091624052
-814369307
2129746606
-534806919
374323955
1987244729
-1132692564
-1733943311
1138855908
-275926709
-268792195
-2117395542
-256695349
106915907
-15748033
93727090
-510736116
-929028977
77139434
1378970837
2130059113
-1261216101
465582957
-1029640342
-526868024
-942641474
-1364907754
-70849430
142527545
-168209161
2081214262
992526721
951262776
-1964390440
-45496316
-1747871512
1526889774
2022948545
964550593
-169008973
-1811825859
475917137
-1549663459
746972007
1495156285
1898698266
1068773337
796399055
157041408
-8482157
-1086239828
-547164657
-372991779
1280851538
2021328235
-1418733575
363442540
-1417953414
1533551715
1181227679
135393422
-2059045263
1220536841
-150551768
-1157420881
-1695492394
1139239381
1006495975
1398443854
417995698
-544081046
-1543266647
277935549
1158318828
1492396793
2058102093
-410826203
-242156542
445303783
-1189334118
978560205
747607542
-1150414418
251094860
1979147675
-1314719611
222483200
-1315163280
-1270143526
-1336523618
-681944271
1593827313
-1882357187
2010822674
-1951175211
-342725007
414056739
1878052999
-2003476312
549156957
-772957924
-1840502350
1906864046
1358846523
220371883
-426079548
1409068955
417677381
743049293
-1729505499
-1012710796
1572333627
-819164231
1437587039
-174869899
-436458379
-847401110
326240092
802264885
1628154935
-331350694
926610132
1382344967
1810572616
1415650319
-1578258176
-403069276
-12234043
237840090
945788563
857846022
-1372297934
-915880354
-1708442390
1199440278
-2069731375
1758842191
716134785
180526728
129640247
-1981915781
803149993
987427206
-1872270053
1113512206
1924198263
1923769483
-1199659663
-1085856751
-2007754497
-398497519
-65978185
1129314867
958673602
-200454801
-1292540019
898194636
-1915376540
-1423735685
-1478700149
-1202496226
197983905
748634998
1807737166
1654834909
-230826622
251566633
52375508
-1282969871
-1446061621
1523214667
804217097
989997689
-1823398473
394189605
-1138241631
127185427
1860399334
-470793608
791039528
-36309670
1590824854
-823884898
10961750
1794745007
804643089
1970760686
-130893912
2095179580
-411653786
-983393436
483665963
-1371624650
1659687515
-139991935
-1610861926
-2085761439
388614049
-425245072
348679851
-737924903
447570505
-1483217558
736037029
-367045618
-834529418
-856840870
147910966
102531088
-1214194092
1403734723
567195266
-1898915572
-895942328
-2093267487
-760653185
-685489899
742870633
-462975986
1373223551
-306748888
-458532050
2058036071
1323195406
-62235542
1554042727
295584943
99136253
1206490291
-1943147663
1357395826
852505790
-1355126961
1853341092
1647332461
-976040718
1503249154
1891613456
-398878163
621774656
878374988
-673861783
1525374965
-954105240
1804929263
1856256063
1002582756
185499799
-1781406802
-1741865103
256137559
-249714436
635009110
716122339
1289091212
610291354
-2147418111
1342351214
485488775
385863776
-384477799
1137470744
-2138652104
-1727994250
1349278363
-635622780
2040282077
-1419906855
-1658756067
-1546808917
-959797339
-1788929239
-734202863
-1601482804
1615612054
-1188009535
-758627637
1147613857
-287444561
-333249528
-405709632
654568659
437838672
1611157510
-814950256
-1333252690
-1631413542
2062201658
621701445
728629272
1415018642
1783696553
-1721642787
-1519082305
2113888202
1014447162
308410117
1285118865
879342914
-709407935
1677994023
2051985521
1174429643
134482521
-794181466
1584537383
1605873453
1326397558
-890582936
1610064535
-1799664310
2059568953
443564692
1916338997
-1130979966
-1269559162
599602588
510736568
-1871106471
1840517459
-2093895811
545944333
-954326697
-1466237502
-830256571
-1339220338
-1511543505
-1487125902
1234891989
-767658125
-215081437
655574802
-729807896
-17801080
-338429786
772113974
-1141584045
-1670680288
-1155063230
-881996179
1441357710
288845384
36779195
-1131282286
573370226
-1021992128
-1458086027
927326050
1057965636
709086502
-1806927086
1628619855
1563373041
492146164
-564251809
-1788523117
2109966747
-1170367828
5270384
966744455
-276770732
1694439633
1544044553
-1124211916
2014638120
2131943193
142232639
-1725459414
-279978656
-216822433
-1805249442
-533586032
-709930491
-503402530
-593315059
-1690715524
1986560419
-1987550820
-1667275600
42419588
-982334130
1893868067
1023143181
1391917973
-2134735895
-1842556298
-1421552847
-1390757374
-921445723
1306070339
-249069676
1320170976
-828847672
-1447539116
1864517755
2008330896
-1193875025
-1833657013
1359337629
518327708
1262283797
1699458958
802413577
118633415
565734805
-247089793
652285766
-325102754
-1374102675
-1095952
-1746973509
302014420
1486123396
1285628630
-992635823
-261834099
-2020567890
81245756
2119436630
-668789511
-1658909395
-1563976071
-1046875484
-935796763
-1347033734
444308133
70502658
914414605
1874850118
1633394760
1929953225
1080664053
419446971
-909899948
-534400054
791553784
-844954618
726597973
-418536337
538951073
1568318233
2078396390
-1053418721
1253171001
1586498989
682782310
-841472793
-269625184
-115767418
-258891028
1201979990
-1292024736
-1067748102
890284663
-2106199641
2111288318
137030579
500757609
822327077
1225857683
67242931
-1543528138
557238219
395037852
-1928174440
-1048201128
-81216982
1068116237
549579553
-556709498
1702617487
281624491
-1262271760
-335876828
1874016100
-158398309
-1715314543
-779200516
-623577386
824967477
1303037882
1930688046
1076416184
-346471907
-753079852
-123420315
-947073626
299459220
-1459853127
-1960262069
418016365
-1781285621
-1688649281
-470545090
419912362
1220995321
1787962613
-1149445565
1468264880
-280461843
1051622572
790722618
-2070711889
2090169318
1607657785
44237651
-552047343
894940386
295384312
1113450176
26347047
557495220
1381041298
1184891308
1542251268
842144794
-1062811773
-1442338965
-1139475543
-1426919410
-283988778
467005170
-1521244574
-179263908
-614621133
1993475464
-1588099474
2050301556
1203147547
-2063435587
-746962715
1896054145
14325361
-480466021
-1313727530
-1599911750
652642363
-1915098341
215739311
-495824649
-865117782
1868879322
1441526497
-466533498
1841967447
-1995896052
89823171
1122497599
557706703
-1141222224
269227191
318485717
-194261935
1235730693
-1488943477
1115901294
-1143654443
-1218289860
34340129
-813077898
-213842864
-412707986
1689023057
1973916592
19044918
311571919
-284308723
2054226061
-800467392
2080436516
1042958021
1875238337
-632643217
-1922329486
-1913126643
-1013131246
1182238031
-809612297
-1585813123
2136604786
221954176
1646589278
1050203608
-1163436720
1112383346
436994861
-506883472
-1607156438
-368698001
-74996863
1957893320
-351691162
2062488030
-763748867
819672187
40714338
1432317381
753769728
1989578331
773206473
-1022800497
228906517
-1360497188
898887720
818012943
1445545391
1596332211
1643801792
1229945796
148173333
1563801786
-1593800035
-518314146
952166811
-1385357290
574613991
-2072526208
1449193490
2107683738
1934988407
1023961543
-953675903
237422446
-209166419
1391237387
-1810300908
799611371
-1668081792
2079881956
-505373868
1977129161
293455573
-358339472
-1270362472
-373959556
-1219317483
-674956974
-911359813
342017498
858837241
-1848650755
-1458430194
-1013396992
-16322393
1922338353
155370896
623376502
660582146
-1118464571
-1321257380
1704146833
-1839724995
-1156040281
-1139305374
556708633
526329777
507886369
-1665919655
-715351766
1240973553
-109727907
1665998580
1658732895
-593494502
1539208490
506168147
1223565868
1569119598
-412040448
-322203460
-583452533
-1173706716
-1292922559
-1493899126
-1659583014
-379214727
916841665
738480484
582453251
-1213508342
2066759048
1489238194
202100701
696899941
-1343771178
-956180659
-1709041199
1147683804
-1739006617
1356541301
1185025216
-424413027
655457527
-2052109817
1779565348
2126277119
970124807
-283438865
548110964
614319646
-689888543
75625691
1442137293
179333545
-518980902
-1027581904
-1748911922
-1728304135
-659972393
116296001
-2118444093
1753995366
-1906269679
1977273790
429167108
-730961706
1408297756
156512618
-745938529
-319236714
524855588
1741098000
-1790069964
1337233004
-1303717510
1028092599
1965063456
412348652
1575297358
-1506473964
298351838
-1060679670
-1677525058
-832118721
-926588247
304242928
-51143665
-1685754967
950047588
883630354
-1033391047
690199885
-1760066
1944619390
-1065259096
411549734
-2074544239
1813554040
-2067260863
2600928
1673696395
1910166085
1601047458
1457744082
-2044874993
-497785273
1299660462
-129752278
1255830109
-1683829430
1043553608
817196393
98696431
-1227885540
476464221
907082258
-1478709722
582135138
-5880792
288167069
-1780667866
1802383785
354918576
-2086080078
425539581
-1713304389
211883669
288444051
-1868046838
176491571
242051084
1747653593
1671323804
-1723399341
-1614137816
1247342434
1601963737
-789153771
290761306
1441536393
1209453024
-1906668161
-1763134405
-1447052904
1415139890
-369443013
1863311240
125934970
-1063983283
1165967974
1199113836
1937914036
1511011737
594943912
-1815976955
1058086550
-1105064312
1736923780
-663499999
921332653
980780791
-1024214544
94307655
1586287227
-1375266854
987694632
796433918
714555241
1094755609
-861941826
261856841
-1161279492
831819444
1968968693
1406073968
-953624249
-1873399764
517689936
1867236357
512678304
-1483705819
-789846171
1173305893
-29642346
-1870572985
-1102921482
-38501890
-1373245406
1617659238
1654243137
-1366981230
-1698922981
-2015520798
-1891477610
-1289017670
1055200495
-1734332337
1755794474
1948318828
786361487
-2056038313
-2087613141
-1768873920
1104008363
-1629687841
1639028500
989909039
1933651231
2143858280
-214965695
545187998
-1823641172
-572762441
-1004783674
246512282
570838250
-1167523656
1908211579
1529872997
-577608067
-603152993
-1707287717
-110362063
670130311
1151670864
-230284274
-1874721493
-1105217443
-1519860735
-1660871997
426331834
2093710972
-1441934564
1961026627
-1516717560
-1970792003
2116370537
604545347
-660894271
329157064
-1150597012
-893700103
1660504089
1668996294
789725451
1735238385
1199548180
445566042
-1389189772
911268128
-1171361535
1082963409
-1227523011
481665849
1073267014
828203415
-1497596980
-819596737
-741876381
-1033482772
-1386376968
1839500122
-513288656
1423798488
1136503792
-1726276370
314997097
-465394340
825292635
-1528033046
728848236
-52021271
