1494613326
-137709205
1132026794
-1954017124
-2131801031
-1763436605
-1964219168
-980947649
352782049
-1338254643
-1626532098
1496202871
1392109651
-1798421946
-583258341
1329206455
947779757
2115303255
-1118459780
-483332628
1964729825
1496018954
1215909105
481167382
1838392503
-921594374
-1222547585
1790691610
1135287832
1541776458
1293909310
-2034544683
-1786123128
520712407
-2127482748
-1341422988
137129460
213292209
-1537363389
585248258
1755622829
768092102
-1519491665
-924906686
1014622900
-1548221472
752589347
-502678338
2055454263
1010352848
1068531525
1986599455
527607387
1085598699
1517795175
74669247
-1408239300
730793141
-1435227088
746324348
-480541647
42301660
-1182791301
909997007
1682791252
-1269265049
-1306131842
-1192634852
-765027007
-553659601
-467188433
2031057738
27537180
1721748621
-1746747422
-1621957226
571651289
-884491692
-1623679690
-1194762588
-713864777
-276118527
-1496376782
-891519785
-766198516
864481073
-1320412502
173025761
-1543678136
1243585107
-1586946073
747241117
-507679949
-665293155
1845331334
-1663956965
318977913
-870777533
-696964960
976374268
1410129000
-412058650
-588784341
1461424640
-1449301513
1928614986
1063802271
122384605
82201097
-1941210292
-630759204
-203920302
69634803
1889780498
-1535991222
-569983366
76926523
1156422787
-1906038719
819541605
-1488396382
-1165100038
1686799531
-730395164
1226455141
-33729227
463948776
1320732836
1837167294
1220928147
706485745
-692359043
-773525072
1489152894
2021432767
-1350909172
-492355324
-962331099
-2025981203
73933950
-117313138
-2066395026
-140316260
-604148818
22214068
-1322533845
781018262
212327282
-1868971472
-964457845
650966453
-1722229454
-1373128940
1122403026
1075069061
1775194297
-1744857842
440135756
1312070440
8750415
-44006675
404657023
-338001542
-94556153
-943888540
1686368927
184749684
-1142688940
-953574644
698596678
2114267093
2057325538
-263178577
1162164068
881803262
-1484786013
1335591363
-1752965261
-1029385699
-813816793
730219827
-193215505
2058681486
304680240
-815200667
-1067369467
-1852449411
-401359739
749825656
-2054228086
-238643761
-960880122
2056413645
1297127982
1024726594
959103744
-1876980791
-1914743312
249240274
-701850686
984572632
761870548
-1880885154
2059208304
-427104076
1918050772
1836785803
-733824234
-1297962266
-143617773
36929512
1560296703
1567934348
-1897150632
367925843
-636663481
1237842525
-884217671
-829126246
1605638831
1369175530
44963478
-508935580
710973104
-319845082
-1742621495
-1699560622
-743655470
-855543512
694636059
162075232
-971454147
-340228306
-1621832711
2040999057
1406355344
-299033883
-1273432729
-526234677
-1763869967
-652447514
667117875
671819519
-1340662172
2057600388
-535459986
963612812
411871328
-1640119356
-1745617384
-2077419803
1510541471
1791336620
-2078806758
1739632
-1834684619
-20216128
-1726360200
1862833073
-535105308
293072329
-1981823034
441952423
71900334
-1500775720
2015069659
1961109622
-373434710
-1637538678
-233010236
-1167106491
-558429157
2011191180
-1257950213
-692673431
1943540926
497835873
-1347327271
-304610110
-1957964446
995333986
-1802459832
-810157211
-1035077698
-1002362874
2124156604
1459765115
-2089858178
8803427
-1834147229
1018279528
-1734957922
1281924084
1510482842
-1340476113
1912654587
2030679196
-936302173
488305684
-795390169
1644601579
1549382293
-356657022
1864325244
1442539167
-1323306605
-1076102865
1413398643
-1565709972
-1556591552
2129625213
-395899082
963948031
1143782257
-798928605
-744805005
-2120251072
1222968100
-1044508404
821944178
488538071
-144312911
-495550850
1315200361
1950079474
-1553648065
-361925761
101293327
662482756
556936825
-1915208845
-1389092754
662466384
-1051972736
-1021567223
-1922474499
-910022170
537450018
-1533130152
870782445
595811310
-1959953844
-534154940
1976314051
-1472183197
-695152195
-1847667162
-1948269786
778175906
134366716
-1612802388
-394333447
1069749989
1427037580
2016240380
-2111440468
-208745975
34293853
572261151
-292818993
1919740311
-62013564
970411677
1520209383
-239422719
-1325814738
-569542045
-1006293371
652390699
23742930
788521197
-960012909
1962490669
493402021
2049353888
1435797745
-321152169
-47370925
-268571529
601597504
1869357684
-1460517141
283790050
-844439044
711306067
484219930
1151139562
-1592480816
1457869442
-2056776037
457041816
-1477921755
-1385077156
-1649427474
-81518185
1418112763
-902769850
-319037881
-817096936
983166972
-1653174219
2001594569
608446965
300561358
-1527197838
-1671415053
-516465639
123677352
-1320945759
2097399642
-212887010
203003943
1433774335
1730963864
958368823
1834884194
1028412138
-929552508
1281233231
-415565253
-1151591002
-1106456158
1614530674
-2003603720
654453853
-185944355
-599962516
-422547695
-1816429721
-1517658253
487261615
589290571
169139916
-1983478992
1884403321
1344833797
2042488070
-344805666
-186833610
-1632985903
-459234806
-40743685
650676514
-286708154
-797137271
1613432236
255237426
-1523374573
1872996211
-590829070
-105022156
-424755369
2119866812
2021137946
1171304756
1106000176
-515226015
-94242950
439749410
-1577480815
1050057389
59031897
37239473
-1141227175
920926392
127540526
-1978385535
-1142709856
1913130032
-1875824115
-397606529
774832723
1284826971
-1799610530
1717766028
928567810
-1003000741
-1275762993
857973852
1612486392
-116341068
1205698955
1570654624
868952460
-1371211509
-1528818517
403444071
-702955594
469353264
162756845
-539476543
-1801609756
-581999522
2138868131
2042531493
1729200398
229424577
65793773
-1327590892
-1111550457
-968058569
547968810
-1276030339
-398978538
663885914
-1884007509
-1497299101
-1657814843
1032228798
-1297494871
1306045500
-1476453640
742609527
-1638383495
-1990483556
-1234519232
-1137823267
-335789571
-262947694
-2099035279
790082962
-1188959651
969304146
-907147407
448155588
-2051067401
315080212
1441599826
988418479
1894147219
-2100512966
5952163
-353852315
-1632688933
1877728696
1946097411
1613334993
-119033079
902700720
904399862
1223092728
-1761121567
2047320923
-1941212677
42430594
-1275679518
-2119510992
539052765
-292946311
1892656824
-1268389314
562731337
919876687
-1375817996
-1013075235
-1926494816
-1865344987
-413128706
234776965
1254980622
-1042457526
1466244681
1814416381
-385017893
324209153
1076303305
395824311
-133894143
-782330745
1525070498
-194934918
-1968662275
-370960301
1308125473
904158273
1570271209
-665335137
299679983
1249727587
125174474
350149927
1064482691
-1101318669
2074487335
274356784
-300687912
-1911035543
-232609830
-2134065973
-1740452512
1137710465
-288989399
27216218
731836471
1874728290
-174294504
911108691
609228955
906734851
1500254200
469275971
1078959004
148905930
859775299
-1282933738
-887364849
1575390581
-1103299413
-621834604
-910251320
-1948075715
673014128
-59240402
-388145913
-1381458120
351990513
664946171
772686386
-1104315394
580964742
1810858236
975468484
1403988623
1020816524
-1422784345
-1093672315
-933692300
2130305472
320547235
1980600315
-73699293
810712528
-1932202801
-256361696
-1965135449
1981428271
-2116961656
1783621716
-1333014144
132781096
-1495503317
638241940
1340784071
1211316534
639081944
-877595668
-517895786
-363428718
-1773987207
-1662559446
1698135718
-252495348
227208194
-190418732
-1672153800
-2113181154
680742394
1306734939
-485814727
1627032381
-1213632455
2066829967
1012558752
-248785806
-1808203790
-359124394
-1480422630
1833119017
-735920909
-566526824
1528407785
-2042313143
-1752129749
-1223443331
1502036233
1114943620
1017663596
-1979560742
435797140
-1519844369
323288690
-1404085272
303147366
794717397
904775972
441972278
2097391108
1921528263
-187805415
756894944
849083321
118621943
130755165
281389825
-677553919
-887405882
1310996340
-1707946395
-1067037141
811091866
1219702942
735614851
257912889
109065973
1207229276
1027228841
-1804712438
-1250278974
-856705485
740535417
-943234118
-979424782
871570607
1444359059
-1690544055
1285081415
106309546
448805267
1606963578
-743263889
1695403469
-1866081987
1541970429
1577859412
-983168937
341268471
142366159
-1152545870
-1683881955
-847179657
-4644639
-2088334615
-1190951215
855516348
578319351
1006083604
-1007001466
-266902719
503051219
-672023719
-1103093389
1886309232
2105872018
1039942530
2108531702
1587176788
-1577153707
-1253801268
233003740
1097359507
213708835
994306815
1655571423
-221139302
994370061
717707966
-1717207441
977243161
525656978
1431504416
1293666997
1696312754
-362670779
-1954294658
2001630420
1139409900
881712300
2043168654
-349376399
-1566160275
1729402219
-237486160
204122229
-938551704
261337250
133443976
-927217903
338253908
1317529234
2053742796
-947389950
-1041922850
-968204666
1667495006
-1773226219
-1785931489
1121841392
1173223325
-1624455955
-789713391
608954321
-1065771785
-575992828
-1037758657
1734467934
109630914
754643951
1103825083
-510084896
1097569100
-2075864859
1148084309
-284780069
-88849104
1093739905
-2134217207
-625172110
725969131
1948105926
192087992
-988630519
-1125122386
-117710748
-1864190949
-1368761044
-1815873676
-2082132167
-1555785484
-1306785874
1018228823
-313993190
-248342395
-489706475
1780928287
1063992530
1899188806
-1045110987
-1974791140
-636599958
-766838063
-81528038
642839861
-2118595670
1068318497
392991787
-590375360
846739168
-1681021189
-1271686005
-1160580461
-362889249
1492069035
-737814078
1578716122
1924017482
-1976897549
-186019684
-1615318486
399390738
1794204224
637832017
-696157866
-1541244868
-1685579233
-568730139
-315510911
952883687
-1841674258
586484945
1190586612
1973280397
437818838
-888243741
-2038958799
-145740152
880850168
-1861272734
-579776184
2088320728
-780924442
43565429
1182690152
-144240861
-951571372
1528229316
1962609592
-1330166788
1672687118
1319731551
-112069017
618668391
971037997
43779294
-3466495
-101701220
1113421189
-1364095286
-1371740924
-756915189
2104849761
117181499
-819363405
-1354657632
-2039379598
-548606014
-1744163031
1085590344
-1861172221
-507024760
-1441273680
1085563826
1108513649
2147128247
1107428435
1867378010
-1966789670
-345234920
150508977
-590689342
-307996652
904043516
1501145619
1400684290
1382016481
893919584
-1716670015
-920111997
1096819040
1223504971
-1391416687
1488740359
626136005
679814011
1693114304
1367695595
598505804
-559154368
1274368772
-653985872
-2034654614
-2090852186
-1967971615
-1537044553
1405203525
618134233
-523599301
-1507090101
-239862682
549342917
-1858267860
-1322668059
526732205
1936077052
2097727255
27486378
2137296005
-802049571
-1363710467
531801399
-1043986345
-1401640975
183815950
1739675297
-1252454333
1724857496
1269291139
-983851849
12778765
-426631452
-2054871894
1667599753
-600458667
460882116
954079810
-1876463314
1025986827
-1138605467
-422494712
954955200
-1848433376
863694804
-1187673711
-1131143253
1906629249
1893758183
1994644314
-1811744217
-986180288
-22631587
-1935748067
1327188994
-1953003244
2093164356
-972376731
-1867197278
-300348413
608101786
-1624500892
915330378
534487133
-238960329
654146564
1687415452
482847212
1281741289
-602325701
818117214
-1119829400
-1606477344
-294247261
-1491224192
1924915504
1139156300
-368392631
-2026140067
90425911
-736460732
387221700
-1207184575
-1356793796
-763615511
1123859593
-37503701
1140422205
44651467
698831998
178809555
-1106224083
-1644146549
798757836
-650911762
1943266020
-937743168
1932805369
762835119
-1536933034
-1625981154
-1425781195
-1194991215
-2144545529
554341589
-1554401549
1036631891
-1253302338
-566447306
421229243
414495556
402576504
-482586724
-421296834
385996736
-1173560929
1785749897
117855146
-1189785350
-1737025925
382677775
1940731711
-173167110
-1751709208
-1129753744
-496032478
-803482135
1791637577
-144797688
1143701361
1991640460
148671676
99555179
-1315413097
-482434802
-1326069361
316222154
1916209632
-750789119
940606449
936771994
1534462543
1592363430
1144563436
839828342
972200623
-99717268
1547350418
-242435004
-62449177
-2001525834
-682875786
1966485143
786857106
-1351076127
63492702
-572823468
409562831
877008005
-2052585418
1424883095
-1767162028
759239418
1611120710
2025213399
1013049289
-1217366243
945509543
108640071
767411795
-739545005
-1196530445
-1522131841
-1101865874
-167030579
272884539
406691931
-732518657
1599243789
702839869
-142099421
-497359959
44832169
1957613270
-105180180
-1033971874
-1197497777
-227596619
384150845
-1735005639
-1118683896
2091626065
-2003866636
-354702197
-269711680
-487764964
695007594
1757059379
226682373
681352952
-1439204907
678177075
539284751
-229782038
-914377746
-460452737
-779842560
1221402381
1889111763
-1515086826
-488596
-1763079736
-1574499795
665311574
1621936922
-48646077
1167594645
-1245868404
-1427009268
1189817366
1885791283
-2143263542
-1963838276
1894939203
539932072
-102825219
-1107406168
1844367974
-768273107
1510181438
1412707344
-700299990
-740551172
1130955624
990080766
956530175
