-1026365001
-653255983
-565987665
285025573
-1131951615
2059353738
1653362590
1697486766
677161992
-694937871
1245745604
1190766906
1535469275
-259277658
1359730701
-1664469625
192222097
1749890456
-474498138
2142733906
-573783740
-1556630853
-845409890
-1119245775
1488119136
657093880
543071947
1306977438
855313437
-1783526043
-1566595606
-1120892074
335121737
708963510
1549710345
-1530927900
240601418
-102599182
-290107607
-155591560
-1275743645
-834205591
-298095842
902405884
993240630
-583158556
1044629690
2021619048
1139268489
-828534242
-1654873302
1746038869
-730994612
837411955
56840095
1398323408
-512810022
1490259159
-717245648
129210993
1575020927
1609429769
608613118
-672556373
1883635514
1384898311
1838219929
230306148
114894019
-854854204
2055599265
-878971193
-366801201
1092865304
-441437776
164584025
1826509457
892586743
1206679927
436025162
-2060450428
563954661
-2141138394
-935732723
241440103
1085770921
-676541935
1824148266
130587785
110621504
-1029066864
-938282158
1026799174
-2136222956
-1122245850
1639181491
74684369
-2124203923
1998890980
-154626674
-928976589
-585251033
1666586127
-874170363
1699207826
-1301096283
2101416960
-280569031
-941895242
-1945565947
-345015989
-1995009644
-1573942327
1556122516
1513799715
-1402808222
-453927075
-617132412
-1458444036
-73999194
968575667
2128893404
-1211665294
929085739
1229904442
1920208303
-408250519
611647961
-2005437611
-1007832176
-1162015372
1554985033
-724285599
918398789
76098938
-1342978662
-420121866
-1790471495
1647453335
-634243707
-1731130004
-1570857673
1418885951
53604014
184233120
-1238295083
-304396119
-877194179
-1468800777
957907245
-1100433302
2134949037
76180898
412440147
-1599682977
1399572963
814039331
-1161119998
1814779088
-1155355006
-743280112
172719896
316211409
-1653361539
1887224855
-633403580
2049988843
1802279149
-2141357759
-250980611
-1389667844
1727238435
-1622969478
-1996095051
307844699
193137921
-779326896
-1969740978
-726684865
573491845
-30066437
1552756684
-169482144
565055142
1035110557
234981964
-981840418
-1433397405
1563646666
735647541
300270690
612178712
1914910793
-1713291860
408204162
1018652946
450496540
-930280371
1554799210
-1657438362
-607923523
318928151
1979354807
266807806
1009448362
-1591028569
-454556250
541392628
-277640413
-169330520
144935789
2137705506
-1891694030
766777737
-1388393240
435341817
-1931779349
-1526498447
-757360776
735094673
-321840395
1125624431
-1450003672
986235906
-1164431800
1822557686
820755216
-586077967
-1800161225
-854290553
-179333122
-2073093523
653306033
-857722704
1884651858
939347963
1367607747
-109253580
610576425
-1795937553
1284086112
-1725469045
-1759317828
-1970373123
-2010399900
-1828540020
1657495050
-742737393
-691402794
604219240
722277301
200381528
-1744570003
620241114
-255978967
-1870104152
-438206379
-44473700
112922883
-295214335
-122979022
-2068963812
1811946415
-93397141
513960037
-1069104785
295425107
-1974180092
1390520717
-2007346555
1087996139
294144858
111305552
221858206
-48478540
-1155933955
1777907546
112140029
-1884801074
1539538510
156419749
335708122
3938076
1066535837
196145659
-1248895332
-836176274
842489971
-1492967752
16077383
-389868830
-1857414613
1687094228
562559283
1842975622
-239527993
-1157643487
928404222
-1080488382
785573632
117396176
-1023851069
-619251979
917401246
2050915129
-2102869365
-1409131299
-960271862
-1411879718
689585411
987273787
-1856599519
-934595936
1336044143
-1211966922
172379978
856589413
1312783326
1730910463
-855445302
-999899718
-1932507233
-1805024715
793568598
-1280705307
1812993523
-858828405
-100998935
-49697235
171312387
-2008639064
1405180887
2052261716
294795284
-157969074
-419236062
-1942145180
242370040
936273597
72503820
-1375449426
-801531193
-983013031
-1664932627
2071733007
1597096143
376076682
582071622
-222907275
-1872640824
-1911073053
-1165691115
839767457
704325963
-402946938
1214312298
-904389331
-2132927099
-1739699259
1225010234
1561158353
295562023
-494025460
-1939577486
-1566618399
-1601581152
-1000862977
-1253336241
-1265716711
600683662
-1375601697
1131955692
2106512285
335641457
1871588657
718826012
1033089850
-1581985631
-1246956127
-341792903
-726070799
-722421374
161001763
1904055228
751018678
1434931701
-30432422
-181471409
-250143372
-878875375
786373693
-926826720
1511415381
-1503589102
-133577992
-2070497352
864365887
245032593
-2033374449
-139369077
1239796129
-1158126859
-1784080439
-1716810095
-382372242
-674310615
382538187
-312522475
739721833
-1024468082
1106719490
1109566412
632066211
-1187901901
890850502
-611501272
-699456191
-305098685
849857595
-1636741138
-1000818045
-1091103298
-926416645
-1439223034
-1436524031
-1376295316
-137778703
-1989993839
605435446
2013301517
246541447
-347072
-1905647550
-1526785579
408689155
-1543436061
1731376619
1355896342
-1391007954
-527137472
-1739230236
-26142913
32176694
1621376038
46258258
1214294788
2049045205
267302337
-760929909
214378206
-1888268111
1766711342
810857760
-914629450
-72426490
-42404527
-1932954851
-1274550564
-233671551
1721657830
1701214607
1587543869
1358129775
-121292330
-43377595
-1937238571
-733886954
-1106893365
1276122331
158685794
-387047069
-710756858
-1722274060
-1348817575
648083397
1460213359
-657132346
1112976413
582783063
-214884371
1712988122
-818295698
596698692
-659545352
26923540
126761759
-1220856986
-827963541
-1153180943
-1863159285
-1121910480
427922846
1243516176
-281888439
-1785666610
-406848332
1510795251
597493662
-686734454
-1382356432
-763880954
-506595789
-1366828943
-1038334258
2127994591
-1364411513
1693105206
-1748636528
-729842234
-13147738
81147477
1005709846
-1802212232
-1994413157
-1032804741
597894962
-2061182424
843865634
985149732
1206075067
2118657734
492429218
1659638406
-666656351
520981122
594568025
-1082278995
1424316226
-16485997
-25881640
1108614630
1137438459
1946701875
-1929449294
-1309816735
1416984320
-1524157714
-87075984
1469365265
435850352
-1020621028
1880707015
-2036262441
1553389731
-1044506708
-421371124
-1401549090
-1062498362
-1180132830
1266296551
-2085182648
1481819306
1632053218
1924004679
-1746514167
-290216488
1958416302
1094245269
763590931
380958696
-281056404
-1690381525
388514995
1923899666
321078828
195478791
-769633990
1300126213
707894890
823950011
715673567
-1869883401
-450836337
-1129304408
2079757284
-771226627
1379333565
2074609003
-1602617098
-1507748964
-1846943028
-2039797098
-1246823463
1611699871
136049550
951420066
-1161805500
-271397334
-1711718822
918434852
-1272723703
-1016209138
664488904
384455231
-1363014791
1479541087
1975684792
-1555520935
-1388808443
517789508
56678553
1353329425
263042088
910017805
815812071
-34149776
1555636612
1466554506
-842621195
1016928606
-699612597
-1081410150
-938702612
-303254954
-89960224
1630225922
-1518476525
-2145898659
-584427587
-1133618561
-948519856
1403958063
813331606
1195927837
-1315549970
250810812
1458448830
-1106959159
-1857503072
-759796782
-309730870
1317448229
-191554363
1268011546
-85063309
-1362272869
-2048080148
-1780899000
1412850624
2128025268
42889115
1765710222
1647836260
401943722
-1041865396
1194310481
1556175972
899561531
-1837984841
-1444371682
1435952381
-558260544
2085663574
-547433761
874476739
531643005
-150901466
808060489
-1689011443
-1905347527
659781290
-1015367528
-809181808
523985425
-401216972
-452537986
699749449
2097856393
1415667559
-1545622184
-1450631264
790287075
-1455716361
1621357730
-2122269494
961483699
105993394
-1313671507
419724398
1246471859
-2034243900
-600933490
1509695371
-1159200045
-1952132810
200491353
1242095256
-1149348972
-692949321
-226518897
-1237958932
-1105318762
864898975
-1203579948
1645763168
-33660305
662963248
1548189413
-241926862
-1913447235
813877022
383094984
16465451
-2039843458
171494481
-473363132
1340699908
1086536094
-1015203864
-2077439597
-354962682
1593220817
-228720255
-2089793450
597041647
348586658
1529038775
-963977016
1416424732
-2144139572
-97134613
30254390
-1435002652
722312904
-1434456505
-129450834
-61608895
881910439
-171216384
1690313718
1487098037
1489681185
-619630118
-612955713
-160969622
-1574978835
601941233
1155021338
1714682523
672250194
-431885387
-428520149
-793270733
-885194243
-135705290
1631423771
464054963
1784163861
-761213791
-462895277
-2086404264
-198182260
-327093495
-744391450
-2036723588
-262557768
157677931
-1212340658
1896467260
1626074657
169180907
-351764902
-155025574
339145884
958027620
-1474754457
-1868760219
-881675368
-776978913
57951693
-509376745
-1008057929
1114730721
-1469034852
-908812291
-929987168
-2011924694
-1481064056
-1857921955
-1553258221
2091424188
756956961
1711970387
-1913509571
1906560602
-368712634
1354912060
-1357146035
922557393
2100393947
2008077144
834298950
1807399483
653279161
-1612866134
-2141702378
-1123323006
-447500058
230563875
-1993096216
1953957923
1443000069
1417590783
-146401866
1277795380
-705212656
213159533
1094038305
505049255
-1574874813
2013019509
-1774736508
1477340368
-1045117349
-1864147178
-1471422138
-1619313628
1129124864
465136302
1279468911
894960706
-2080256897
-809073506
-405604227
792000311
2055802299
1462576173
-974912392
-1060944387
866933605
-2002406484
377857092
-1685375163
536111210
529632987
-1681781707
-500799882
-2017229907
919929739
-1540102168
-1657770252
1784519670
-1346488188
-520650416
-629110875
1624772393
1647910568
463389967
929223344
1994045626
-990982056
-1552893946
615540103
-1681984672
-1661926635
481440303
-1810805465
-1640988152
192442218
-364973399
1352929950
239047692
-146320630
-1097375468
788169677
-720217948
-1263570636
-1627877346
-1458322321
1901581724
-179489442
1046041950
-822613159
730133831
1434442769
-1736406432
-1541820413
134217651
1539360274
-65680640
-1058608058
-17960163
-612738622
-1362148101
389609063
77098919
2082543303
1307864258
65148755
-1717949881
-1671970838
1486269330
-408575700
174791426
34717506
-1654760768
-1698928124
-909845926
1110780050
-723804071
2011148007
-1410670075
-1502609937
-1741684502
49324830
1902748895
-1660249434
1272887963
1676881842
1905963552
-1766102949
-52478590
-445208785
795563985
807289461
-1544661707
904884649
-926517125
-776721479
-1378887775
1915811075
165251106
-1468646859
-266983
-1670955666
880272497
877714782
1162888625
2061773360
1885273142
1200284284
-15806515
1426858662
1045494287
1953356614
1492698100
1323997067
86173285
-1279538488
-588375575
1840698490
-264866662
-791135092
-127485188
-1927944783
1504112510
-1907807751
-2053372515
-1234266601
317978886
-795454987
-1198623183
-1653552768
879497535
-1529616686
-2038658776
1061271342
155457663
93304422
-904058289
1221773466
57163998
-1834602373
-1992211102
-2063523724
-505011484
1761013610
782584805
-260567575
-694752893
742827777
-1376467917
-2144276445
648792391
-1844011603
495924694
1007635989
-1657915701
504894421
-1430321383
566240888
27824238
-1167835773
252190684
-1326466032
1732456263
-1123569079
289236390
-380018125
-1930620075
1006270306
-1335270144
-1989603957
484876027
646711318
2055715840
694070554
-2072504918
-102956957
986847779
1331662718
1929695711
1937133017
-1539511968
1021466742
491218512
-341308731
1106048121
832981668
-443408799
-279418991
-1171218797
1815013780
2008191453
-661830038
370966537
-943114244
634273761
-58626781
563379324
2091914821
-25598693
666923353
1116186158
-63339191
-1163361996
-1965899050
464945808
-246492834
120602506
-1900709830
-2067758055
554559891
-2003912926
-839925288
2142162264
-795711687
871642589
1339172573
-654339764
-943126108
-1791948056
764014775
-1684626189
1578674739
1771111545
-1368037197
-617802208
-791155572
-1559980873
1087097832
119724945
-1791545556
-1467821575
930486611
-902630848
1270513694
797886003
69475907
-759464967
1524079114
-1166163540
2138793207
-263146708
755510641
-154950412
1593043332
124438532
1289812534
1902466581
47233276
275511991
-1815970465
1560335624
2095111884
-583170273
-843040996
668836714
-459848602
-1114163830
1403505929
141521775
1959683871
1726915789
1793166512
1323323926
1702299737
793289119
-1099427247
-2116632418
901725156
-1292361949
86841316
385839416
204568737
972793030
845000798
-332817667
-1205760152
-1956428469
853046067
-1354753758
-1531466709
-1858702557
-940811236
-1051145879
4703579
250758657
706700058
649518554
1822825866
1563297198
-1771564871
171185587
-1794131119
1467813401
615879321
-1185934948
-28837005
2072142001
1766200361
-1234946274
-1409638078
1117484791
-1811718218
862836566
-846984895
2009934414
1847200676
-1865970459
1916232202
989250837
-1367361542
591791402
1414860657
1711050999
1449205795
-876894029
-2006869014
-1847822719
-692517646
-1037445393
1588583463
1303675380
-1529007386
1209903401
-50910971
-1846779556
484386991
-618565455
1073271720
-1020252192
1651646960
-1995742117
-809093148
-184802724
-1545565626
2005217581
510333150
-1621235412
1119296649
-1112579501
1322644467
-796271798
57422417
-981543850
-351070761
-2043724133
1420691387
1772201869
1804320257
