1810161794
-1491909973
-981099151
3912662
-1541487892
-987648556
-1916819564
498484609
1090070003
1230558888
1016834935
-861630316
899505037
1030293329
-375821575
1582702229
-1262872614
832077468
198933756
-1184747388
-51281050
-88453395
1233351494
337557736
-2069910102
-1438664588
-300942680
-993762524
-1858657320
617116318
-155559583
-1057276914
-1509314600
954833101
-876417085
238079937
254772109
1328164426
1249025815
-657338190
-274770852
-391156358
-1617872195
1737399297
967715565
-1023257009
-345020521
2054369041
1867901747
-268750847
-1314615896
-2129632678
-804398934
-931728898
-2054701065
679312765
351312607
-767178721
863289017
517372056
765429301
1828791835
878475182
793542363
-1056232219
23797312
-2026723126
2099480155
-247104442
450883423
12618008
777064741
-117314994
226360839
-931226661
622685078
1621915480
-717771530
2123764214
-328598550
2018019366
-1522153268
2118933901
-111905006
1993661482
329808642
-819864597
941100745
-1744690175
80738329
-1206470235
780856552
299760703
124083478
169309440
363302905
233590897
-222334931
985965199
980868363
-2142934433
-1961477957
1440733216
-425133372
-739298927
407085689
-874389031
2138589628
-1039376620
504274926
-975395427
-2024600056
568633725
1390510117
470636723
-1585603052
779431214
312699808
1806298025
-1750586699
1130927319
-1703396212
1270796406
-40864643
-750074305
-2035734987
-425689378
1199112785
-1144776892
959176635
-2017043686
-1295733447
-823898336
-731560442
588964535
94279031
-1706690579
1579133174
-987282498
142857434
441893994
-377735201
-381763052
1678082643
429526527
-2027273932
909152035
-1016145208
-1249464578
1487288705
1363998650
1533322024
-1527661269
-655508066
-1393226703
659560383
-351541122
171246625
834283217
-625410870
638550566
1073574420
-1048251278
-103308210
1847160785
649348839
563209060
937491748
260542250
553358248
1015749778
-686031016
1759202723
909046128
-1209636124
-1477375564
-288917388
1893247776
-114314011
-1910963049
771524834
1977830989
1196354726
1595629066
1907814596
1235146616
727882209
145175316
608643906
359656834
1924555360
1497709133
-1274833440
1936908382
-1175505761
2007319472
-1349495366
1673748232
-1627588432
363028917
1483328785
-457893707
637266782
424546207
1315071237
-212288181
1932396437
-1057494766
1787604900
-278130414
1272390145
-185284888
-535353822
1686833068
1330420468
1665881412
1177487210
-1386014142
590596748
1419867878
190061269
-737587968
-537359596
-1489303104
-924886216
1067882434
-2026404438
-1706565430
152751652
-491411953
-1150409438
-1170798830
-479655064
-1589108155
-117681366
1267900438
-1394657062
-344391658
1117938606
-1773602475
949780054
546601522
1097323133
-730029789
1582708231
1121302341
-679626964
-1086417219
-683647771
220547620
-780528838
-1909266532
-571603075
1262682434
-680042891
508644877
1161682680
-864503448
-1032456805
217621761
421718613
-1063573595
-1340911805
816137505
39462904
1375260290
1636113149
-1794662619
136428393
-601451910
-788222280
775530342
1628353364
-358833752
1153001060
-609818959
-1972720681
-636640574
905370072
673465437
340971773
1737318213
26086644
-420356705
2087060868
-130327311
-1069613558
1580367388
426258918
-159835528
-1085655431
-200700481
-870514794
1039852401
-1627897445
894011340
-1258519414
1635610514
166145504
-928362699
663266041
987349278
-1840481222
1226830892
322052453
64222876
2086412732
-1168130311
-81215780
1922630601
-320110723
220894220
-1167997062
2074772943
326202562
47252821
-606802639
1530341045
-722276517
1373021395
1755801804
80823321
1014865485
-1377866645
586786608
-1453535971
1808313009
-865382662
613156581
1932037023
-38954277
-1953413459
2025023956
649481388
849986493
1898738831
1096720210
-151479243
-407180147
352527715
1132063324
1963198467
938477734
144232371
-670160860
815603176
-617534549
551116584
2035112652
-269772490
1464867826
-371367652
-1114203024
-1674677387
228927262
-1729370515
446152298
1456720975
496114957
769142420
1347623120
152231119
629118197
539389941
-1288417727
123038154
-1366892343
-12299912
-1916336159
-1532925539
-1254272288
-1126766249
-1706103391
1477103896
1648081368
-437693127
-1028628797
440449977
-649644360
686047104
1309519517
315122460
-1397829292
199747039
-814421604
1856739762
1036218101
1588032814
875980427
612875441
1233522488
-2055352703
1799137301
-2025500341
1543664438
1449199990
1027756680
1485816097
-1819634971
-1797568562
139147739
-1045960198
1365869757
-1383813570
1670499314
1537438895
1709882270
-1125935481
-60138721
-1697241239
1274855152
508907204
-994964244
1396811535
-477839092
921893378
1484222743
683367417
720025562
1133209109
518456541
205483497
112974778
151251625
1785079419
333646650
-1682198361
553624983
-781501199
591884121
-359006823
-1966233479
1028265992
-762160012
-1358539221
1335094144
437767318
-1861747598
1413487230
-1581901436
-1959161600
565009698
-1714679460
2010417500
795237889
-1290142794
568787104
1555101807
2098943912
454169458
450815956
-66332021
33505959
1105896351
-353189606
-496610572
1152485833
-732733242
-973935536
1338124992
-448423996
-1557002982
1255843951
-717596575
359893297
603829301
1211973427
2145643651
445872855
-1346345465
115853056
1779464216
1091106863
114265354
-1799184636
-603439184
1058557476
1387031482
2097940888
1877200909
1148700185
563072324
-927495957
-2037266442
-393540304
1596724605
-1873550879
1871637323
1666665417
124509205
-2104235720
-291253415
1361228105
-1717401844
-1783333140
-597897105
110786588
1074239588
1488739293
-601501519
-813259268
934060823
-1707567698
121462827
1958939762
-2086069429
383974639
-1018227159
-72790627
171341251
-1177699971
666305477
-1584404175
1193953945
1803667752
-1972045888
-843147838
467889962
607405207
1458547605
-1015518654
2090482512
-1190097304
-904581685
-1195336760
-850170410
-606875493
-899211894
361157522
1622697000
-791122896
-732525711
-1103863475
1611569482
813055757
-180579418
-1402745453
1219731467
2005328933
2121925934
-1121939276
1881279609
1982550487
2014947965
-1918570056
-1495859049
-1243448685
-1141504176
-899133020
330780749
2128008131
-249782341
1219520252
-401706849
574809831
-1741284227
888941961
925935137
-349482750
-832839525
684166748
1600988842
-2119248844
20505643
-191691758
1402217031
2115198888
1054664816
-1207255208
807397235
1505833391
579229991
-1512239183
-867199356
1003190317
1058565920
-1282927498
158668903
1320686387
-986159089
-480052706
413093007
1143889389
-2023364701
-1062778945
-1813732822
1934565822
1192220120
-1098710827
1545703573
100013993
-739750263
746889025
-1589533934
38247410
1070560840
1480468883
962661304
-1628211196
-1764341647
-1106450037
-1920994902
1405085333
-648564100
499615452
2019552907
-75614713
-1489530733
736922164
-1061720271
1119661329
876371812
-116945800
-1838290024
-1918921314
-411977929
396596820
-296801768
-1585081867
-271653822
-645565454
1406337498
1119461401
809381948
-2024734456
-2139467640
-843616398
299282735
1449701656
-1961289917
-1263735636
98808210
-1207511053
-1703873830
-282187810
393348502
-830179714
754869047
1908340975
-1093869120
-893808712
1057920540
-282589643
-304544073
1470056955
1801103631
-1664937634
-875145633
1042047105
1958778515
-1086017901
-285399515
40413481
-58637672
357026266
-1007820132
1610396283
-1293002189
440508091
-1019291575
1959706089
938080913
-842332634
-1378011718
-521233833
-2142940375
-2104082797
917740253
-1599724835
-1138051279
-197750166
-1000748658
2103207371
-325922222
-447643482
-1514779791
1758836717
160167070
388451252
-1716248319
1061894159
2081794497
-237301088
-1581527575
1534625475
-608039050
-2134845325
297817746
879146593
762421053
-377872938
-727317764
1135064910
345333578
-1777340166
567409361
-1809464191
2125377216
1673762747
-166785353
970888259
-1199365858
675100675
-1478147355
974803253
-1192354567
1196565100
-616108295
103456663
-710856213
1259512617
-212891897
146682566
1438603723
6913318
1207788021
463058694
743348510
1922397036
-896462587
1095701378
71217868
-781744950
718412978
815286416
410706710
1337376177
-752731456
495676984
-1352149561
-215694241
1581601166
2083624694
-1987163223
576488256
1096146094
6462143
-364502214
497456528
-608008521
-328987071
-834881377
-45786556
-1616180135
1659497071
1374474457
-70987478
-1950368591
1039902780
-1731361738
-964123057
1311255261
992531621
-933176311
-22736992
-2094340909
-1163632395
-408807523
-1783275309
328811374
-91344060
-421606298
2980231
-1952471095
-2044282048
1829066105
1859219881
-1144276528
1780518703
-1457109443
634464282
1226800147
-805284556
-1467100062
1069258638
1193363677
-1698988848
515206418
2136479159
759565445
-221606741
597485927
1941037217
-1592504061
-672397164
-501344740
-276521377
-1389105467
-2027867194
700744326
1727967975
747075267
205402989
836684484
112758842
-592860719
-1275374232
-451030731
-2096208697
-1241870029
1309507407
-915825878
-1711551471
-1509094282
-1834481226
-35994404
-781228657
-2063669123
1546292147
71483552
184972754
1414714329
1356946077
-1147382440
1652487661
1468318814
-1444429290
1751191596
1748022544
151429618
-676906932
777493882
-87789450
182209192
979309179
1882864906
-982907519
99304460
567573941
332645766
406659618
-1752977984
-217923611
1344596776
1905923966
1726826823
429917457
101367221
-2028293426
-836981984
1036729566
2113573289
-166903674
107079958
-931410855
-34158413
1807097273
-182232618
-879486988
-182243997
533625787
-892585534
-519820851
1570166305
-575063545
4212996
125433910
-1938504863
-1391396253
-1969047836
787550321
-2093765356
-289352895
-1689260450
1414244795
915452769
-1693760408
131012591
1161520267
1596974740
1022972371
-1401330513
2103458331
-1331111338
2061887705
1105360548
-689414105
-1527990242
7861133
1106147924
-597416716
-153713433
-1499480473
-2093496933
-2094200941
-158495197
-665676765
422514623
-1779462042
-798150161
-1458981911
444503745
-2116309533
-626755961
2058880429
250201589
-151545449
-369941253
-1371787048
-1486343724
-1991407250
1645304610
-779421401
-808190703
1835839793
1034537167
1546126803
1047591657
2067421263
597560386
-79595790
336798399
-828897313
-19930655
86306077
1828727015
-500165403
-1709106392
504031057
-2012131135
-1643509037
-687370020
-1063281894
1415040010
228375123
20022406
-109139219
1188510574
-802426813
143271199
-1740022059
-1492179872
-1499719423
-2085278969
-1454029998
1933930542
331764711
-216809668
-1570024835
1376864335
-335824103
-288087609
435030896
247915519
101639037
-1934572679
-1807803420
-10872051
1613158666
588957399
1168343066
-1521036813
-720430266
-1697178542
292502783
1844155175
-1746117111
752135611
1882200202
-940316240
-1133112698
-613069579
-1071582103
-810200837
89193611
1139431915
1000713947
-1747268114
2032621575
-656321596
-215372321
-77036227
232739533
-221525675
-1598457714
-702422275
1209589399
-690922281
-1907227963
1165109110
2015895372
1261555417
-1972990202
76574012
1163000197
566772855
-1563932001
1083538560
1080329549
1589656780
321456140
634060707
136145192
228583844
606387097
2078338315
812409174
684908406
676568651
-1808844230
700479320
454774928
10558208
-1862849508
728935859
-1241561196
-1505629739
939055263
-62315533
262837538
-647627321
2061938057
-96864526
-1659542314
-697751396
512364677
390422874
1170910581
-1844471549
990473342
-2001543065
-861343646
-1769367814
368132143
-2005573391
531299414
-255057297
1185350138
-231294807
1198368591
1451382826
2030431481
1724575650
1359131593
-1833582359
357763923
1842355731
-1460644565
-2004226356
-910749232
1044898394
-1472198780
-1974858509
1833033902
675525444
863415926
365774181
275037620
1267569291
444280690
404824371
-1207067768
1573577631
-1223689435
-407419172
945750589
-969971031
416758321
273038067
-1079677648
-1850558516
-652177120
-1671231745
-891014637
-1994751315
-1589989483
-1462506847
-1335802550
-1773094347
586292931
184187644
2067296117
1084509333
260703011
-1598696368
578013261
872409994
-988625567
1392755176
-273642829
-435007262
1875760790
-407764938
976524806
-1575499970
747439036
-807469765
348795060
-1196623080
-185660322
857455404
-1543708653
-1324394489
1581412495
1878440274
279669105
347043393
1123199516
886179633
1301303401
2034130017
-1946991356
-1654331924
-1633458568
-2136565397
1860143912
2087427047
1145847759
-1645315316
2109519678
470703790
864461162
168879141
-239607029
1689417493
211237984
-1196521590
974660817
-8977505
-855618947
-1840149754
1328582661
-774832861
474669069
1293538978
-844821179
550527404
-1221392646
-45575130
-602915448
-288183903
-552470759
-1182424352
860347542
1275390757
-448593984
1260520355
-480225605
-1957015616
-789252453
-179928814
610764215
-1329479618
-1297924161
-2027022306
1691994360
883944151
-930168065
-1853889332
139717898
46204815
71328382
500471611
-902326706
-1484259617
2141439621
1571796197
1360995049
450287253
-907898217
-1678431707
1012479999
-1037661960
-971679807
1164439544
1400073761
-662525393
-782182347
306629127
-1268854525
-1329627166
-1872007143
2028495076
238036594
2047307553
-1233143908
1468546196
-2144784252
-1472797563
1080996427
-1232444595
1708613392
-1622402412
2073370529
747872384
-1259887520
631399017
462209252
-1758414824
253124901
-1308175724
4958254
-710473212
-174220374
1395556414
-536812343
338520563
