-1628653065
-691814059
75344397
-2077784804
1105600636
1871344698
-1579459253
-1472360460
-1690376168
-1201522490
357625592
-298543342
-102099437
-430753649
1820966180
-271514494
1367566401
1552469014
2024962956
-1806519992
-1478269493
-937642436
-1571046409
1117966332
1272789044
-2020203788
-112060190
1574792348
336760987
499998009
167503455
357733789
818552125
92303426
812027193
-28802493
1064915774
-957077516
1999369308
-125220302
-2105896792
650126488
536517747
1281098307
-545989965
194770381
856773074
-1707978085
-1819624378
-336695104
2091489431
1196481018
700057790
1111471513
827995915
1347023440
-164722963
1958844472
-1355972019
1736944277
887474276
2133418016
-21147343
-1399125543
2065871093
1917916083
-2141144731
366210970
-971804045
-507133281
-1550452011
1778787669
1844773051
-1345617000
1419066704
-912951969
1076576760
1538726215
-1952512917
-1121199372
477462305
1074295425
-714900059
1528438672
-1915037498
-1129285188
-502395701
-1282115203
-547175412
-2120226882
-346899810
-1929248851
1265226742
1701055894
-1215206990
-709949751
-895266075
-160314928
-218303080
-1398817911
702312545
1124998371
-1242390465
-1321103802
-476182759
-557379346
730886551
1854882764
-2129248472
-1670977373
459238774
1260699509
1015255193
-1552496253
1993393087
-637740430
1257171501
-939174581
899374784
-1201349525
-1684340645
1572398766
-1527155748
710306123
1298860183
461137219
-1684276631
1210185812
1709401303
915465408
-1323029285
207693945
243991378
1102938984
-229541855
-1194752532
1553757834
-352699454
-2062254769
-2131913484
1214384524
-1366712949
530450812
-326945276
1569215606
2101387756
361441261
-56379639
-127462086
335220463
1824371314
1911236099
-1107799904
-13754833
-360512496
295811287
-785252463
-1770890545
1067495903
-9216414
150391953
1811475116
1895394869
216452305
-904485491
-93341994
-1057326588
-1324965585
-517986858
-1139071173
-970700672
1992582207
-1001382803
790848933
-83412732
1892059275
-2030259584
-1199678491
104303414
1389344188
-1045563852
1740562768
-1152781976
1962865964
216911269
-1784362134
-1961073343
1359844281
-185231830
1825625569
-943381860
648596700
-1845496867
180000188
-239342417
-548236551
141137242
-298456108
-965738128
353765623
-181145659
1807264386
784293683
789676307
1395210002
1701339801
-1947582313
-727640847
1393628800
1224969110
1978135203
-787338508
1515842917
-2026341610
1689282859
-948339506
1200788529
976215944
962606456
2110419802
-414388820
1530376738
1381155623
-655889496
1589758082
-992553960
279510865
-28067495
806540545
-832517365
611372524
614693421
1452258080
-1012641601
-385617552
-281637158
204430530
-37311983
-881112899
1561480479
-725651396
1292433703
2071824187
1132904215
-211869932
-2058092824
1098828610
-2070969390
-67910389
-600178769
-1493649732
67740961
-1868469410
-706363590
-344396279
923825841
-617497529
1785251816
-153214686
-1017064870
133704393
-179670749
1677329152
1388529081
191517357
962353434
1364251454
-1519188741
-1450191673
300959155
907369981
1199617787
-287493251
1272357056
-2113235449
-1517457777
-1321110647
55313264
769797430
-1238670049
-295271171
-345012985
423743254
-67679626
-576669561
658686161
-1978736183
1381383644
-1056324362
651151188
-533008085
552715364
503849213
203452100
-2008471499
701255809
1112257845
-428493125
-144212826
-262263073
1398090344
-35310807
2088530143
-1898714000
-1674749940
292401800
-1942712306
-561739324
591828748
-588016812
-517404529
-481882211
-1847984946
1051229370
-152369010
62150850
716096113
-1687589233
-1789542160
1809523987
-2007344042
-1697031037
-79482253
28953053
1860961762
1571670165
-891410157
607261551
-2099329663
-33156919
-661780049
1801530349
-883348243
-2114100199
-31500820
1166973795
-1468900945
-1489857880
-795473319
1669510428
1000864229
-1040175811
-1371194668
-750385612
287922502
-1210931218
-828796629
-1638885012
1347926627
951153691
1941606917
155788349
-1994620881
1407927710
-503264253
-857640657
-826676287
1445263168
-2139269855
-94463126
-1346145705
1057866350
1387346530
-1070534771
2050420638
-1309491668
-1940273748
82347454
1518352431
-375989944
790674928
1041295617
1220857949
1012122579
-1387395699
105865165
1768803117
618363853
1451899638
-1748719140
-792586843
-2059833057
-1567080559
1584154434
1304670793
539849933
736479458
-1891590975
-1834571550
-1343625365
-1489936408
-443774629
1499508353
-471737648
1350988487
-45596377
-583218749
820714249
-155820890
-253197976
-1890683051
985879184
-8419366
-136023589
1867780794
-1555644994
-838726077
1655162703
357599051
-577101443
-449610762
-303301765
-1507816065
-646907583
-688285668
-1949520373
-1764755348
-1078718408
-1733404647
1234731771
-71837811
-849610305
-1655873296
1470173736
-508137275
-1902764776
783137509
-1318994908
-715237724
981616730
-533685405
-780240823
-972415256
-767426904
-1200068320
-342298608
630619461
2079454629
1397317246
-1760855133
-916666776
-1632012762
-488149452
-1098984528
841228089
-1079864279
-1487188435
843615359
-1889543072
1923707398
1413663919
-473059770
-495593973
-1080032540
-2123443264
-1476002116
-248531987
-1301872530
-640434492
1274138603
1462138249
-120322107
1568073322
-1063425974
-1658340689
698880439
-263289143
2053789706
797478983
-965166543
934765509
-1308078160
-1051605684
564267762
-1267347529
-1173599261
-831648741
-528630399
1047394381
-609342842
-1295881234
-461887391
-744907347
1159855369
597542562
2053786498
-1149265952
897821692
-1133218112
-98324487
-1512845714
1117831140
-72791622
-1484386573
-601061820
-313171118
1081432692
104854503
908339678
-1494289872
-1676374010
-1202532854
-83038303
1851239006
510969024
-245095160
-1630666104
-1678487171
2114050413
-56564496
-1764224765
-1202330615
-485934884
-202050193
-895916517
292463021
1305710491
-1261924288
783806681
2098924242
-1690584059
731384547
1574559208
2076484472
-227132801
64096140
-752113799
-202535095
1210880510
-1615642274
1146928998
-1798219029
1128563915
1670801368
1488598938
-1271363947
-689763958
-56509041
597757103
660710884
1068978296
1931701789
-1074268456
834414831
815421683
-662122663
-1157962496
-1956765032
273931071
-152305209
-1801419213
-1512071131
1880984198
133604434
226788669
2111530510
-729156832
-1987080392
-1144563056
1258169880
-1996195563
1672792645
201250922
1837793954
1165245151
-884854205
1734399287
-808881346
-1243358093
1685619120
1459853363
692313731
-2119401854
-719343439
-1415189421
-769950432
-759011844
609935431
-1674904219
463886900
-358213675
1425228991
-2129370251
30508253
1634004234
-1455242385
50790515
-469448946
-666869018
-46254178
-737307630
1166701990
1430498177
-693464381
420882930
706457021
193151625
-460895246
-1588214272
-597519552
-314930620
141283987
-1374686435
-11967297
901231828
104659028
83236861
17201285
-783909443
595232352
472692305
-45975831
-1655801948
1454666192
-1891436504
62350819
1658974809
-591764638
-1974784110
-1753458207
-431571689
-1022392728
705244294
706404315
-1361950454
290968322
-803894011
-1043827548
1208414224
85149583
1445161854
-454058621
-1216846909
1330562400
-964161676
601454082
114919607
1782154414
-1879407523
352438021
-554286592
403264462
-109364531
-1901266147
-612372234
-1937304158
934418387
704152606
280735035
-96455854
-518809949
1309902318
260929789
-2098137796
1879302261
-556344673
-364120712
1535571752
70844075
1037091776
2038193086
1046096832
84642617
961142000
-1957773894
-1389485250
-1485339839
1057891251
799986545
-1619752602
-1836769284
975054984
-448931701
-748351817
-169092639
-937837254
-1110557166
1359884509
-817890817
1584837750
1531065464
-1195010455
-467837522
-844396899
-465940002
-1718226493
432558182
-1432424485
1125243027
1672716126
1726455790
841669496
1836736986
635466542
545869496
2022846574
1608577264
1715104087
-86669173
1018057530
1910682188
1182281254
-974537374
-1382911754
-1061688536
743551300
-493877612
1454368679
1977605440
939669544
790968884
1265131476
-2084527399
2142544845
-180203334
1957653335
731531012
-696132187
1122238690
-1960395402
-530801117
-1816879156
1343600083
457003061
1155769004
-1970992000
-1160559740
-796194075
-2112464340
246532305
-1071186597
-416825856
-1365211505
1451462292
1371542294
-833255368
-1363171427
-769431139
1150769134
-591136563
-1021308729
-1443163092
-2047420423
624067358
-363915484
-1252383065
-1701126193
-2020731005
2098437045
118623881
-571909520
-1609632423
-884050448
40239258
1604757861
546900573
2031649404
-1765057952
-1688380636
-235769027
2062309944
1204430549
-132095048
-2021068436
-1610222207
2132064857
1336261537
-2101843403
-335364172
-51865111
322013432
-686701805
-1468997903
758784401
-777505065
1765977919
748991522
-1974493665
1453334263
-1019985271
974640955
-829960679
-1397642855
721378667
1443173315
-2108490256
2010056618
-1129101734
1646864786
-534432908
1029368609
970720351
-2033691173
966466699
-918036053
175853286
865396844
376616221
1476408714
1929389782
68380980
2056509522
242251962
-1493799711
-488828411
-613142273
-2104680875
300484892
367632539
-1041941155
961398327
-1266255918
1763034333
1259493883
-2120278299
-1530867820
1940631394
1298139125
-1871281750
-912288620
-1106803658
-482549146
926985474
-1878332109
499758557
1242035994
-1651031748
708643799
94735511
355956360
-1749097638
-1728060926
1375362533
-1725567234
791292475
1101688991
-1588971444
-2070182114
-950289925
-1087223393
-544667816
-141825144
-1438371430
1423644356
-244616221
131654616
1239338715
1733769660
-2121464682
-847985966
-476451730
1925831025
-1195818320
1832855004
-1958298032
2051797151
219932422
-1867925588
-1189220238
496710054
2111329098
-1629885887
-283309160
-1531784287
835246991
1842863126
-1344617340
75209910
-47537140
-22422379
36608339
1421983151
1124275999
-515947575
-336961242
1802785481
-1202178155
-1140551336
1621799428
1830526412
19223336
36046511
-223526658
-1951380133
-175515320
1915039870
1625989267
-456170099
-1589093858
-2017914009
-912064170
1273732539
210235853
-1757941775
-1721509683
-1244248165
1663738874
-112930366
780571292
772215693
-1271960690
577396237
-427380765
-1934932427
-591461702
250582345
-678430493
872035145
518956859
1456110627
-1416911641
-1529474645
-1019978018
56614836
-453141407
-878871366
423395398
-805394186
-1485751982
528692964
1636336621
2046325620
-280548881
-2046361217
154886504
-987735232
-575907455
-360473127
486014190
-1466681814
1738277772
2087930765
-1560647398
-180114386
-1068673741
-11708392
1608319215
-1494490323
1385119962
-906718293
1627823645
-663375392
-6592499
1524088641
63926146
554667529
-1089257569
1851934708
1430139891
2134616554
560517654
-1871912052
-602415813
765326587
-1104755642
1145234009
-1307058333
31257558
1218543675
1120553538
1372041267
-1281121418
164997724
1890193181
-2133837063
-2147361888
1674986700
539688000
453528712
-1622416224
-59824877
-649780393
1429158787
2020684856
1338417149
924116087
-143437605
533562837
-216821822
-1173363853
1943516309
-1342782972
1495996518
-1694269842
59106000
1279093027
-1191457182
1768659377
-866980602
-172198565
-280878204
1498010814
-1518269551
-667883571
589053459
-1231913819
1548370801
-761236213
1189191222
-1345990763
1313416268
-195427127
-1778043499
329344437
228647605
-1739458349
604951872
1346294580
1226199728
310865730
-903670321
-374220898
-446724491
1413411818
-27320885
1015656049
-1660414604
129127702
-994055604
180245744
1705267097
-509833353
983760355
1892407606
-1813126959
-234617512
-1503094343
843777677
1493739723
-1256950506
1117644024
578290432
-774452477
1543332559
-1583896983
-351489490
-634438917
65071449
-640912291
-740429472
154814667
1361716854
650608337
-49807138
1315697116
-1755204027
746280908
-580407682
1070332400
2081026554
357457420
-1125968515
918032484
-176953903
-1129271839
1457391505
1212974521
-266784193
-1968849833
845378366
778327376
-2062136214
2125070490
2085509992
-1914075276
-165424677
-1140895850
290599977
725299102
-31136910
753978845
-1016350492
-1912698125
206289818
541694926
-314536038
386204432
-1036717124
440901618
-679129733
1699289354
1315777784
319165353
-437866304
648051888
-1277423598
-1913539067
-1687411785
-1511926766
-1496655702
43174133
1192680735
-417269945
-1058283600
85408934
568471989
1133290601
2049693973
784968997
1014950670
-710610972
-1687373626
-1974987192
1181530023
-1003358992
-36343083
-149462578
-961411014
2060880475
207686393
-1302383675
832826962
177405835
151693112
-1184130773
-1808478175
1866999235
-493119006
-1270317864
-1655044719
25897381
-17066303
1302660762
1048949400
1646199031
-1087207539
2137737377
506688208
644903081
1632547749
995811101
-1336169914
935194390
-396808452
-1430559195
294293393
1902438026
-1230125999
-500831782
664093478
-1704846332
-626340190
-1800227636
263751659
1655389756
-1275021854
-288677732
1519513865
-488382233
-2010119447
313871585
-333604602
206596152
37764779
-1578508209
-974146030
336439466
329846956
-1667090410
1568841632
-943964420
-1911926605
-1626363513
216471864
-1086659459
1575419837
-141379075
1655568011
-419740791
157441076
894660858
-1547735865
221319251
-365066912
17442960
1480959276
433285603
726098461
1423605761
-1323997985
-765147294
1985461966
1645761705
2119753214
1861612949
1141495441
-1360468708
804126196
-1977816921
553237428
-1607433589
1563086093
-773822934
-259304602
-799050645
-506481844
1344654175
578345137
934736471
303609468
-1505856587
298982055
1623808053
-1923349116
1963361167
-386602533
