66346219
-2068838615
2014071834
1835164901
1738932980
726215750
514292374
1380628307
726728201
-615945751
-909436909
1461032602
-2004655291
725674952
932863336
1235580692
-993171533
-1068216223
258932597
-1267477774
-1496807660
1137459826
-2100576884
1307943644
-1465658657
1199617453
-176229876
745950141
-713577080
1466874540
332073295
-497871401
1510176261
-1740431838
-1167785275
848199965
1520166797
1217611603
-1099472800
1163135681
792277410
-1742665275
-304469965
-864405494
-1744827311
-719495625
1603722325
446298731
814828728
1713977042
1557761291
-651181871
-2095071800
1477632670
685664549
1823197756
-972799668
323073079
-1115852632
-1516466799
-209421014
-1381441601
401354157
-1518908755
2080413927
238404630
-127428728
-1188030275
50384752
-180546744
1844872235
-854325812
535025942
-307392953
1066879948
1231887261
-142904870
335955929
875659974
-140419654
888438762
-1652972845
2093936060
-1325722420
-1304650133
-1434091641
-1758653436
1280965421
1257181305
2010926202
65737793
-1678631237
1827627115
-1509822886
699244369
2033617903
259534683
2126164782
-540197526
1482364461
-1597441820
-1231436593
-306101889
-1212559011
201707309
-1142960490
-2101604632
-551677767
1351111462
-1179530666
1494455617
-1061159192
-502174447
-893704052
492512913
-1227283636
-1841329852
-1748121644
1740770222
778791063
2141543724
-1320849505
1637645024
-950437724
572094613
740016675
926078148
-729251452
915875623
2029312402
21842803
-1850689578
-74619341
-1959000946
-1867491357
-1996281254
-654249297
1810585051
-903831156
102808264
1924313983
1712323414
1103838286
-1354280994
-36961290
1976078373
-614899567
1582798007
195469979
1419370031
516227502
-1700341405
1482573871
-355876146
326493837
-139073357
1513499374
-1942541629
293939342
-2061572268
-1631784427
-484353686
2122267820
647598110
-2009211484
-473960658
-1512379680
1763074478
-776591771
1806721854
1071503298
1625723185
-1116612052
257221760
437093494
-2047879550
-622610337
143381957
752216261
-347576969
-2021666120
-1394190018
419236746
-1199003528
1553528393
1761058607
252525903
1776652368
-1916985152
297659362
-380249802
436178247
1074628076
-1212053283
1354543133
1384088944
1339222399
-929753770
194544125
-2007212994
106385685
-1507464730
-1502664302
1127800669
1796887157
1459782525
-151495103
-705483585
554009109
715663766
611332149
-1367611916
-426064413
810042283
-481123638
1570555070
-1620144062
-259452438
273418542
565929188
1373390674
-1295205081
1421871429
-1558292666
1308843124
-1614482924
-1459394355
-1442328015
385865740
-1396147280
1803749570
2019201780
-46572151
2026082557
315929348
2125644979
1020259233
737331701
-782983626
-651820934
98426081
975433662
-1917006872
662354580
-105190300
1261902876
2068948215
1356378397
1222918882
-363996122
538015795
-923193386
-454438932
1220364860
1577762627
1173830968
-654216331
-374123720
-388543035
525141195
1189395348
1842256610
-1619472711
-108195145
883309191
-1511279703
1605710879
-197446501
125286650
962698640
-925369123
1628574621
1999292553
1628618854
-492342042
-1958749247
-87459197
-849947335
-122989671
1123386494
809320177
-1005227252
332684390
-1823895922
-606720042
-709872953
459990455
656952069
-1595585353
1574346350
-1272681972
-1424425051
381708893
5070742
-1080129688
-1103070096
-173090087
-1001037549
-645918485
1786705533
-1582689849
-1560881162
812062400
1527790607
-1244804905
-935368778
-1714091976
804427235
-2029557623
1556207020
532173879
-70653496
122468663
244907972
-2042287154
-1489374603
1889411160
1461127793
1338329897
688627862
-1734808062
1868888545
-1675563861
455014695
1990360752
1239820914
1499548247
-1569979131
-134400699
-1418306461
-1550888591
694855106
-1297837744
-1915730226
-480809884
1768055736
-505551471
1725294037
1308985062
1570802016
-1707117892
1448278044
1559933017
1017389028
-1765283204
-664445066
-923795340
-1942707982
-239296838
-1522640670
-1804557790
-11439662
-1700470498
1252704184
-483448662
-2060092486
991778517
-1476407265
1333302031
-661949087
1453737109
1559043265
1447666105
-626740783
-499378466
-158618686
1672569428
290293889
-138827135
-284332307
1047926263
66562722
184031589
-1695577296
-1449142903
-677119559
-1952968824
-976936118
1323210848
494580589
-761467836
-539518526
-1946713814
395970209
-826133549
1077181978
-641755888
-544184891
167253269
-1550804668
-488095464
-1954993559
1442580368
-353710763
1447317962
789011987
-372324937
1414577272
1098006806
-30163887
-1105647762
1473407780
-1472004492
-721403376
128295117
-909028975
-654142131
2081742383
1428973860
1705676903
272258457
-2111957169
-586379714
-410829640
-1646632248
-686834964
1080850410
217642800
1412615397
1039854001
-2015322186
1374175883
1694668793
1967658247
2053079293
-610448058
1684362669
-920993298
104203556
-1998904679
1255028018
-642898672
622850080
-2089781597
2026483045
1154935827
349966650
1741717991
-819124947
-1211643858
-1798554602
1134141430
1726889511
-1443131906
61689329
1683662190
-1152277115
-1392443750
645120809
2139300130
-1178890445
873565668
1193124098
-495321958
308952890
-350373342
1880274854
-1986449475
-419084951
-326186804
1253605485
-1652261940
91377457
950467751
-1771103137
-2093194862
-653610032
-295266030
209794806
1940768473
542842546
-1385347425
-1645686489
915537696
-464978925
-810242843
1432828067
-646304886
-1391490072
2054837651
1536077657
-98818536
742440703
-595841848
-146766017
-643404774
-1760279963
-569625950
1141552722
21216226
1813077255
1924477461
1425811163
-850503237
-255425637
494113021
-1237891086
-130142183
302761664
-584938123
-1644256697
-413384943
-1719959709
-1082263
-2022738656
1828261643
-1616978587
2141838697
-1847943267
1166744245
1778531450
-824158272
-2014553533
1375036474
1228890964
86504645
1440187575
2022025651
-1152773889
1357654896
1841400777
-616764195
-466781042
-2080665297
-503829580
1542210060
288336631
-1896987654
357208739
282794591
1245298491
1002463652
-814504073
-1505002187
833792201
1925980276
1310423239
-1249647393
2112607268
-1544266508
-556656600
-800214378
-149569085
2039066888
2076599725
-1957532241
61646647
8480833
1612681137
-776912371
-1179943277
-1019812493
705186515
-1815514666
383133703
-1771745916
-1008269759
-1177702808
1146192334
-997160057
1412341817
-1551922034
-1681221046
-403570168
-1614131
1488029678
-455319444
-1083277911
-2016923418
-2061415994
-227183015
358628589
515144586
86189783
1341524554
-262594221
989001569
-223147872
383244723
-1683071578
1169580661
185480655
-1104100697
283129235
-1495725512
-549671436
-813529222
822452859
-1187483189
1965558903
-565139289
1737290122
925800573
-431413556
69171444
1797238536
-361061231
-1277896220
-150089773
529101551
667088451
971225830
-1200816629
828793532
1744234253
446144286
-657397609
190282890
964081958
318582581
-1840484914
-1178075301
-1672709302
1284962723
237795523
1194362041
-2144803648
2070067296
1137075950
-193355907
-1534890599
2013314529
269788171
1760105454
728573749
1135656258
-1406754750
-668861171
714742027
-1353293377
555189383
208761646
-736287320
451635560
93407555
-182024246
495893495
-957597931
-652733645
-1790072173
1226234051
145166230
-21759344
336907209
1414995066
-601524689
1498259568
-291582004
230291764
-34972605
846476908
1751263217
-1518846734
322377806
-1769350015
-325606248
-1124697046
-868984808
163412283
234607741
-1053810557
662405671
638021647
-1284078258
1274945500
-1789904268
-1244603895
492910974
677617554
564199010
2135106726
828286809
-1209333758
-1310651413
-1682425086
-1623026345
-289256372
-432207844
-1281254090
1235920820
32336474
533665986
1002375675
232649535
-1831704800
1452172645
853778066
-913151630
2110933796
-989777035
1511166184
-543919678
450290497
1819808195
1370154996
-1623309256
1593133479
906741554
-269756828
-881731263
-775849179
301922478
-309224585
362906305
535788714
1002420827
920981036
362840685
1940051208
1943306257
-1198115172
146157913
-644522245
96674056
-228812380
922979536
1430959978
901243599
1809717958
519322723
-568996884
-744636541
-184051632
-1603181244
386551181
1052269372
1611703742
371056340
-179565616
-521970486
-1021966244
793287801
-1094026248
-895345248
-808658385
448487605
1737945219
-1939479280
462059285
643370356
-1444395786
220209848
1459329067
-220191324
-1664679456
93936700
631718254
593187850
-1551287016
-94584267
402679204
2115177299
1962261064
1184079976
-107780996
-1771007127
-1873145937
-1205134022
1309329140
-1384900600
-1453862111
-1001259933
1033428474
-1234924400
-1930882221
-771532574
-99997866
-1602651876
1935450453
170822192
-1684103994
-911473454
269413983
-1990481737
-972664470
64868732
1890353615
1756325253
-457178782
-514229160
-1625863310
-2094520004
819886005
697948203
987256322
-82203059
-752619916
-796773221
-442786321
-1567913371
-1833906914
-1845279042
1909198945
-1972217050
2088069446
1070434029
-1891502466
402819610
-1871925901
-949282850
139874536
1071045604
-1314928058
975735537
366077833
-1953218888
592532962
2127893962
2052526482
-1420325876
-1162838649
1960316191
-766412352
-808373873
1868246400
-375211822
879190752
1606284634
402674495
-496839358
68956309
-1163179675
1105305030
88823261
-586401703
1189667387
872833095
-720487175
757472961
-1737456399
937917198
2138807524
1606829316
-576176044
997617310
317134393
383584957
745702753
970980634
1983276917
-1835997201
-1186802951
-1551041049
-1030692407
257532746
1512368341
820660110
-187640015
245508268
336573878
1084937190
89478596
1926415337
1622963425
-1748663695
-1880898483
1568523215
-1580355894
832707846
1747858459
1636092260
177803535
-805338448
-343114731
-340965519
-1750969945
1314331862
314798353
-1770064317
1359253851
-232783205
1217843045
1252999088
-1494552204
982937223
-1063802435
-1341593768
-1139781451
634546790
1852469550
737112876
-1521917045
-1203579536
501017227
-560850892
899390338
1833969833
1758831863
651833228
-1080651269
1446813067
380356027
-614631505
499968540
898472673
-1710277287
-866343433
1621417479
597986293
76986849
1012599908
780659533
-353663507
-1836455294
-1033611364
1744589476
-1587781775
1809049699
-1226725070
581590744
1215241873
-109913933
-1573940694
-403003649
-974724890
645340158
-1489325636
622444528
365076982
-1846174014
478215256
1711345909
-1979087908
1903566658
1060237034
-1024737345
-1904181720
312442009
1997025886
-2103842918
517052164
1282499345
303788902
2066976737
-1148515689
360442293
-829328774
46142899
-1612774227
41612580
1359056928
238943462
-1653419881
-523996248
-1446094483
1857182779
-820599985
2136327814
-303245109
1564891347
623731680
691924119
1355394811
-570661662
689837572
1239892503
158873693
49165729
-1633760498
949807548
223887983
329229449
1816345866
-1714081014
-2111629933
-872288323
1589082146
327913957
-250030316
-1064956473
2108765762
59374439
957581162
-548140921
1026085119
1412086771
-36364099
-1649896601
1930751412
-1558635894
-1539663449
-1296477997
-1611511826
1864916316
-1789538242
311655144
1762868745
-2084699230
-1844666031
-495983765
-1521941478
46483626
-436490256
1211268860
-1187864305
1055867955
-1757437647
-1619333238
1184635413
-1604043782
-1582313423
-619789815
337276985
1933572756
2067906137
-1329769630
632771665
981221246
-1392720926
-613904213
-11946723
-1064723342
475645082
-237173097
323390376
34100219
-1671238425
1826026544
933726708
1813515595
-1331447028
-767994685
1144754133
130969932
-969287509
576132378
-2071000547
-1395522316
-44332918
-1786910736
-1713856519
1729615069
1739631769
653618593
-1724329318
-459815404
438806579
-23289055
1449227031
414490672
-608197980
1585105966
-1130098031
-1185799002
-1705644565
-1657254711
380948631
-832256164
723293632
-322492959
308358092
359390331
-2109973801
751438161
-279922489
1610633097
1283759718
-37471987
-1998593222
-1800456266
1127219685
1410049431
428023125
1694031221
1156366100
991559606
-1541201556
-943585970
348388418
-1703890582
-1278662186
-1911647246
-143941429
403632666
-1778629864
96067471
1715629537
-1732744689
-1231086525
877806181
-588357745
-12707547
1462761882
948093593
-812541445
1088582847
1698868599
1540285257
202008299
2030891259
-1087980690
772928224
-587790455
-1726977754
808061362
427059882
-243376534
-1794434190
-368393033
2107585450
1298838988
1813916646
892426521
-451025749
-634116577
1000727189
-1753897028
-44151404
-546545466
1106974994
1203820595
-506665984
-136977634
-1864791262
-1911591579
443737358
-1802709570
1762524851
-1318223763
-1888206732
-649585664
1003124493
2059486658
572039386
1746753472
-114432185
-1445576553
-1427364507
1754981731
980424699
878561412
-1338400623
-776530917
2147071036
-624966298
971599939
1615076968
-474238520
-958347902
82658078
277653217
1972930682
598790640
-502112491
-776684236
-572199679
732472630
-140952256
683126634
-1339227434
915482674
-1282765069
-946132113
432421227
508254525
-1683030004
-1342933807
-880457568
-1794309747
-2138027379
1181004488
1467154554
266919131
1883205482
58563189
-506339306
-323020987
-1257953118
-305137298
1399957467
-719501963
551479443
1157227642
23943918
-832357631
1643903626
1185058456
2135122922
1291084564
1939052697
-2001859514
-2097229616
1116962638
-626652499
1473480447
321116732
-377425687
-53992737
-211507964
-1031722534
-858656740
-784749814
1992108383
1512739863
-1258727997
-1753442403
582881316
-990299877
65067839
1538003889
1713875706
1429750005
679212186
1831844445
517636569
65316632
78358767
-1453813431
-1069614060
878299397
-337834744
-1908762495
1083184538
-290739127
-1421720504
2079261579
1472570488
-1316278358
1612721099
-1197969477
-341904735
-1314940003
-1414982709
-1488737340
-1256804367
184829434
-1468060859
-262871918
-1198161809
2035301618
1518305756
-187020457
331918034
913911104
-1071594500
-98924316
-1370051770
-1203636322
868160834
-918121927
1308864111
-369579654
216050970
-1650740642
