-599775499
-568708449
-1189887340
1394503076
1810700925
882275673
1832169099
1411294257
-623747738
1501746069
-1539210243
-1128075596
-391611136
1780186931
1366482454
-1118698452
-1336644448
882305891
-942974396
435977623
386169250
-161133993
-1073752620
1632660680
-1202062416
-721571271
-1074568739
-414249859
-179878589
-903602849
-526118564
228908464
-4351895
-2087536195
-40630880
-122304979
1556030409
-1515963493
1938578664
573834340
-1926935580
1346643847
1649272650
-1911419776
195806365
1078282123
-1348614699
1527554744
148193018
1821228963
5920762
772523748
-1152995540
1099658601
1344740135
-1804712622
2038591180
1163575058
2013552820
104661210
1622982503
-684421731
-1441661438
461392431
269971772
878216776
-351642911
-792536969
2798147
-151339194
-1024097742
863188766
-2002957967
-670821457
-2073421619
1754119399
-1997618630
-974175560
-1901306204
-200908733
2059029591
16535075
559521320
1191902438
182539209
848743416
-1437553173
-1951670634
276370717
-1436344459
-1100060538
520201541
877048304
-1976447678
633290428
1019532898
-28735051
-1571332376
-365606945
-1447252117
1888213685
-1260746364
788821106
581963206
1131278167
1590791095
-1531132145
-2065924143
807426977
-815597856
-1118521461
-391851209
776343294
-93497459
-1043061673
-1335249787
-637583807
219967790
-1418562008
563360764
1546283497
2078933259
436263386
-704429144
-1481046874
653474935
195277969
-578125135
-255230436
1516994117
-1804814815
54651376
890287590
545773435
-510054993
1850420677
221846236
-1480165563
1515095192
-357897945
-595723623
-684712404
-655817839
169928187
-1557281481
1767968903
1385121294
265033385
304499036
-1576387535
16711656
555488493
487206010
1869776252
1521350969
2086353386
-820042927
1166765924
295986314
-969301116
-138891592
1772851975
-1876692176
-1116554514
-955555683
-1607165356
1031883762
-2094264191
1468067146
261206531
1674299375
-247095089
-1838838551
-1051285820
574200254
1254151928
-716476086
-233365062
520930006
-1629167557
805917666
-1911506902
-133727440
52176080
1040539670
-214318481
-120787157
-353371660
1087241657
-1275974095
-1124763730
1313136964
-1038729261
1873985494
-697585517
2102061390
675543972
1810528055
-1172696765
-860159132
521784296
-570356841
1531374493
355689140
-840465317
2070983376
1802958107
319961237
-1571825281
89696206
-141771209
1515151907
307904668
-183688127
-2057454581
-255141107
2121550855
-163528306
1029425207
-225506900
745932711
1957590278
-1938015482
1944270936
-739173964
-1645569191
-512490541
1174130679
172665794
-143341748
938632105
1239099350
-157523971
613107625
1928998441
-1563492677
-2108107082
-102983561
-1626098512
-1138495174
-260798434
1178743659
68140984
-1519812281
-1717832112
980644766
112605822
-1959361780
-49513580
2102820991
-1287555867
-519634179
1664432353
1518367754
-63889510
1489631528
-1113986909
601174073
1141794424
-951689775
113875391
-1723164741
1315753260
652505917
836212435
-1445323293
-1156992484
-1243522866
1256521154
300343779
1604754308
-1363133617
372099951
-1660040903
1079554786
-483543407
-1728815161
918048104
1019875988
-138462154
601013765
-2061373205
1636813246
-1690201140
-794227407
-1056207002
-511591823
-1545156579
-741008151
-2007565026
707769865
-522906172
1758917219
-294082133
308378581
-593645821
-1304256079
1649687019
1883602429
238774484
1277163335
-1326166726
1087148192
-1482250947
48018874
1994187231
552527676
-2079519000
-1744933942
1773866184
-25623469
-1315898894
1963796130
-1322518406
1321566026
-866288125
-452950947
-494903486
-1598897005
1209638302
-385029428
1879110832
1114780686
-627700039
122087030
2072736325
-708820564
1412855952
-730925601
-173589653
-739541931
961559221
1184384269
-257176411
420126475
-1597632149
-1467933369
-1300076026
-517992369
147401525
-442757857
-1439711001
619410371
-1608678487
-1187705677
1206481107
-854576624
-1446471799
1879974447
1246146502
-1153295607
804177427
-2021438827
1348107671
-1869117936
-770378857
-1342330176
175708849
1613927608
-1874771638
-25539419
-783174135
208239532
-1865486758
1516825820
-2011134389
-324012594
-545868222
644586590
-1169374634
-100514397
2051948638
2076719760
-771150613
817129709
-225020735
233376640
-70965344
260989593
-866530746
1834610285
-458784486
927514331
1314447845
746846348
-1876200838
-1458915945
-590019769
-1539213303
1166770199
549293826
1521307291
1333830475
1210921326
-1893781879
-1908623446
-70551428
435934294
-239605775
-1481368023
888115528
1255128951
1115030207
-695396531
879292132
-404568068
670273497
1080507557
1440678481
19521159
-2003733140
-1637149661
1093891297
729220965
1608307984
-1804933765
76969210
-1798954494
-714985430
1605046448
-1509127399
256521119
-664539502
2009119210
-267502823
1056450881
-1826608268
-208740723
-1733691979
-542685972
749464699
341256072
1377115723
1722722833
942155563
-229307158
-819910430
1164623172
762787982
1856970426
-1982458770
-242463951
-1864387822
-554465529
-423377582
-272717104
1584637617
1276254525
-1464859611
1011961559
-1579038894
454525626
375334072
392460912
1036522863
-569216864
-2087610024
-438301396
217443575
1220853484
1865479759
829856310
646291060
-1806695225
793455025
-144294197
-241961360
1345196572
1210248020
986442729
1356748565
-625266070
1787341087
-76212410
-671725549
-1180612390
-1893764217
1080493955
759406790
1473255827
1550167639
1158819745
1409069206
1822446669
-1533965905
748375476
432933281
1938043940
986548046
-16039723
-1285434985
780257454
358715411
1808910940
999341286
-1931461553
-535208512
-1693012401
956635158
1815260107
81153
-1357388012
398099317
1233150748
329149356
-544546706
491472118
-202140795
827889482
-303960666
1655067734
-680208666
1293828054
565604104
-908622465
1160451154
245760708
-877962607
1564308785
-818112034
122360388
841161701
-1927341089
94863291
832789703
-1319174266
55388886
-1596675961
1238509762
525180227
1352243108
-51776801
880945329
1035007469
1068628407
471167032
-274838690
983316561
-1299210685
-1353403153
-1953444766
718561633
1434089065
-1311205987
1380206828
-1164039244
1120551829
1414981040
1922751680
1798767152
-1352423897
-2136929482
1875610499
-321000956
-2019233195
1810856956
-464094667
170694620
1364258639
482310103
1413790973
684729424
-549198685
-1457417151
1248902444
1353978780
966892002
1227681063
-1931445381
-1666603882
1190210692
1077153536
353055383
-910124324
444981256
-2087326175
-1367859745
-1675233204
-1864217505
-388595889
-1329829780
78666168
-172650870
1531954581
-2051372975
1351150298
-1763156095
226847064
1650821667
1608197509
1328166230
137505960
1534005435
-2006659043
-2033397094
-1295527720
1752108346
-1201475767
-574691329
-1685110448
-746556595
-319840538
2069670974
-1709172832
1631481265
-1750071746
-623407557
1925434585
1371657977
300997497
862217574
97135640
1593244303
1514351187
1416741987
1209653858
2074075640
-1399696881
-568438292
1268844471
1087877723
-691573077
792808438
1542954337
1647304259
-1130520236
-1563059950
382041484
-490197085
1066265627
-658895850
-1248548837
474934810
-1695509271
-1077953028
-790603592
1944495480
1407009712
53060105
1739551277
482562177
-1355657245
-632375247
756665074
-852956176
2042556711
675447225
452800262
1553053118
101926730
1635621918
941632257
-245195613
70544756
-121985483
-582093718
-2047302691
547490971
-1327901805
-1579678906
-129876177
-1124196036
1373622830
1503604976
-1463555284
478079047
-112531900
781152303
-2045278795
-1000462502
-867999621
714502789
-1528157505
-1007139790
-757411255
1590611653
-1703634599
-58663075
2027922581
-299991832
1688626413
744089140
-1056901986
1713421087
-268667195
-2123018232
-329721061
505458731
864003025
1207499419
-516849244
2053857004
1609587366
568285650
1245424208
2006236984
-68112950
952561319
1907592606
1588924398
-1135722962
1741535588
-1671744872
-429869494
-106837509
1064639245
-587225803
-848413063
1536320401
-2074224099
1689300735
-2117906064
2053543115
-629981579
2083059189
261796856
560853640
1545042065
39757233
574792461
-1670257561
122865660
1360201421
-1619779223
671392977
86643974
884582531
2136541786
-1804485317
-1604783693
-1888092013
778042844
1300464300
1140209141
-1049057943
-1873118749
-360360323
2135534366
-369916290
-950881033
-769478817
-175342961
91145982
558632454
1228877474
1706382261
1052647082
268051829
-488356428
-485720778
24175871
698872695
-299552793
-1437383322
1838492312
-599167070
1705133174
739083775
1195934928
2017959359
-2023693111
1379086097
-686329941
1631589345
-1690465545
1367018807
81160693
-1259450952
1318173837
-1949352181
1135488939
1426481446
889185677
-309391909
1304868506
-1926371309
2096324537
2034834844
-1231892154
867775357
1250109969
1356081182
-1367827444
530586578
-917891943
-698632319
-5171062
-1317076351
900686942
-1889954841
83598142
1571674318
2085041083
1305204842
-1251479699
465584101
-1163783464
75686736
-1757129403
694097458
-866669453
1096914301
-1653948859
211617263
160461538
-149056216
1610279900
1777133822
-1643210408
1588889553
1917146192
1559893496
418831718
-760842382
-1786449439
789572229
2057168069
-1705715980
1631871022
-1296095507
-1901644974
1575541220
-2127762474
1078259439
-1978729127
303764326
-1832617887
1646298065
-293053931
1918996585
-695639967
578948024
-1557292425
-425139940
-1926646828
-1710360007
236505126
-82852449
-578455348
-1273631185
257331399
1399091710
1224856145
-48162610
-603577986
1822268762
-340971130
-72646152
1956427443
729337960
1527969033
-643514929
1668015128
2081072927
-610329953
-1398020214
1962268907
1772419501
-1353128175
747632012
-1836374920
-1807605590
1808115792
813218482
-178143519
-1344026481
-298650145
2089691372
-1257416159
1850148969
-1346759823
-1187469041
-1405272242
1798746057
-884713007
1668193256
-1037812706
987758590
166906369
3168403
-1976343381
-820165499
734604966
1301625869
-1759990406
-1245504
1973383075
-689857016
-847339079
58956006
1214381058
-1874411778
-149243448
651220027
1121218075
-1620376695
325850618
-1355716992
-1399337489
2028605680
-1318805093
-1130857813
-915925548
367107844
-2007834059
-2147219237
1016782167
1620644653
-1627195633
-1882572411
19091037
-1851836225
1785826550
1904035827
939378827
547007122
1104398911
721852399
1613223655
180273616
1885566731
1500574395
-2039522369
2107645456
-1366366772
-1494933693
-626125111
-1119806812
1210081288
-1311028843
2041899403
1088406830
334043997
1891036560
1635548669
949234041
1337457348
-1372964645
-1771621525
-1083767163
-1591435239
1863915545
-960858720
125190371
-583298598
1770218330
-483139008
-2126666173
-962561746
1619058132
-2097094539
-512764341
-410534871
1657863378
-1264218418
-1825282903
-885458866
-349459989
1858743139
-2074245013
-1512038059
-1969261449
-374056388
-814158707
2039171117
-1726159297
648277491
-373000749
-930132413
-568987789
329324183
306778585
946735364
-434922016
2059672275
-1997872280
1090296225
-376204447
299695950
-513843190
976289041
-1734217834
-52182955
-1141951777
736761947
-1799642924
1090519479
-2047674191
-1904884459
-623882149
2038520048
727132486
1422696999
1224367566
2047841673
-94060042
-894194476
-369713697
-336811074
1490126204
-177216005
-624111543
-979884704
1442047248
-1380415591
-1061879549
1186872573
-14424396
-916943215
-1655355214
-732231875
-1844208434
-1699177297
-784949154
1016876686
41878262
1217820394
-1358513048
93521155
-1640213487
146777065
-1054334277
258961529
431173022
-503779640
-579801022
17921275
-1202580401
194302491
470548889
1315479911
771698139
1490489138
1970762502
-1313480111
-386251758
-345770594
467053482
1434124070
-1401723599
-18997516
-193107981
-1157479020
1417327991
1488822992
-84117676
1395328809
-1457306120
1587021596
-699391688
1523436858
-906230608
717254802
-1101306573
-1814731002
-1046537766
261871486
-1428518278
106444314
-1672919422
-1115863864
145404565
-741384970
560994393
-644195535
904618834
-130042896
1483146952
-152522532
1415199740
1677895768
-393163449
-4670192
-1701295667
1394305500
1604032238
-1326752196
-468996192
-18413010
2031865675
-1981072326
2064094442
1924952803
-1010652042
-949777704
-720400405
1174099358
-559233437
-1505628013
-2069168353
-2074641811
101076855
1361679781
42993147
35655794
-1759526307
-933650623
406134997
-2078743355
-2124998375
-1687577828
-749501405
1802871705
-2116886180
23240495
-1680622873
1290110877
1530774042
1457791419
-1623115670
-274719836
-1621211559
661638541
-1921461977
2101998215
-824180404
115857027
353455882
663910729
-1719509088
-956329394
-1707305766
-1831188612
-2024621548
706107768
-338492174
-264007196
-1076069041
-2047806296
-685629641
-1014717607
-2020377875
-985261531
926059077
-470908943
1131001818
-1823031400
-1228342293
-896002467
-809284637
-250395627
-391596839
-1010785389
1058442
-69552549
2127922071
360852653
-2005086951
-890127525
1660846777
-1139330287
279471609
1050859766
-820378032
2055538385
-27286205
-1294849781
-1999737693
-810656941
-1086230889
1256896688
1137362463
-370671052
556482604
246159294
1508739211
543420521
546880296
583195795
1531363711
1483010471
-1962746574
-444653550
115768342
1047506436
-822034620
-1146604050
-1891676702
2010375646
1303702981
-2086853336
1559248672
556992507
-969953834
1508222165
4751916
-1319664143
-450903061
38773028
-1878348233
-285046072
1454411678
-1879995233
706507062
982251485
-1223847745
-47578703
-1272255203
1133169673
-2064602705
1060730984
-702860212
226121985
2049028846
-140831622
-1449027255
917695231
-316460047
1947062157
-388905552
22202018
-1229892296
-175144014
-601568153
2007314
1920294816
-1163945422
-1231967467
1076819559
1436638453
-1841864051
-148377900
-1246633398
-1790136885
-1757260353
1113813028
-597729571
-626808691
1883294149
-1653908957
1303907800
1233753558
543414622
702411002
1443164148
2020449791
924419094
1156434842
-1081037173
-1962378248
1424771711
128742568
2012830592
-1497233061
1896467137
-1817598283
