1383699385
78350122
680959158
-380661270
-1839227411
-1764051937
1816775473
1104438695
-1060992079
-1236946485
-1427669216
-1272793600
-422571421
435115013
1770409327
-108182569
-562429884
-1398728367
1228663591
88451698
1156546178
260824730
-923965161
-758440887
-925241486
2022939166
-428538448
868718881
-1030558436
497504681
-365381327
708964697
1943874556
1994768389
-1671766013
329001603
-184400377
-1738383952
-1587501211
3873077
-1026313749
1902493903
1270882379
-1272101855
-1540527461
-851474334
2055347331
-202087325
-1971516662
-529578311
826423834
2130056986
2142790198
256712487
630833405
-733113287
1096467303
2024934132
531117794
268533407
-206530888
-492111465
2033634664
-1556209308
1194126806
-1606336476
1596067452
-1016746379
1660756231
1226181635
2106026751
1590514274
415938670
-46805790
384470949
2081894774
-35904116
-60569108
-77552608
-1081695737
2043220234
-1888659910
-1794254724
-1716701168
587153589
1461147785
488891596
1638168060
-1717478967
-1372579282
-1101635834
1810970308
-1172765839
-965045946
-911996117
2070619451
2118790542
-775448015
1856145835
-1269574488
1055752119
-454765504
-2090072058
1483624085
-1972095872
1213207980
-1742415946
-291427866
1144513791
-971396407
-1056370869
1320845100
-908261237
-733031300
2119211480
730746427
234302663
-1830209046
-449161075
-937613063
-899012130
-1160298126
2138389157
1090140024
-2097948913
1283228892
942174082
1191504199
754844523
-162999086
2118784789
-184817659
496023261
1928822670
-2063199101
62136118
-986120341
435146452
585950981
-1843925671
-1271345478
1448800547
1237101839
-608185799
328772567
-233651673
-652954188
70725251
-369345228
198190705
-1199160248
-753604456
564588272
322367081
-1485084090
926485156
-668059302
1556640898
630659956
1392356847
1277905847
1520790192
-1161830332
-247806094
169221955
-2003137770
-583480707
-1461605971
1401960053
-646242300
-1002270694
-873574473
872778887
1552389920
-923209614
62506390
518945077
-1026714654
465487768
1100628432
660966596
-112052923
-1127386108
1416807490
-93280187
-1129413957
-392007054
-73576913
1703728666
-1731120032
-1085254646
45615003
-1107253575
1662536306
1986425536
-1316035110
1534137776
-920115199
578095101
1558226787
896613096
-485677854
1030326655
-245942039
-1065006035
-561001751
-866553732
116971436
1469428461
1400058454
403689229
433620235
-883475905
-807915121
-1575725110
1914806110
1442421031
-663268337
-1842824271
-1425820670
-289546984
1292815518
-1599897013
-1832853836
1395292345
-1384065342
1054720017
-814593502
-1700070677
-1561183371
-765767925
-1589926465
-1715097077
-385880809
-2018808391
-1394629418
200392564
-383914331
-109451209
-1372267806
-2101584057
748747307
1965502363
-1709471460
-1902876563
202873463
2059404193
948580692
-713078563
2075044879
-2003594614
-766508540
-1234501094
2141747556
-852413632
-1064734815
1359276543
548202054
-612033091
-1632334028
-97176642
-919839078
1985856942
-1994914263
953910565
-495551413
1629076307
956867431
-848749533
-1665099650
1691891368
1422325152
901335179
-932725751
1384427721
-630230295
-850313705
-75717852
1287139218
-234027636
-1791196498
1415563361
-2031016059
-2088300003
-699695895
-1675711783
-2075322384
-685684021
-120723757
1755497383
-1258470065
198501367
-566548240
-355082598
-1050528274
-483394038
-808001152
115788325
1649398994
-270444413
1098914820
404001434
28729049
-1746689458
-1916928767
-1256866665
-1811251680
647822172
-939203069
26489536
-611764316
-1015252113
1750816228
-1685202258
689606443
-1519051
137759054
1005913382
1835009380
-1594862440
-1881727107
1609248141
631919693
-1352922284
-168540343
648264859
644091348
-389245239
1025783907
1453572687
490012865
-1348404206
1540619486
-1091642590
-1426290734
718581589
-1467429135
-452938625
1459562279
-1677496484
-1254387973
-629808015
730209248
227984996
-169404986
-734132066
1056293380
1997161525
1613948687
-1940103053
-1656097628
-1099905678
1756891205
-438610272
859163711
-1774822350
1710620561
-1142247993
1746296680
-239096370
-1108721898
812074095
-994154074
-1807689220
698122361
1585882174
1159396507
1345535772
1578554531
-1420832665
269459303
-1133334574
610823109
1512965984
1038778446
327151060
918444444
-679384104
-390620009
1525644804
2005785078
-790837016
-188480841
-504813120
1837095284
-1579227768
823169711
1057866105
-2088384880
2022251332
-1585061711
-1386351486
-864293151
1943807022
-575594999
-2045357526
-448926563
-1365289962
2028743738
2015479820
-1151997856
-440028936
-766427545
1980051876
834122539
690462389
-2047038219
1715195174
-729482066
-1384181242
-64626835
-920278646
-1998050871
-2097185107
1472360614
1881563627
-1427665072
868349164
-873139934
1285798417
-1595206386
1674650171
1203432376
1618538572
533366028
-1322768076
2019823731
493672579
987433747
-1347255087
-2020169286
-2088364917
-1110005650
-745903398
1061404592
536477117
182493171
-40476264
-1758491171
-1792535614
-376037820
-1283588914
853094157
-1998781264
-45440430
-1896286743
1037476728
104178266
1552149026
1358631798
-26700509
1831557347
1791059923
645043155
-1537507707
-1470563692
1272414943
-445247703
1937905516
1528820975
1038559649
1712981145
-1217450975
742605572
-797018346
418743989
-1613544758
-326192894
1157066983
-773801167
-1941654769
-1552530160
-1577705050
-1896930855
-1585507328
503505245
-365456552
760403653
462496822
1679717237
-101224909
1324696524
1849593911
-157072170
1447706536
-1352338122
1229798175
1119305923
-2094617181
1149207988
1204546939
-1238023337
-1883760112
1916392852
-639988104
309577180
-1992721759
1884815664
-1504031940
1339653213
-2092996402
-1744188761
-1485942637
-1029326727
1027911197
1836542671
-132384050
1901831545
12374179
-644481686
618897383
1016902053
-987470903
-1705378665
-1290184727
-1204832046
-1598086829
-1781432438
-44603506
1521992767
-114291042
-1894305665
-589680343
-25791582
924332584
95038955
1781518278
-291282051
665623893
-2017047820
1503903887
-610065227
-285421968
-367303901
-1418641808
-771909276
-240210193
301577560
189608958
-1919104275
1837478394
-436962819
-394074220
1775930705
1499387694
-1688524674
99403199
-2139847744
1604556189
-1208147976
-1580929573
-622634381
1708258073
1991419696
-421567235
-1811199560
-1462219854
-1251903546
-979758317
1762211406
1424461180
-1948104535
-1460867510
272696050
4648085
932187085
1841756335
587654969
803230565
782291739
646640664
-242819168
703402791
737382569
1145630789
120228577
-1147234136
-2030229973
-645916863
-655423353
571943247
-1758300248
-1861854194
1143057604
700640349
-1913358992
1298788224
1947442562
-2124299148
-1461825204
-67461271
365014199
-1542013603
-542813449
686261238
-1569782787
400167429
-272826419
566206296
50754913
-940110136
-1947629118
-1486203994
-151026310
1041191921
1511373205
848745217
-272530755
1806777473
-1654601660
-605032968
1984970256
-1557697233
-257172542
-162274258
-1984743268
-1811689552
1177950951
455482170
-1706992922
1867021880
-1504605017
-1177886770
369658145
1412784959
-2127939962
2042336538
-1238783811
1776914824
691809867
-593234318
-1988695229
1869846622
2091684595
1642024749
-819236252
1943820320
1585750248
-256455472
577806670
-160687360
1426937202
-516927636
-573132991
220329479
326980973
-1638966204
1915440994
-934168997
2048002876
1990203058
930251215
-824385852
2076717053
-889298102
-562896398
-759203476
-1686686722
-704014017
-1903688166
-1175338522
1180056174
-757635579
729990215
673966961
522755159
1300154168
-1819774907
-81164420
1857758923
-29475140
-1973459205
-1998696339
-214267811
915318052
-1079477500
1306942621
1937678803
-1062846889
-43379074
-963117657
82685465
604370032
1028335138
1992151010
1163228535
-1226515226
-1574362731
2137243179
-985137146
1257008108
848676093
1737096679
376208223
-839255526
-1803661354
138233671
-351516778
-71270323
-335061755
2126761422
741302118
1970253258
-1396332500
75676944
286953389
-550257495
-2043849664
-63423045
-113954278
1119070320
1335265113
325207771
-410820828
266971902
-1093701687
896188249
272419645
-183753814
-484374929
817214404
1826079559
419122347
-2027085236
1278649427
-194839481
1544184505
1130475862
-486658262
209726039
1463886580
-903468404
713136860
1711051489
1016906501
-1146778294
343016753
-1910239735
967165826
-1704427042
1309751848
-1900139669
-215851882
-1592234150
-2125564098
2037149190
1661146337
-1510106453
2144706288
1528550263
992096925
-1487428886
-102784897
-257222039
-1102323967
1573973746
-365225998
1644854347
931656681
1833099314
1391487585
204525124
738474934
-1190535485
575988335
-141738653
-1870115981
-1920625988
-1013673704
1868306971
-1907729608
-581771579
-1611467092
1773692654
1049542867
-1282248726
-1686194150
665525863
-1628311388
1047000753
-789257103
-216767412
1675045063
-754229907
-1319858524
-447080940
695478904
-125399084
1819000717
-1601540458
1754572211
-1529894961
-1531771852
1146663171
-122275045
1117295505
-362996656
1145376534
1741174812
-97875733
332696845
731922057
115896659
-701179427
221846543
-1842449974
-584523988
1272708719
822834870
1077192686
1140842700
349104065
978684323
-1376352282
1858029874
670429281
-1199420293
140131055
-1785947496
-2102395428
-150993430
-976553393
-1625877474
-959993961
586435562
-1563802563
-1997638230
-376211745
1073300549
-802493408
791125513
475108413
374335832
-454002180
-1893046438
369128974
-1721018599
645958953
-111778389
821781587
-2123013030
1249588805
2145545188
-1413814842
-1515385778
-2123727765
422902499
1770416685
-2071761844
1606975908
-1892548888
-18496015
-916170285
-824247651
1172078387
-1418308879
1130616013
939126170
-663673877
951110291
-472262121
1972563114
1594406466
-127259364
76175937
247021340
505413333
1336625729
1787779218
-598823375
1330947672
807386878
-1978173874
1828186386
1702689906
-2062123867
1198222906
1998238724
-1875195675
639315257
1741767775
120805081
-1568175375
701565180
-1324601842
795737769
-826619142
489484614
883193380
319293122
-1083088280
1723196567
-720182897
-1211605796
1774640590
139468783
-627091440
18707600
-390046387
-1517780643
-1803889342
1046642187
-975530182
-1516568618
-191306278
1605686270
765649150
13126728
-1035127505
-35793704
-1151507906
-1522798611
485879549
694459191
842585659
-771392540
1296300389
1579043227
-1213038726
-1816355332
1295928119
-355803812
-405589593
261172947
2100159092
-1296581410
-2095540811
738561311
-227270899
-113216254
-43250614
-1415390645
-182090255
664361439
-4533670
182185029
643772486
1809252017
14240785
-1873999722
2079156981
400603409
-1600808458
2060696754
-1841411476
-1490312346
-142877619
618358673
-1543293282
-570502501
-921646916
888162429
-611273906
332968721
-1955760592
-2106317011
1295771789
664322263
-1066302719
2137843987
535408513
110104344
-932251309
-1625905166
-1577375897
-87141676
1720030655
157818290
-251652390
-131570477
-904309709
-1085179529
-1571316395
-439324971
1630168854
1063973359
1986787573
-349751282
-1424819025
1883875563
-2017565565
1156662480
210859719
-1710836687
-691777102
1133624714
2068576396
619536271
1273463716
647516400
308571831
-1794966477
-837890638
1695450491
25327089
1382797626
1714256492
398732820
774554482
-1831468666
1672715998
581039627
-1835928597
-1857258796
1654251029
251934797
1335026854
-312393204
107438305
1787794902
1464793834
-641748773
1312359899
-1089208476
-41878109
-634619778
-256045655
-1607850388
-269392574
1795325409
344377216
-712865455
-1761262110
-1785142552
-1655569942
-996372781
-2108737620
1324339467
-771341367
219112645
-778313349
2110183720
1036390811
-420112893
-429258302
-1273430892
-799620354
-2035840095
-1638379091
1663546226
-1678660490
1392536935
-753860986
-1979743160
1482137966
-1892936323
1910404442
1509294286
-1995697540
-1649144990
-1567011621
-464897015
-953332759
-747849182
-984934008
-988934759
45324399
-45918776
-2047911926
-1425033650
1530481732
117449744
-2006050335
669039104
-2113274793
1377311841
-1031645121
126878367
-27826727
769921785
670568756
-1971675000
2102839806
-448601239
-439577846
-839402470
-353254908
202329668
-1132619278
-539390839
14798708
673807891
-1350949921
-570005519
1774070951
-1184929909
-244179279
-334872402
1744281995
-1333888767
-781167466
363996138
238444710
-74691299
897333933
-1664578186
-1421201317
1120621774
-1959295509
-98392867
-937597844
-754209667
-809129406
-1533298762
1847552960
-48787324
-1802917889
-1398962886
-660343195
-1693571871
-2010592397
1839804181
-268437545
-1703508954
-1056488747
440263552
972949890
939542964
-1436701082
649565327
1289220485
1468402472
1163202262
-1768861497
1350259128
322532628
1317582310
-1038348045
29082352
925368049
-1943790258
980684599
-864755583
230845012
-70465568
999029605
-2134702077
1174438240
400986348
1908842639
2090979673
660457595
-339538458
1594675164
-1163164946
42145604
70444614
467051679
1889863234
1379683524
1878672815
-1736673883
-382328668
1050186467
1477954643
-2087385138
870708288
-821631716
1021288853
141284830
-1854927524
-1490563468
-2132636433
1039368597
419856350
2015924904
-1481426667
944095740
-1453729519
-1660209499
-82180774
-1375509759
-2037913176
-1769857988
929696083
1291594310
144616450
842867989
1706045113
-2018527947
-177157457
888246500
1117750675
-2068470697
-800224462
-314242341
-106154348
724346854
-620355320
1800903263
-1225214015
557138336
1103539433
1815046909
-1496373418
477515741
115960909
-989552737
-1868893974
-1644775965
-1857102543
530228474
-470474543
729331065
388880922
-1179142326
-90699327
909692345
-1661275558
497192769
-1741348681
448475946
-2076802415
731474492
-1955450085
1282422029
350572918
2075451831
1610701602
-1280760841
1852814551
-2341373
-1827056013
970755487
-1914731811
-1248301002
-674618611
1087496697
-936029292
854409057
-100399513
1782175107
739366571
1731278088
-2082118952
1471812830
-1367850633
1012786382
-1018822856
1825054111
255531325
97201008
1673307336
-1256697753
-1024139856
837968116
-574212274
-786198480
1854035896
1425406497
1015262084
-1349057814
588025973
-595768015
-1829339214
1000785733
1577890946
171666885
771332761
1853207504
647260029
-596421608
-1951484781
441545539
-1932964921
1916453751
838250231
-1566338536
1781187208
257991664
369982914
-932359841
-450549771
-252525751
-1110931597
-97692974
-924446763
-1565904589
293642037
-1133809113
-543603136
-431707457
-627114685
-417833051
-781281111
-1555773167
-1470703225
-1867264006
-2109428961
-688265390
-1333031803
-1677372085
-220897841
