-1081568664
-1159127097
889907129
-778762350
2134132630
-1795595183
-1894660815
-1497700306
-1877529277
1157657742
1036719674
1908544753
-1223199530
-2031701880
-1029662253
1177402890
154661263
1656505484
681905361
-1249467037
-2129792493
-1358733724
1307150598
-1453393675
1711058471
-1840512565
-2035862882
-569835946
781405371
1649684509
864802764
466903958
1370932778
-489269426
-666999130
898582860
890316480
-1973732324
18505038
-649766421
382989692
1728304008
359635025
1695056473
2104738582
-2087534719
-259644589
171188162
-1377884861
1027891938
-1921257494
2136258216
-1206672842
8372383
588027594
-1863612610
1729581162
-61236678
179406627
-588868874
1686515358
-561610373
-1400158138
-1860507816
89028641
-638594721
1030402446
-610778603
-584615601
-1796554160
1616591997
-376806820
-2063423397
273681814
259904805
2009963371
510592590
-911879155
-1827287863
-1935573912
1994591310
-545997800
-1482698045
2101191024
845261091
-1560511787
1323636647
-1044774416
-919399689
84622481
-1837433176
-1090695116
548565341
-1610702722
-901643974
-562479555
398304148
-1372832861
-1115903752
1604697046
73705227
492492563
1262601160
-190217751
508191271
-1261118111
-1382336963
-1280344306
1879103300
791653202
64294972
1179515236
-1245248518
1919596500
-1567176735
-1319274076
-1716588383
600098607
-577061213
250270578
-661212138
-1881891462
628520117
852549366
-523800642
-699014065
-1641541969
1446754219
-2034661430
49428418
-683404947
-2011130762
514694076
-195457394
1189640247
231902458
113115946
-662933103
860391714
-124919766
-586886462
2062399098
368511925
-1336373217
-324096627
-2137476672
1581958606
-617584853
-74258825
-44821547
395535046
-160712147
-2073184753
329835931
177416403
-525108186
-2006873974
-1196926954
-904650578
-95258868
-1187993587
1814190947
-290090123
16694750
-1930377429
339357929
-260504879
1358932984
1477324715
24472781
1264844635
1088685480
1535941007
-248178005
1375633723
874581504
-1747980719
659552642
-2100582638
757900781
2014805103
394265326
-816513255
-701380472
611999530
-1278955107
-767639926
2040527019
-1881399671
553564923
-396522690
1590391751
-1992504412
371273776
-718488681
-1411564043
339221790
2141141579
-2020724577
-626042038
-1212461070
-1753422401
-1767166351
455264879
-198061966
-1646481139
-1436559657
-1606282129
-1746604147
-716516670
-1659819468
-681802286
-1588910000
-1532859740
1214755492
1181967595
-3688017
-2055728600
-1989722783
991148398
69441668
616071206
-1392621976
1363966277
789904854
987837391
-1699874213
85601955
1169888606
-1121690914
1368781481
614361944
-297299897
807954189
-1556279317
-670392985
1516773429
-618199350
690165393
-1567942443
-1113710967
372667690
-994250307
-419927357
198370274
-607955683
926400622
417483199
341545958
-2098164765
-1786965791
1743304534
-678993599
703975102
1068822067
-980605203
-1929409043
-471017495
673752139
502185424
1475390388
1879602888
1446206966
1199702155
-9903886
-936382624
-853802670
-301629064
365901215
-1783866104
377876080
-956668775
-166450035
-348320672
1255965749
-83833689
-1870910227
264437890
1509396352
2095416682
-1612152809
-1425860744
-1183512431
909082443
59500425
-100564499
1327940264
-2033127385
1547964208
2037416486
582545900
-1417073307
-257859610
-1915247054
-190796914
-1581149366
1127937596
1773662560
-2018524114
293670283
-1132150408
-851138319
412987517
2075596067
-1741025567
814725134
-240432094
1306015591
-1093728967
-1551638789
713140961
-925664681
-377498486
-839507571
-1010149382
-1308020171
-71524827
1354442969
1560389583
778116187
-1155704601
-1639674835
-1746272312
-1423518903
1610167742
-1324010172
-770623366
1664151549
7424107
-1080339532
-1874362874
-2109182841
-1099532152
-755919957
-872852801
-1710548004
1397685965
-1880060966
760518671
-1814213911
10482318
1528075952
691716506
1747705579
-867980409
-2025092405
1702925987
360809725
-243401764
1761674923
-1021434449
-553203982
-1683257766
-654883928
-218640793
456005988
-862341886
149267493
-1592556094
2110404365
126424008
364212486
-1986283421
232676693
1102320536
-1010271650
1430482751
-195215829
1045461401
-2143514771
-306865534
788839191
-291373388
-1982201399
1089709747
1859239312
-2095520937
-460675110
-1306148843
359186570
1759476597
102371979
-241080240
1166335827
-1813645615
-1982404035
-1156496815
1229487519
-794039940
1706600191
1106458733
2070404321
-822388580
1177294844
-2142215988
1188508379
-1883156626
-1059295692
1810121732
1764431224
-2006171507
-772424082
1897884164
930303961
1442363251
-1648808339
-1010085581
1363506349
895032896
956973409
-925617192
-1557282363
-1636983878
2048915360
1713323964
1578248423
-1903342188
-1376012907
-1701174259
897356257
133325555
-487381512
-1139074684
-1199658527
-1871783123
330926911
-663303990
1899156483
-1813517101
1680356436
1571009303
-83685588
1249007857
1221396615
-1608974052
-652745451
1858743956
-2025759035
-2129601502
1105114794
-997932405
-1631939574
640988531
-1548224108
1040441202
694752532
-608428040
2127772436
-585272852
-279851176
795680803
-1974993902
249247023
-1382466247
-1871243761
-2083014027
-420863036
1895203191
605005284
-1548305483
-360075121
-226998811
-1958002048
1837001901
-112784371
-1037282978
1914781267
-2042271051
-1009714723
2127956217
1948616330
-1291417104
1526004353
-1544597381
528510063
457272546
-358691483
183664141
877601039
659849540
717197087
-2120002258
605931292
-1447463397
1922168823
1744321770
-455721195
-1555398906
1845853866
883172684
1653412259
-1639450408
24273771
-900411376
-565699514
-415546522
-111876310
1757442204
-613358544
2135745697
1257124631
-1495738575
-1939950736
2121353446
999142505
-1507222691
109241427
1311814804
388886619
-1513489996
-1702625530
352598751
-801368970
1285707967
305827200
1334496739
303154965
-1437554381
139250078
-1116292101
-501416922
-1158277787
693406095
-716886444
-920006099
-1880378371
-1219686799
416709820
-755057778
1963143657
-1011050180
790063807
784037899
181643157
233302495
827892212
1383047818
1507986776
1989938344
1458765204
-1335503077
192414513
1560091112
481065803
149730618
-487399502
-1383150634
1211819346
1882669648
545274427
-795472205
679381437
1099067519
-203660181
893447983
836801297
2001063327
-1778743596
-705393909
1759893017
-2012111230
-87730963
-2047416322
-591386375
-920851841
2074250316
195351773
-38430845
111819566
-11357420
1254242549
-1328150327
395449456
1332332971
41252283
1223502322
-2001835855
-969612368
-1201357145
-1121471919
1993510256
-995369940
1349946204
-1648339789
1856992255
1582143750
-450590709
125432311
-641979769
62427580
-1184716775
-1527652124
-1976112817
1136168272
2031238912
841899830
1322463293
-929182849
2048082802
-797278214
-856835940
-1002369736
-1132191549
937569051
-295223521
-77909940
383957639
-1112145349
-221025755
2014204513
1086817914
-1784135993
716787774
-1226199252
1730011296
1385225541
-747150611
1888529886
491453869
-1107777041
-1154170449
935383519
-102293594
-1217396091
-765052613
922321593
29552839
397369695
-1408404724
-708583594
1529686183
214762945
-79881956
-758640530
738910105
498355570
869593585
12635706
831992918
-524250225
-1307232036
-667611795
-1497028648
1831250076
-791103872
837486436
-1467427960
-168478757
-2059838063
-309915237
335240602
-1322930719
-665096227
-402917277
463425464
-490965915
-1722323056
1301926097
-1388235811
1687197531
301686963
249787897
-2092262525
1816143681
1570774773
-1927142052
287044865
1398271159
836225966
-1489899874
-1268526291
1191854421
-1316579296
1333324411
-340751544
-1640357448
71790591
480668924
518212891
324848862
1779583027
-1493784859
-2030429859
-989494093
-432925221
2123000433
1511537239
18105323
821342613
-1809184960
-720690486
-457605870
-1252054276
-1211797104
1996740368
-2079443232
198529137
1987258539
-1793375104
-400483886
-1135907042
-137195360
-1011209450
-414301451
1988464440
1204663093
-899449517
-490672124
1029156995
-1191076837
1693080162
1515935925
-552678629
752075875
-636811652
791824719
694327408
867057968
-319781492
1234129536
2127325330
960735662
1269218325
860201580
1042253742
-1722357694
-502056365
1867701001
260055
1217555203
1443698080
-578389591
1086096138
633169768
-137464807
293577688
464349548
1901405505
411086465
150629735
1235824597
-277117717
-1722930076
1264774088
1599951505
-376752962
-1636606337
-181032292
512811108
1689602506
1165654879
437933450
-1753005618
689123267
-1838947769
-367088814
1742319761
-1949096903
657934422
507842081
-294771856
-1227575029
-761785367
-268745434
658158136
1936579101
1186564670
-1421655196
-1396132349
1416163912
-256527527
1033963466
893069755
-1210692718
-1424746454
-914494848
-1400893731
726415006
58441455
-1612518525
-1280517505
-1478294171
-983692841
1181800051
-79286637
904004902
404642792
-1500098645
1400071021
1575855003
-1995134943
-898556270
-568154750
1574318957
-16298270
-725006032
69905266
355075048
-1483018868
829019396
1673742407
-1331380238
637338724
1795440915
612261375
515983417
2130220732
285805892
-142674873
-1705870165
-1343084204
-1548688661
-1841006711
492480811
1849344765
1813459619
-214146008
1302366593
16765823
1660967776
162325002
-1728309103
1813521596
267562691
45028438
1615109839
-2092156396
1827333808
454566270
-1871924238
-289750517
-26615779
1184642943
686827495
2145386025
757247788
-1620635545
1753417480
1842431265
-1821548420
-1961247977
-1674564211
-2069101771
-32244804
-86660022
2097749570
172612824
-883647616
-1879483435
1013977210
-146679916
-1521701289
-1364004304
-1574934206
827895085
732869916
1456589364
816387034
570469639
1826951820
-1299723482
407858528
1655427012
1440333849
-1504190733
-1131890738
1069080881
-624690179
-847312707
-794605530
-1678842782
937051281
1996087190
605545451
-938994149
-2015873826
-1323273846
1636762067
1308635505
623711860
-923872542
2083316153
-2064655696
44121210
-424616537
-1200443432
712594559
-561153018
2016142693
137504566
-932650174
-106867282
-1194761424
1727293277
-1972534593
-1259756449
-17703445
-1928597168
1861538307
596829548
586650311
1721040829
-1451271802
-2130743830
-1142644214
1881583214
980455309
2088444218
2037957649
1344972037
1924153039
509312230
1021233815
-1862780696
1990800219
2012482993
-345869769
1345010297
646664632
1974772200
1140017199
-1971461750
-948601779
-1169699586
969517158
-1812951792
-1265767677
-404909993
-1202776144
1904298518
1985337640
-1019789981
-21266865
-2023729677
1005563286
398910703
2028799676
867045311
-1814232812
-1232738377
-1491557208
-39711486
-903076101
-1488225217
323848253
1925334446
-949806052
396705250
-760872536
1254918991
401604577
2009143595
-1264281381
375635840
-1245348943
-551999133
635723151
1739947424
-1219773287
1686592362
1211085704
-698078266
2117395240
-915412534
-1182720228
1951180529
-531755623
990840328
-1717185035
-1367474557
-363569097
552026941
997333013
1345123056
-882397187
-384592410
2129892634
-2083247182
-1792363652
-1944519433
-2045877821
-1941088128
1396366849
1996564533
-2135604814
1136570814
2057849078
-1656180795
-373929613
-1409577930
1773686664
1774235903
891362492
1789785096
398704778
-148052857
-1512289034
-2037742881
-961820008
-1805352546
-2058118149
825156965
-2123430273
-582122827
377562913
-1637956616
404374492
930029379
1630518903
-1806040419
-1629029374
-279867689
-344658866
1833077812
-418148575
-2001835664
-96112389
238492909
35631011
-1613350644
1458517722
-114573318
1440325593
1675956350
2054161044
434107526
-1353767466
-1331086460
-2125438043
2145234405
-696297061
-239313896
1327409432
-1905548532
-2099728012
-1618966266
-1206002027
-1424973502
-77533024
-2017967682
-1904667235
1928123927
-887432137
2005486443
-1098154221
-1979104107
-1927816632
-517485756
-1345185539
755816885
434233153
-311938527
1579414668
-2134256620
600591763
374066512
-853911463
-754093338
1199614869
75829417
-698203407
2017927210
-1677306967
1680731615
-414903917
-113538529
533889693
-1111765736
307121975
-565485578
-513775533
-320734528
869330898
-1977834040
933699235
2026675866
-1687258152
1861276617
-1279415681
355176471
1306980354
400635070
-145003689
-1020945429
429938001
1423849388
1038458047
163712732
1103189329
-1662670639
-39793073
1205836252
-810922334
-391182888
-1901627958
1135403866
-850612812
-800300729
-1682636926
1980258772
-325546543
993102139
1206321402
-1737352272
-583735712
184182103
1384935885
999557196
-1170814873
-1587232774
557125325
-2146349485
1104179281
947973807
-424588434
-460321966
-1455869967
-1402991127
768963941
-1073426294
-744786746
1992147951
-690426228
-948887289
-68784512
1385086741
810852616
-1748812559
-1019930174
-700685524
-1083043412
-392770015
1481945897
-1830200773
-1475431264
-528791049
-1659840883
614595694
2074961981
677256298
-611594618
-2045328562
-1354089925
1325658207
-1655842766
-911328206
-1564288242
-530732737
1595825972
-1533071883
851993484
742056387
1281783295
-2036668952
1450528978
228918289
-2096361901
77258762
-2048075160
1699434252
27899399
1457798774
907478691
1192844519
-1241588727
1954989084
-656465589
-896073989
-726605405
-926660941
-1349486468
-934706469
-432702465
-1540830226
-1605925935
-1321487196
-1153226260
-487930387
-701769282
-900517224
-1112751646
-5365002
-1870031043
-261167634
223960131
339485796
1562844588
1035187427
1280974307
2087530718
1755204341
1630126612
1832101578
-1180625460
1380880367
-1189229297
-880203464
1509256199
1794083075
-1679849434
498298089
2100368335
-1155400430
447674247
-1246870887
-984155135
215443094
-1388827255
627780553
826386569
1162242822
-367134648
-968869181
1607216149
396682367
-536259469
957771484
-786134774
-783916640
62699875
-1788145415
-449925701
810041269
-2012769680
1282135123
10387416
-1125989610
1969715584
1806548862
-1847416028
2097730001
-303429920
-730127962
-1168038038
2021012614
-1078244778
-1716185060
1931585969
-353992302
452608374
990472208
-586058578
556602992
-550641868
419803296
2144287865
1720238939
1196062906
-1096992495
-307949181
-1877734090
-1713329284
2051465051
859932359
920463792
453775496
-13833494
-1256159424
-1942021725
-1874243294
775997347
1722257050
-1983412803
-926912369
-1012863708
1459632428
-1802813087
2013880113
115308112
1358389028
763729871
1128147668
412888330
483798787
62703489
-1181786042
1707937343
-393348276
1671974872
2009362988
-985888214
2061938551
670823672
1650145555
-294320942
1558913068
-1262182929
-2120818491
918903511
-1060263251
1156739356
-16787747
-1182634386
36886419
-1371680050
1104907933
1885733034
-2139687748
1577789995
2033987071
-131376388
