-192301393
-913258119
-102852060
-469038866
793178981
1508113074
-44595302
-1683890929
1310243111
-747873170
1878799152
495580629
1957662847
-338537399
-725380127
-1287092190
-527296398
-277814640
-1637053829
2078751966
2067795393
494326328
128222338
217080839
1776812652
-1059687407
-1086658221
-846019317
-297629321
664361275
-348408436
683778137
1275976432
428916952
1854793899
-749029835
-187616209
-1179472637
1733863668
1235576523
406812767
234803967
1128022424
555433863
-955984579
1875237555
-1483055341
966494627
4419615
1155572054
-1980027435
1899015681
1941921592
-250842266
-715964636
-2002288070
737833754
2021421534
-1496819648
44421878
679777403
-788556121
-1244557369
602849149
-1446135237
287181902
-1301193381
-547833202
1225964453
864537846
-15827071
2078426223
818840309
-598098800
73063372
-1802522043
-391289831
-1000492470
-1291469510
-1316120923
865639355
666707269
2062095581
-38232214
-1018414465
-924487542
-667443011
1818557640
-750124919
-254287299
2133597436
1045210529
-1457525439
-217118189
1947722555
187501847
438404954
1875245825
-223241156
-317579935
1797202191
587559989
-1033181240
-606762014
-2053727057
-56220343
1889410771
-1070146953
-1148357284
1958117814
1121162205
-413033968
1341919246
866506630
-1922042470
-1090731391
565090526
-847405747
1544796116
-1472777318
436203649
1183656793
185443984
452113268
337079825
-1652861912
46204784
-1301283315
-1936033517
-1644916710
1224863063
1475590679
-1991295051
-1352421273
124822098
-284858612
1279135063
1200508242
-1828238411
1466341510
-760019636
-1328716898
1855663236
-1947069748
509232609
841864513
1380264469
813145263
1640806301
-1806974633
2059106035
748853911
1921256650
-478746791
-1881110524
2085013208
747681076
232622478
-546719763
927963978
-1730885072
643728064
-1446888268
-498843625
-1053608225
830112563
-361409625
1427837910
-816668493
753379538
-1800091780
1043669209
-1098394574
-1429608789
1312765113
1544229826
-126633478
-1027215459
-1992576939
-1365604516
1377638404
474716240
-1630096225
-482625113
1024369452
2043667556
-2100922273
930414132
-1853479696
-209833236
-2120543174
-1293778509
340375928
745225757
-1960764838
1788752586
8677845
1724637762
90408013
452781095
744203917
-849551373
1715739438
-1271727144
1510172247
1632112005
-1754284542
-54246439
1999564066
1067887556
-723113373
2127015918
-1105690789
-678964769
-1885131934
-62837581
775587183
-597875549
1316049577
1616956400
-1149705329
1612664044
1556914144
-526917070
-115242574
1604247895
-985810350
-429266538
1192722400
-242370756
-268656433
-1561838105
-2098466132
823643867
-1036782637
1680147947
-1730345983
1453477588
606879207
215670266
-1310039007
1606042332
-415703481
1548490703
279705323
1101271469
-2051638844
288727970
1721174364
865590846
-1308289557
-1143015819
-1155343529
-439990220
191251047
974225838
503677352
-335265896
726267043
559386597
-909220794
-1514938423
152762803
-1584686337
347331800
460031411
138814068
-658608261
1455274362
-1254386368
-498758159
-351555317
-1899059264
361144846
-1490307576
173642854
397069306
-2090406045
-926932403
-1669733796
-1153824583
265780061
955901229
-688941014
958970514
1636174189
583157590
134068495
1056042017
-409542650
1571571030
-1042733793
1988773456
586821008
150193026
-1340044970
-694992679
-75609950
1910610968
-698696465
-1485678840
1623801713
-1411388505
-1318248458
-1541389115
722954882
-816037970
1795215132
1749061585
-1555827033
1447791491
1172750538
-1353588400
-662988248
1274939254
1123557239
919335814
-213325505
808410678
-403606210
-687335451
-1129513527
1428278386
312245418
1495112007
1005479483
-598141245
-209343788
-223641993
2046005202
527727048
431474352
673018101
1956454414
-1997211502
-439803485
714198010
451408224
-2052084413
-1691663017
-463267911
-1025136863
293732337
-2073613613
-1632144153
404098246
1524099023
1996312261
261930109
-1566919598
1592957582
1195521826
1264605116
291604491
652234240
285556208
1631458417
-1443216528
1224470527
1482208610
-1150191238
597034857
2127952012
-72369883
-781623416
-1360036416
-640304582
1593262328
-2137664987
-1513275440
1811207372
-1818933118
-515605256
-373853061
-68375011
345120863
-1719654072
630511968
-1622665920
-706921349
1009520574
812821325
1195996135
1390416803
-421789074
-1409408526
-2118635000
1084679256
158774040
-1905429800
-626118723
-468684057
-1883268694
-1325297776
-1968670357
2045973686
-893763831
1227428655
-357787098
-550069025
-1095700464
-1512041735
-1450823596
-825754110
1858411736
-596654501
-147412848
-1002130090
1888479289
-1435747810
-118799664
1502171905
1438493585
-1778548006
1718339017
-600853590
653750979
-731569496
1681294481
-1010909365
1595520130
1082627611
-1717265786
-1693007541
803719887
1800223855
1656455534
616738251
-1101008961
-1121120509
1879008735
-477632449
-590626174
-1637426172
1844174305
1947426625
1072011424
-2120615829
-1880169007
322703777
1932205956
-2050974424
1646020487
1665159360
-621145538
-1335401569
-1081225285
-1293659107
-644085884
-1300523693
-1949895260
950923824
-349004807
-394116384
163109089
2078446198
63274161
766858798
-1116882532
1906945229
784864756
-140307485
1815170796
671574529
-393942462
-2000699367
1820172155
-2021115482
-1271343721
1394629201
1363820648
682586407
1569243376
-1936677722
2111184494
818432031
899713549
-1717179835
635581765
-203831833
-1947065481
697514268
483776840
-596413329
-59232060
1738212049
-223643817
252832849
-774921447
-2075830027
-1307644162
-214462941
1286609391
2000763001
-33232170
1632042252
-863826918
1581946976
-788210901
-1628295527
-2108293881
1557540789
568686303
-1645599791
-127647163
-1495324993
-1097472371
1990762374
-2126963386
776087412
-1348731408
-856789523
-902615707
-1328250582
66201478
1915097457
-767656406
220025748
1902503536
209971395
1730852301
1736570091
1547834012
-172350923
-833148936
-652867733
-1742851291
-1431826360
684118225
-548212224
761174777
-1680755837
-2092270537
1208070209
696724412
-1645900411
-376464053
-908251747
-1505959189
-1620831907
-1832478159
1076010963
-772762300
903693593
-1334079465
-1465346905
-1880130459
1869506716
677958517
-1737709870
-767788365
-1787644491
-1329942378
353570361
-664848003
16223596
1202729048
1372749666
562333024
699770526
-1141054161
385486371
-534934292
-363458101
520881263
-203028581
-1075714681
-639424978
897929162
1326708582
-1628276079
800238605
-1049062634
-162182132
-1508259128
504879186
1285339731
-1390195015
-989325330
-301929125
-1537489940
135160371
-1271894871
-2087873267
-986377411
-2056405753
416652457
-1092073425
-2087458987
-1810623738
2133107471
1719555828
-573572612
471917039
1949041421
-984127783
-638940425
458052973
-464122167
-754550351
-235250806
680457795
-318359418
-809774595
-262316483
-640051003
-682110459
-1885321087
1357848291
1701658249
-385950167
-501749997
-1561385257
-1246503074
-181282599
1293081781
1613947272
-25277059
344824105
-948887834
1576191288
-1548834562
106082747
-655471564
-1975860224
-1890445683
2037248867
-11492330
-2097002217
-2028819107
-1095502327
-118544392
-1452259757
1912983644
970050515
2035300758
1494488558
258631335
-1175240061
1189300877
-1742457715
1345169215
-935241955
367882542
-413132930
1061448701
-413024308
-34998635
1312990017
1129463747
-833966075
-786615814
-1626929591
368483316
1481390828
724124998
2111437827
1437337893
1449326583
-799437079
-2085766121
1303123732
-1459761711
491971818
-272164371
-553230376
932906880
1260645694
-1753311118
1044908634
188684233
1066542942
-99060197
217350147
873049810
1781889811
-1421675223
-1125693002
1330906633
-977444717
1241146415
-524138496
-1257404860
-958925359
1468443345
1057667726
649735209
-1327196911
-482451763
281725663
-1832366384
690012346
-805853889
-1615557063
1110027430
-1130923921
-1479580640
-2044808479
-562699628
-2130162848
1987282959
-1543353211
-627396257
-1233339428
-240819628
-1566280707
964736337
-610809814
-1888132319
-1005736398
-1420725223
-1693143911
-905333735
387731038
-579476241
1118253782
1037399830
-870430859
1630721787
-1816059267
289320231
-743300894
456841719
182822641
-133363241
-1586101642
165907730
-1687372176
2044475060
-1996026979
-1037666281
287704673
-42972401
-717067822
460575438
543914224
-1821148161
1121772116
-1847599454
-852889636
-300922708
-1216560359
1134147203
1936621711
1078699721
-523407613
-1809532658
-312146578
-1942555806
1254291793
1270608106
883255410
-632706089
-1799912361
-36102284
1685226231
-626052313
-780970127
89083293
963028692
-78305422
432791605
16975635
1849107627
1061882808
-1416293657
1615373214
-1778818175
1439451622
174317105
-879541556
401169808
223990035
-464017901
-2086314543
-1873111461
1238946822
-1777599976
-920775769
1132060163
-536843269
489880266
-28535939
1108833753
-323476570
-596893081
535120206
-199857613
2024124024
2079483091
-322260785
-1734920829
122179616
1559747281
1272312461
-289341275
1776597076
-533435283
1051307862
879629431
694965968
1049636540
-1403281960
1597329582
-1279824994
-332830520
476569224
1637071847
1343838104
-1384025148
-735368763
1050050812
-1714753237
1536879239
-850445252
60222873
-1004609187
830921783
1818699149
-1365293554
1764773136
-1148848572
1655659822
-634879387
-939766137
-1463953000
-2034253424
1498302647
-1764031703
-741208308
-600054401
-208160581
1666527621
-2018291939
1282428878
709418143
-1667249258
-68218657
1871810866
2082067227
450285895
435459121
305943662
1684932290
1051023161
576969521
455330992
1509361306
-1415531070
-1043446030
-70375877
726914031
1870210105
-2036872340
-1290478267
804698467
-243121040
-1591546188
-2095505631
363396938
-583376255
56690540
616208800
1889866036
-140546867
-1467781508
1788959925
1119152330
1317857345
1344378881
-1009667497
642503133
-749837093
-990689403
-607448917
-1167074373
1514550892
-847424655
312576609
-189232187
1363178911
-939349057
-1265409699
-1796364994
-1324970695
1240635379
-1668112486
-1557521819
-1387800670
-1322753973
1381292619
-2095809852
607129763
-1444948428
687440706
771715786
-2058576016
847605760
2038000789
-673566569
-772932375
-2051019818
-1038589314
-117325289
-129844708
-1501778455
1413218179
511819858
1648225038
-1599648276
-895934762
1013177345
1781725626
784861125
-455372546
-1617748125
221062490
-1874066560
-1576929610
802224465
-1230425628
1626712198
-1310595564
-209230448
918293463
253915150
652656109
-937114010
-1290181578
-1216943406
-446706825
-412925073
-921073452
945352198
-1143429584
363250096
-1022493486
-106226811
-1841240577
-2068199188
438867302
1555839309
1381406616
1910696502
-399434019
-258995155
1427706660
64060359
360828386
919513532
1698699552
-1250312687
679674112
151156109
269310340
-874136045
-1738336667
60571040
-1165178584
-1618900753
1565481448
-138925542
330983779
1790870713
1765756748
1830122552
977954293
1901265553
2108939462
241047681
-1589990106
-1709679117
-119531076
1106966587
656631342
-2099561139
1070187983
-1266409953
1403906519
-23672879
659270683
-1364977073
-1963974304
1020060812
2076473021
1648404871
-1444647004
1228592823
-1696549227
153754515
-1206613892
2001390413
345449292
-1917440768
-1693459872
-912774179
-732276840
1254246422
1454141012
-1260008800
1240698302
937713925
-610573823
1279409102
246292568
-11476643
-1832361951
319287340
1068749656
678385347
965589792
1445717225
636889420
-880879391
-1489170944
304544939
922831074
1933990558
1108772732
1794332131
886650543
-1461953905
784810864
-1990708632
1841981227
-1772837204
875124343
290735171
1411575040
-1629870266
1535537109
840922056
-648427645
1487267128
508048791
-1237683483
-327281278
245612380
1930411769
982757822
-115331008
-1750564031
-404762361
1680771192
1451422397
-1625006822
-1281638010
892512852
-821841607
1517802232
-254335981
-2112408064
428582139
1975566139
353412492
-1895958743
-1564094386
-698876346
-466306640
1904782676
-167731508
-1349532815
787152641
1840999406
-1772960290
-1966225085
1425767665
-233019487
202320258
-31731488
-364437443
2037564648
957073743
1056711872
-1096738413
-1534379035
-604243531
-503901535
-1920138630
-1652382351
945712521
1966182590
-1933579150
-444349067
-1853631551
1017938497
494976602
1055319671
70978939
-590393611
-538541039
2104957559
133972035
-623394241
96048224
-1098238724
-1103345515
1710515534
-542723817
1339413097
958812320
644728977
2025948533
1606221972
311529293
-577343383
-1941559604
1232559256
1424323454
1753241888
-27296923
-735331862
-1442922598
1676822040
749906848
1260758698
-1806935735
-519679929
885916000
-1074896581
-1132277380
-1568774174
-1482958427
-1299770603
-156112721
-2106409640
-538932103
-2121571111
-327707790
1640580481
1356099344
1893777317
2076197668
1311034647
-10922966
1795674025
-96700670
49106788
-161665348
1416305658
430954847
637174845
-873350450
1650378662
280915252
1803868462
1119572134
1177735175
-1558147109
1720732150
685196838
-1862640548
1668207383
642239541
-595819918
-1010830699
205714263
-990428573
1302276053
1661445485
-1770295749
-709023228
84572133
-922906690
54754647
-1175684839
720524772
-1732234992
-229017290
-1716887847
-617608343
-1273266318
-1674975071
1004198817
1383347007
-1794981235
-1275740128
-1289067480
-806228340
1784974325
-459369024
-1473117194
-123353035
1708482754
-484717290
-2036944106
1318906497
709027935
-1874329724
-2082745590
-37254404
1017820321
-119135046
363595518
321630365
65861402
-1833812097
702208832
-923027414
763672495
1212781233
798289904
744897243
-411803544
1743954570
-1772381453
657144637
357479047
-1962047964
-540789459
828161113
-1808697125
24726846
1002604270
1299130133
2030603093
767786560
399050668
-1004527143
2059728859
-926748548
914416883
-1795113356
144532572
-175143242
730268825
366617153
-802554332
-304312858
1136293429
-2064511867
830442096
1658045499
2054948816
-1029251301
-1517130683
1139493987
-1777995299
1144065362
-698109059
-1005514487
-1946300826
97654038
-704149215
1110072479
47337352
-1667799475
-759853826
1150200156
-140941023
-111551357
587890
1544613256
171631047
1309191880
1772067462
1654319095
-1375830277
1306065368
-1901854399
-946720558
-363577187
-1897838468
566256699
561451677
-1709154397
-1438990800
180167791
-190222476
1178338309
1027065862
-672729771
-79677801
494331387
-1394968630
-1970928848
1839476265
-394965398
1924328805
74492580
258413876
-1651955045
1508930182
442078603
-1814273552
-816044243
-487183234
1210208520
1250500676
875300429
-1653700501
1735962843
-1328237427
28943651
-1427716712
1452708854
1287423645
-1759615857
1756250660
-899621295
535353605
-1597839084
-45388319
1033616378
-1549709161
1995269652
-560822403
196575599
-385617882
1275914301
1737000935
-635781841
-2050388849
-397782205
-218177557
-469545330
17759485
859768527
