-247049090
351294305
1667323743
-1893953300
422177969
-380094811
-1166805471
-1599135997
961520433
-1919436320
1890388213
-1544478871
-1698789211
-618517647
-569211098
-459723
1768384528
-684361011
2078754991
-327421724
1808935952
56192622
-901892319
966177645
-1847208861
-1664629493
-1860884279
1716460178
855359406
1469625864
-1868576239
-564570760
523718009
1347585327
-1676855002
-1656715143
2563198
1832000928
-1315358757
-1766071495
-381327070
-747771898
-2073815092
1324778487
776032323
2064863243
379241670
-1021199323
1666382388
288533773
388665702
-1207006663
-545721851
-216759791
1003661823
1661230277
-1046663929
158222583
1897877953
634942149
-1400600946
121388271
-2080813546
1403678007
-2108443656
541644843
-1909054385
215999985
-73337618
-1228801834
-2026107521
-1337843794
666502121
13033796
-1651063641
-239197335
-1741026568
-304511126
-1937206509
-1099374866
428056767
64022415
-1149944061
-420603731
-1871769150
-628011453
1119535244
1542081744
-1816299037
-659894896
-1134174016
1067239312
300249641
-666021521
1030694668
1375768772
1104565954
520423293
-938559263
1555037370
-73701045
984157678
-1350824041
1327494730
-1533521075
-1106141759
-1688688499
645748263
514641162
-808836043
1532171156
-2059936904
-1440387974
122093435
1820459917
-622093913
-1271144304
695063212
-1211284144
387116919
-280421183
515548412
-1783316273
1425562460
1659910342
-1690615760
-702289797
-1895775994
-105838433
-1237482931
1560427237
-673450946
1253945563
1680119441
-1407731032
-1833788170
1524546326
-475772505
1793491079
-1253717862
-236622141
-1478431467
59296721
-379208532
333738539
-1109033480
-1028311796
-613753201
-1704790091
-1261894925
1996547794
-1296776030
-1036059801
2012697957
1519517941
1960887440
2067223724
-1851733543
-1863153175
1571459813
375300183
-476615742
-1026125213
1233045477
-1790687512
-166215577
1504603965
-1997513320
-726588659
-1587133156
-1492636260
2092923689
1604947050
-1609950030
1582409044
1982931312
708758172
-956260304
1421790602
-1688433459
1406547067
1858913986
-2127677542
604790839
1848410015
1862310129
-551562181
-1491145324
1975518245
-854711532
-1301256479
1932668746
-2118846285
2047908613
-405910686
-182630635
1358097080
-1189761768
100823516
-192768485
-529860872
-1015405495
-1871530795
1071825469
-2023061945
711745972
2045832610
524958895
450269844
786061129
-1707316467
1144528330
-77088727
-1422394945
651275825
-1208587744
-440428752
1072061897
1123979689
-1668737840
-776713864
-1160579961
-2115027223
551179036
548860025
1617533759
30053867
1411388728
101097365
-160730548
-818222323
668973156
917579424
-1813532843
-550879431
-659405252
259489954
330489538
-548972986
-1522739890
63171291
462178412
-950317155
-2047484179
524019718
1894280083
-1144150753
-393634236
-78072863
2018690580
-550587322
71093421
-669717779
1556634331
-209767030
-2100408509
-1570346382
1284483989
-1771223547
407742901
-114840378
1076500906
-869931175
1969572445
-1853610547
-649731478
-320595503
1341457296
1529832387
-2108216698
-1068174138
785008183
451344440
921816257
561668419
738783646
-885297828
1483005926
1412193003
129027212
1620888444
-189519876
-856499429
98106258
-1033145652
-1357191496
2062602827
603719848
529943910
2080816946
1010488249
-213626891
-1235509870
103850203
2105169736
-1267603987
-1269699512
1919217070
-1201097308
1508919969
-1036854286
1659588518
-1883553110
-1757184431
-432413835
1435627887
1288448519
-1218884794
-1266338446
2003242592
165802526
1053087966
-687384632
-1167651417
-2051946193
1622662120
578563933
-1156277051
-2015952716
-1762789327
196903966
-380404419
-1799595250
-1561057441
-50904765
2016803207
135925601
1535064316
-452463145
251147595
1106618299
-1205747755
1217812855
-1050424117
-2126570117
-236781435
86169945
-628525152
318298096
2101196108
98595216
-647650648
1267626304
1663482660
293361293
786445630
467166603
-1339491306
184038120
-689506900
713625679
-2086327607
-154927776
2120564957
-6185971
-1021762725
-1936676064
886245718
-1202468820
-1355020941
1445282372
-2059382425
-1063278306
-435306
1477709978
-1889430371
1934280385
-1037638726
180751020
1484051578
583023879
-881472232
1294898942
85867623
-1270889768
534347590
-958772845
735482089
-1933853898
1420508804
2033144758
-1837834733
1646572706
-1435287211
-1612796938
-1006626501
-2031945026
-474674351
1391538801
1166846448
1311055411
-2035932871
30168405
1152716330
817141460
1184066124
-96601693
1467747779
-1049631741
1764414168
-380130250
-279301850
1218170707
-1859910637
165502724
253718341
-332155538
-199473877
1972123298
1886209744
-1418004167
-2111383142
2143431693
-786647389
-1819278027
1540649151
-648575322
-1910060673
-2082242776
1686731434
2064085630
-404903684
-1837329925
606369335
1976907476
1705995198
-1155698202
829590621
330289371
1569395431
2146008777
1208093895
1852700351
-409769268
-1604278051
214409124
1549321962
-1185758486
312081291
-2029764421
1478207362
-279072486
618754715
-215525439
-1303111114
-1870507004
-1451524719
-448167442
-1117484998
629459153
2106774867
-1785601843
-589739377
-1556035548
-1250195441
-1549729197
283079303
-703357366
1975541595
-331762125
541136520
-1410272593
-1608645475
387015792
1347626768
163058323
1071744940
-13190861
1451036664
528921342
810953655
-803816994
180529660
2049007089
474521189
-1055549600
1379745914
-598147363
1566833982
1932644810
-1275547783
1842889304
-1081127608
-1669496542
1316347372
742046990
-172472075
2107823991
811866168
586878453
-52254660
-2090454987
-264827148
-1914409020
2116110085
-227983174
1280802287
864513445
-628044343
-476561880
1829289846
1895345960
868335737
-1797059459
1644023766
1226575739
-512092257
-512636192
-1136884449
1865249752
697616323
-408596164
-912916693
-1990453954
709352207
-1624673518
1441240030
-1805373085
276824373
-1620567157
-808993874
1600018152
1703590288
604608204
-428424603
-155533106
1463188361
-1692427123
-702332891
-1445825240
-568164036
-1403129876
-1978753364
920591122
-177334182
-1147361154
-232902951
-523912223
1066507600
-938641241
-1758883217
-2144345189
1680442536
642680107
-685801961
2033308841
-1138878800
-1290100220
-1138354261
1198768842
-82263720
-1744828299
409760945
-1480636085
149038176
-1065100705
934739237
1446088821
693255090
1839859410
-670517638
-1486498235
-2010231796
-2059508761
1080539875
-1477226910
-974752287
-223014452
-941924146
-741044917
-455142783
-1371178209
1135007408
1040052943
51396471
1430554240
-89442553
986433474
1401437233
301452640
-2130159460
1430782701
1694727654
1516563487
1657003785
-1026365114
-1466458700
-1707262122
-1431154822
1505295712
2073855239
-1925733776
72756663
-1460407772
1959885889
439288703
-1608161951
-1996778303
74579863
762699852
-773487749
-496573984
1674083897
-12844880
215188524
1986837020
-1995741259
-1830485471
-514574142
-497620559
707996573
318998671
-1338603014
-1997441166
-2093084826
345385072
677452414
1596681984
1816198803
811621913
1499008430
448633400
-1879918318
-1005902256
933754530
-167846419
642843621
-480375778
738407279
441789911
1054195716
1973075944
2071410858
-164803638
1286343553
1762823104
-1711435478
-346896854
-1682714387
-1599194888
1644992016
841279901
-1994102534
1771453176
-1759763701
-860055037
-1534774687
-1682820271
1728760536
1843545762
935150597
328475409
-217886712
972189093
2104073560
-1730880168
1815766533
-423468345
96172285
-164851925
1876491862
-1837216437
1511433647
-1846841209
-135813599
2073334063
-524154528
321123001
559134705
-732817504
-1032146267
51970028
-378575431
789981872
903617616
681058307
-606478567
1530648646
244746078
-317679959
-187885601
440537173
-627667181
515231397
-6098225
1738207823
-1278256285
420259442
-1103375193
1730018780
1552618900
-618106354
-1207114915
-1516234041
1144750880
30787090
-1086556758
-1745900488
-570496289
2034130946
-610830645
228729640
-827611035
376618982
915587718
839107600
410456488
184239897
-180896406
1028756451
-1535995162
1146876000
1158393179
-563044289
-1738267451
-1802308290
-1544186291
-657123618
1747812539
-666110843
18784079
914284626
-951601232
-385454544
1778729931
-1709657615
-1357967648
-838358928
-1145318132
-1130247411
-470464762
1809666564
953094143
1943654760
1819193782
-1732807219
-388379843
-165052186
-1697597174
-2127195231
-2087255736
-1791352188
-711017087
1185673822
512998164
890830472
-1976799709
-1566343358
1723244233
702758394
1783299815
-1532506502
1709909703
1690955602
-1591156391
-1533275912
2107294954
1778721394
1407312759
-1375136887
-1468107250
390614998
-239609636
-1251763418
1442286037
-323387639
1556754976
678146697
1590076071
613408858
1084565117
62569731
182727162
915787215
1449612214
-1029741940
-1028786989
1746233178
1489434675
-926701285
1993421963
762723914
-483513488
1879756600
-1299066922
-1941584892
-390612840
-1512457266
-1752543231
1909157874
1078755180
47585093
553750138
1592053946
2092662634
-464166448
867610261
-1661666125
-660278998
947297027
1707896716
-596241004
-122482166
712396455
-1920394552
192074606
555845133
-2055857455
87069278
-65451301
-801213440
-1511128271
-225295397
687301239
2090778590
-292608601
-1975712956
1216654223
493946741
-2117819365
1155994200
732205592
-1410251448
645453709
-507979753
2114394082
-1598472777
-1164828566
772607111
-889352435
-1664607651
-117708766
992042165
-1195636805
-1495410759
155559926
-2007053575
-967351033
1080912143
-987035370
-711897218
962284853
-869091696
-1443532310
-1344635647
-36542167
1906825656
1775801519
1185099225
1783539485
-1771619337
963695430
-678658762
2015786126
-683770989
-1868329912
-1180659539
-1711856777
-393200948
-1047616163
889714163
-288624959
518077760
-1254758706
1569757416
-766750215
1733261200
1366424663
-811625001
1632348227
-495454908
-1618071742
-1191744516
1363101326
-46483221
742337968
89150534
-1077967608
135920262
1231975225
-497500067
1753967572
-773560281
-1376049481
1670399461
-204605702
1932545236
1347060063
-1395688956
-153148001
807911856
-2087775472
1181974818
1856653429
1803832668
642742255
-1337174289
1065763700
177903002
-1205185741
-858189143
-370952503
893191987
777954109
-1253200994
-1593818354
122066971
1736229611
345113072
940399804
-217249838
-803886036
1948397464
-1909693731
1040990732
-1719447593
1572103596
-645337851
303220627
1514018488
-938944028
955614338
525418860
-371138580
-1467185062
-1996604206
757965368
993923182
1858063760
-1868046507
1255963101
570263537
-1646388041
441032259
-1949737115
-1335587089
760501806
-1856339233
2030146853
-630844927
359105096
-706016532
509758241
-1909801359
-1153043374
1695983968
-92396625
-1926900723
1524177363
-230678953
558095961
751091773
625900053
-2102994358
-1112912633
1075107416
1706207716
-351084416
1547958109
-711214798
1902196629
-919085885
970920034
324291065
-1799826615
1061642327
1283236449
1200304193
766719859
-1825211864
473175315
-1921822884
569677207
-1951261119
1665561086
150715631
1021217619
-569569147
318180119
1945504961
1886315427
291587736
-336238674
1211434454
-1586321313
-272632547
-1619092598
1547244732
-1994766327
1961016358
404384851
-75428060
1132712901
1450157800
1748691248
-437576525
-1734567512
-347016530
676026544
-872752870
-1425301708
-1186082544
522559725
-1114176669
65716259
422615396
-1514959378
388124302
1915516259
-1248191117
-1292658099
452470620
-1243051934
-1637280401
653205017
-57703575
-1029032309
-308816092
732563453
1813187968
-1669428977
-1444819858
686982305
-27311318
-1976965912
-2103091990
1165572176
1129076616
-405268710
-158449936
453045978
875753314
822763835
1860133824
-1761679941
1811417727
-2101654986
1123218170
-621603716
1910353462
-2014824629
-1778775725
-766372007
1041966405
1731006809
-1418908026
-2058313693
202959072
1344174687
-264653177
2054852967
-413563123
-422357184
1321697790
-1426184240
383392302
1003925957
-441069069
959829449
1682580959
-1161349400
1273307845
-1266567834
304344322
-2105944753
-883998112
-617892732
1386976535
-1295433706
1989023150
2032131886
-76764464
781474257
1980023117
-621515710
-1707942940
671730640
413542787
-699174829
-1561069021
444550564
76479854
1301437137
653171658
-336109342
-1269251713
1650565479
-173937384
694191398
1382976809
-180273756
-1787263200
1204103259
50556884
722264284
-1521917984
-1437345992
47558935
968688208
-1100011629
-979668467
1542021159
-811062388
979871555
-70293057
-1256724855
-949868784
-2081295199
-391886576
1157206543
739046706
599494424
1972702755
-1081521663
-1597396158
555334175
-1385818049
791798681
943038703
-917657394
1472376274
-1057502796
-2134732824
-2136518988
-1474404679
1198058439
-1233221178
29616615
-36452674
1948788751
-2067077080
-849175973
-619809695
-746019572
-925918433
-1977968009
-593102885
1946209839
980056524
-2082214683
-353608097
-880547887
-1959757496
1226609577
-489513566
172781159
1410395587
-893279115
736736157
1016116468
1619605999
959761978
-1427145071
-1237420354
2086244510
-1151589374
503484747
-1938730940
-1265521495
-864861956
-1886877783
-752659602
-120151276
-1832773160
1401331548
-506057978
-1808714897
2145324885
417634543
-1427734169
264649342
2003244567
1762534663
-836592013
-1546573028
477104061
1827103211
1264087241
1850913116
-1650036429
-1437782714
-736201161
-1453071376
-716606908
1638026796
-1470220434
524330958
441221746
997636954
-1906423052
371337744
202387209
-1821998655
-260762786
-64187365
-1616894351
589434693
124562621
-1170121213
91628740
1734993345
2083765592
-440802514
-1230596704
1558444622
1291722139
321133878
1096089405
877741253
1823705936
2035656979
-1013216575
823018369
1723456524
1925675641
2062695890
-500074647
-536124693
1835983231
1238874477
1783045165
-1604223617
-1787902335
-1891200523
869900494
-1639547900
927350854
1889506447
-1511349148
-2040440615
416278628
-1469936212
-1820820709
1149301547
532124130
-1080793882
-395804802
185843955
-1371388385
373989904
-1393642505
1058286625
1990110195
1723969415
-753960810
172035865
-810402541
786722254
1482709265
1459422302
649719226
729869402
1425618699
-945390196
895167108
1741642665
1473729689
837145995
-2043916132
1085115544
1963459329
344838657
1217004569
-1639804682
856226244
-411154424
-503248731
-438087341
-550987298
2143279137
1441431647
709504030
210805067
-1173686937
-313346814
-1497304594
860492493
1381739527
1344327494
-335686881
-1540270612
324459247
-285728634
2020151969
-1329736898
593286341
-1984830814
-91581940
-638545688
577805338
1121489446
-1061451018
-1125018780
2061119199
-344176981
-30799480
-300153213
-639789801
-2041991811
-2013201329
-256544075
1430759117
-750548355
-2023690929
1787593352
-1725121207
-1860639927
-1291667363
-880796562
1447347070
-200263527
-417410386
431477955
