-1501173247
-187959608
-271310757
-1404758567
-1844753225
-1338429490
-934714394
1274076547
321909046
1575785227
1121163467
125917375
1651243469
-611890764
1158240921
-421004647
-873580191
-1577617583
862823887
245899970
-1770341196
-2076458064
-1651323709
-319931741
550642665
209784860
-1199745339
391319476
-294219705
38390735
1177759108
365559565
-1901385156
1532074916
1631960239
-2012363204
-1428716635
886524176
-286529569
1942555993
1548245580
1327639635
338361011
-2013987240
819691186
817333738
819722044
-1095139938
180151053
-1794671801
2018305692
-675293226
-1791551853
312519363
152309737
-1834878716
804892921
578063059
1319450966
-1725071143
-2023984586
-2086270855
-845719660
2094221385
726538892
-1325459202
831213429
-1357829030
873086664
96547549
1602923987
-1423101377
-1012818745
-1034952190
1807710639
-1384752987
437564476
1299442484
-69958500
-223303093
662218673
2011738830
-631251619
110585304
2023401931
-993207627
833571021
-1413919000
-149521711
-1784001659
392750335
1050704999
-233260434
-749134579
888167077
-1820837854
-112324170
960762365
2091073717
1970848667
1007450470
-1379099939
-133851575
2072647196
-606855057
737645633
-383682874
-2096371698
924432053
1063990331
938175552
297967498
-400285677
928635664
-1783692259
936243760
-1746676830
914144045
-358774281
1938247735
-431330501
-1862497189
-1361900345
275999941
1561143097
1549123121
1321472575
-1856800895
2133158531
1143528906
-582443914
-786965659
-1425116471
683614904
832529866
-1606445352
1341116684
2081838904
1611560705
156008699
1255695972
-272199770
-562791503
-123334589
-1994004227
-1270389453
-579831582
2009691719
-193907358
541173716
-1862546959
-901831462
1662513149
536198013
-1699969098
-1581576100
-1023395106
-930212721
848608745
-11648179
-356809797
213419918
1544884929
-1226467550
-1409700297
-27762666
-1606433571
-2118474149
-1450303897
-1613860081
-908909721
152652757
-1755551855
-713842657
-1247746954
-701676708
1939514166
280327776
-676725324
-223297660
-1020021678
1225519186
-544414912
-1433532232
921959137
1861909267
1482576085
85162387
1892629413
-641876787
115540267
-2038797202
3588134
342543982
-1750927459
-1116279239
1986196218
-1436820322
984956939
1167018638
-2015101882
538010605
-1884468991
-883440381
872489604
-1804698548
-1627309032
1688212415
-2069433466
-1180047425
299038876
694513487
-1759479367
78960719
-881093521
1949649850
-1361575506
1752408388
64194348
-421916974
1277178838
1865664403
-198188146
871126988
-640776563
2072913301
-1515240685
-2072466413
-109294503
-778365446
-336115748
-208495272
-942415246
1565121020
-1372727081
900447469
1688454021
168537814
1325890591
-669650861
1707705012
-1374271881
-294227038
729676561
-1398607135
-1081567373
-367230973
-1952165433
-338428372
788019257
391867842
1281854082
1528033721
949795211
-1057042278
-1315635632
-123911754
-692997078
758878506
1630105623
-402191972
-1006666288
-311938857
804572322
486526132
-402278046
832235504
-869181444
1909799644
1178744421
-309788142
30399489
1982659978
-2101226574
-1948967731
1447013425
-703672047
382753125
-542102393
-829254969
-459248093
-193495525
-997495904
2018114313
217581462
-1781757093
-1764255786
-199496479
645029995
17782100
967844331
-808211027
-1522156021
-879461944
1779905413
173742675
-1680131374
1990203976
-1957580972
406261399
-2113127215
-235567711
524324729
680684976
-990243633
-1556904810
-1551415770
412655639
-1995306607
-27509298
1462043777
1570347682
-1741663397
-1369250544
1713441741
1937687249
-1007105098
596158893
1883794635
-575060888
-1465625230
1811257404
1191041373
709340221
-1829879570
-929995892
-352162707
1643764819
-1262669674
-135575338
1076399116
-201872090
-203996756
-1572895950
-128955939
369086536
-1666613941
1335624268
-484514380
1008322604
-1926834775
1930254423
47797881
986646849
-247254116
651694912
-1964769966
-1146316734
533944415
1968305447
-1343756543
1443871180
1138923413
1798422538
113262474
592807728
1075555725
-1704752957
207150104
1588493450
535967174
1121633588
1875967776
995382290
-1190230602
-1732605505
1472445126
-655244623
525725639
-675304964
1036621184
854649303
-888819039
979349669
643650808
1029608075
-621340498
-355802411
428348215
-1772255805
-1987605542
2083439217
1616314879
1460049397
-1861770854
-25574426
1583317111
-2025378323
-113220816
-709350636
-71538931
2132375777
986601004
-483572855
-1254511209
1636726722
856033589
1892378610
739364795
-1126983724
1947085065
-1830777651
-1225616495
-354247040
-1122541119
787759715
691345030
-635175320
106598489
-1792056843
227492995
-1992758852
-2146826128
443865653
-1656545971
1856222667
585822795
-1747562761
506620974
-1051040804
957875487
1199996968
1065604565
-1145543873
1438589327
-2095666178
-537894790
1812062366
264212595
971726961
547281477
-168020328
86436314
346583017
635748848
-1522248816
15132754
-1709507272
-1298491990
1095051457
-520180634
-148647223
1294707774
2000516757
636892263
1687386394
-1519911820
904235575
-46986129
1594671207
-241142089
-1506099098
2056878754
-988171865
1190974711
1056956812
1935518647
1911167675
109315280
-773936370
-1474518090
2129799653
876515308
-2096621083
1334638338
521325686
1919723173
1408649837
-1986818150
442287307
-834686739
1355547005
1015612059
-1659196551
404851057
-486853961
-1874839031
249384903
361875196
1016928288
-601393458
1913203548
138655769
58437362
-337055999
-920986311
1135473916
846572977
-125793172
-943464472
1910942626
-1058846853
1594920776
-1168118027
-1196029385
-1020047196
-1021896374
-782839907
-897946697
-77752190
-213719838
-1761251131
-1710216490
-599749500
658877633
822384173
-1884733660
-707954551
1441204124
-2007858459
-861992852
-364382098
-847070160
-1572317441
-133501859
1947365097
-2109091451
1570444421
-879187348
550147476
-850534539
-1506574419
-506492424
1192655436
-2116918417
-1213772213
993904302
1102282172
869801336
-1814996346
1355013934
-1721882828
2006104435
-1062351666
-51140114
-918363713
1975077025
964325645
-682535841
-334170509
-525971606
1114286876
-125652915
-739616758
-1706792099
792837752
1482388363
-103803983
-284109452
-753050315
-998552114
1827961632
1867334812
367374898
-1440941863
-511616022
688845941
1635211917
-704403750
907139093
1550898262
1089405529
-999918829
290763757
51061395
-1631217522
-426788675
-2128270059
2100492289
-1243132352
1323332648
108113630
-22509638
-1512123116
-867823066
115931099
-2122115299
-36597522
-1775021654
-606370636
-174722536
-996101905
403905451
1581798458
1954144169
21914526
691434830
-269920068
-1692738911
2097519204
1789718595
965028504
-245230934
185995325
-1584841362
-1659842540
-342853236
-1440905300
-1744190006
931507822
2136891563
397571055
1698131338
536672305
892922579
879985012
1594549632
-924635959
-1002547656
-861752949
-2125779262
1244364121
-1574542665
-391512740
-1319226230
1100229324
-11249566
-866995174
393125982
-1920323286
-1356565957
-765982600
1171803248
-1320430548
-983649986
-1617919652
989788231
1120854289
-942318684
-193904174
1976116125
-2048345678
1188408422
409558083
-2077019253
-914129708
1416984319
1472373989
873285091
1284300733
-2110733450
-442976395
305682140
1174441225
-503929189
793650212
1121819892
523836605
-1544234352
150140878
795164434
1322252700
-1318724726
1099895665
-1415591702
1845872569
2124254425
108398300
1290273189
-802021299
-406017499
-588160346
-499578688
-598559030
1957923065
-320227999
-1785799373
-910214353
-872354171
1560651792
-341462314
-611807842
1738669471
-868618795
-376522240
1331631915
-65765109
-1388578066
1440169329
-2042274826
1042093563
-923486494
-1352058255
1678842491
1213659864
1160748534
-853878984
953384
1563133506
-1080687130
-2007737456
-633431249
-300185003
-775063087
-1584754760
1189224861
-14342098
1435197812
-1597659765
1653704107
1085593517
501180315
-1656025119
-180271276
-1405573253
1763267539
134409269
1468617511
1800993102
-741979292
580379272
-326226338
944389739
210546045
869965700
-1589096402
-622888852
1634533041
-1495249693
1087847520
-1841462717
-1671325790
-1746555887
1112748832
176907646
-1631712517
1182185232
141134356
1627144140
189429411
32828315
-1153629520
-481067841
-702139346
1519690894
-490425912
-489920557
843095191
1066149252
2021215334
-1722131794
1978520364
-1313522495
600436189
-1010365527
-838284343
1787600722
-355554531
-142032754
7536712
1216897906
-1858042039
-1467848285
-690648777
493960496
-1071407738
1434183911
-930181684
671113549
-1979083754
-96400997
166805269
-1178717590
-274748252
138013699
-1498557837
1530666082
1067255264
439871853
-795201720
-578403852
-245702066
-94489486
443237359
-967843675
1672087643
-2118272645
712652268
522686180
-2028630095
1018168198
1001382244
86947950
1291104203
2104830250
-446407729
681704692
-256744501
-866843176
1973906923
1614173434
533395339
566510435
927086835
1445536001
1147982321
-2146306111
1158773520
1377797864
-139784057
-819274989
-1034213616
231981454
-402274230
172710370
448349013
290801340
1760886721
491390891
660554767
545974082
-715082159
1102591389
303977645
217337183
-222196529
1269739936
-1948236656
-1499824795
1783292758
1861808537
1670908673
1408580765
574128219
1739665132
-417196443
-192576921
6755582
830748226
1484642991
1799575462
973091490
788262795
2053985045
1996474458
1870103999
-1432624570
253651717
767675277
698378742
1451964927
-1790082470
2133804403
-377476251
20713241
-1953529654
-276723764
-2114811588
1178073037
-1452987229
1251406989
1434144144
-30005902
1772140726
1135191742
-587657617
-1994419714
-1128153709
-598915675
1788505139
1944715724
58397174
1926522404
-524787429
729472415
2094610048
-1889526177
1397585431
1632577766
129452201
-438128735
-1645547294
-21620671
-1885622027
-1534563712
-1937092778
1145048131
1224015973
-2021117634
-1934973957
1155265657
1128444208
1871658098
185509856
-616997205
138198706
1695679974
-764832338
-1801079199
1757956260
856063427
1838555641
-1426098008
448181645
-1523978773
-841734951
-540909547
-131069832
725036966
675203257
-119812854
310402535
1100486527
511070830
1697050167
420201479
-1016644752
580245131
-1906021020
27976228
-817531076
2134798322
24749164
1290150750
1926812444
923192238
-2013290868
-2052302691
100708509
-734585344
-1075156515
-998439486
1227186632
1604768951
-1550484193
-1999778274
-1480094077
-1122854204
-972409417
1542829095
-1009382346
563511565
18985466
-1906302872
-577303632
-681484159
-1250718805
1433723833
559661388
-176961172
186070722
1841408176
503573327
-1668410356
1716914287
-1396406185
130603668
9856611
1221077597
394180126
941482346
1895351118
1849097786
-906922221
-1160004
1880127190
826520951
1595332688
727665523
181105605
1048125772
1812650163
-138516457
732788348
-1319371010
-885982764
195786940
-798883581
-964869020
-529699789
-1189664485
1684636769
-70897497
491276977
1318945534
794774318
1835935048
-29058751
72751329
-1222968986
1720093543
-1726219553
-2052475178
919188863
-402044607
-383036736
-933773911
961040060
-1927640070
325829834
-1227649981
-272042813
-420025956
1360447814
-1010525357
-882617235
-1424810145
1993033683
1006251818
165621213
-628953046
-1057690211
-1244806170
2028648403
655419225
-1131007281
1325242322
1891066946
281609152
-1867988155
649787405
-2078877153
-1839952144
1330593414
792605544
1256405115
1134929080
978223857
-1158916204
-131139885
-178966802
1794373685
456727677
-1306397018
1140742511
636587270
-181296656
1117624904
504283747
1460624397
792912771
789247222
-801969467
2048797727
1201211061
1616078889
-923096286
1167409073
-1734154413
-1556790737
-875974496
586753931
1410827805
-1574227466
-370915775
953191612
1922121129
-701062101
-22483351
214377933
1219289480
-397779581
235638941
-1846654151
282667942
1259595351
980369293
-2113020133
1424301046
2042076022
-850928813
-789611479
1914842702
1560049718
1153242109
-1195827232
1356434063
1252126156
-2078502840
-1643396095
304190216
-479503395
763444398
-588408005
-804031205
-1726874028
485623459
1808721193
1513529377
-955816843
-929396710
1400081790
82986634
1157612850
-2098960562
-528807298
2100514121
31245501
-631214402
-2132595025
192367982
772177758
1960485240
-1132863024
-1588360172
2127162758
652529562
503117066
1821969532
774960419
-740856043
585533029
-643489670
758758453
-67060556
81241981
-310371569
-23588704
867592540
8010612
-1771959977
1736767812
-25274475
1842233386
139433381
1875756106
1774660936
-865732949
-503351060
2073372352
-84820534
-967336215
-1101324704
-447856280
284725272
98745002
-151823012
-1096638772
991102308
-1489892413
-840143483
-260997482
2139481040
-1602043514
2020768048
371720734
1756055928
-225670792
-1208323584
1016532547
1985498038
143488839
-559346733
1231353469
1466353312
-837289990
1819541983
-1148828366
-426893099
-2014296983
1966082583
-1073072823
656279417
2754288
-436200749
641511677
-2049284483
-1685182369
-1597970769
-1947670029
275259683
844888116
2018882226
1940184717
-1901179199
939009035
-9835853
-1128308608
-712507452
-1085328811
378345463
-605065053
-178336009
332952648
1556422175
108856330
1107739397
-58612970
1628234304
1552451155
-1883749316
-845505439
1643364435
-1281905345
1535978131
1683747309
-587959601
1977840004
682764270
689586326
1600147604
-1236516640
-422702433
-1612479867
1361446155
160873841
1043649584
-1318924130
-1937168758
1826922051
-1416363937
851068732
-414036228
-729643734
857954409
-1043725792
-1605002560
1448926674
1933819531
2002150310
1504162258
-33875436
337337797
1492065081
-1296580824
-2046697590
359008736
-1399087352
671545950
-1708000667
-1449321550
526978297
-291723372
501426557
101338529
289449693
-1981828714
-883484759
1988975717
-1154654747
-1184021954
2033325648
-1038847983
1823088981
-1810498282
1647078720
1849921875
-537271177
-1683898303
-118991938
633843450
-265973807
-728494182
2080761565
-1584007240
-1941220967
1680444957
-1773162221
840993833
246284648
2003380613
-1586522360
-560607981
-1985311954
-1230382025
2017803697
97503727
-995846810
-476567202
1442069917
1122866088
-1772431734
1926543190
-917391474
-689408094
-869872185
-1611158451
-557965749
219375357
-1783442700
693809447
-168736332
-1970074086
1710010816
986037922
1124869911
-1933483939
-1012251605
557390011
1269078721
542612532
-1311195081
-523166641
783640278
-278525096
795258078
1181139716
-1432016028
-2033122478
228831814
1264189801
1815401398
-914429375
-1345275597
-1188994213
-1655241498
-1747237926
-1823601220
-1374909781
553083317
-1441854801
477919553
-1688374275
-1311656034
-359736909
-1673427045
1488365042
-739874520
-1180456452
-730961003
672837257
1662691708
-509925173
558642843
-761556286
-1956094666
1654188489
-2088282191
379524228
954905727
-590218861
-354445914
1334244031
-44969381
1150325880
-1499400056
-908425259
102307135
-1124727423
-935504294
-2130613707
-528427802
1095561649
-2052753660
-764087479
1459988836
-115436659
1870398346
-263663470
-316895366
1164028637
975942785
-666303728
849116716
1564615860
999125949
1072558310
-38583919
-1955807314
-530422449
374172990
