710297574
-28177414
-1441073580
-971301727
-396052352
897724607
-587523799
-978144998
995518645
-54750579
-1727397997
-1226217211
-1332907475
1238067171
-473550843
-72086482
252511218
1026692207
858644882
-495533249
-1082790794
6522049
-2093498482
-580535139
-5029926
576065857
1872872309
-309671311
-1831559571
209591395
481904906
1262374404
-379068558
622321688
508412099
-202177457
-1954798555
-1254351225
53584996
-1424390190
1737791232
-389895684
-1144811031
1389992868
-1586406598
-1498351584
-449597272
-961768501
1694068879
1914844266
-1479031625
-1497010483
-185036986
-1871084075
2132972682
-1394051962
-955236240
-511280173
66684129
723349052
-1637108115
-464595327
-395473184
-2017145872
-1581635148
2125471259
1552610431
-901166346
-957628974
708754865
1363498788
1294791111
1281962674
-51407590
-1497623411
919172374
-2076252641
-1418447319
-1871901197
-1895212512
-432543353
-1660862177
178929004
1457547848
711864322
-1481010081
1929952656
1939819490
1386289297
963658600
1741039455
631723086
-973875030
-450983682
1519086178
213968713
2093583092
1502226602
2143453967
-307759233
965535310
745272165
1462154097
-645432221
-1148329707
506291087
982327816
1784017219
184534182
810517542
-1755446547
999436694
-2067368671
989632307
-2079019207
-285129064
1114239344
1885941639
-1214296409
235076120
980635527
901820839
-623052936
723272336
-538527508
-458985468
922970262
1504959606
-1061016710
-721168785
-995900932
-2064735023
1403060833
-1601742645
412606292
1465813262
-1205826704
-30467837
77084897
1292902419
346172566
694253630
-2100007265
-1917828972
-1429480027
1119160145
-1662590552
1044654246
-353371559
-310080907
18743256
-561771887
965849241
51577913
1536959924
-695135511
-1043624196
636550073
-445039993
-1011008545
1471281038
1572041232
-249599283
397181396
-551322925
1864383242
718185685
-780382929
-233480437
385527070
1422441377
639051119
764073911
-1864967013
576869392
-794295933
-230051493
1191761440
-1974271938
260163928
-565742202
1076399184
694234411
1778703540
1777748751
-520459066
-1322465638
-1168788670
155784864
571985991
-1650084549
1733618157
-675635336
380746294
-1528194293
-1585819280
421248108
-126117044
1259762171
87675438
-492253906
863177607
1549136079
-2001585858
-1054407727
-1374376093
-1790977463
-1378663734
-1647426932
-958546873
-1561355642
-953584231
-187919939
-369307582
-1291069785
-1185700887
1635545649
-519302922
-1094397262
521086337
-701001822
-304495148
1824051642
2131042055
-1941727360
-1344020087
318493758
1515481742
-605079564
-981586249
-294496049
377025907
164727585
81925096
-712703244
233482089
2088661676
971121343
1814907985
-1512364335
1378264958
703260272
2092540933
-165999026
-2017295928
-1935825551
-2052480940
-6002792
-1345143481
-219608463
-1612110202
1473347473
-172835384
-1135679351
-1816417010
-1625004139
2889710
692424368
-1541997587
-1275807723
1521705523
-174694796
1245646680
-929142682
-860712404
1166186983
-1268055912
-484061226
1640327696
-544039722
1683298609
-1359862784
-1861174662
-360516287
873886790
1635846241
-1524269971
-1509552378
1657852475
101385002
1030555545
-1119328546
229606043
725216087
-30676772
-24086387
-1091401668
1452254208
-1996677878
53664853
38099873
204257518
-310397967
-374978645
1440018335
-1131696016
1963794327
-401971923
1622072386
-1379981713
216970181
-1691371566
992859120
2014184640
1961695688
1818099042
1540736719
-5608263
-1803764618
-906378199
-1807460252
-604690938
192311407
-1006557209
-1929344132
-779573571
-595862364
-1604130294
-1774270385
-1268512594
1394304797
1538414878
224174305
-1807777792
1858054646
-1410483324
1160378283
865675001
-776817494
-734776991
-129274757
1134703388
-1455579757
1956856281
459027351
-786307208
762390449
6522749
372489000
1776605246
749502634
-663801855
1393935062
1285837717
-725394671
1528054578
-438711889
129696682
1375004906
-505420506
645985868
850992650
1861843565
2025785268
947903798
-314854349
-1450916598
-1795932378
-59520635
-678430361
-134801747
-1337348563
458320842
-1192980029
400030019
400637205
580195118
-1202176368
-1118238085
-1787523015
-690301733
1129741273
2059930576
-1325829704
1741112730
-1717050563
264466119
-424238488
1670359484
-1213896698
-478879371
1310737930
-1543848130
-2040872839
1598660420
1066557119
-794720729
-111832977
1490586101
-1384969286
-53892299
128198948
-1507701016
934117175
-1062635336
1113584206
-950526821
-904798292
-2139131460
-1941122959
2031725680
-1774876611
1306917741
349707377
971220146
-483238796
-2089961289
-94961560
-780953895
-396680400
1578073132
-1257419335
-1183375859
1323703518
95482923
-746381211
-1473256984
418269415
-1408928451
1648419741
940474752
1295978089
1237747394
711887767
-958223708
-1637532632
-1814686260
1833703589
-1134632604
1002148806
-1365872054
-481904766
-963462186
1943557170
-69043608
500110063
-1679387113
-601589922
-774727626
1615506046
290456208
1488754484
-1943964281
264454828
-249136518
-582570550
-103970277
-946552267
-546041181
-1033427757
-1027414016
1418399908
-1542047631
1999824984
-936711628
-2065249751
-1782662361
-2119995224
1538632079
735632558
1260758375
-1209206899
1091263455
-2022546901
-1648317705
1575374016
-288226988
-1710797767
-480432441
280296862
1150682142
14136549
-834263758
-823671782
-1632981420
2059200711
-563128700
-816549643
-1291740649
399801938
-1112291908
-1934768851
809926647
-269152660
1305296786
1914236594
-1786837099
375218752
-460892742
-447636385
-364609912
919087699
34622058
812047655
-794322556
404460245
1248768026
-1492500849
674014137
-57849543
1313522058
-1525817765
391168120
596166407
-1801013751
-196779124
-1527831780
1211037168
-1089366541
1120473737
250044711
-450658014
-1332456582
-2032570213
500449962
-322082850
2102471593
513092254
-659245846
-109730489
29987750
-1097190667
358531904
1141375355
1161770551
-1496954178
2108602945
-806920217
-286734969
1457154630
736287005
-1618469162
-772037336
285719743
213267788
-1248306101
-451432357
-979098832
-1177308058
2057778193
1588764815
-1532005716
-1788592046
-2068231408
1844762663
380756422
369727907
-162907167
1716622720
-1978705597
-1949733826
-903890781
-1069493710
-1955423215
948079167
-1840482801
455168660
1924037240
-1950322403
-267504695
1202563461
1755481230
945782027
1762883065
668415081
1100214256
-457806175
577422362
-58305678
558015662
2048927419
1797685521
737108512
-703748729
-787825503
769503361
136328202
2113488725
1096766055
971193693
224532958
1050471370
-1100461161
-1869441602
524858021
1998926684
-1080964596
1235857398
-1442443957
-453846402
-1766157024
1351994596
807460446
925742608
-1484140791
-451310711
-1422799338
-1222212841
-1952441216
-251125285
2098799253
567901616
-1010752861
-2076520743
1047415406
-309398719
-2139324645
211999199
50269035
-860470286
195796609
-1414810822
1045191050
-806680741
-779348739
-1320809985
340728393
-1948563330
982801712
825092888
-424716253
-943649545
-526704301
-1786036833
1748806233
-1785685134
-121146720
1412247662
-2011245323
555758940
-2109566224
-1500091146
2015487243
-962250788
1040856229
-1843846320
-839824062
372103172
550261961
966738833
-364263790
-1065488829
-1297869961
2142009441
325187918
623412510
740372089
1642903246
-179948955
1898389279
2054816306
964392797
-203183900
1003153421
945960126
-1992496030
457447358
351487324
67006295
795068817
-1153257521
-164070937
-15742470
1842573524
1494197790
1752191196
720883017
666343518
-1704467870
182322166
1356869298
380091903
-390426169
280875250
1029679825
1480457145
-1915837967
-1052101
-391667181
594416020
68577344
932048615
920411035
1549973678
-1291847338
1919972838
-101445016
460624789
-1485507371
-145016712
-711511881
-1590734887
1654966637
-1981319201
1212046757
59690203
828421397
2073901654
24199448
-1729668117
-989788777
-1355392191
-1915543072
-1870041710
-532718254
-1476007259
1557709336
-1453178837
-1091960773
1076989913
-69919278
-1059036232
-1693422300
-1324227715
-1128206350
1367090930
92915521
-991300437
-1493491366
-2051980895
649712615
1333095788
-1283553721
1933070382
-545156971
516950637
-957641222
1747186806
-443243208
523262450
1351272602
158248928
-1707264342
1159394827
-933796008
-977024335
-2094277253
1246932484
-1251009836
-786506594
42583284
1696420641
1412887486
1401080482
2053060184
-692314998
643508672
-1748873711
1069618285
-1468934524
-1731597157
341924077
945556282
-849325854
-886594672
-247993480
1226602513
1982447802
1396522752
-705417462
-1155641905
-119928486
1808236630
287500836
-855606942
-1083760516
1394105380
-1841126972
-294942069
676790713
292149900
1691810810
-900487964
-888347333
1926502881
-877185093
-1233519324
-1155093065
-1680975987
1412156916
1278371490
-9518695
1262297908
354193378
-1951025897
-1200241792
143532057
1087493792
-1332611417
1546313196
964950208
2095093761
-950679006
-570386891
1616603349
1963095199
-1566288506
-1315480898
-1440972468
-2145905868
1152622792
-540655510
-59143479
866475303
2047826131
644719439
-53532095
2130473066
-946454832
-1979277655
485469152
-2059052414
4769704
1201508369
-1063413715
1776152806
-1411141690
-1777002002
-1774717077
-1368499571
-1247181023
-1317906133
2019354434
-2101076286
-1083541127
-909491670
-1284675938
1968098618
-1878403360
1551063288
-1826128937
-1657367705
-894099333
1755199681
1211767058
2109100814
-721904247
-1146446203
-972528922
988286487
974765221
347466507
1409826114
197901219
568313159
624644118
2122465933
1094572644
-1938317936
-43180842
-2043180786
1863603240
-324556730
1903287713
-1210852723
-923957579
-1454047460
-1608039710
1767457338
816219612
-945058505
1471677265
387716302
-1238701368
72273389
1869688164
-105589008
-526269290
2081502159
-736715772
-725637671
1562410538
-2146665495
1807581828
-241760710
138792256
-1646956217
-886094898
-1548599972
1940651713
1462363323
407242975
606967945
1464022103
-1793073955
903334516
2038777514
-157718717
-305577389
1037812229
-705583055
-1675672467
951028818
1489073650
-732022472
1976972732
1388261732
-1666198276
534936042
2026187944
-42803093
-271182602
-566855391
1884750348
1670039013
90130619
286451025
228491072
1872519537
-1070276254
-1761163357
94987367
-91508847
1355517616
1883983204
114098180
566668208
-1225182515
29377440
1215048659
1260940903
1435098427
-1245566710
-1872772394
2130275323
-1774911229
708114974
-366484307
-1814653142
1223907888
321723273
-1214408150
-190747610
885601921
-1135475000
-834556124
-1707661343
-249555623
648846606
-1463888501
-1177702517
-2130324742
-817019798
1325557181
-105321384
-1403596046
1129591593
162549783
289644422
-918823468
2041089400
-1528032307
695399070
-1715755477
273758542
1807339262
1144801273
1219176620
-1121153912
-304628734
1109987205
507993002
-1645069996
1864478726
-1143168055
-1703550514
1547508947
-963285285
-106138842
-1739475962
-166669318
-1121458166
-1883571873
2139354813
875117240
1191751979
-49656486
1396207181
-1683998371
1844597110
-1744615641
1468024497
-900168646
1979396762
-818249151
-1276304769
1667379588
-918271283
-1844658156
-933649132
-730314371
-148909020
-1774162241
645131280
-1912294187
-1843682012
779245594
1391569924
-1509282484
-889192808
-856703750
-1952652182
304747676
915202724
-268410701
-18653483
-1745463914
1976387866
-1547220770
-981308055
-1826770037
1316537611
-1693895333
-628384628
-1325192211
-950964319
-141290343
-2003416099
-1757983180
-856347604
-1796016108
-943889820
273985030
-881419911
684608799
-968388085
791597969
696468586
-66036253
-255074739
-581611973
539094979
-891134297
-578069972
1709362557
-1888680639
1880525649
1288982888
-894802932
173704176
383260971
1020416237
2119391545
-756809794
2076311786
-848182644
-1944703847
704022090
1225385196
1211437038
1003728872
-2068087551
1350342593
725909701
-110535894
-1740059540
-1780611347
635521091
783564562
-19403582
219581931
-906529329
-85575256
-1819760700
766768499
-1978549002
1172787493
-1397906486
417637119
-676509537
-977839839
-1779561448
-596132725
-1155854974
-1268627985
610855541
886391965
-1627435045
1633407559
-591657474
764244612
-849915814
-1891804378
-560374985
-1001469213
-34057123
-383052303
-256671390
-1593394063
-2047181472
1741948128
2071630099
2011743481
397747123
2136100249
-1230479356
1800692392
1796843630
-1956129253
-1909184987
-195930745
-1584074078
1894599645
-332210185
1827009861
1181682641
-2146961098
-676658662
1207410490
-1608282209
-1659040513
-1179168220
-1956020056
-945495352
-859883402
-1279395661
37241155
52913492
-885143707
809377989
1520259570
36770825
424318595
1023916102
-2025790505
1400720673
1050577945
517350890
249940877
973843517
937064168
1417676861
-874916688
-1867763303
-2141423799
-1468313097
135874977
-775280512
-1180674410
1268144020
-54742134
1868202241
172191944
1757127204
-550234465
870944994
1160451169
1755290463
-1253888345
1695510484
936803468
-1030461700
-974753862
1079075560
64211329
-558793406
1367396172
1357515585
-1528718546
708958942
858691945
509168651
566047251
457497079
-1743137214
473439147
-348702099
-671414145
1282474983
1390130231
-1977113194
2100924364
1885939797
1628886824
-2089077333
1456734566
918585267
-1591797682
-1071931537
-1575641822
-1714992424
8872963
1729980014
-801086353
-2142731759
-1935657821
-240330907
2006552303
1627680800
-1801376965
-203045664
-907004855
504068486
1225195392
710404645
688144189
560436228
-691275007
2075400272
1224801784
241644127
-2066713696
-683896385
-794827863
-154883996
1697380670
-581617745
-222474413
-1928246485
-1032377675
-1506382297
-1888326684
1719390623
-844536309
2106579476
-798720633
-377636547
-484128797
655777205
1311453238
-311184613
1748905526
-104138951
-793461870
2095144235
490091075
2088658341
-207097866
1365298112
1433619908
-135284741
-13532983
-247290031
-669212831
-668849512
1319837715
1273750141
-382205335
-1989609763
-1369424046
122309711
-832213569
1953364241
1235061134
-1500937534
-444805614
-1318956922
2138401451
1288046983
1710411600
1003904505
1081423869
638880005
725371227
-1062681538
1194053153
-1039173216
1705985021
1414680348
2048636938
-1250050243
-203700711
1674503285
1287664474
1086912774
256238628
1405215658
-672291342
388139370
940425682
1920374589
1162565836
-1834837401
715750163
-129786697
-953316345
77373963
-1533007808
-924686645
-1158399933
-1961284809
-1066110575
-574997061
1636045103
219997862
1625318867
-1221565958
1152687455
593578029
392923222
-804965102
1927772002
-1297927100
-176207317
-606040889
279579667
-1947172412
145580687
128816252
-863737297
1051022321
-702629215
-1853300522
-936577240
1666617531
-447160229
-720791137
-444457672
-2030635200
1794323647
1910037996
-1037547848
-967271787
-139179696
-65485184
1270594225
1678034118
-81583933
-766596494
-848613709
-1182759398
555697910
1234864654
-808902171
-374049637
-2083654623
-1992309767
-1712368291
-2137890860
895070026
-1205765993
-1460603471
-1938031396
1524966398
-1139327056
-313701938
-728117613
2062098237
-769321903
115211015
1015139883
2017519541
-236217616
1540967024
-1920886806
665281843
-598465069
-1473132691
685252653
1654311766
667818929
891444101
1080505519
-943473787
-1180064615
374259579
1294290443
156766754
779469074
-1345475169
-2011400833
1019269887
1762013059
401827169
608912114
1196288273
724026325
638080038
696858423
1765387618
1917850966
-981403810
-622856557
1709795660
-1342200096
1627999190
165619580
-1384691741
-1755583175
1795645002
612956579
-1150981453
-2114398275
-2023894722
-120481484
270603690
-1558200518
225471501
1737232988
1777870423
-849617126
1056573249
-1522308853
1301432917
1072872647
-110859739
1244063995
1495443713
997269834
-112726631
-1357057552
262009970
1406896437
1002567717
