-1997000316
-1497565654
-1913467310
1749667045
-1893884424
-850951561
150779111
1253820116
-958871030
-1669041076
1356039248
392948749
1285460872
827063684
-1807111480
-529221712
631374517
1240559275
1609675869
1322990822
1340379537
1743300343
1628712403
1900648941
-1184029860
440274808
-1838788152
-1164638092
-143101859
-826894962
2090591256
-2094784728
173926879
-1966057316
-776937598
-1535174514
1561352827
-63701254
678287755
278737683
-1613642083
-1531845073
-1200340830
1679785568
19288384
803578464
-867313532
-992302605
-2037765893
-1555201790
-254994207
437692651
204128577
1816855254
1573016127
453263138
1881398244
-581140201
1977859359
1867893632
382019291
1949266412
-1190865059
1592386446
-1033014716
-131203037
-291785764
1431016521
1725219499
-870192608
1566122082
-441099208
1835975564
-2001609709
1904395711
1904292544
-752656874
1880996200
2097980981
381759671
-1489799119
-1997436541
610377235
-194925002
201072578
615381933
1470155426
99543474
-1129667027
1944106568
1410333509
405113933
-619155429
706078026
1658949851
1914085226
-13795971
1823456232
-747737241
1780270974
160755151
-1622680175
-571808269
-211167187
1988035745
-1844846051
-1431850832
1305548181
-18845102
297101638
123631970
115586788
1733747999
-2132184746
1645967866
-558203344
-673765797
-1908284126
1447830916
1830844806
-288798721
367760694
2123692867
1921007939
-1451514267
115478609
-1014044647
70666146
-350371248
-1353838829
380557868
-2097148522
-553634001
129132276
1738566343
-580300582
719802786
-1929332616
-1014578563
-1265268923
655493693
-2054271840
1864702867
-791331998
1668245643
1869927843
-1860008289
39591488
815305300
124913374
-1364011668
979755653
-1077540061
1091844104
-47656928
-681233207
-1956976638
-1959688279
-325838688
-591829728
-234292345
1770664140
-2066784205
18650616
1564294676
1296959475
1300878181
533038117
-1867254183
1699238730
-1121918931
-195740614
1091069469
183792160
802011730
39473434
839647038
1592854418
1929134601
-742889522
-1880267530
1819188360
634859747
517745816
670547295
-745411355
-630214427
59835719
-1959323848
93410298
-1331379720
349115596
-153688087
-1109914565
1733366147
-601005043
1474028996
-1057933772
-812898218
-2113059848
-1574255987
1604836029
-2093608247
961625307
-2115925444
-1712825236
2043864868
2009276147
-1306416640
-2067592118
-147993023
980551746
-909843577
1085724106
-1668189584
9073573
1700245628
73807350
-1981941606
-2068339419
1381489233
-1555566101
1168304040
-566294643
-631354819
1527267463
82158117
-1124380869
-507030136
1550211936
983782945
526808635
484248070
1889905399
-1901623463
-1119951471
-860143904
-1167523283
1497274260
-1924833323
-362975847
54631669
131985743
1045856517
1321375568
1705170506
-1001277284
1023141782
-1290552766
-1199126173
-426105274
1270766284
-2021811309
-1373679067
262205753
-1086094773
-751376051
-1934483239
-628004320
-589888788
272103592
796251422
1378102607
-2086136620
1102685323
808539169
1624870628
1543628483
568660051
-927085046
1160521000
89547433
-109686062
-392223047
1333204282
-1185405058
-1884271207
-571624015
1558316526
1088015442
840971386
-1257795244
1264508146
-470433629
1855162696
1999558992
350464562
-1016898066
378245088
-929188775
231564669
705887880
514162285
435156248
-2114035096
1567894957
102690278
-364012958
1477811826
224806105
-1894625573
650157741
-1739960984
604310102
-1753258383
-355218753
2001291275
-1903680234
32511915
507477927
2066235631
-192579134
-2100691734
776252401
1130161061
-816593646
1231132086
1856331796
-1696316900
558630751
1374424254
959297071
-1750518716
830313845
1941494301
1387725044
1509854707
1162994350
904709598
1287288292
1558990604
-1009100741
546049730
-634927428
1918710237
2136198596
-1472612032
1619484207
1596734409
-435128524
1156467404
1790391252
1491612710
2108840909
-1891076772
873229153
1411196264
-2018661758
-113346777
-393006311
1817332862
-710180987
1981756079
-993421949
-1460856196
1289416477
121520897
1003041372
-770691975
432499133
110530619
832508621
-392733254
807980370
1399007311
399510752
-2101323761
76724188
1583767557
-151295440
-836680067
-298979520
-392986554
-1049311776
763727388
-704646565
122651542
2060015053
1617080642
-1527642278
1640081378
246682375
1209385185
-1291166904
1391777915
306673020
-952369107
-1772157208
-1458097054
55228150
-679502207
1886653636
-1691011899
120836422
-463754365
-365779835
-2002634807
1007070145
1005103493
-1296472187
1880650634
-1527436309
469066286
-1591070046
1421251935
-769450638
-1882857127
-1231826603
211915106
28058973
604813884
-1469921790
209020463
2134455429
-112133427
1722139536
-2078811926
173419843
590704992
556248124
-1456706169
-1852854166
-1556338540
-1674958422
-107405499
1416381815
-504677008
2125017661
-109077126
-1345105401
-270109752
-1983836249
-603516778
1520931977
1407397093
274053827
1368304481
-2105403853
-527260572
1488167073
-1868460921
366331961
1224251230
-321968926
-1920420778
412303420
-1738360375
-230066874
786436805
1441220608
-1483235811
-155811197
1616900535
1143354466
1494872890
-938921384
-262389887
-626968696
751254664
-506978592
-1399882327
994189913
1441228895
788428587
-1075882000
-291682000
1345644713
-1274948342
-1322965101
2146467787
1052455366
-1956701142
-488315188
847339657
-1797012561
1003337315
696342686
1916555988
1961369949
455721298
287598802
1503200475
1096899179
1500184868
444532796
-169849724
1880361722
-1483232076
1844709698
-734354527
883029460
-955291944
-336215906
1152234337
-122118957
-964953864
-1080660382
-945642744
1323727747
1081778911
-1714965700
1576410594
-2085173242
-1645603883
-255486469
1043219573
-1337074120
-2013896467
1005444434
-2105410315
683587858
1304267930
1628226010
773871356
-520872365
-872647800
-516670371
-740428166
1670275164
1004352169
-926714799
-799426071
-792667557
1576884877
-1130884447
2097745861
239635116
-2125233162
2109439155
-1011896517
2135388027
-2147411541
-243647578
-1043486688
-916026963
-1617532020
-1242295333
-1530266076
106605056
1276927718
-552103753
-246463674
1409707120
1989693448
-35387226
364045706
-1271527972
1576270102
-1476829854
2140611562
764921833
763130396
2016214132
-1417486711
-597786842
-204956059
-699407366
2032776750
942215025
1627953933
-1530286165
-606982417
144503448
-1312488747
1785262616
451856940
-120095422
1949178678
1577672244
-824554561
1035210256
260587192
1421116694
-1745445263
-2111599874
1346640003
1911172092
-294581329
431214863
-1121549002
1493794451
-35276163
170654249
1003302135
-1096507020
625453481
-1408459459
-98948406
-1659082510
-1206806204
-1391366998
-1344121562
24786962
85432142
163829475
-304153659
-1336259622
1754801072
-503018162
1033711291
-1759971634
1973886830
-898886289
-1892556086
-1348890441
-1375995108
-1212102587
-1508145420
1160126118
567269521
-859642892
-1943085232
1129510712
-217082918
58037155
1089878305
-993925350
-1829705871
-602533465
-221819868
-1688954417
-1774641233
1264601056
-1371185880
773212848
-831057538
299012707
239760868
924910132
-1940305838
1553500249
-1702115836
-1790778511
1415880537
417263398
200966532
1047285218
585021936
701578189
203673665
557307754
-1862070439
-895269230
2112332493
1768514201
-1412399701
-955247392
1258782850
-1521363667
791189513
-136258195
-1064590631
-52874534
-1378278378
345877147
-183635460
1321803853
1002142375
-1849999583
-1663060327
705565294
-1449345094
-240115478
972559608
1195748837
-1235409497
-778768836
1038525775
928324320
-1528582251
-1651351267
-1947812523
1177178386
-26794193
1889641713
-1243267308
829923326
1935948182
1145692775
1242824963
-362219660
-2036076648
2052072854
-591191213
-1958300580
607450402
-1845689758
216655497
1592915377
1567450099
-957506780
1179506508
-60637744
305268114
-1902383734
1137730431
1007707123
1645953154
-1239119430
1817717906
615586295
-723573581
-242346051
-968053995
-800748955
1944800058
1396264731
-303040627
-164506961
-1232044732
-1822014271
-750007157
-76194375
-2117249464
-1490668757
-232516103
-1423482213
1675908475
-1579212610
-1162698313
-1888089179
633148041
-1627846539
1377092966
448956834
1071090049
-1063098176
378342786
-1185638559
1637069328
-1760273240
726157750
-1832636048
654235121
1335665462
175540843
1323337258
645618340
1312176405
-528620639
-121150988
1940845149
-1512085386
2031487234
-61826109
-1955698625
-1117359309
1551439668
-635091488
-1004700727
777272119
-2134434194
907192047
-93552752
338595100
-1619049907
1034239789
1522839342
-104730347
-641039640
-2095555080
659517562
-490920435
1031897889
2120944532
-258739208
-2014926064
-510140354
741559083
1449781395
1305934570
2016210615
869595413
2008495753
1067998733
942338129
-1655584422
1415181734
45577911
224073579
775694964
-1661005132
1285417812
-714740841
-844165032
-2085005263
-2092772576
-1482890388
-590812233
-852242878
1584580880
1709393817
-733458047
-1869240856
1294715122
467252029
80549546
584917872
350698194
-1882143370
1713955887
-1394983888
1357828256
1144838199
-1890154661
-397878417
-1183901169
2041434207
1549763142
-1273625948
667218623
1441487622
1441505438
1222260963
1169239709
-1912132583
-2018601815
944176532
2045782154
71045672
1134813321
1676423781
-1670834374
9040766
139038658
1150660737
285428830
-1586755470
-737245959
852524289
1215152645
168290044
405889022
-1775611741
604478015
-1308019830
-174505972
-1699387719
199128323
709298964
-1224612273
646301539
-2052997038
361593453
-1721172827
-1837334272
129525403
-4811044
-297630552
638092513
2123923297
-68940821
-959008020
2076973887
1247208986
1851994750
1972091525
-258923921
1230953306
1557333286
-587051829
-1377465005
564139056
-523991625
1444139360
425514259
1434704848
-1954322409
-919758222
-1207283187
-1545589902
1715344984
-847996611
1720954889
-1272325000
-845061623
1557223123
276427185
-2137696042
1416459977
398210335
2016065343
1357344174
-1831935460
-1700905946
-1135428489
1353589817
-643840895
-115673200
-519716392
-457980690
107118531
-975427481
-69249778
1274833116
-1610058097
-675262691
-1400689494
-490685093
984396102
1004098003
773524244
2145312227
982744084
-155663656
-1512350529
-110860229
440226369
-1554281617
-310966881
1633890005
-1788040505
-354484523
972952024
594816376
-1595704797
-901408383
-550879817
-614292449
227966319
-1288572755
2010613989
-1330414559
-1688100176
-1646094827
-845788967
-950314095
606741101
-165547010
-2044236146
506989287
1376788096
109667705
1837822838
369627359
-82126289
-978907416
-514612819
300263584
266854270
327826113
-1653429391
-889686495
-359225922
-198033775
-689912366
1315151048
1823444329
-795333564
78756517
1420565587
-2023865039
1959515042
-8739394
-13789189
-1639650218
1377884188
-1195224739
-1192105002
1672382007
2029051593
-340367896
1319253116
-633564372
38017194
-187211558
-2087834387
-1382751598
-16667339
-755464453
-768538958
-28184026
-60962543
1066449
1667833921
-1899401578
1280529693
-685197226
-83214939
1264691541
1364433334
361186026
-389535906
-613935186
1580618297
1528658570
1676792709
-68669668
1662579910
-2134586558
-447513292
774058712
-1249627577
-51801632
-2028450268
-465647950
572191408
677485802
-2065006954
164191012
8802696
7686353
555421559
403752611
-611950937
1877060453
1418232510
-113729480
256354112
1510834828
1217279512
-977064113
1939458849
-1324230098
314328007
-266795825
782475833
332569971
196218311
365465962
1534441050
-1938651344
1400100658
1610108213
2124682560
2083595678
943067108
-518306693
1310506706
-143071924
-1222691230
-1902043699
419443623
1724798806
-886344713
2136468829
-459937845
1051797207
-1284810977
-1144559220
-456221246
-862817893
1770606633
-1036888896
1566764492
688617497
-1307061225
-1922813829
-994280086
1119541407
736381384
1899924904
-2017678559
148752847
-1733745320
190484024
1700508285
337512521
-96741945
1044933613
-1622700968
-832279639
-1577490216
742398069
1364856667
1124816563
-1359017669
934496954
154277061
516650701
-789988627
-1771926152
431203691
1567655597
984283615
865870607
1341092607
168495186
699801301
-1050357094
1345462676
-667997641
195341969
-1950879169
1862280545
958417862
1303246640
369967816
-892651324
-1714694902
271622099
-953651086
2088414858
1433228713
189992577
52382981
649077869
2011242256
-1029060533
2093029156
38164957
-112603665
-215928912
1062888166
-903860477
-1375701272
-765835965
-847874140
-449179646
-1324455294
125849226
-1711786220
-1269804929
-1075133341
630687529
1408360854
-1936639133
1931819454
748896320
-867939378
1123670751
-867509494
604246544
1266899314
409517232
2095627508
324338660
-1205415580
-1251854685
274447509
1914228270
-34873597
-633999525
-1319382297
-134833425
1622987965
-1662144686
1076145013
-1990727588
1018823656
-295059939
1845785169
-1255181890
-1286095406
-1685106701
1647643979
-489995623
-936193514
-894318737
1232286815
1477597200
-394387919
-928526444
285875566
-1146063737
184615508
-796290542
1447145265
-1715926646
-574107782
-718959161
1602776938
-697017364
2133099197
2014171528
1418829915
1620592179
1253007845
-1879597280
557007228
-60801741
1708936514
1933818520
-1286150297
-1307673864
464706235
-1138366024
34316055
1855615977
964988454
1044801486
1643532369
1257175593
-1872903463
1109414317
-1388227743
-413355200
1705187968
-317960712
973286921
1812710394
-233405136
-1508444768
1025485750
1182914191
1587295932
-1414086486
941999349
1174396675
-624353977
1433238325
1373637156
-2033368625
667528474
1386055355
-764115604
-709082943
197727671
-845452394
2018265070
596496928
-1276234706
-1551335738
2043287100
-241613293
-964372818
-687104015
-61151222
-1468113342
1363092830
1103713194
-1159581916
-1125205059
1910785133
248298997
-550561373
-1073363172
2138997607
992428298
-2092481701
-1233881368
409775562
-1037777831
1797687959
-1237804999
601837785
63891406
-983892984
468549024
-192673105
-1353078954
-874575367
289290310
195966614
465056416
369328839
1809825621
-781350247
-1757348568
593361552
-1845778026
335051351
808733296
-439903190
1683643738
-2133232871
-1419199856
-792488617
-1440359778
430654759
1888852721
-1503423946
-66288791
102911575
-857014443
3406843
924681849
182794726
-115087591
-2061439262
2033111070
1636919690
1077867198
652221280
456566116
259283911
-1412534875
1635452571
-134132361
390374273
-224874471
-1051173348
558722371
-1011202862
-1974592109
1322930883
1759508826
-1500542179
-1381350600
-2053951749
1892344347
-294605725
-1448486235
1064344621
1278205455
670158292
-1630030609
1028737913
-1166346602
-284672599
592368101
1837102499
950450882
821884464
1731209111
-1463163317
819346562
1604042280
-64037348
-1214871967
-2035336189
-289179058
-2118253682
482908630
1352738130
179405879
-694748071
1804149911
1374405701
548084320
771765173
178727606
2030228123
1648704899
1739575408
-348733462
1612301410
1052544811
882799088
1137515065
1416984216
450102666
366623096
761175027
1658299413
-1614116726
-861232214
-1784739614
506610855
1784990753
-648415668
1544772286
2014263934
-452330519
-1610529202
1309141222
-503647798
-1329132561
1962957323
-1181427891
-1022962014
1240842954
1838869455
1409679538
-295516889
-75378449
1623789721
-2087006189
1985665001
-1198028476
283166497
-1025131165
-738641783
-315814158
1285223196
-1000709766
-1386096994
-1416622977
-984201027
1645499724
1979197660
221202459
-174134145
-539996067
29187187
-126310087
1445579553
-424396172
-480799052
1780056929
618589682
857351310
-535220998
-1770505660
-1988210866
-1487053547
-378997049
-971271408
304018280
1256723281
1029381677
1445283589
2139113800
1303592478
-1822682514
977972040
304224279
223459807
1942323430
1225753079
-308839270
482005426
340752425
1521764477
1808644860
-1298683931
-1110566552
1217042214
373811407
-1776668249
-338789352
1786209781
1809625940
-1885619710
-89413676
-1533785419
513000954
-1549000696
1860094082
475923533
1393857828
-2078653364
651952309
-2064652456
-370110161
-300852844
1107263058
-1313800203
-2026961485
1441664204
958707061
-271516454
-165598968
-1272334276
-1162091115
