1881010245
551250875
949009114
-1583111714
376330705
-1426252317
788282521
-1415141910
-951687440
-1751054727
843592274
-355138151
-2041702958
-1316002131
2119903498
-632235387
-1463481601
1562654327
-228162527
1538129537
1867789026
-883064376
-1179589521
-1158001173
647591819
-480910079
326983081
1985428291
-2104324432
-2021270360
258350601
-1503623167
-1747442700
-895624104
-1077449682
1543845538
1022026603
-1099538183
-431874240
1161103875
1105733725
-1783467471
892007767
-317315597
1444172874
1501841178
1311665181
1268491522
1829048878
-271908299
-255393871
2089760671
1360398854
1169930397
-1130499122
481108065
-495531886
1203189887
1389169452
1167270308
1640554331
-1290714423
-277229275
-1808256936
1865515255
-1985663967
564746652
1252786197
-80601717
-60876520
-1951032550
37403761
-372259952
1889552799
1908131641
-1476230250
1120487642
-136828999
-823311035
-1731365362
1729658838
1074990450
488846111
-1428394016
1425734931
-86313457
1974374500
712752865
-1132252925
-1261072762
626882511
838625859
-1082467839
-1890690768
-900724005
474079089
745280149
-1533880132
247329708
-205711329
-701071369
-1275988378
-1435000529
-609514084
468346065
294590313
-2080595585
1208061290
-1879335863
-2075355726
867352202
-20135153
-25509570
1880657877
1449115892
-44758227
1747125712
1344422980
-1312686789
1896801232
938442534
2049797053
1027739419
-1848373753
1523771755
2107393796
1534748467
-1257491275
-1856428008
891311058
-1913155865
-507990872
1906968184
210558221
1700677256
1358143978
30997609
-1136272840
-2091720270
-22788521
2129001311
880333356
-212892171
-265366161
-124811346
-84626168
-1840435273
1811972461
-1789484537
1649467749
2096996696
-1572561512
152651075
-1084045106
-1215127401
1846647256
-2085585825
-838539410
1257317940
-466508917
-666151737
1999176459
-1611308075
1922301849
437268695
-77929165
-866728915
-827231803
1797406366
1970799796
201935194
-620804794
1220613860
-1129065904
-1477710450
-651048298
-2045458322
-632841039
-714479119
-1714921847
932762495
-1180156006
-1800468538
510283424
-1623402078
285938271
-1972543540
624766622
1299842471
245811607
959785958
-187534500
34107370
1689534479
-1421504771
1003710169
-1076886822
1442732800
-1966639323
-93337195
660906937
1443855748
835845630
-687557346
-1441422432
1308507974
1739189084
1756795882
-241910586
952261241
866401834
1930576487
-575070207
1528169739
1915608971
-1569280688
1864849035
444016921
469296193
-2092334782
-1829831671
1478439077
-2072903598
1930346383
79402185
520050821
833032424
-2086384560
-481950645
-2110079330
1861345400
1667221952
1636329474
1266065234
-616003289
-1713482552
2131647067
-789809610
373758312
-566561067
1859641854
833680904
1511808745
559538417
1592103251
-1235350561
1857944495
-1690057711
2129173063
209543588
-2107233921
-831661397
1257888335
385094592
1184878464
-327125108
1541874348
-1534620138
1313590813
1324821991
-237616911
1117701172
1247061296
403891888
2079427522
-991807292
108255324
1866954538
-255199267
-577730488
801027514
-590115649
-1957234338
495217414
568746679
-741670385
-1606634178
-247176640
-2140056773
-1647775414
-1299888356
826508456
-319647986
1224742850
-1367204032
-771875310
212167031
1974820539
2035727579
1410602603
2098892581
-2070307451
-1812051821
539907049
-1425174957
-1590368052
-307113153
-845443965
1984445734
-202964178
-1280492305
-261866845
-1947491751
1126548238
-1079179218
-346248934
-1412676581
-589594201
-1956668022
263670356
269091127
-2074810524
1504232276
755551948
-1242965899
-1471239827
-1354871389
1842523841
-965066176
1957235845
-1760474465
-1128260823
720437384
-1521467118
1818701563
-250836506
-298088215
-515511171
-1598372157
340414775
1227451660
-156666948
-692785577
1546847857
-1691720371
-2006852820
-1576446026
127046637
-2062556770
-1528475741
-1241260033
2029599300
1742488746
-1329091387
2119645493
1810886841
-1649922755
8033430
1065741378
1831721206
1883795938
809430097
1783297854
990165499
-1897549107
-1729047945
-940078096
-64637357
727754235
1498702378
1359983252
1597944200
-127106665
253417403
-1547184930
2030311640
-1678038881
507308672
966882623
1329726248
1429011911
-239046677
981833318
1506466872
1001423005
-204694569
1956615945
1019809559
-1365501715
-1521389019
-349993500
-1369676839
-191974298
-1531167353
928461313
-490535800
1284119165
276570011
-1092256966
970546520
2026117776
1387728443
1828169468
-306492387
1088026703
1757467155
285785421
-1878764799
1235466839
1475009139
-215797233
-1865170319
-1801765089
56425061
1098473093
1670712919
-911918057
-1726717182
726503190
417055374
1246268174
-2144899327
1093052753
631622290
-951948845
490869648
-962941391
911081591
1596755999
-46658970
1187552417
832845596
148127665
1841760536
-164661183
1178547104
1949283003
1131714988
1126725738
74467859
-2083419012
1444440171
-1238981776
428314992
-862965715
89987835
-1136764378
1754456779
336667169
412026028
-1113876570
-1733224506
-549005529
1521568785
-1900680879
347487305
-1175349710
306664915
-1166187756
712288113
-837136324
-1664513855
-1247013907
-188076088
-1601662362
362397482
-467943763
-238031177
-1281165725
-1464010386
-1598563585
964577080
1866183959
2011506130
-1684004184
-805428273
-540983430
1437536660
-795857137
1425776570
-1268448830
-324675777
-974853376
-1780641945
-934759231
-1629594048
1793121452
1057528869
-1998265973
-854409288
-967013388
-141826274
-1444840613
-1706122093
908101862
-1241487483
-423382090
1488646360
-2030381433
-1539082229
-1822266159
-702001086
-159793710
-1253554282
-1891307985
-790792176
-984462079
1539514676
-601505906
539439641
1964574474
86818637
-955396605
225805602
-245921940
-104129000
-736477341
196251251
-1821237718
-1689222832
-1589536795
1345642663
1182574615
930652454
-762112507
-998736956
-1404164268
2115449465
213215402
-1494830453
1813438487
1368014403
-1491590262
-593063664
750058925
11926614
1486722509
603232396
-700447807
-640211639
-709302544
-820386703
-1090285602
2027155372
1884724716
-1861743426
1420177202
-1182585726
-157026666
-551528044
-1698607980
31733488
-1607751351
84024329
-1191478585
-793138383
117770433
-660258756
-1945723136
2107906252
1329371721
-205296471
1123532709
-1342626807
2003536921
-186432834
226917207
-999896416
-1125798408
-478243666
-1944163278
-1640382540
1245433897
-789207932
1619852115
-484896001
2051714180
-259080070
28993690
2121832269
-1561543198
-186462069
-427488592
1478933550
182954430
-1374901946
-1748890805
779210470
-1122754536
-486918172
534193072
2074859176
-783723108
-1097081956
1133845881
-1483505661
1619229700
144670774
-1674372200
-1566848100
793697465
-1238741538
-104403045
-2106362851
-1913161280
853344826
-661192912
398999405
-1953015596
1922844350
1583775212
2085728033
1310448846
1515690046
2141519687
-1192115151
-1073950387
513708996
326542571
1165085166
1122372754
-1283605341
-1055232723
-515089357
1329515435
2132348876
-1786223141
777329883
-645387053
-250873761
2105132856
1310837874
-1572967400
16480645
-492225724
1092598318
-1048656322
-1874812548
-751184577
-713310433
2003707363
979278323
-1139311248
-206423899
-1686438173
-682038889
856413474
436188707
-1588134915
926137069
795793134
-431862287
-1456774474
-399426462
-2130004160
-496579178
727011709
-151229025
943638803
293353783
-1524286449
-366809566
-253400322
1580944969
-34649572
-163274486
-1220722572
1584856461
-797934550
-679921103
995507015
1824919614
644266682
2077821055
-1333315218
-502961021
-1317522520
-333999747
-2089207033
-296374998
-144135721
-1493970392
-1096715106
-600964969
-161375475
204159239
-1026309713
1128891130
1392271386
-388387457
-332711063
735283135
1795926848
-1157482394
-618727500
1602913866
-1877735218
-1449057835
-1300941707
500735460
-113687027
1667340353
2099737360
1146873071
-1738481056
1428042956
-1351727058
1581774689
933752486
-1007357735
-330046528
1168996463
223149794
-231972643
-1046964926
1498119048
588583454
1269909628
1185206340
995756164
2101122187
-1278157868
-1661438683
-1996738787
980672493
323306003
1631543842
-1577362019
-193405387
-1460720305
-1741713266
72675033
1574285935
-370107499
2044019298
-1170332835
2137426910
-863365822
1698038776
584186344
2110195556
-1654850415
-176454125
-387998950
-2048277721
1036698229
-1520200670
797396075
1596131442
1028789417
633514693
-188801441
1108979672
1414027524
-860163440
-172504585
1973396382
-1654715887
-1792957682
1135440234
-156916646
-1706440481
-1800859129
1748449301
496251863
-1076676588
-1408896250
-505158225
-208811461
1945891912
1386908437
-1004468032
1270659435
648035727
-1743070006
-213037997
-367959378
1607870039
-477556601
1454241002
536584848
1073699700
1067031804
688568497
-1963682040
1235671417
-2145192976
2100455159
-1503910947
1173627721
-1296779455
-119663911
-327165628
1594019309
-1125205463
-1919961793
2010587342
-251234905
-42970430
-1620805108
-1076177792
823160902
699187147
346172561
-627268541
1338888379
1954129580
1766487874
-274403970
-1259761684
-2097615433
1064692395
2011425025
-299372857
-1748011344
1524891556
-605203676
-519215718
732855695
1397524675
-1148980689
942978210
1850580867
282216209
166502140
1000139233
-1336947142
-809658879
2010559451
-1368297420
-848448673
-1616813411
-937294411
-1436845148
1793345636
897311234
1990773619
294479612
1489938048
1267186446
-105506912
984471194
-100773125
1938397015
909625420
634500234
626363305
749817694
-163245772
1695635920
568022963
-1411045884
796984351
255228164
-738631524
935380796
762493834
-2067423708
-623913085
1475935745
-1453126777
-1870702683
-1467225435
-1385146998
132766945
-643670837
-999190746
-732423748
1246992004
-1460058822
-1726897392
-1485018400
1370044699
1867752907
-248403045
43079829
1353453818
632530595
-1837452370
1413625864
1405100607
-1300863358
39390886
-14440095
-1748061389
-1135689896
936313685
1975255168
-1512269579
1364148253
-661085364
-522386200
1453730393
783904737
824136285
-473613061
-1437795059
1125494306
-1314930085
372127847
-767438595
-931642275
-1211275485
617647584
-1722331656
1980595431
1735042784
1010663439
361789331
1062195964
1845316233
-1418101303
-83362995
-1310158824
-1438977362
985788804
494648563
-1569953147
-1220438924
-358870010
1893352774
-1322583755
2053915358
116504158
-823789862
-1939795759
-1194014643
1021064984
-1159975616
1368088081
-610872247
-1358096725
2051844711
1033359694
-537804415
-1882792138
-164628929
9023316
-1229834224
928011115
-1492020066
-1643291779
1293758465
-571008821
755840359
917909242
623515669
1616269587
1588347624
1718743411
-881711933
-957819146
1923314308
-379402541
-350811265
-1506405877
910572433
-636901796
188984895
-27027960
-276801405
1471721217
-1156744390
-1494941392
-477907383
-1947865868
-1348107022
-525939190
1968928247
2104255612
-97216908
-1515713453
1065018532
-1554876916
1588447198
868365620
1802079637
-1031147631
530011938
278761143
958122650
-191930613
1820444936
29610615
647591608
890468959
1977718393
-995488873
1586145031
204648554
-377492999
-2103058444
190615005
-1234421927
-84201099
1263646878
1395584044
-53793737
-736589762
1076264323
685552936
197760967
1429421397
1967708269
-1099380692
1470000275
-282592792
-118279379
1472324830
-1373318588
1508723740
-2084248296
-39895664
983323188
1172544013
1272071090
1223248873
-1956202175
1845674258
-1982297431
685296580
-958283036
-1230248635
-558641404
1521483863
-1480072831
474625346
-832278116
-892295272
-1536903169
-162159059
-1999321910
2108899291
-1281419109
-1695093766
-1100555935
-10845249
1889770745
1572614632
39691998
-332906421
924330876
-1664985267
1857290974
-1935218349
393346518
2075047065
-1087956016
-114454496
-359858974
-1223578476
-1017025814
-260431793
507282864
-712339990
-443657888
-944240903
796584929
-628520727
309187795
1227335700
-614576843
2031402376
-981258489
1258112536
1666091618
-675174998
2121278681
2018787301
1818327335
40132516
-818259857
-1937913629
-226516065
-1375036164
1431767728
-608141462
-12244774
-2131740301
-869466121
-703560348
-1481141591
1853341254
1988328450
2124283697
-1407011655
923882927
139495728
143793354
-1342445342
-778112335
583532267
-1271852760
-1379124031
-2020822763
749730658
437885926
840393859
985706927
-1609120645
-1564407515
1094616835
-2064255259
-942586872
1892993967
616249111
-951450255
-907504840
1679365470
-721408473
2130529637
-477083313
-1846668866
1142070270
904044399
-22642279
119252721
2059935716
-1711656354
-1822831460
1713234131
-1530741012
-461832987
-643792756
-332764579
-1090163831
-180000867
418389251
667531598
1737552487
-520185008
-799361551
-1402679289
589455480
624160628
421763536
-388843082
2116630092
214318324
423339804
-100719433
2023554213
-842720970
1562969346
-2139766986
1186926154
-1632223911
954544983
-1372308968
1146006299
-78275138
-931682869
-1679878629
25340005
-457116214
851598941
-2020368581
578638455
1860815849
2119777041
-1638679977
-937143435
22360533
-1600918815
-240228076
-577784981
1944110359
-1382695440
-133027839
-1126152796
-2051492915
-469383931
-1922790660
-1971382468
-48051794
467989558
-1655915565
-1681083660
914278731
1016544483
391429933
-2023731643
-1206086249
1443877606
1356833707
-1234947145
-74649687
-882896632
-1204748471
-1449263502
2082065599
1558950070
-2002493686
-1501136107
-111179642
1971079412
-1057387308
1119764934
-53446761
-1030141808
-880488552
-1284940407
360750661
623435675
1398835637
-473066283
-282095723
1857129493
-1951409762
-130799772
-1268598643
551239143
2094538937
-255257270
-540894287
-1421195755
-1450077046
-650165431
1393672394
249398579
-653443568
648155235
-767795991
-1342403304
-26145937
976367791
-1150552405
-1019631151
-422520882
800383344
1643809469
-1688795688
-2016047742
880396899
-170593118
620584326
-659437973
1137516631
-2087411789
-1369049659
253071006
-1026499325
-946551705
1327548937
-792122044
-1710153709
935835092
-1455741568
1924208577
-204141181
-2125134987
-1868948601
628847384
611237168
2018603821
1520407392
156878733
-1159589972
493754252
375905058
-2094019957
-1520206767
1737229904
-799476240
-255171896
1672293528
838234925
-644081299
2101365414
-1304823637
1407005392
413994606
2094003420
39524664
113633825
-491624207
1722062677
-1659460985
1883925960
822922062
1697022039
-150332210
870258163
314222764
421075432
-1821520444
1002703445
-1861141834
-1022673044
-1056274573
-1997485455
1780653709
-1480275566
1992101970
1895396887
-1137423105
1772516465
-348161902
-1562273233
875061753
-660634643
379711672
13141428
1743742778
-1498494369
-798886549
-2137560317
-1790994871
-1508182667
2091377806
161075542
254395817
48776533
1394626449
-1670571382
-1175227062
-120581624
-345530620
-163831512
1059106369
744538902
1800657772
-1945619806
1259317691
1060314476
198291290
-284104228
-2060225745
-829682810
-1765345608
-327111186
-619054638
-2020588599
-2067894426
-1868834520
-1472379568
-1096715984
-783982843
1829555285
-1201225288
1188217387
-501399023
1791455812
-1016670537
-1931673149
-1259284427
513996675
-296600056
81305345
1113399770
611367533
-342242005
1032210064
-921427200
-884754585
1198040660
-1118506335
-1175945391
1057748326
1140851878
-1495362290
-756137101
-69355853
-779675744
-494747710
-1110544483
1584689650
-919035433
-1286017193
825235308
2147342176
-1136701723
-1792386048
804465399
-1455856037
-1507003231
-1849854808
-400147168
-1094887641
1762145167
-742692773
-664675539
1308220654
-1733350758
-1357225499
164186518
-727710712
738537984
410868152
815381024
2057416829
-951266931
816095762
-1842458838
-2041282361
-1955699189
488149343
1727037510
446273755
1828661752
-2048266533
-1508789237
1552456042
-1025272455
1073350011
1768170280
-2126755996
-358397553
-1779007219
1584814268
-784095299
-281806201
1448311197
-1737104411
-1105030286
560205239
-61845221
-242020714
1400440782
-1905992090
-1950726342
2078846382
-1189562647
1954536971
-991303782
378035781
163880049
-285146182
1319548456
1954333768
1540266668
1947483867
409910725
-157770169
-1451007044
-1057300196
794158373
-285031795
-6999259
-36097112
1418407417
-606316175
1807358860
967551896
80757328
241166571
230354113
-1812565590
504493114
313329001
628880895
599339312
-1575578706
459127779
