2040569516
893491894
-1823646865
1137125489
-1105455634
-900506714
959686431
1411152019
-1250383717
1215562128
98792231
-1690262531
1091773411
1265461837
-997568465
-511329221
-1548226368
-1247825538
-884308350
863946861
-1617485770
-90209929
911132144
-1751613093
-1145669668
699662203
1502506997
1786329804
-1244052838
533382954
-1601576934
1063620119
386787763
-2031376073
903370395
1068276218
-980575739
865935709
1574398281
821554090
-1231390321
1380300691
-93970767
-477600470
-1026739916
1856356477
529799038
-1070943008
1326108350
558379302
-1932563941
1195586148
2020098852
-2122286612
-1180560228
1744450715
-1177485041
-109667141
-1967511330
-712035068
1536851866
-735972739
-1308223764
-1435872175
797353305
-1775873071
-715081308
1374229561
861101981
-1584490246
1625229722
-2074322292
1091955189
-1264933607
244030011
427495815
1266977270
-460951394
-1149614795
636352873
490324799
-644692228
-874469354
-1513193659
-920107081
1357884316
-1148823501
1497083162
271001624
2125699603
1068101834
1053132576
-672003919
-2062936682
-1314496662
-1566545308
1399938663
964115373
410391187
1050099862
-690292740
884297254
-1192759656
-1362322143
880498579
948725836
1664363724
667424636
1560060019
1347670872
-287471395
340686528
1342709003
1741663784
1303208058
307790457
-328490699
269802542
174041404
-949646144
565988542
-1505202262
-1048715070
-1566307959
1829007910
1538196251
1765169950
-532953288
1856152995
-1126976014
-235957393
-777347974
358365291
1037418633
-1288871218
2094899026
570795059
795267922
559432045
1270757746
1011329778
-235686573
-1084951043
-1718899252
204484330
-1777084975
350050128
265216871
-1448474904
-1577859765
2121335872
-1287681674
-1830333751
-432420438
-406899250
1187965093
1635652672
421724597
1272516493
-377621066
-877719593
-141898806
831394369
-1476276
-1874118093
-2005572662
743085250
500195591
-1473497701
-1680741291
-1125488858
-1685746224
880321467
-138979529
812647454
1082110837
-717926492
-744300255
1588786336
877600119
1546679318
645272731
1730038214
-1821741790
-1385913855
90015801
-675131147
1119921374
1405422409
1856556044
-1987385791
756028613
675100105
-1624294821
228460816
216464501
-322282853
-1302028397
-771975427
1865152038
-13306475
939257211
1354322174
827948798
441796885
2099604907
1001950920
1970876579
1513478657
374941502
-651344783
-1046446062
2064853001
1215654854
-1053933993
-1166404177
896017967
311168
487110464
-310111588
237713288
1123913928
195275970
1365038925
1515697219
1468101326
630822373
905781084
1008483050
273207178
1843683334
492275353
918966760
-658291475
-1823353347
2076363621
-1861739190
-1228660392
-239807102
1612014143
331164873
-1189760175
-1842743604
44969631
35628552
1489330292
-1240692102
-770738942
800018201
-1985628250
-1700589130
-1334945210
1545616709
1688400529
-631729001
954893367
113191948
-10905013
2110421703
1648799593
-2062172054
-1624882344
-1186411931
422858311
-1535558565
-1377790766
-455020244
852591980
-1882036575
-891089178
1139375060
-1306912463
848669380
-685489022
528965560
-301916026
1003402586
-1237484468
-468993352
-353201915
412291208
-1417286443
-711774880
-1093076924
1617134792
690554894
1799238473
1001715306
-398704148
-1164867078
-202629697
1469664772
-292547486
-2098577755
970495140
-491283175
57354936
-552553644
-166346349
1918309243
-1463931038
-681228547
-136607416
-347096481
1603975867
-1532539399
-2142865602
-1925570257
1815503177
46349559
-274251879
-1574141025
203022917
6557491
405666630
853261566
-331990439
2037930984
1489666656
361209038
670146219
955174659
-1395816235
-192974698
182101017
-1846216424
-1486069431
679794421
-992995642
104770201
-2013033927
2032152570
-1873787435
-1534374331
1125280099
-1839513933
-863320204
1140979421
917297509
-1450455037
-587466468
-1521216483
-574263900
-618562888
1594474518
220332778
-293760913
252103901
1468878400
-887362361
47636323
156727883
1185804049
-1173575027
-84710896
-281911162
-1003675431
1839439451
1523103452
1015509957
293895757
112048330
-989613529
-1926305454
1715092547
-2067980955
-1877349456
-493341932
366559161
-1740498344
459720246
1026859113
-901378021
420439910
-1225163422
-1901414343
687483332
913236000
2074289635
-1524850616
1514370245
-2037699245
-1742599206
-1180883510
389932006
1313214913
1043993465
-1718338756
1780056041
-1478865388
1163919334
-577962127
-56663275
-1054650353
-1298676636
-2064342550
1057777906
-514580218
-326876236
1861400683
1971361360
-1802877040
1772691897
704174538
-1330741874
-1992257414
-205157542
791712265
1063658264
-747572482
674830507
-506723417
1716201009
1517552692
147991887
900647474
1237201394
-727732793
1014463255
707392032
1610480273
1972247532
-233534738
-706799137
1728334566
621876880
1011576825
1972113451
1860691499
-194692656
-1611921158
968983454
-959167997
-2005155410
-2074905611
-1264806003
2083806397
979950848
836540437
566522385
566113241
-579880021
699722191
-43378846
48275146
-66794479
1643564359
-1139136916
133009917
900848583
1931295475
169167515
-327741927
1850675083
251300478
-287475975
334839688
515827316
1469482990
99827323
355504694
797621355
1811298056
-1046487657
-615334504
-375357479
-200152846
1163774234
405671152
1078562466
-1302034406
-868559305
1450862542
-1132597679
1657355862
296505314
-1464082727
-734637165
302700877
-1308717730
578732239
1536339177
-505769708
-1475420651
-1445889078
-657316711
1709339
-1181229401
1856294596
-495661595
-1061223606
-414872764
1765740380
-810651265
-179032730
-2092457154
-1602779175
433401147
511660217
-311545383
-532991633
15588102
557327346
-1203416987
-1188278591
-1323076842
482860873
341996943
-1623020889
437640546
-1770609946
1332143603
1332379440
1723852372
-834773117
1348475380
394021098
75188925
-80665265
-1402458929
-2134373792
346361609
-793051883
-235558674
1209189347
500405683
-708464739
1886078330
-1769135219
-1431099142
910630738
829253939
1916187010
78965717
623450149
1267500675
965803129
1527211555
436451760
-1221548849
1522174586
-636542938
303161245
-2136757488
-113143319
-1610022606
5844040
-1981988958
-864371006
803693985
745904546
361517403
-1708619739
1326850057
-334318503
1745329631
-2096899563
-589243984
-686103243
-611333837
410982268
-1644526016
-465081147
-1729963377
1630058610
-1822695754
960623930
-1798688137
-1952249666
-593881184
-2127372654
-1404482036
-612709732
1781941895
1285925112
2091183007
528400832
-1485231447
-127983254
2011128966
-891917670
2088127723
1683436700
1656770611
691429852
-2096321779
180522011
-599079807
1869955128
1684693535
-684303947
1491519313
-190058898
586943539
699594008
-2101885611
1228453253
-1643657901
1325936569
-1377623509
1219268440
465505205
567313143
-802736723
-1910604973
-879628500
-1687257985
-1873524089
-942089346
1614889954
-1656091407
-1052872183
1947278779
1859439684
-834560829
1037582653
1150956875
-1200255428
-652407962
1049873212
931571862
-394541147
-720438106
338193597
-692635861
1359164923
-80537514
-1095680786
-996189180
1984931154
-1178722261
855717766
22622223
-1619592567
-1853947928
-1203276773
750153961
2019896511
849230779
-1628504400
-2137739284
430039556
-461676313
2085299601
-1634275989
2089198419
811490466
-27635613
1707549755
-1441801280
-240329409
-1929989002
1808173430
1851922157
-1498275440
460159582
39552123
1589654210
352967301
1810507969
-1046961352
-767133604
-492502248
1319987313
-1060630869
-1970679738
-1570123155
652441020
553337765
528057830
1608395828
-681585917
1943475152
1960136249
-228707503
-1614212983
1278227188
644908482
878109375
-266814068
-728968075
-1097410113
-1340682063
-1442785639
1441013023
-294268770
-666533895
520701212
-549688026
-692984402
-2009865299
-1672657866
-1185560985
-1652216807
1178532103
-622215469
-2137140492
858828050
-1297638515
-475333894
-411086897
-865536694
768669553
513353319
-1946755084
-2013690457
873020986
2028509270
-2123134052
543300407
957776291
-288629599
1135177664
-554958238
486267074
-671949811
-1939775013
585427295
873018220
644068831
-709325836
1217390057
-2138406953
1024401078
1206863067
389325361
982582913
390813844
236366002
-675289834
1419518033
2038306877
-203377233
-51910253
-258692357
-1360073788
684650783
-1107674760
-236920920
-1505692062
-1103636307
94371676
764178389
-693365367
509322211
-1455356975
1926958202
1492828984
1195710961
-2088973863
1935260527
-1177335408
-54820947
-139166055
-1008361717
-1004004441
-1521032741
-1122521012
-26930162
1947494300
-535281747
-263126919
-799389248
1495741932
-1778689652
588203368
994359385
1819322882
-435148776
-210055470
-617014877
399128596
-1761198226
443400663
-194132003
1242293292
116695720
-2126397388
-1141659933
-1267868028
-171127895
-294367564
-1733166197
24580375
412085017
109489895
1782437200
583955060
2135532718
-2087378927
-1853100491
-229756460
1581501357
-1653818523
-33151773
-518713233
1612374960
346447730
-1099172588
1849916426
-225220183
1354784477
183996980
-1814610220
-276027098
-1701321136
-789084091
1274140786
107618774
-46248526
153552642
553833560
-1793146549
2117453976
1923955527
1494266202
1790014721
-1629214214
1322146479
2096115330
-1270753122
-624840919
-702593666
-1729949405
419955835
-1279982080
-113843519
-904611794
-1909669790
-412286374
-1881761100
1023152323
2024513177
1620817603
87397219
1091551243
1443709727
352183409
1555075987
800233028
-320316619
810874485
-1042632735
-1811177699
1207699743
204012589
-938924500
-656514237
-761346005
-1752475908
-1170797776
632106811
1869155570
6950717
2059644530
2126017394
1924343261
-460389260
760797283
2030801298
-302899221
-1167758138
1517569728
1173924630
-1753762896
-464300118
769788727
-1251326688
-2785632
1411131361
-2043957169
1569379721
1667501197
1369192611
-1931851640
-173044423
-1351453331
-528670182
-1398289471
1400173497
-1079274655
377835795
-979474726
1624320006
629806322
521987570
770351513
-372712793
965013405
-2083713305
990871249
-1246669567
-936249711
-333557410
-126223680
62595562
1832163766
-460491076
946047929
170273659
-424996623
1402343495
415860994
1815700010
774666150
1078773349
1379507199
-98221801
-2071028610
250799880
2140249999
1218036645
1943177577
-1332746392
-153906763
1766694988
-217905178
-1170944781
-1709933702
54385837
-1295997567
1784197505
915895058
1179258598
1256914077
1039980236
-174842819
1531109415
-1299233421
2134506783
272255728
1959109765
-2025819302
-1027608244
1299885108
261692429
545088072
1693156834
-701064884
535605532
-217196392
10906527
301431069
1293731821
394748173
-2054709981
-1787800630
1018426227
-625524458
-421375513
-1424851810
-1601559703
-1765863597
1977396332
-1087867345
-262135898
-192565673
1686542263
2054714559
-1368988491
1727442863
-226719749
-1163779355
-452479579
-1062837469
-1809247592
-461271956
1547368220
1091638843
1869844804
1830507386
1393108914
890259460
-1428601721
1999934452
1739753852
512283924
-640571028
955980065
-1414573851
1711366090
-768215435
-1672951411
-1585222459
2113960154
628028367
1868000559
1585331115
-2147070968
-2069126458
560476621
590332541
233690419
1687578746
-1321954913
669136963
1421730196
438677459
1211400242
-536872129
-1615699641
1921005233
1210057103
-1254407360
-271921909
-222528920
-36663396
-489806537
2108859461
-1396312213
269021633
796834826
631588682
338309190
1341156046
1669106344
1061073373
-751128623
645423387
1793682268
-767632906
504396450
867296496
-1607360410
-44190011
-388979773
898283815
259774919
-1985334283
811137188
952091151
263406684
1540265269
-612960174
-615711084
188413486
-784790029
-1103459863
-780046436
326847496
835686762
-870767033
1616875955
74386505
-1815994657
1336764674
1868123369
-916495622
-1098969562
187317403
-1426030854
1331366690
1744904299
-497543693
-801930320
-35243687
1021794606
1097200381
501178245
539368346
1816322959
-230747980
-2132316021
-1985740195
1543997387
-944665521
-597898864
1324451557
-288393978
834757555
-970089604
-1791474986
-1754569910
-465139415
-1072213762
156560650
-691777073
-1616118191
-735297433
1489432484
-1390123652
2123442773
635967445
968543076
-984568915
-110239904
2061264787
-318317508
1983235382
-563297455
-1699680576
1113019171
864402856
2125926316
868847150
-1388349142
918917842
916970704
1520305547
-424439860
1697460362
-1693684625
-873603386
2060444297
329573549
234497849
-2017645653
-469312075
-447246493
1360675290
-1163068976
-333889908
-1157557337
349584679
-150167372
-975654774
1704250374
852473235
-1792061916
300313593
1984956326
-1715391001
1969452256
-106649141
1158206345
1217200433
-207617665
128647337
-875981805
-1726347267
1876261263
24837963
-1194446135
-1997636414
-1945147137
-197945334
-1912609701
1484438431
-42679871
-354995789
-1957115164
1778284871
1023152555
2040623517
-1201080209
-1726124744
1653781150
-601419012
-1396009539
-1546130638
1069832425
-724869256
-1075105468
-1343283225
1206035439
-1598284551
1517058683
1946412270
-1048406778
358483140
247393620
1027235837
169873570
-1742661685
2008887818
-1877221033
-1357525582
-380279744
993473820
-787237501
-1189456055
1393430634
-808961128
2105204286
-1755773823
1873395388
692287388
-2064521551
-1756886373
1970577187
1505157401
856114918
617287019
1732886943
-1363388710
1981549176
759419378
710835733
1204636612
-1050694006
-701958324
-658766494
-2100460449
399993594
1322572236
-1818726477
-1673156460
1022646997
1270678629
167894035
957263288
-2021705716
-1050356661
610497861
1002134729
1289199208
-1251724583
630550483
-920815370
1743784379
-1912239691
-1012509338
-115848604
-1873869993
-1416866511
2124231000
-1412787921
1290875588
1801976052
-413568377
-482990930
-2073082452
61651673
-978413972
-416562437
1787159322
375851030
-1742278293
816174257
-1303568925
-17078112
-759551892
2066032887
256907875
-502807346
1903767465
-2108756547
-1249059988
-2006916804
-503651639
-2143590331
1819241084
1108423921
1064405550
-640077339
442158893
351043012
1124262282
-222233334
1350928881
-1784826117
-780045384
-1928190336
689341949
541808180
-2109775927
-1800366353
-959793531
21492360
-174072996
-1279215448
1966789418
755218924
109970994
-2000255583
-27531344
-1160423205
1431626496
161018302
1816963828
-1502136271
-172127865
1235957074
2032980252
-1031785126
454419937
37862372
819645712
15546539
-200042210
1749072693
1162327336
-1471984113
-609497329
-643910015
-992461019
-98032667
-63824543
207974917
-297466011
-1513548759
1016971244
-1093657919
-438593710
-347661359
502646349
-1950505345
-400236773
132146297
903481009
-728059885
84743847
-1292483519
1814555124
-1974053917
1878276549
-1667704842
-1709742870
-1507209047
1942852519
-584082577
-1038241029
20115575
1105726864
-1654086599
-962025996
-614629893
895497420
1410228854
1402904348
924338692
265825249
1459489793
-121862778
1813415236
-450823421
326571478
715935141
807826007
1447293900
-1566679119
-884742619
1311945731
-938337236
261486068
-804938248
1494465473
155899037
523537869
-839362642
-1641341828
1875520923
-1133109353
1551834633
991610264
-1774018477
-93240447
-79893040
-1903793611
1275928218
1798517869
445303011
-705849164
-506089952
77503770
265512591
-24033671
664404709
-7892092
-1333193437
-717237262
1037225195
-1140234614
1822400707
1963904216
-738742996
1454973393
-2051189893
934930613
-853998130
-148771864
938697367
1607667621
927603092
388407980
-1258332879
627533664
1867067031
-692692498
-384012278
-445010825
-2038781898
-2047369134
1770295965
-1544397859
422005835
-1276596615
1177481585
1252683944
-1254283361
1857086562
-212194898
-1891780071
1909835167
-809354995
558246387
-392294951
213626703
514818145
980077670
-1120871803
-1470864002
-1534678193
-810189301
-153821588
1760774714
-187931082
2015987545
2076575383
-1209193082
-618088056
1793313290
-164513271
-737447606
195727534
1228671026
-1464986297
-1116145526
293751593
1741359251
1609226778
372397530
326220793
968764463
2048595858
-1834619631
-802014399
-145340131
1459801678
1472724028
-2047365589
-403120480
-1333521157
-1616265259
1229039881
-283642251
2134606105
585246261
-23457860
-1163507861
1366546437
-1224096186
-1158490023
-1357746887
-927642573
-395113092
-1521822711
-249738869
1001704122
-631056123
-1671716304
-1769151906
-206824171
-1399001538
1251029456
-2063707763
-580132057
-94697879
195917103
523147690
-872109697
-1526963811
142683064
-298093551
351576029
522654973
1347216926
-1562743750
-1600408587
