1971058333
-1038979935
-1421915108
1588333693
-1065462532
1156102602
578047036
254295803
-1852616600
1251686378
-1237986857
1634328542
-1219546576
1645638041
1779725537
1675838470
-1100133261
-1778424496
1385412314
-2064842910
1052920621
207199260
-852007562
-1639433017
-1407970957
-705988722
1630667647
-1144111358
-214194435
-1094391051
1729518586
-378642641
-1355154971
651957199
392995720
-455271348
-852461394
-1594464901
321768463
1517031432
96127111
910974003
-735187303
-1280582431
641145807
-775886022
-794235013
519465325
22998235
224729681
-88948551
-1710162697
1282023671
-1416395154
-998316375
-2063920819
957536171
-1586054736
-74898731
-1107825193
1433430590
780701324
-924620506
36593643
-184262785
-355986868
-2104786115
1478173792
-88320062
-1891198278
-353565148
-2016946592
1717056809
159646488
383417893
293697410
684983332
-451066798
-1315769094
-68754152
-546740166
1875893366
1477916198
383307460
-1816882936
352827747
-1956350559
-1487273391
767884170
525638336
1784691898
-1576525633
312640409
1652498224
1251721529
-1010691937
1800636852
-943394621
282266307
-1416445535
-1107742462
-2109291345
695110274
457971051
409139607
-81124801
1821640964
1319567787
-909427978
-1499716342
1790840419
-663011473
344081110
-1140740504
1419716774
737287091
-530179032
-1082869214
1300804711
968703291
409027161
1618332264
-1058862155
-1064078429
1342883028
347315975
-1279312069
-641539148
-1490641206
624602074
-781664863
935929080
-1217575115
1937834625
-1889563342
-1562958705
166575385
-774200495
-1870005314
-1221598908
-53636084
1663920523
-487135039
1353602266
-866204423
2138769103
-1384641084
-2035278164
1136346912
961200594
-454170365
-1721253004
1569895776
-362550194
311766607
-1099786646
1171686328
1877296186
-1623203275
-1279549552
-323647221
-1244351429
1768063840
1450578764
-350232285
1409689433
931128891
-175165642
1427663607
-1326488587
1409591002
-1935634381
1051289392
-34987526
-447916774
-1284942398
-240780567
2059718739
1654701830
-1754945899
-457532746
-2020229732
2140798332
1585539683
2078974439
-624191461
-1860950257
-2074325764
129604110
-1582204687
1935920431
476208797
-1356663107
-1035211124
1741203335
-211950203
1231767956
-103302561
-389803610
-1201916728
1140994682
847918549
-1331216671
403217506
-1503883223
1623102082
-713668490
-599931250
-31279888
851077531
258701812
213849688
1636213684
1105677992
-1103593510
-216999055
-263022281
-1744414345
-1294377858
192900930
-25139812
-910304429
-223918288
-170750141
-785491414
-1590643850
-1030235745
-1842640756
147771215
173143739
561459066
-1486747477
901482216
1319034519
598858842
-786651208
-416911681
-1978387638
1026415582
1914666919
-873101483
-288119471
-1409294313
68969693
1102050016
-348075490
-876830169
787846149
998142102
-1901809654
-486794972
2132601123
-1834891220
-975028854
-442582207
-1698237464
652601753
-608907360
-54317777
1229618504
1354810655
1637206933
1532822464
611996233
-466083957
-1896015900
-767329330
441477150
-1013324102
-1216630663
-1298576294
186559860
-406402465
-1536243173
937228023
1860902154
-108585724
134035749
-301778328
2028070279
-2007088818
2079854460
972262280
857848455
-2016335996
1532143036
1574484074
1691591414
-1202151599
2138407860
1966479808
834721953
-1249869367
1995627540
148108928
-1968272118
-1958676567
274370404
-157549116
300984187
1907318754
760670776
-1750533391
-1256075171
-470246824
1327141538
-849663973
754998729
-26297626
1891326183
259310248
-329976481
1938843813
-979574924
-1084701134
-272566442
-1987023506
1019825682
297791922
-677378348
1162361244
491095128
1591114458
-871808128
82337814
1045528417
-889777215
-961410988
1885752972
-799217985
375269061
-130202697
1876346367
461567151
846884012
1671412938
752408455
903884173
-1641135860
1542642178
1814915408
1648859786
-1045997331
76856566
1943242725
1577352091
-1264009300
302892921
1757546416
1840293044
1367162401
-249504277
-1982121279
-185140682
-511275004
-638780724
-465584434
110936229
1623198604
-1269045359
1274128250
-928795747
-2116968616
-1434243398
1258916058
520230918
-1631958382
-1034314972
-573364684
-1651688058
1491563345
1534384283
-1153447671
-897178825
956350271
1286080947
1668842581
-1241566311
1762022011
26568407
-1975850988
-2108863542
349804736
517094050
-1001461496
-836402700
-467206970
761122669
-1089666887
-718512379
-819383832
-1054793176
316131773
1456635813
-1675299834
-1288278419
-706962375
-526004124
403071404
-317397038
396553895
1744689459
2004309107
112079998
137002713
1381813270
-1051173977
-1806664450
-1428912324
994462486
368852266
2063148377
106202209
1021843835
-1574952809
1475445601
-72790343
-33543110
-6764375
-330291637
-2031645536
-1104228948
1112506078
1401848706
-1582645092
1905969281
1823446359
1863064759
1351776229
1354288627
491758338
-1940556996
1468357928
543591229
-156246534
-1567204206
1808544647
-1533205938
731461677
704941120
-1951203868
-469370438
1161765438
797468390
-109128097
133699568
1308629165
-591957359
-2023015908
437484978
448749365
-912983985
-1001796279
-1173146687
664047221
2009246470
-930358433
717619159
-114042926
-954964095
36509607
-5704487
-314825829
-686333493
1332437503
-190950836
-154768019
21910464
-458255395
1911449353
-1268514088
-1712750368
231184788
1197959980
1064273986
970629990
-2049811498
-850623150
-730929141
445781656
1480736121
-669815038
797085681
-1296838048
2019766654
2012441707
12624054
1357384732
941469006
-29390001
-383716352
-2846542
-1031799995
330390847
-611771265
-108450842
-1087655564
459841800
-992623532
1517990127
1365069986
-1313370259
-474935887
1909291078
203444116
-1021657323
64739772
-412522815
94508686
-1439247417
-896919112
895406560
-2118471911
-1700434732
-1194291610
1925502311
1340746757
-1392638253
1881446824
-810619348
-814346831
1847510163
-237697432
492891698
-180214135
1535398733
-9639241
1623563765
-827014193
666852889
-849344456
1486724871
-72474978
-1610005341
-445493569
-1977523237
-476620500
769722654
1229088052
1462391008
-284324785
11839863
-1451664195
-1247520047
-2064537278
724195278
1235218972
-901073333
-1494338648
1625310753
-38010539
768044191
-888137776
1806760266
-1948315757
1551297001
1981817145
-34253013
-1158082741
1804458081
1765725529
-920853466
-137313631
-613360400
891074202
-125312045
-617258997
1408436486
1111831460
-1760145172
127098163
1831409066
-393034015
1704583308
-229604318
-607339566
-599324099
545817752
-856574310
2081209844
-576077011
-1221582467
357499842
-1369737508
1421748979
226716443
1900082184
1083638208
-171051233
1185094912
-1686360254
216977
427681368
2026242521
-352394986
-281035373
-2078812836
-296387036
-1497006180
-1410924241
-1745706940
-1824812502
179492929
-1692304121
-1902095348
-340097236
-353270034
408900427
1208972371
1928707036
-288146584
-823080630
2119457118
-1244249074
-1114345223
596168779
-191108510
309153711
1689353296
-1222719586
1209612290
262245621
316937125
-2040411155
-422331626
-1810630184
-1162955488
2034313175
-497796179
1627117760
-1379037317
-1305298497
-1484086187
-1786725249
238735589
-31890720
1780958617
1276436352
1945010217
691721124
1548111306
-1128187327
778060815
81086774
-1275823870
-2005398274
-2007778046
-1193602987
1660960101
-1315319634
-1042393870
-815603349
586872746
1210303282
-1977636485
-927372835
-1283335207
1673429708
2115236935
418485924
-1944146347
-833196851
377099696
664171548
-1181972195
-699485294
-499309144
1358608156
-1741868722
1794858928
2003545820
1540309830
-817905428
-1474449298
415561751
1181434527
-1842239263
-1058959501
998703076
-2100977055
997150532
932318144
1454247543
-2016868080
-827732513
405147615
1283523021
933796298
-1680108309
-1876572324
1330886674
-1100146461
-525470179
-2122553484
-48546750
-816364111
-276964379
1188122380
419797265
875396515
-1570885388
-1170296348
1895921167
1951923352
156941311
166413068
759161607
-2079306131
-1373211709
342856342
-1283656280
1394460120
277647176
-263777652
92413287
803343475
1185666664
555218724
-870362717
336994331
-696781166
-2103679438
872840713
1976127867
-747315253
2125113821
583455033
1446582243
945581558
293690005
-1109667415
1244778078
144630356
-128469948
-1902224182
-1172984318
1974661453
696355523
-366742424
-878143095
-2009962384
377065871
2113601110
1385467424
1628221623
-568595780
-1334257079
-545010305
1273540879
1535521065
-1086787068
-34925255
-1788619496
867267060
1857693621
-412125356
1853111337
-1406285520
-1795537250
1048094748
1712346262
665753045
-1799005704
-1455827660
-73504972
-862881545
-362213869
-1467459091
332584733
-1250323397
-2099609663
-1820793638
1187781040
1874574213
-1369498123
-550444381
-307778853
-1108374026
-307265114
-2099035623
-407141988
298101269
-1768595463
1741481355
1750321348
-428183221
-1183581538
225858903
-443752451
-1202975084
-834882951
1355122627
-471996145
1544139891
1665638533
566481421
-932682402
-1070381530
1570920693
-978757952
-899307594
-445128677
-1092272997
2046854472
1112743499
314635170
1791097997
801734344
-267732742
-668538397
75772933
-72453077
-536547371
2006483473
-857260919
1876382073
-1613353506
1356685023
-382558133
-1644410261
-1160666095
1009743667
-809447726
305929280
-1915238233
-1976672743
-1037436968
-634119983
1962346137
346723834
1820799094
488984291
-85368478
1224106764
-2116008322
-86809668
-505278199
-313732852
-1306991065
1014952440
-1295361442
515301419
-1277692433
-685342308
-1673713789
1591872837
-1892791107
-1655280277
830809261
-1327847080
2054170181
-1434367624
1943627052
-1680886733
-1274611280
-1084252420
693163176
1261252205
-130574725
-1083240087
231012524
-155904360
-885871714
-527023938
-698300824
-1022458441
2089032945
-1737229027
1226870962
-1765433620
-615003445
1815453594
173298254
405685877
1095806956
423205973
-75114386
-1991846951
1041856924
58761674
-1657237125
1322726237
-2036072941
-197076633
1611727893
584854205
981415195
1276386654
-28429736
-1223314152
1577162483
1249064892
610233697
-1903515093
-75496074
-1396867398
-217752304
860038338
-2035833988
-80911789
1461010446
2073975914
1301495424
-2029011178
786540561
398452331
1369124483
-1667429827
-1682164130
383488500
1214828591
1227926269
1396186255
-320449640
-1564148418
1972114719
-267557482
-559549447
-869587172
-392660785
301550337
-1283426878
-895420469
452139955
-17294721
1829201626
-2081645306
-205672641
-1560711262
1263177941
574759337
-2064828345
1979172326
96517294
-249398961
1843878869
2003347185
1112309171
162341436
-2014894788
294320412
-1848756288
-565214851
362781036
460141105
-1558981457
650861901
-1608275064
501052022
-1257644786
2034244027
-1954519371
-2112762902
1327032339
-1988584568
-420519627
-118015538
-707422516
1064957269
206884019
-1946547098
299404954
-1486011651
-635586593
-1140667136
1106716383
-641640641
382227773
1972297269
-529744394
-116973664
1470716730
-1854120850
386918755
-36314481
1646186880
-40566103
-1464994485
1580383177
-795746422
1717311357
945448742
1875442431
11432058
-2124437925
-1440254030
1492601013
1062256682
-1802663658
1721219114
1183823212
1712727424
1115556
-1838655817
-1721297149
-545280506
-582613978
-2108246489
-1447929767
1315593913
-224714459
2105232604
1291231031
-41275872
-1978916834
469696262
1480289389
819071904
712147520
-1970313196
561781306
1988397070
-746437261
-1203124377
1799904496
-45223035
1965363100
-333740984
-229004840
-1451096966
-1119466977
-1693287140
-253908910
1654938637
-1756958299
973510102
-1533800127
-1392215135
1853365790
2108242348
769695909
-1096089682
1298630409
1402913804
-858260088
-1805700139
-1363572750
1360069841
-1873232866
677991476
1711302972
1315525553
1487920679
1915162619
-1749487328
265545466
-1655016040
-1194516161
-1282375435
-971677315
-1704178311
-1911943666
-1147583823
-1370043446
1883094288
1407936194
-1974130001
1629187229
-981399233
-173533798
-121056846
1809265815
-1291716566
-1173908602
-1185715415
-2066501328
525892380
692524609
-199664716
561822444
1375834795
-1797583963
1923298278
51204812
-421539559
645690938
-1171582132
-1339530489
-1890115843
-1965621489
1664006062
40916729
994944545
2082853069
1501346964
1491844699
-2070542674
526028808
1314377483
-2110492748
417675910
1682638040
1588779432
-1622024689
-1816605967
1276594600
-566924083
-1594452498
-659014534
432247629
-51910870
1340347774
-1033448165
1293805146
-44359033
1035432971
2125013143
-1061597775
1410836671
1754565813
2096355111
239953501
-77810417
-1588813724
-2026894760
1113740447
-1208515184
-336026887
-927286221
102659654
-243285758
-1647401019
-727432034
1837917763
298710218
461185342
2142644481
251995516
1498246973
-120723473
-770946517
-2032960288
2015033886
805190832
-914846601
-35459909
-1963574939
72890903
-541696470
882752843
-551308734
1802332462
-1478115297
1229128850
-440811936
35220837
-1541688155
1547089261
1437790061
1232010186
407910567
307956709
-1195071782
1260425591
-372233458
379841220
-1717508641
-1474716342
-69482910
1175060075
-1623811647
1041502427
1233162423
1561114850
-269227945
-46035798
-1270356538
1498381104
-431865654
-1528915048
-46039207
1842315245
346829979
268022168
612605932
1509251861
-1063691030
-1709252186
-525286511
882778910
-963850252
959741687
-1901266156
-1452959925
2123819741
-169599631
-810855074
826005314
-344755281
-508648099
-1688339682
-1125744676
-1093052510
-259953062
1268375717
1907769660
-1978562147
-829581932
-1335283183
-1414053342
-1891711748
-108920010
-1919558227
909370497
-568837997
-782511332
-1620582248
684113742
-1032495629
-1207429939
-236373597
-1112415846
-1675001621
-1689446744
-1631869313
-1023495454
1385282385
-920604580
-139817192
-1941240667
320891138
-957071203
1910883131
-329438921
-2057480154
399921684
-445124994
887235541
948058552
-1495983210
-1604983200
1431717368
-1420880315
-1710469224
-2104346962
1363791342
-701838605
175894242
-1676505048
-1623696731
-1101016380
-731049341
970653028
-582793014
-8003556
-150675196
-1008926221
1166822674
-634582400
-957013280
1786185665
-1712398378
-1394109280
1128081970
1051901633
-475247131
-2095346026
-890961488
-1609084215
2022146709
-606742416
583538391
-925983814
-1458905317
-160675605
2049168232
-349525021
1283699484
-615187327
-286139886
-1400151898
-471586173
1232408742
-279127440
-1753622180
779469972
2072596301
-417714123
1271527541
122923073
-227569999
-1922973275
233853668
172321212
-1337996975
903926086
-792907335
1997018445
1905275451
60536535
-996963825
-862153883
-701511283
1132311425
-683864281
-1341146638
894907704
1955943756
-1108688171
-2069782796
856154631
1089412564
570664986
460783695
-2125614881
2061983803
1062829074
-1739008797
2023208008
-488142239
-1183475440
-189572391
312525355
1209158994
338585607
-616089793
195616221
1990547712
601359403
856980183
2051849819
1074700081
-378997545
-265248725
-1889995561
-702656070
-1055514192
1387648741
-1463126157
1134432237
209151243
-536137635
-1106865077
1143535439
-1233624949
782926194
-210726727
1386711950
493844494
964824476
-383551277
-460478031
1089410762
-614641855
-268770504
1328020112
327393970
1570861384
-1854034676
1462343815
-1227701730
-1788916244
-555093440
1887558758
1219942314
-679082286
1775355414
-124942933
-63186851
1713277532
28078052
1714794994
537976846
-1104569793
-1112002537
1841452972
-1353439230
356460370
633655674
1078802447
1070941146
682038953
-1489007944
1813871693
-599537493
1519436770
-497224673
-217878008
1199489646
-1366305602
-1245309530
558832388
-1701078118
165294579
-2114334415
-1301052387
1602312975
-953403073
-1461441262
991172476
-1872798666
519404736
1447117523
1918393861
-15407771
-1681808510
-1434855886
1362486291
-116309881
636895065
1073993836
-1926810265
-896910853
-1976062991
53566398
1606558813
2036410813
2018790179
-1979925720
-183578528
2062346947
649507465
-1660355981
312745887
-1168022359
760520276
-788946315
1487249408
1442024335
68795740
-944398956
-552991916
-2124219839
1764403832
-1738745720
1414572748
-612332903
-330455281
-1695503516
1245705644
-1143238623
-343151889
1445678806
548226878
-197814020
2063048029
50520493
1223358472
-1057564411
1538247532
907592347
763864640
450601784
1039986578
-65125828
1422760319
-592079536
-722084233
-1891372714
-1071108683
-1331603022
-1731842800
-1051127966
-1300203171
314319753
-1532206100
211082571
-83778831
-361608911
-1470655539
-1134831499
1674090910
-382557992
-21946502
-739302912
-1408621253
-1947696286
1335414483
-753625523
1853194615
-161965683
-1410957530
-1934993216
-565643182
-224733354
