-1952032693
-1122733198
-1697485451
-273452318
-1927024636
-178172984
247658320
-1709219105
1287159470
-81879559
-1019456471
1277303711
1507547062
936698935
568030735
1634149566
-1717181815
281171534
-1248361043
-809182457
338424408
-1795006438
-1863611989
462196227
-1852090854
-82736327
-857169837
759587539
1551230167
-1053175808
-520114313
-993521601
1772718626
1555988914
-2032423278
754108430
1904088806
-312587793
1469312813
-883564137
-712451483
-1993021591
-770701436
616110488
1951549310
2137891806
1810711401
-60130491
861547054
-1311591103
953139047
-1386658140
1206595928
-1655374278
-2046324183
-1295489001
1459015880
1265295825
336898077
1341674810
-532758667
-1730404763
-753257133
1003578095
295802374
-1652825118
-855842389
1419045046
-659271273
-1699636942
905253679
1764541761
-1691697476
1875117300
353434301
-1357506489
1982664901
-505295509
532170473
777864600
-774297277
-165837896
-402808543
1173263729
-854436917
-1941787061
1806194961
-85981679
-559252999
1842120343
463659591
1921917579
-1608772681
597581316
790693914
984543966
733763519
1521016362
1033567176
-1457825470
-1329500067
447125563
-857169698
138440900
-1024411527
-171075649
2140847068
-1439710956
-1501215532
-67441529
-2124028136
-1537320035
455032210
716726235
2119004642
2123380182
1720765431
1288423669
192581096
-1183951657
308650101
1929557171
-1064407332
-1038377425
-1320266522
199513223
201605203
-922394124
1416179477
-65083215
-417196560
1885991450
536217474
1160059312
877017537
1675680520
-1281664922
-977079051
-1487897368
2060816744
675199220
1756987610
1639804541
-174151362
215173345
-756343855
-721183565
-320280004
-1599811546
-191751456
1411466297
-19999405
617518852
446585676
-213184030
1231712141
1543060040
-2048017516
-1064117625
-1858574823
-1888813104
-1596018784
-60330709
394321831
-685084851
-1745132486
591192929
-1016361226
413872969
57615805
1421808618
1286199978
-1602648469
199163403
-689566815
-1711591838
1473818874
-782647868
643739803
1568459018
328030879
362996916
-1472728182
-1778934675
223655022
928980364
-1259916447
1148457485
1108721447
1356873940
1354544957
-1316697802
-1410715208
-424013024
-1811193213
-1154047408
1693500422
-1893191039
64292677
346401653
-156048916
-1629427906
218036969
941343299
-33289597
1769458628
2116604172
899088114
-320774237
1848541146
1769562275
-18662232
-415487574
-1119823080
-699107485
1767068427
1426215803
-1868737895
1294851938
-1193552616
-412867895
80840175
-1546347778
572156210
428257429
-822204585
-1059357955
-1779298690
164029940
-366693587
-277712138
991290221
1353253142
1683270305
341200878
-312393319
-506665341
-1973074517
-961366715
-1183497515
973062822
-1169960900
1194099667
-1308556417
403160975
-1615976779
973672269
1553675799
-1269902604
-1061943908
969459181
-748102635
442361976
768680076
64106066
808859638
-1368789969
1075655789
-2093719644
-765178729
-1924630175
1580108005
341202939
341736903
-566611570
1226741006
1775949057
1685136918
676659122
-303580311
-984182059
-653052429
-1724331062
-816951023
670111026
-12439563
-60988778
-252287949
-2048500016
464590456
32544159
-1872038467
1449278217
-1971315092
-1104685189
-1275946411
1704197568
-1908655255
-564602801
-1537689972
325311870
1128454405
-1805588844
898746963
69290973
-1315482262
1394284574
1972666285
1007939625
301797666
337739610
136868006
290400323
1426204724
1880486103
1829165187
-624806968
819210357
-1955390201
1790485562
-1233293965
1585010967
-223411643
1331729956
-1111017793
94267269
1971583769
274166000
-98469424
2026999155
-490345285
627793370
84600211
-2147384272
-126002731
1542652445
1800751139
1168628030
-1218814579
-1946683482
1453108078
560691235
-1725050174
-842818295
704714776
-1702789759
-2143868012
1934913720
1426006687
299870052
-453395158
-17732751
-1369332033
565507803
708084655
-1452012040
-469150441
1238521545
-1362910564
-818342394
-1997736181
1895193596
1407395132
87232129
-1015051028
-427003266
-1614888083
1469656812
-1311266218
1218513963
1353887395
-1402978784
147174617
869377155
1230875442
-867013572
-440604453
941141441
-387647029
-1183426599
189614268
-758990036
-1714498233
-1211846014
-81077701
1423670444
484477091
2033137762
1772148248
-1422499937
-1866899125
-554504385
320187897
186640621
-1296825957
-1822760793
-416346991
33692761
1445713826
-1346911384
74658814
1343718682
-1663255512
-1247524796
87514738
602780586
1643052530
1341455845
1770063125
-1489943331
1503812931
-1037172722
1668952362
-1840593356
900643750
1145562643
1131887472
2096434034
1117357035
389063819
663657930
-2090153616
1219169902
739006019
1068088097
1397918253
1679787422
1074077812
-469778039
-697479639
669191869
1069065784
1197083298
477982450
-589219100
1128578874
-1164730816
1327535870
2045510730
366765485
700169038
-357506373
-172041275
-857141377
-1084388625
200179428
-1981379953
-1303648563
-571645467
-864790506
446622797
-1500146279
-193055690
-1391480925
960742733
172136633
283647756
1178315172
-1660798705
1265978898
-1867305764
-1853937580
-1135827706
-142200314
1906816971
1534888092
-1318394977
-397017046
-1525150132
-479718423
1369258882
198486844
1947024909
-2104280251
1760067351
-1007984557
-1598346989
-351801435
956702795
-718861992
289294627
806398847
-2141504365
-563871052
-1561868956
1144979872
-1970936528
-359466934
1652735553
-548682437
-1086314571
-1833296472
122155924
541663044
843881158
-1999293064
-773641984
-1622137602
1209561889
661265468
423619742
-1302805549
1123771618
-1664169414
34186203
881071715
-1396845310
-2022113100
1713701535
1125021406
59907872
-645982628
2099728562
-794828138
-784993404
-806054138
-1204674213
738624207
-1698885281
-565925217
-1327472311
1003515609
-1479089833
-111708323
1583079095
704052064
-42683325
-2123435209
-1149194294
186592002
-1714509261
-1485121385
124132157
152572962
-752777806
174764622
351987519
695816187
-10490034
369111752
551367323
-1395603720
1437986136
-2045556096
745815065
-1980731839
1667601383
710717877
1557445668
-656291175
-797953757
1727191389
-1453411156
1393445990
1844410815
-269453478
-1148331187
-276244207
1144420807
1383801323
493093296
878056848
973753755
634629733
946282545
223757888
-457251014
1400981281
-1700600126
-531834889
-1962646589
289631416
62388238
-2001803687
-1779059399
-1450813843
-805227807
-693939350
-842947450
2061002218
91860422
-533445531
1297313730
328639023
60049649
-1017440309
317753524
-1745785401
1054866015
-1869797186
1058355096
-993399748
-2124269509
-1191119985
926033442
-1527002420
-2092751485
524840852
193533635
665739356
-620927765
1968615999
1049054250
545478828
-352471551
-439079061
-1260362483
891838155
-1564688239
-1324995847
-2137739224
-365659443
1428140618
-859623525
37371013
1787893436
596808353
876060399
-1550833154
70901452
1192849652
886746831
416808448
1511911633
-188493581
187000807
-1947664239
1486884597
2076178747
-1063093881
-2136087149
1742391717
788662339
-1090062663
1459439177
-1347889973
2102195067
-1905176426
2109845274
-2067727294
1990841522
-387112491
795755925
-147297402
-1204016713
-1204838492
-1542894923
-1598735189
86501955
-848706630
1239809381
382108304
-1893165035
-1689615444
-809787067
460735060
1506192735
-249779840
-1587565138
-830664697
436931936
-2137972353
944072948
-1278852444
1080449873
-1082142385
440759274
-1955663041
1702648709
-1191818176
676596138
1398356858
1793180363
1854732517
-1946880107
-1374656707
954013718
695237607
27824536
-1655566939
-266236832
1125547029
-797104463
2069579068
-1534792502
-1921903682
-1750812239
1415079787
-1574956281
988644162
1655112259
-733407444
-614762501
1823733990
-1748764116
-2070839549
1382010014
-349208088
1117485779
-628295122
628931878
-565413677
-1418547452
-586834661
-896122267
307561748
-776446736
-591965927
197862767
-1202946100
989154424
-885229742
1972214143
-153366041
375803306
1059931897
915476506
-1201856660
1028760459
-1155900737
1920904053
749098006
1627510550
-1700912758
-611060973
-2028509916
1298937477
1414014568
325430962
-999662483
-1691777842
-203398207
37423975
890273974
1355521392
-1380969012
-1793888505
969486151
-1560080274
-1000292284
1454087625
-170640709
1488190107
920214362
905778729
-1377115368
-196501992
-2054366227
-1090730226
1783085855
176979739
-2043901193
-1358134226
498536164
-1992881935
-1797005238
1743051953
-1053909088
-926875835
1382732925
2012428308
1275381957
1301954466
-1852383712
-2004722352
1372349010
160536374
-1662906826
784451642
157021288
-1230196520
-941424668
-1356697299
433852445
-981311669
2032635749
-255464731
1545724304
309905348
-644903872
52886189
-1252503747
-1419956055
-295445827
1894846141
-850707822
-370968421
-1774602092
-1972488484
-70404670
-738756170
628693224
508134221
-957529384
1621810455
-514307213
719187432
1815179278
70132382
1989042945
-1154993786
-2092407457
-689184524
-1759441118
-755747934
-176801958
667517391
-271983334
1548018748
-2077879496
805371508
-1665526756
-293619712
2002360368
-1808048003
-1639735113
-455925592
-341577206
181144284
-1419721840
249669533
-1943828238
-831975649
964392785
-1154380060
1489394318
-407039244
-244268575
2021334072
-917352366
49514992
-790928171
-1611795854
460072722
-1322760309
1467261221
422059313
-1435714600
481275247
-1039072734
1193259702
-1401040393
1522334193
313156519
1172975631
-965433760
1765833439
-1907906673
-1839533193
1483858995
1429186684
832949862
-2145093380
-978071911
134573256
462251874
264125794
-209669168
1667832579
-84243565
1829464903
-891486841
-204547212
-1897080743
-1327712633
1075933803
-154366106
1226317079
472517089
-1480884991
1409970546
856010789
-2105087270
1772784566
-1738082812
-1983799542
-1273055263
1122688563
-430329833
-835834389
-1934351181
-1775283210
219758146
-1429513667
-1628333824
156307486
-1111194632
1650939073
-401713842
469042821
-753945845
151529138
1504084510
592758291
1224337778
-1867647433
-2065527476
1478038609
1326999371
1771085342
485259707
1795829308
-1924095710
-1066234677
360187185
2101527131
-2136296845
550379118
-1358116738
-842008557
-931531667
-1153309069
202356196
-226879430
1538374904
-839672770
-780428878
-652825879
924355065
-1545036008
-1559330511
58597013
-143909676
2093892963
-424924220
-1353954208
-1834137038
261843733
1947462218
-1254855251
-1712160252
-1827146909
-1626697530
-2027530511
-175352890
-1896992324
956259906
-1978922032
1211593480
-1447727624
-1237516561
616824936
936116265
597948369
-265941871
-479355929
-359523994
1435139473
202289433
1902301283
-2074085358
-140404211
-1019523181
1989336041
1176903206
-288502319
-1364830398
1939834582
-640526340
680351644
-1095916280
-60853403
62559831
-1727619058
-1108732149
1870484105
1716315302
-1562039137
-1652935018
-585821699
-1127088247
689851859
1781734460
-491956328
853823380
-694813525
-1413942718
436002277
-1877652398
170892126
-1296910018
1724941811
1582795659
-2040689335
140718843
543175272
241434826
-318907869
-232056929
1085128668
1001730329
310464628
1561786639
-2106937757
1780178702
-516039865
-1159890798
-2003414933
93909771
1722023710
2027467444
-875588920
-1301896256
1931129381
-53475988
1702015501
2062754548
566494123
420844673
-917737187
-1934994811
-1969207603
-204656600
-919493375
-1500756563
-1498631053
-1838644750
-1553782277
1314689670
368425088
-457268252
2056492506
1186379727
-2107351483
-119306777
501562255
-1847813392
-91123658
1145423202
-41135104
-958373317
-43966753
-572531931
657088539
1629171572
1691468568
2058601352
414521390
-2131329389
-1148285065
-1214872365
-1559462794
-651809593
1352762629
465778656
1267260149
147680190
107888437
-1929152769
117628552
-1175902941
286714641
313874201
-2040202440
-1744924056
-1143145034
-1898623209
-302593072
-1380643644
-1338876414
-172707452
-628607826
1290688895
-481888885
-596927376
1135304670
878769773
992599250
1839170456
-1517689244
-739497289
-1705732424
-769279805
148028120
102096864
1927941936
1637586542
-251418312
1033799431
1633308981
-461098837
-97878023
1914146409
-474535938
1612034117
1550267999
976038698
-820699280
970898472
-1774607346
-1239647404
437753812
-1861315329
-331702817
-1394916321
1518198985
-357513442
378113015
-1962487694
-2039312516
1473746595
-2026582762
-1878805590
951944213
247368151
-227247316
739275929
-1542696332
-1398753831
-1091279567
1839817936
1150026268
-2087407235
1793282613
-306436063
592075119
544887409
-1085611594
1158525023
-2088490981
-1490773855
1872010545
303935847
711541972
1890347996
-464122117
-1845571228
624308803
394203063
-406392240
-397731507
990814013
-2004520527
-2065575764
1322281394
-956090824
-420498025
157327449
1829304248
-295669766
-754801622
-204720055
909121122
1594580370
-1711611906
-219239131
-1828466671
-2071159412
-940309340
-1738151003
1044911181
1874391135
-1291840501
773137442
287866309
938090538
-1300376029
1124653928
1122104468
213004191
-2055008574
424326353
367898821
1595802687
-921063989
-1872803442
410738969
-918814777
-1990369908
2029625671
-2036303353
-1393672982
-780594328
1125457895
-830541565
-547921089
1817872053
-1721762640
-2113542141
1202472572
-1259621913
-118647147
-1156379330
-1104952092
-1358904851
2076785096
-1243368650
90282238
-1674897445
-2055787888
120644856
-1253043577
-1350025016
-2097477280
-1220412766
-718804312
1672349689
-1982340059
-705334746
-1566267541
-1539111106
-202405665
-176680884
1096237675
2078628252
-1771311757
-832664067
1576011467
754406443
1765195966
274093501
24369768
-1828427455
1076918509
-1025108615
518022738
-789669424
144274187
1375676546
-972696969
-1204348660
422901723
1856839129
1066666145
-172292528
-472434201
-851386708
-1010519391
40329538
1754046680
-1003931360
-1914017844
-1728734156
1855583752
696439633
113294758
653553869
-746961323
361089686
-723505187
1568070376
1559792952
1972863753
1098126200
-688038469
-422544107
1932225350
1719667024
1254881084
-1893533485
1929754737
-1629117506
740386239
-1799351633
-115384706
909259669
-202726429
-401497011
-1415919444
440922194
-405291345
1217319952
1747785297
-2106265710
-1738184201
240262058
1264050141
29204420
-893323516
653304822
1410058264
608680478
966955379
525011460
688676270
-1792155692
-745281955
1862066549
1676808429
1507022471
-1948804680
1318160393
-1607515700
626169851
-947376644
-1258676618
-1622562258
1226352909
550191625
1143585403
-557209496
-1301648413
6310215
-579197389
-2072695296
-2035261084
681583118
-842219346
310662839
-851931669
510996040
1417696189
-1277563958
-1545243338
-1423322539
546173709
1881823091
1748787620
-412778962
-106153866
1302318261
649357983
713991372
2038002069
1764927321
1514860118
1279935946
-1616735593
-1126610893
1434022575
909634889
1694892631
-2094861911
-1896603268
1284722195
-902917205
-1895470987
-279489556
-1823286782
1450459131
752704681
1147003203
753728674
-1948944622
589160179
1101079757
1180949525
-2123032520
-1641322974
1098837776
1137820727
14051456
1872963817
164681280
-139550719
431069789
1175965665
-1562142217
1873356082
-355419525
-614939692
987008549
-495675861
890115532
-1930847176
-1218035388
613826074
1569352928
681800184
196923856
-1119089829
-1899853703
-1227744646
1770366710
-497554406
1116799838
-1078227235
-1391099765
-804138692
1386372463
-2069888126
-582806977
-857965697
-1230066695
941978574
-1586258415
-1170770209
-382895285
-938891731
1035092485
342550587
-378686071
-568202151
-50205419
1114640696
1984209599
-2124405797
816131940
-729567643
874796600
352893649
-1089054279
-419589216
1570446608
1153285362
169713706
316353207
-1824341496
-474010417
270152727
-870270895
-1455441255
-1795084965
-1536259750
-1844475121
-1981968053
-1396916307
1833908924
342718701
-1613291194
-1691870973
-1254669910
1039945454
-1129416919
256890122
-1287949016
-1526327560
828467994
551192667
-1834843132
298670076
1057310749
873756489
-2033852849
-704727975
581244073
-46566183
-1617739255
2050198146
-1587326856
1389309457
-733094117
-1788118051
144259998
859989365
11093641
1616707054
1320876765
337502926
-79193881
299588020
912862519
-648406227
-817387508
1016249683
-1433549117
-1917790929
-1004077051
390153202
-1175763772
-2117055103
-1157166260
-912386074
-1352495369
-67264602
1839449658
-410119409
1671764523
1148090103
-314722887
878150018
-2108809193
144591851
-174058179
2122115688
-1598619545
-1184648808
226979828
-318700763
-1920458985
1624143737
1094457659
-564907844
-1639394300
773825393
2037856340
-1840366735
960905152
-1682405360
-287286442
966596783
