-939879794
-816651929
-583289802
1268178416
162734931
1976398367
-1201908470
-584585376
-121520022
-320066111
-2069739764
-272039512
-12887348
-1589662932
-974672703
2034768932
-702107170
-883290847
-2023988245
1774487271
-539170386
815797558
1552043895
-1750263604
1877393787
891548176
-1064707175
-2113088821
1654140538
-626901808
850403381
1672830093
-1568383273
223140301
1819428224
1924937281
1929406713
1368830084
-1786769689
-1447513168
-1651823862
-236032308
-1819168721
-1736567665
-933945674
260426573
266555613
-1980871149
512435506
153484082
-1151671849
-1321772597
733187967
233393949
-746378934
60169641
-90380561
582822747
668018894
836190561
-1840104984
-1878077608
2119647688
-1082161930
947974375
2084085845
2069609488
839543952
486043591
1047325527
1048482514
-1975036525
1839990595
-1070181790
208972729
-909489938
1109654201
-1871357721
1142742089
-538501456
1221762608
1296417658
-619355764
-2113747232
-460402532
-374489401
-415322640
-1016083571
885347936
1805910470
-1442664081
-1496817629
-603531245
-568762579
-435814416
-553020928
-961508986
-595232218
1650096621
-556241338
-2100708090
-918711742
-1516151979
-1852624654
990963421
416783020
-1845177166
1767756077
769053983
1112215713
1859097230
544898786
-1662050398
-1465629409
-2014652653
-936122992
317264973
-13234724
888277489
-1113044896
1395958677
931205497
1259659908
1780599673
51056965
1741103863
-1796239308
1922662035
-1205113475
1840537706
1813153055
499645642
-1929963012
1894713579
1600767733
1258272180
259710881
553270738
2051926564
-1288031307
-1900718034
1474765605
805772084
1250096017
-1489784753
588452682
-1188242829
931111234
-97909286
2078857732
1238584788
-763441653
817686104
-813290852
-1960751852
-1569492020
-1803177532
-460995234
788040733
500488600
1723065746
2101477447
-351565905
-1530942076
-993422350
-102062341
810752061
1647208385
-451835051
604268028
915394324
-2131997971
433189424
-1818807015
2141290946
-146303579
-1322886401
-659262173
2118231989
2143074654
211326092
-917195545
626224673
-1642222987
1329576560
1058558295
-1966692825
-1655333501
-1482602022
-512400118
-1724321485
-1558526474
1812479630
-1299137818
-934096987
-2115704356
683834417
1319548954
-1550551629
530112258
267716547
-1295748782
1411418765
-1245297347
1723585899
-287285466
-1705953855
274076167
189935226
342189522
2043027168
1180549453
-1068698711
-1539693524
73417570
1337212806
-910147675
-1854292526
143312582
-1105010425
-1631703603
-273509214
729686269
-1008862571
70568250
-1747802770
186470152
1737879355
571303935
1831894000
719514079
975882078
-657459535
-1617235461
-1773254764
1343857934
1630599209
-280416781
-1751184712
2052893086
-1474740856
-416836481
-1783643139
1693130870
-987587973
-2137677444
-173635044
361825062
-1217062465
745790516
-1220760583
1370630847
1772385767
-1080010033
-892542716
1442759262
15063645
-537687799
-647390239
2103693064
452079782
-508156379
1194550090
2111561917
-932610583
1470410273
-1455336140
-1619967801
2077234353
673423914
686569520
889467218
-2021220623
-1131715503
1886306068
-327347647
464143432
-1163289985
-1227627814
-1640267970
2145022086
-939438938
1834383047
-955204845
-927596945
-1456328135
1826839247
237304888
-843461954
-377298211
1906438199
906784428
910619500
1309728352
981251196
-951451897
607602481
417636330
-304208269
533414608
600484171
1767321713
24402353
1875513868
1948282237
1813638258
51371052
1849009686
-1927548838
352874717
1524159010
781078965
-1614549053
-2097683632
-1386255303
-851696021
287336365
557189512
-2068112409
2132417291
93517607
-23206893
-1656870381
-1435203698
-1478356581
2119090250
-1032219652
-732755419
468680787
-2056391298
-559459751
2043881873
-174655425
455786865
1733258946
333072562
-1866872844
1203697672
6196046
146456414
71885304
60717629
959103100
-858706828
1601095484
-1800230822
122549590
-706980560
-233892375
-1684126877
-670362157
-836557377
417972319
-774278701
476433277
-106846442
772550777
-1975723125
1550490707
1773075966
672848662
328077575
-1918921745
672909171
849479637
1192145362
1836309227
1122592303
927256863
-1489828292
1829167233
-1162865280
1200463977
1136394313
-1509557647
13817186
-107763014
465295339
-756441305
2096989129
-1159909013
1523299956
1036623388
-1671776451
-2061595859
-1205066427
-1970144644
766783148
737294672
-2081344565
-1848095736
1300884091
430345538
-621377364
-1154758083
1096368861
-134110635
-848899524
1454925238
1259245416
-1465602108
1885686325
-256404530
2050044901
-1815873801
1092567207
-206589815
-1459411353
-1283927547
-1988697555
-1020454221
1439318686
-1572362629
-1411928735
-978424247
-1526006164
483115099
534268817
1009746200
635524025
-451454617
861192370
-833288796
-1759644797
1517703327
1055336084
99940426
-409266632
-1239001593
1213491031
-1579795800
-1885504185
226463404
484813597
1615069500
-1857324556
-1741359895
-939627264
1018689355
1686965611
1711536358
717908806
-760726269
-1673169384
-1902172831
266200787
-927685661
-1861763531
-518533968
-1001003554
-1790915238
91037604
1506214406
1588424167
1044320174
-749907714
-554278156
-178788120
-1278589665
-595193877
1770878259
461384138
1047193932
-419398477
1209048224
-1135688678
12986580
-1082647787
1401613703
-2079216900
2000406335
309365847
-137601245
1305103199
149028639
1275352734
-554032539
-767126158
1654440050
2131250559
-335077132
524069205
1493168458
-1482395691
1149692021
539499284
914527407
2117881556
1219331596
-350027312
-1820132412
-1165077922
343086625
820266558
1794794791
-309170539
385485926
1940907093
62959261
-1609163088
1371764761
-862120893
1361509615
-442713838
1210894470
-2073981280
-1732608498
468218008
-1251551793
-1945083931
-730945155
-1056860366
-338808337
-1775370465
1921032943
-1730742859
-1198979588
-933061665
-1520721105
1374375150
-1177616468
-2060527756
2011204415
1395741689
-108784871
-493462181
-1141832252
-847722541
152507592
-101249290
-1136600415
-706453458
-887001113
1031452284
1433819360
-1911964284
190151894
-2080606927
-674432295
-556161937
1109212136
337273046
1341892749
1317018166
-1356629911
-440466335
-1236124590
340866730
-518154269
-839534607
202911157
-372195533
-640902755
-1097333765
-881817957
-1305485531
395315812
-1852734519
-878344535
-75656872
-1035079539
-1856308443
218142949
2071695094
606008377
-1658547375
-629571683
-153954410
392054746
573731641
-1898849657
-914348406
-1884220170
1550722795
-1402967255
1812064628
1116827947
1231194694
488749947
-2024371169
1646600050
1241459441
-2116416823
997404043
-1964465753
-1545906801
-1116822306
1170739785
1715166792
1770013232
324732766
1760126985
291626620
-37415926
-1886881421
1489514097
1314875479
-1883332504
957675948
424696111
-1571260068
-294637343
587245089
486440785
1346626883
-1131825971
-2088303910
122727379
516463867
-531425803
-144981391
421208953
-645766671
-2119457655
1062794485
1677931487
-792204910
-1426076074
-2019114735
-1410375730
1404122383
-779709129
1833110380
-1436713776
1455759711
-130320180
-195973037
1568970245
-1969130615
-1759459478
-855362667
1697753143
-245308125
-392066479
410127022
-1230271700
733410581
682197284
950592807
1222351932
-403603294
-813899627
-1714514116
-1212285406
25979049
-54474657
866421438
1257603606
1745078055
1757455481
1297537595
-1534292454
55933183
168553864
-1082164645
-1817340780
-1133838339
-1622475628
468194700
-525143780
196149528
-538909186
1041989089
1033322135
-122559753
-723808335
1837226295
80509572
249385142
-703433064
1741745049
-636384875
1040098537
-1603807409
55321573
709030273
-192904992
-1457050084
568741551
-1717773288
-1900276692
582435360
319886180
-1464748137
-847849374
2005217225
1344577458
-927332291
-1097218786
1685137034
1762403623
622280478
-94814134
1532808654
-1836446440
187476534
1823821472
-1408858839
1328613060
-531705408
-72497044
-866389040
1046303672
1622857416
503223958
1562483531
-78907788
-1483954433
284441567
-1955307160
-937187506
-2017191474
2116628074
-1098562190
1335735190
-1495905619
-2147433090
440317091
1111173882
-1018575692
-2051227766
-158977578
-875233492
-1565437071
1515627624
-1497086848
-1977878079
1665305852
-1005156378
-1450712351
-1501057956
-880645815
-629870463
-474363019
1015136011
-1353483587
1416488563
-383286863
697123056
1918278659
-12095761
2088034795
-1895833821
-45603041
355334058
-1912700775
-1780668969
1678838210
-533891427
-1289336643
-1144901701
-840676640
-1858715127
-1457058400
97675170
-1791568513
1346954427
1059259325
-1032044443
-1008165678
-1428917615
1978422528
-17365241
366177670
-871947972
-1337572304
-540462310
711262298
-2138494650
391156648
-1497835166
-97574411
1477849942
1941316429
1115563191
-2001599501
870962611
2018703803
-676726481
38931264
-315103738
362097857
884024699
1940631465
858891107
-652255985
-1490106735
1334657200
1218772105
-2106934995
611762571
1694999455
1716745833
-292439121
1169913807
1686396639
2096264932
-632547162
-1231546001
-488601975
681506777
-55079335
-2046608943
24206909
1806362206
-552563403
1405323922
-1429158862
1212854860
3730177
-1044717401
731691406
1678627329
639243605
1861871557
-449405960
1567964768
-841779380
1154557954
-733748118
2141661980
-42137992
440025532
-1636073653
-1435533514
173091606
-499219527
543691196
-105852477
1670412162
1554923407
-445071311
1600253682
10805997
-674332602
1212107332
-1435489971
-2026800308
601425723
-145518651
-1952515265
-1491680621
-1333480633
1648481045
67222742
105065250
-1752517089
-764785484
1060401608
-1750440065
1736391677
856548375
1782903739
-2026536634
245000576
1663902142
1603140800
1529408349
-1485253680
1218162310
-2082875872
1503462251
-525805819
1056699451
2050666331
695776906
-1521717560
1014739825
778232173
-2128265926
-680692421
-1973181805
1898422867
757932697
-1105433578
-166106564
343731404
-311948592
273691666
961843909
870424676
1803021520
-1275111799
725366558
-2145444435
-1468812482
-1252932258
1361875169
-642784561
-1394181973
508835098
708882852
-397087677
1963578120
310670679
900595086
1486478811
647291480
1696623456
784612140
-444319739
-1394534745
865571609
1396591749
-978707121
784392506
1763256860
515695979
-1414435794
779339015
1664575781
-1442458861
-2097139462
-85558681
-868585553
-1825068824
-428624836
-786097655
-1673280034
-691345765
8628524
1087406890
-1458726753
2100751230
-695517068
633827586
991892493
933382930
-1135992006
-1756957823
1761706006
-1939122466
-582247843
1087192891
60293982
-1278283390
157181
-1639642977
1417031779
-1161756918
910952769
-357638545
-567295775
2137720455
1895206483
1239496555
1767777142
83548380
2081425071
-632346801
-2051096695
-323727147
-394835043
642838272
-6876312
1708556413
-1197882629
-1939284991
-1128656720
-32120912
851586112
246557483
-1000580367
-1636675602
790149565
-498146659
-2019865455
-179762830
1119156772
-1685793040
-1602951696
871351682
-1071229362
-242659409
1479346893
-1926776312
551561016
-2130837754
788443623
1334590050
-968710066
1427718328
196995815
-452325003
1556761068
815715414
-2063999363
-609621752
-1937561567
-529693011
477899976
1707692622
259434933
1421442688
737496570
1300448196
228952941
-883810186
1820055867
297934909
-1904157812
667795029
1551816142
142777146
2113448349
1298433392
-1624671630
-1032843649
-950047121
1021796446
-1221001462
762844386
1053651041
651608044
204170367
-813924763
-627071009
157843284
-172468507
-181931641
1046603820
-1014278226
-185365028
2086325719
-148090783
1676252838
1317687096
1793795017
1937262773
2094271598
-863766556
1389090252
-1510895619
924411126
-1844990205
2036086427
403447158
-44212134
254256983
1105377491
-1368401214
-624517476
1473549030
-1068858427
-2099807696
-233770350
1579298010
-228261491
2098195776
-528650207
-282067544
-1737639325
60440421
33073579
1368898933
1117786416
2085214476
-1537027898
645200052
-23874204
-229282083
2121051693
-1188046061
1158536710
569450816
-1640520453
1752122519
-582835700
904695842
1544959253
-768307963
1851982316
-1976047880
1101902056
543529348
1359574642
-488692477
-862905772
1345333375
-656402221
1513825750
947411687
-805603376
284735491
923545109
1068911437
-213145318
-1543475389
1277821054
-473743865
-1001617291
436048381
598851373
-1428618917
-839935664
-2132803373
928652571
1576569995
-505180781
421084149
-887446553
-1283404727
1231653636
1827849906
-1629810216
-1459535255
-1855003925
-709971887
-743697374
-1033212712
1872240631
1978095137
-782573208
1349068748
1901366882
174109391
910522498
316243773
-35675564
583978743
1835894655
-1978621037
310894724
-1338366212
975453933
-1987775072
1273572645
-941352420
-1383492265
-883532337
-1321032449
-1122322754
-1531068658
2108187293
518939867
-1685293042
927718956
-605900215
-1937513693
-1147025205
-1069469994
-1509682233
412336074
-596943009
1238643648
-1434520839
964046441
1880213295
-1078745355
181795872
-1902944598
-1180456140
256717528
-1952286064
304056041
-219826742
869807973
890597027
1052407063
-140502584
-2047795268
346001135
-1459828254
1192433872
-1202320416
-763647813
-2131017198
2096962279
-316812613
2040140718
-43339210
1999776583
-1127309211
-1390203703
1335203967
208531059
-481708891
800197782
117336299
-1308203636
1372980663
617082017
-1147668571
1907823331
1777060687
-1744048089
271558059
-1272884274
771700190
1324499981
708522929
1360528319
-727132653
-1549743597
1123442501
161070226
-1284605788
-2104048823
98217523
-1715582939
1096251981
-1291833919
-1136784342
1477515053
-1700538344
1525991813
1670061726
1427886407
-1767014433
1886255307
1968206576
-293514675
191866127
750645095
2089937612
775596267
799546798
101049728
1419381459
1301080689
1497566110
2144354694
-1052831879
-1788350486
1241601570
-590418589
-1050022865
944459884
1280227233
1594706672
-1192519485
-707777359
105145258
82344874
680481031
583770086
-585004744
924315556
-652301647
-874059325
1213412662
-2110033985
-101276287
-2134399525
-1934010044
-1945954535
-65332823
749970484
258931387
-61280317
-911726488
-1941883110
255315438
87762614
626496247
2002651695
-317341261
-1150219514
1758075817
-1727801657
-743620831
775179351
-794602163
-1147958926
440869274
1871391888
-41384746
-280711975
262908683
-777545521
519665981
1486892493
1258420338
-93692516
1527020966
1960496285
1502853792
73984608
-767243839
-1168846937
-938657984
1472682007
481105011
566872881
-1999776233
-870340796
798370996
-501968263
-2023899508
-892704475
1386462394
1511564810
-2023667349
-848541656
-1919968425
1000584016
-206877979
-1427168355
-552710241
-869336722
-56919845
-1807437140
-1962562867
-695097521
-737775269
-2051284344
-25650074
1613924091
1018766698
-661560348
-1474714466
-1638364629
1283566595
-839443546
-676886277
438242334
-1245462177
-1739232550
1112420152
-1802773331
1094678135
-62619160
1501545067
-1919784803
638899399
-1363191
-1034385815
1638961972
2104982099
-665585673
534904169
-1484319474
1160868334
-534765853
548422631
-895978448
-532362311
-1660136788
-1835088182
527886685
737130986
-516361651
-1004554296
-1185233240
2035234254
-849613930
-203168759
-694144182
-1256689392
-1188492002
601280778
-1841016651
-274622661
-627506313
-1648016444
-915989272
1140237180
1787196835
-2067622388
2119738885
-985706836
815527111
1086553660
-66231520
-628663922
-117132514
-1607783149
775865945
172668756
-688048592
-1888360999
-113615828
758865000
260077634
-2460474
1504906247
-623987352
-1709101808
1704863652
235752988
1853688433
-890888775
1649224883
-388470152
-1837280609
-1711550470
597392332
1823741268
-529777708
1014819998
-2018464312
1174600875
-101356871
800463157
-1466735070
-1010820340
-679332094
1029781763
1588540122
-808066128
-782145547
1453279547
285083292
-1514955825
-1123044052
-600355731
-1504923359
-993102546
75567001
672397628
547617237
1367424508
-859375926
90251347
-1068089158
1251391967
-2073010579
-2059076200
164350347
167245896
-1128011754
88139938
-1641671388
1689861134
1002272064
-1123542935
359984416
794118202
1002722705
726822460
1740506564
-946854368
-778070686
-685999113
-1966974437
-1149781842
897724542
606419316
-1149589919
1971958024
-111071960
831331649
368485540
-1771325357
425845602
-1753117549
719384488
-31726896
-615582612
1209718395
-643583989
1984741421
-202983797
927084119
-414681175
117546263
-1128392437
-791127670
1190129473
-1565210093
127878277
-1297283985
1734621784
-2120549490
1828420453
-731778422
-736938659
20191026
-1233387866
-246120960
753660429
-1886715270
624294623
190519881
-1435691496
1166755464
-121519741
-1882468829
-1209532412
-1561551563
2041959012
