781904006
1820579312
957300387
-769626251
2129047574
1029383311
-1802089163
824629581
199102674
290051928
1122140154
693809013
-1853319432
-189556461
107496276
-1202955651
945821338
1415076714
-1075723212
-1998451453
-2024280927
-159081065
760398527
510118797
807980051
1148381790
1956932398
-2013815399
-1523213416
1769128254
1890277621
-1341441037
1789011769
368598755
1340614695
-1219899323
-1904432533
-1359210274
242563352
263821812
-1570277812
1162297495
-1499821501
-1750692823
1950365739
-138952319
-1750414226
1863072045
-552164274
-295506288
391845131
-261972231
-1432581906
773010152
150524641
731031821
425037190
1394842070
-1242044181
-1462731904
-1922227636
997679619
1720521600
-1905861800
1702716415
-1468330010
-307823693
-1721743333
-1241909277
2130686842
869965052
-1833985371
-308403191
177755441
-553787113
37961020
1668130772
1210891815
-1703569876
613109985
-1479796553
-420212838
-588635345
1991005160
-1608071357
1262280090
-1788305783
1058872779
-1578536864
1116717308
304884471
352863290
506871514
1343526036
10862258
-1380565643
-262282977
32625058
1192671440
-708389922
-40061114
-807354484
-25892631
-111821111
-915514029
-1079481651
898952445
-1819315050
-1357310535
-790849747
-1090385515
955812354
455530527
-849534670
-675749849
821768889
-291895193
317031126
1483515838
276018991
-167241237
-1295814791
-1554723878
-382864465
1621402377
-1966687464
133895572
651375795
2062263521
-588513089
-1285504250
1776878710
-1237185699
1030143036
-413978391
-1032405561
-1764775567
935774997
1982790270
-823068640
1531327907
-952072005
-623201358
107421943
-1149433139
450755070
-1783586436
-136260013
-1694387935
1070775235
