1436956406
1961570469
-1413901539
547322370
-70984830
1616229617
-401927185
-1487165977
-1832412725
-251558000
1981032662
1163652439
151794993
-1458664468
1204623956
1486500480
918227683
-1153444274
165778299
1587551138
-2084474131
-1854893424
816616589
-1090733342
1612885365
1860444694
1143892966
1254907742
-1391206336
-2069519106
-168896230
1455678336
161212539
-2135268715
1178320474
712117399
1639449784
-1523727091
978781211
-545337437
529701686
-1321935764
1496093432
265916271
1936302181
2014485704
1783859159
-2025543707
-1802083928
1984252849
1236010571
-725755235
-318719908
1360580845
723340601
673738934
1550051608
641785450
1812853181
-1986583063
980136758
1406739312
896164942
-1495191333
1242846354
-866582763
1202463775
1125055665
1176536465
-1326750218
-2070526776
-1495242775
707047781
1450372899
1048717861
1131912296
2111237774
-1047708581
1029807742
1431360718
357006243
996684152
1682548456
-1621056751
1486734417
-949047508
833337834
28806217
-449695068
-805714707
513358946
-2052911672
1755140229
1636732461
1892116649
-1741594771
-388432509
1073753807
365429749
1149142841
991476949
978363093
-431127041
-695823838
1909088159
-2002627235
1956091621
-22936025
1233162100
238531277
-1550907568
1116660132
-1734542052
-543348147
1927718617
-1002849305
111687574
-303213963
302554280
2107628290
-1566478496
-1427757753
-1376901538
1834767074
-1552897547
-1987999905
-143007436
-1912634976
-951441002
-1959621016
-557121180
611417367
2121928013
1712077522
-427680825
479544758
-1342477010
53319873
374760895
141283990
1387165407
437943368
1894027094
1918061262
-248164773
-194556714
-1014064217
-1343225850
548910834
277976048
852908924
907148874
-397817709
-2109324512
1880256056
-1614592736
2142385485
-588126931
-1728582409
-1999110693
-586095853
-360305013
1282483187
-132431055
2041503167
-551313131
349961769
600329739
55371097
-1978845447
1548814139
-1247208548
1490427032
-801683214
1312696216
-2010062668
-72311896
-1809701956
1353613017
-461775274
-767694035
-725352251
-1052049298
661875591
-1061573753
-112372192
-457853319
201738344
-876286889
-590499394
614190841
-1513976185
2144401474
-1704029217
-537340117
-317992335
-1836803852
1818033349
-473446100
-1226101
-1151133848
735158699
-1224421406
1661538081
-1213432731
1664285941
-173218531
1773324223
920835403
457944487
563523064
-596158017
-237469425
-45950437
1473395077
794324003
-1712862845
1672186350
-470579800
1713099940
1362382042
282798907
-2105151933
-1032044021
1809513323
1996928779
1998908051
-1224099906
-855790155
-2102843125
999865561
1599975069
98801315
1353531007
840693820
70250254
-1321724400
50311287
1205403885
1695971414
1560653708
1322147135
335342220
-1551103702
-1146934944
1795953947
-1649452854
-1870783099
312809423
-1424490957
1444234830
-1336117828
-951691106
2078458828
-444672548
-961447217
232669910
1222313144
2050920884
-219409407
-1104965944
1418573072
1185594680
24691113
-60343726
377382687
-1599103792
1204883786
685960543
-1350127712
-1167861743
1023786721
2112529075
1867192620
-1904322020
-1548150914
478779624
-616080659
1604277316
-71012074
1762578355
-1042626921
-195803405
-1709388905
1988990315
1826169241
-1780927283
305655611
-1919227700
1051942287
857170965
-25912288
1339601655
-561060871
-159100336
-232939752
-1821631043
2044291378
311016999
-792141890
1334610460
-1470989670
-1622545519
-1722762295
439151369
-1184678891
-1675524559
666321828
244942959
-500168519
-1585789444
-1641534403
167800439
576121538
-1835288034
860326429
226168074
755572425
-715923938
-1874286152
429116307
341644853
-854893249
-987129594
-710241015
1889119473
-1040668631
170210897
-364404692
-871201185
308756681
70703184
-1063520242
-113719924
-985341836
1554506613
-1083995948
-754805596
-254256046
307290243
-2041269059
-1560334425
685239289
-1279465374
-1048201885
-611031460
1917498968
1962375478
636505409
188598662
1543227606
-273020755
-205484684
1718941525
2114116794
36693912
-224152635
879606559
474582732
886852285
2081973479
-163056561
758771005
-325612310
-1877883140
-1543210851
-248676413
1599471181
-1521270691
-1515625089
1459760648
1253823747
1896013466
-992635682
11315268
531043054
206350783
-1429591795
502674984
521237707
-70162471
1139565558
-301068291
-2143699326
-1086352200
-1288618603
1484039693
1998911680
-803368459
822570410
625572417
-92441662
-1313320138
158063786
1114271755
-1310809228
-912651600
-417353738
-1336035706
251275450
-870278675
632710479
99463386
1576246284
1141099215
614838664
1978695909
-1995051704
169317588
-1578625412
1311447063
1792961731
-728304998
1180591170
-1965428067
881250720
-1895298139
-2010408545
1181212865
-1745301147
630371936
1258936251
310215311
-810869558
1420727905
-1689363176
488266172
647026132
-526492943
557693887
68326851
1933693730
461496778
-2035237189
1633353297
-720157561
-1658764766
-1004686645
222207971
2101185752
-1859189784
-618592686
1462771372
312829190
-1746925747
-690260846
-1264397381
1235983470
899408005
1563111449
-1384769443
734530159
-1854886962
-1037516678
-784374849
-1444313795
1663147441
1890027328
-697950504
-371330572
-1856515193
-771416032
1708020357
396542448
49358910
1553076333
-1577217035
-1062244005
1944129885
1972468176
-243805370
374397702
-489437116
-1183529929
-1614286736
776303996
419709880
-1915522291
1367489122
322424148
1438238111
-1678861908
1003306090
1656082631
-1024851705
-1416453361
1642036697
1494794369
-993452948
-199139124
-2136533018
-1631921733
-1293872070
934909248
-1531296302
1511329161
450773392
705719563
-419540147
-114271888
1540819270
-991650882
1533316376
-1485073093
-2135886031
909774803
-1594681366
1691339278
-1851405915
872968669
-1521888873
1819961019
-1274072774
1425400576
1580310639
-523901612
-188200749
-379933022
1808192740
636401152
1625295324
-94248094
-1682603665
-1208253678
2051555538
166070088
470346931
-1630723497
1189135880
-605529282
813531617
-1809070161
1475804839
-1653317185
1918296926
-304329506
-1555174923
-1146577715
-290323549
-215899485
-851231014
2075703080
-463116187
1320926986
1240096160
558664892
-553649163
1035377918
960371194
518178394
-1969680152
896606498
353804615
1393884331
-768967686
1500313568
-1365180137
-788097439
-1034426321
-386547519
-655748627
-1322854994
-1022047941
247405311
-1092171194
755091705
634163235
1182689112
-780124710
207819471
-909703645
125719332
-2050372319
-1765229289
-541265454
209158313
-1729345256
-1319924855
774859395
2044387502
381226820
574980449
-732529170
829395277
226779639
-1493791153
2141326352
-839952883
1310097617
1530042032
-1844314801
1483341103
897009033
275991299
1952003808
-1393998264
-1336915731
-2086960491
-2146373267
1767120399
417190951
-1207890561
-1166518799
-232176776
1898390081
703410642
1234601190
-1315526143
-1078282774
-2004137968
-766284894
-403428021
-172767367
1790978781
410913790
-1241683477
-40235214
584871413
2147293752
311414658
603811784
-842624928
-892267238
208617482
2026063139
-900096540
1616723035
-1914384270
-1691133085
1887957947
-237041340
691043949
1731121699
-1667687290
-1269690986
-1426067577
2145087489
483719041
326655146
145329529
-810407330
1717411575
-2103581990
202150845
-544742046
-65224201
1479495455
65790563
-1173114814
1874879815
-945589509
-157111771
-807009851
-737263720
-1950335847
-345029191
-1661421309
1217668347
-2009944270
-176040858
1429726832
472855955
386104753
-1195284006
-2065719016
-179649652
1122511769
739501881
-863278037
-950852533
1695209510
-987639431
-476581700
-605560602
1776359346
-279922452
239079365
1327233494
-145981606
2017723934
-1276473234
2009739755
1153812193
1356677088
-1112674674
1794020479
1191027923
-810410332
-1587278479
710257390
-647182099
1249902860
1124061915
-553315003
1946065084
-192309828
812838477
1976072760
1066963587
558157431
-1131261818
-74907047
-1409648031
1384935529
2001475404
-1899703673
311539123
1760155073
-848694933
-1226884700
647788727
1220588675
-733528322
2019132810
-1986024847
-915407205
-1903005204
-913329346
-1912823087
-1726468300
849703605
-845975962
513943317
1239980362
293145966
-713878536
-1398388628
836406141
-621565174
-220091340
-1873999653
1826250024
-778839334
1829769171
1155132004
-926173006
-2139393962
-1462326144
2076757092
-606619869
736639261
-1017996153
116177724
88645882
963874618
-519043636
-1078356428
-1189058499
1933724584
-418974723
-1226330213
-1546375216
1407376664
1162813963
1492044594
-278367222
-2144368912
-1329436971
-1278730550
315533445
-2056844137
403487014
1866283306
18767669
-1408348945
-182190367
1023669047
-2058269509
-934178270
-183428229
-683290802
-372589061
-20670047
546763176
87255796
1583895275
1422694506
2145078360
1680533169
-1654451538
-152060023
486597348
-620599240
606416096
-1996880672
1021373572
41294539
-1834353613
-1130417111
1158018820
1942704605
-549249478
1061063740
-1443826505
-1146048008
-1896434556
-1091801971
869053867
-1384283168
-380099859
103470841
692273182
1886426617
-1694638288
-1258174015
1936440367
-273592347
-1328798273
-374032938
2046748376
1289477233
-1586124842
-1151167146
1735082011
-1374974543
-418347315
28468822
1212246139
-1176182936
-1179701075
-830075422
1409573293
1884470190
-489557498
-976623807
-705649009
-742332980
-1988144897
873956220
235425369
785887082
-1122073170
994467105
-589189359
1012620268
2064688042
2087552068
-1298582716
1142150680
-709211939
1837467334
-1843505422
1992793083
-1132927586
-1509287719
-1054933047
-1365310195
-132386306
1173307842
559129750
-688699757
539731041
-1791618847
354547704
-522266044
1338768720
-995549458
246614614
1998269231
-22791026
-2113314939
-1997203694
-435049253
-1205857432
-814217501
-1395625730
-1832599377
719398993
930252785
2103067150
915869076
-1198735443
1216474754
994513487
490614232
-460677651
-32564775
495602200
798480213
-1408796965
-488531091
1378820990
1743184338
1943961142
-706265617
-95764724
-999305304
657649025
926840971
-173125709
851623080
-994340073
845042286
-2114219521
-1434790084
-1370505597
-287671672
204276364
-1877358645
-412738034
-1008035950
-288979017
-232281502
824926616
2009601106
-117800297
-1708753264
-689981781
-77206499
2136636206
-1166921328
-1870171699
-1724236899
-865477669
404006573
1173125397
-620127788
836530195
1848074722
-1514978304
1797291360
-776889776
-707610432
2099217540
1499935232
-1007127224
-996889196
-497955483
-1467932074
1108890722
-1602758456
-2054633016
317749742
1849448293
-1853553527
-1551508987
272851839
-1942485646
-1891606870
-186766911
1189111663
-1406786764
1252877511
-1057057990
-1940148580
-312330155
2137190061
-1321606172
613887321
1703966771
183171833
-1247914443
596376246
309264851
1866473982
-339192643
1052465156
-110712043
-973810965
-55190920
1311386775
343984937
-1280393427
1660879975
-1850607155
-53823423
1365448722
-468866980
580815695
1837558920
-664370514
-1237908202
-348133482
-48822703
-500308478
540532621
-225688399
1871255443
1523283801
902078861
-1452931772
912652437
-1610241803
-438022775
1574306259
1627754981
1419501291
602299304
-1228234176
-74886770
-98103733
674288676
-1796174958
-1611907191
-1706907005
-869975340
1665263095
2140890483
2072806660
-516939770
-2143977717
335576448
-959413467
805333650
927419482
-862708561
-157331896
-148852949
-970452445
-928265153
769483323
1224616184
695874143
-175389088
46800351
1712203618
920512513
-1114944978
-1311458802
159122735
-1385205122
-23741734
-259044678
-757662513
-151128690
-599654870
191770193
1457024502
-345370316
-2023961053
-1962635416
-1848612758
-519604740
-1990594045
626318487
818909213
281868675
15438452
936794785
2021830270
-137171140
1967004927
-851495720
455443723
290965872
441084606
1228189631
-2026392278
1904166534
697769557
569991664
-1476931271
1635823236
450719010
-1622436032
-1806308637
-700652331
1318373299
-735821280
-1303366987
712856140
346822008
153689926
-1463714576
-358028440
-890341447
-2052395125
1909637024
952948441
872204233
791866391
-1447174675
-1582663613
-1331411844
1378932922
295785648
1851056961
-185720107
864901277
1107926089
503577260
1607136772
-788895463
-573680721
-781991908
-1292361074
-1625938202
-1188132664
-536176722
1743573197
-1357758088
1811460602
1781105671
-645983589
-1546338139
-1925174015
-1741316455
2009673802
1454178442
1558927106
8015908
-136163114
939657135
813863392
-1149760128
444395869
-150103191
1985596110
1944820889
514908111
252294783
1102272038
-493476423
408792289
-1502853616
-585878408
-660695796
921553222
2576564
-219212572
837357665
286376481
1168239584
692889772
-1152809682
2005815476
-58678386
409803780
-2092789034
1269772637
1134180380
-406337492
-279816915
-1197738557
1356846708
-2054458688
-807218373
-924105140
1557016172
-602755506
302782015
648300242
-1854993552
-203083735
1689398519
1520767637
-112635042
18362236
2120851230
-1000307854
941068209
-1385356895
-1087302346
-480987051
-637836064
-693147725
-994625401
1002376939
-1335452664
-1748582047
-1915744410
-416709476
1549312712
66951429
-634562118
-1162300744
1176085868
207060212
849457596
1205918191
-1182095540
-1211803113
477000957
-73682682
766786934
499796922
1402517933
1537206984
1286852490
2029851811
-180235239
599172921
-1463713051
-1996515994
2009346165
-1906686959
436679682
1262932983
1662878939
-695386008
430121500
-1801230207
1832624019
1687103405
-2034814698
606298997
-346991212
-1224689700
-1257249377
-1880882972
934106443
90683120
1878818705
-1359299311
-2098929254
-1827263595
1638127258
1979883074
-1816086237
1769991457
-1783112419
1196672982
-881152571
-1572553019
1076096346
2042145436
-1346457498
-354129409
-1687141173
-506108319
-1714793229
-1854567342
1230459345
-525651766
-1775103324
974064697
-1196443761
1441453412
461620356
-1826657960
1754803222
-1536777479
-344838608
-1427350539
-1879010110
455432741
447580382
1294497701
2088633571
-1013124824
189357216
1681114442
-1978826082
380977404
-858773014
1232570428
-1320962539
195030954
1210689361
983343813
-2136611130
-2037109800
1417713557
-2124460589
-1161106640
1733430694
161577953
-390457368
2074668731
1899671739
-1675909552
-1219666092
-1906363943
1845975962
-872255309
-477643866
-1072093081
1106987065
2026150801
-1788409248
1587190361
34660820
-1888741010
1123095273
2010819222
1667009534
351849040
-218237497
-972167135
1273775864
413985662
350083853
-958542472
-1173568187
2051686283
906400785
1066291776
1146209917
-2102709614
-124967838
951612193
-599209119
-1307345214
-2131073544
1162531823
1285191471
55055644
256457901
267378698
-1026543048
1563840123
1087376620
-1307898618
171499951
1928243412
650013095
645211021
2042677442
-751332161
-1175245426
1245295236
-683809042
440473398
-2139196547
-1122627476
150169487
-783662181
1717969461
-1533243638
-1625033034
-2053778945
-1048903858
-840645302
1689521982
-2112137824
1383562604
81531744
-329607647
-1573464140
1669380528
869778736
-1192274169
795925092
682974321
473724656
1078736415
898959386
2046644524
1076142090
-902878414
1055789823
1225296312
254437446
-1931978251
-756971329
-1164296003
605498152
2030099358
864984719
438398823
-1870836330
-881062471
-809551504
-2122945963
-328775234
-1382122949
1303033524
-1079977513
1569789238
1000516823
1560164545
-133660327
-1454422684
318081424
194411540
-2103014887
-392587745
-958859121
-728532855
-1661713120
-991644010
291830582
1026446040
-2052089745
-1999536016
1725726324
-2109840798
710708087
2004221236
1791786586
-1797107922
-806443314
442949099
784420590
-1467053011
1065098016
-1074902780
-1295573441
-1592610363
1468523363
-1840831882
-978844743
1211858060
1099912782
1149383211
-1624559430
-523275180
1968888587
-1406350180
-1229056412
1006665575
-1621576406
103211448
-701918028
927786515
407116761
-2087676406
-142440749
-1888581016
30019666
-543831527
1889943724
1503615039
553691028
-1704971246
1787351486
-1822019202
-73614507
1591668644
-526114510
-225453413
-1961019850
-1969444821
-231459024
388737886
2028105528
-1496596208
1289635693
547096554
1788561518
1648500846
-601534200
1497818621
-2032597772
-1416331271
-1142397034
-1569529226
1362496031
1931175963
190052731
-1214141673
193658869
1286224223
-1703893125
2122367116
1634796767
845342738
1276084624
-493497172
-1408833380
-2087236057
1098693885
844908798
819634809
-1638713509
-1436600414
1524470141
1865905854
507022233
582769810
2133229471
-1641250965
-2113324130
2021473762
1318566291
-1566143452
1087427552
709556163
-1204821558
-348943000
-631645780
-261771053
2110927545
632618761
985224845
-1233466449
292852444
-1112930856
-1870842380
11804108
-1421056771
-2028915553
246438165
1065566087
-876504907
627911763
-1179548402
-498513542
1113833267
1333169034
1846054734
1781306128
1150625852
1773723946
-1925747660
-1988934053
1197230962
1811912291
-868547594
-908927708
-536084008
710083550
1279914436
-493757629
1534546837
-376101322
-1633840852
123361841
2070797815
1422960039
1777597888
259078619
-1702226501
440673540
-767563531
2079263416
-1758795382
-1990259730
1524984397
