1957296552
-1387693722
-808934604
-495766256
99790643
-566375674
-265001635
364836894
1640981116
-748043111
-1945549035
-1541748711
-991954122
867419668
-1726236129
-187227079
1409694876
-99112027
-730941628
816228062
-1093170691
2018906598
1443528823
1470826216
1674047355
1943480656
779804986
-767534522
1291219727
-2128425747
1128698177
-1180602931
-1803619889
976670801
1890032980
1272530506
313920883
-1289766710
954661497
-1188880678
1542974997
-439921194
1799071569
689666168
-1090855881
-1523585836
1060110274
-1053159722
606271242
-393614338
1553344214
-181025167
-496727315
50157719
1161734882
712042463
454478899
887057504
322095082
-90358677
1005648425
832575056
-1637487549
1017962467
1904750166
-230534525
-437755014
-1759650897
759454724
-504525454
887049076
956030757
1009206271
5604963
2032416726
-2133546724
539517084
-1885772509
-760141914
-1215236417
-2003497476
-804129037
-1641828046
-1846735966
-2028703087
-409844033
1542228016
862529306
-622662687
-1977809771
2003747366
-767853880
-892271734
860123220
1470397708
-1840089481
885928069
-1869497437
1947520047
2131721511
-410523474
833361701
-1354690729
-716220567
-64371069
700899050
-1586620372
-1026099475
-1277966548
979474984
504349141
-493854887
-1842879302
-1998863830
1231281889
-1486043045
-861892429
571049096
1697882474
-2021765887
829805262
2014704791
-780082825
-1892893625
-386985990
449994787
-94968414
1720606449
-1252278875
-1604732069
1431081466
707184283
-389184199
-1226156020
-1849679574
-2116355570
1079155690
-934847470
-2068657190
1846252244
1259819694
1175890698
-1767046572
2025496590
1422008973
1824995148
-444982165
-1867750780
-707938022
47640088
1595188119
1540306429
-690435776
-1005669618
-1257596060
1713912784
622568513
-423747869
-1439470579
809999034
-1699750148
-1821903535
1309102948
-853514254
-2057926802
-1997830577
-1014857740
-666006150
-1775391110
1061580418
595343976
76431800
-192001556
483224306
1979498798
467264581
-1973964101
611464193
430094935
-535538685
1753105294
-2103995496
-707567680
-93777292
-66659455
-1739314526
1115605366
-790312886
2112964904
1578604989
-923534762
1128922937
-1607474733
-441646802
-891907340
-1567152876
-2031433453
1406209046
553799358
-1350489065
-198071171
977337059
843493216
-1668850559
-2061043795
-544513784
195525225
1568287590
-1763982195
-1052603920
-1082856147
1905797826
-20706345
-1296320209
-1739011347
-1677629743
455006679
361085434
2141432117
158516381
-1020884107
745828825
351805061
1732261335
2040092530
-842634598
120043315
-1214392854
-1502959630
1204062089
217044111
-675986355
-93190086
613112285
-1769809337
-435826664
-235623751
1353762932
-928231923
140724442
1832045388
-1536164158
1042599286
-1848604504
-923635267
-885991673
1167392293
-1498412167
-929736564
1356805056
420797480
982919089
132119538
987364447
-1058600287
1940765691
-663481054
-91705027
-1123677528
223962715
912328145
-450770225
437484656
2076743810
1951463416
1310414872
-1936208216
634985828
-83773992
996315230
-2088566749
-1357716472
-719028674
-1290908640
-1362798662
-1173019746
548428040
1426823494
853620337
-777442090
90615783
1065541274
214263768
-450855826
-1509806235
-978894218
72455347
1894310669
310653993
-578205505
-572736548
-1885678001
2123712634
631299089
1311757672
-1485619424
-1691257343
1028798011
-152763383
-1519691443
-1490980910
-671851539
1966995634
-13207464
-1840392019
1461133232
1233808512
1637270923
-318101120
-231612395
727831768
-1376302257
-1840710608
247690545
-1115572788
-95755843
1384365720
-1350631096
-1521207614
-1105932171
-381939247
44603591
-734470825
1618557359
1218271667
-2105543305
2112066176
1921032847
-1708572516
-1379489553
1438930418
396045500
281162607
-1387101621
1873560516
1512396082
-334292513
-848028902
-1677012911
1668893783
2005126893
1107607452
-2006426013
339032908
-1008853585
1768826412
-277769331
722471558
-1027652014
-1859016197
-80146729
-1139049060
-231846047
-191103746
-829725280
-118769567
493856582
1470989609
1099664064
1359577397
-760030703
-1139877667
-393477140
1922421912
62873464
1869352606
-864317090
844799487
378651934
1091097608
142748597
2045618667
841660695
1661632515
584416281
-146266826
1474672811
705991733
765080226
-326746705
1657104218
111632824
-367403270
2108143593
545247776
779601164
-1830080704
-1637642672
-1275780358
603073871
52738351
145616252
1650428072
-1098227029
2005971327
-1095687735
-332179789
1520222223
-1789250165
-1376826842
-57499215
851235872
236129075
1313596461
-290989113
-1852269198
-1652884733
471434612
-881904274
-94972430
408955028
-1321642462
-1666267526
-1194720857
1468140850
-65068860
-279329960
-1707527015
1540815038
-1385821343
278610583
639288336
-1523696426
-892383797
1770608297
1261197057
1193764402
1514502456
-1773568023
-1944647227
1696147536
236201232
-360989984
-1366976244
-636952749
-1641212665
106016451
1669187600
-2005021656
911289454
-1307852736
1596814861
487157482
-679165242
820907129
-1536223505
-1743740025
1369189782
-1386508208
475038541
1039623331
958829438
-706347035
-685616234
1116428476
-204841845
-1828384164
-364561783
-1280864882
847762379
1058031075
-682749206
-2117204552
1535888932
-1706926094
-848259982
-1575355234
-175805855
-214028844
548135942
-575142767
-368099699
-1912583833
-1305251028
373252909
-856848764
530703903
507634362
1444564994
2011703238
1762454096
-1406477105
-1763640970
-2145345906
1174526124
-1050928633
-2023394326
-281991133
1557417481
-162724375
-160631014
1902362221
1984632679
-1738557788
-1342894647
-668682038
542975025
78457851
1202297756
2109613602
-631973693
-1193145988
1444601158
849753144
-1451784916
-2014298121
1435551461
-428066749
-1561918412
330127918
1900766379
209005756
-28326240
2042388681
81142208
-1246644103
1968557748
882739596
588126567
-1056632069
-1579720712
682436043
-1814440353
542464515
1363437375
58623004
1049830539
-1254937494
968220388
-1047086770
-1005987628
1640996402
-2040482986
-698973030
403747662
-1370170921
1890839511
52544280
-1779187815
1847001835
-1171645568
147203700
1464457097
-1722274335
-992846200
-1609948447
1737042953
-1598848728
773154757
1466452044
-757008324
-1276062853
-461413775
1401584341
-229063964
1078156151
1855958065
1901837946
-866659833
-1895086995
2057022291
-759264747
-574769969
1197161593
1411532119
-1923033720
1054803890
1325420499
-851330640
-1794746571
1464325842
1692116324
-965090101
1395958964
1431782053
-482152292
1602301776
-457954624
1776175832
-1894404990
80915879
353644657
-2044337296
-1400736756
-629132355
-930129488
-1705068494
-698807376
1261134087
680615142
1170162245
763031610
-558569274
502652918
-1497689067
1556446944
-1889428851
690204781
-1157070983
-269612397
36237056
-1431909640
584579607
2054779543
-1210508067
304014869
1660085255
-1132589483
754514496
75461645
346920118
511181423
504376866
1761169441
452121100
-1587195115
-1182632414
-323646717
-1620240943
1843414934
1739785352
604768903
-1674295988
155448122
972110470
592965786
1135394605
2085615438
-1056947520
-1791558286
196010924
1350423167
-1994436595
-954179321
953973489
-1182051989
1267762303
1662169025
-444883530
-589106059
-654785376
216002162
-360381398
1506041560
617806590
-2036733562
873324312
-1197726978
-992636950
2031111032
-1307336888
-1894023150
-1076815493
1450518151
-1238216923
378922195
175867865
-850139735
2083807903
-466400341
1846235575
-464398144
1358242130
-203176960
1891263777
-1964060661
654118631
1760672968
-612310921
1408203486
-321784390
1054205027
-1898719304
1115848085
208304061
-1412910684
-231429628
1590457030
-1479587429
-1984239056
-1675515045
-392803403
1525840928
-1423984117
297871018
-358824948
409434071
1418211439
732691464
230087883
-1809019148
62469600
-942842052
1945408124
929122676
1709330300
-1147045246
674644651
-942485630
-1574124649
1047853454
298874005
1761220124
-2126515321
1289994449
349632799
-409095690
651230907
1710576890
31823369
134444190
86049554
-887507265
-1830047645
-558090272
-55669143
1999746780
14920255
-942245013
-1584130698
-369490341
-944379993
-303384396
-581532716
-857700586
756199121
1010733338
1686387038
1086300282
-1005758575
728382026
481691839
963878029
-722043378
-658649884
-829879479
-654683855
-1634063176
-329623202
-1589551610
-267544151
1591882105
-1026758872
-2144134132
439182428
-198438358
1261945361
-569365995
-820619047
1772442696
-453461528
1427023694
-135374309
-2030564377
-176080794
2110068591
1530947853
1639769574
-889237173
1859557899
-1938445488
1153900899
-389730106
-1369783512
34708026
162671729
-246510567
-929961710
-707551710
861919240
-845547396
657455980
1262524890
-544123076
1552305218
1721055111
540748412
-1582006862
759328314
334319094
2021236585
-593366705
2145400663
497208673
-1005261170
-2086649039
-721335661
136177305
-1285805847
-942988318
-1281423601
950197741
1120678731
222111434
1482487934
9813435
1371785055
911067366
-1092130364
-106029495
2038956266
2048700087
-908722727
1090459349
-391251116
1639861628
1118073587
275033066
-1790819482
1810723746
1876030436
-1926672652
-565239468
761816187
626629568
-1530182889
-1343291650
1935113006
1908215746
-688719045
-332894606
277252334
2047103855
-2094480021
-2103077707
622420590
933509884
-85371041
-1976501053
502747284
-1100013588
1251872855
1694373587
-1800382356
2093595645
-1896414167
-1939609634
224038495
-1214755260
1030890397
-434852510
756344996
-470389098
398202360
1413839202
-54508299
-1525796054
2001508310
-1478161742
-1487497850
847875196
845771580
-667851408
-1655477966
-27067533
-623352595
-907022379
1310737143
898172357
1647936252
1787041581
-1599441756
1880755354
-41355102
475840803
-730894128
-1170970257
970992465
-1695478462
-2019047410
1471214909
-1250190071
-1995887944
-989313698
-237216294
-1970528279
-996653476
1729355237
-1868173922
-1297142008
-1673997071
-143628320
251701576
458457221
-609436244
-782545706
-23205853
-1173609252
-623433485
-2038781171
-403256732
757450619
-708970649
-669345218
-485740074
-1376328556
-1602411228
2074969995
-241491784
-1197668300
-1745445561
56745136
-1224891675
-1922667884
-1817362000
-1039243655
-221338315
-465011281
-1360909560
802827891
-202809565
-138854380
1526162693
-98845722
1740845743
-1421186819
864791276
-2143883263
-257350011
-1866284641
569829463
2013262167
-1437049249
224608195
705135160
-241378678
-1174719065
-708135531
-1453544419
205987909
-1693786017
1791240891
1438272949
-1377246609
-1741703611
-1854328151
293026962
916561052
-1271362511
-549268429
-135344593
-369038905
-974929982
568907363
1256916533
159207230
666556729
-1983347060
764208377
-107461923
-1242830940
827935646
495753801
1417666686
-451282114
-1374250308
-1459380120
1158808239
684745237
1463558411
26149718
-1557417306
752519917
-2009450803
1438144595
-110419087
1014805092
1419112365
-1686623834
1010412657
-1549287850
2051628124
177003162
-1655277816
-1828394110
1139659100
-2020784183
-1787702383
-1369689747
-163363046
-783374436
838101392
-1482522490
574957378
1168731921
-1626556630
1043021450
657333070
1898004159
684757975
1800054057
-1949192096
-2102387689
-521688491
443344618
-439622574
-634029333
1141841375
1283472971
1685319690
-1324491980
-1558851938
600722219
-159325422
-916455665
1760817504
-532454804
1763959911
-570884856
1117253255
48804820
-414897008
2053157531
-2010268605
2084596275
1422789874
-177972489
1648699395
847325643
633051234
-2014491131
42910504
882938091
1482342652
852896679
-550607109
1542627036
247988018
684783428
1545438177
-635558655
584701479
1368713092
1325838285
-1971018183
-901854915
-776802728
-1566103563
-952219512
-1676896532
719076668
1448753608
-793723659
-1098396459
-480884288
-1472346338
-2049818187
-1060632298
-720628156
1402886577
-1734860152
1229880543
1969537794
357333451
-1742578846
-974551995
50572112
-1285276608
-13876914
865691478
2115408678
1630223263
-77310577
-1009280915
1461364958
-1053265756
1204528904
149095366
-1891016901
-212034064
1264543197
-1312209836
-1721080915
-268877061
-1403679399
302895569
567817425
182405705
-916469743
1699576855
1163468094
1672341211
-1946815926
911067054
-263809410
-1942137624
-354689385
-1613955163
-1365682086
-30903860
1093419206
1835077797
839948378
-2109513920
2121065212
-251625150
302988683
1325180364
-1244755681
-1078846572
-1590555518
-259421575
-402839949
1519721478
1129189281
-1902801975
571165063
171768173
330743704
-1841808917
1867375186
779688540
1268756526
997449258
1101776536
-581825610
459654465
1119004071
506894482
-1769272189
1002976267
132072263
-1323764787
-695205113
-1915104090
420560110
910165073
-1851445488
-1510504495
-2053875732
300215302
-944820849
261666036
-1298802505
-679699885
-146857622
-1315232671
1681492442
215677448
-721939056
-1124353572
-1014776275
213948797
1075833933
2130826077
648331846
1171796219
2004840415
-738504685
-922390225
328969050
1742362696
-1660714068
-365174695
-605121302
-125740443
-768632365
-1576380721
1622545558
940414015
-1491128838
989463470
513069894
-1938429280
-761783463
-398055468
-1821149819
-1281086487
-1094661835
-169629994
-1226536092
-1380381662
385644389
498873143
1174215325
629886547
1990283025
-353138217
-1574361350
-1210077423
-1862779971
645951657
1763040503
-1952684965
-210579323
1187671209
21054118
236209830
-284967511
295199500
-1520856366
-1280116939
2034932300
-877946440
-292247961
1209309102
705431160
-416953610
231346192
1713956586
1501260133
-2003812251
1117834786
-89467124
-798240773
222636337
1238087352
1714614484
953266068
207331205
1834877470
-1313073099
1398247685
-666234563
1056151410
-438860252
-228333602
175767520
1358888840
-1689908302
1812896241
105073613
759767566
1215951452
-278332655
91520691
1489842416
870714786
1180909851
955304262
584934909
-1271672363
-1463372742
-616323025
-584878390
-20741067
2121015141
-57318333
-1512447274
-8988613
726287660
-26549769
1137278958
-201880014
661675188
-1924238317
1986586835
-38738165
-474162432
-1104763482
842117657
-640941710
39914609
1473982265
1410959697
183268380
-1404681585
1060604743
-1789156758
778811746
-1032742391
637394412
-996075692
-72925165
282041594
-1374411813
962403813
-1596050043
-1096727187
31513749
-199477248
1129929965
72885283
-1031035945
684966388
1500022768
-1220038765
522808915
-382631135
963019897
-848429263
-467444317
314647776
2058195917
1727428339
-2086510726
1907864484
-512508197
-1002625264
498666524
-2087481764
1445436376
1849811978
-1129809905
1589733404
-2124719861
-1729733905
-1774981870
-732086277
-942333723
-901601830
-1446855090
-516918466
-1673974956
1024468160
1934535627
1367100853
238227544
1843568232
1209043237
439532645
-1622593579
937684411
-490464386
1077216871
1021199019
-968442051
1970758326
1028304911
-1433245437
535372507
-2056732199
419490895
427182571
-353896986
-709182759
-205176739
1687689253
846227807
-1627704964
-2104214125
-878997444
-97703819
1592224151
197096855
-1249164329
-2071927989
1018508412
1474038971
1243792977
-1416084995
-1782775376
-551711066
-1682534776
360285156
-68696351
1232529715
-656956940
1893224217
771683094
1226158489
136207612
534279224
959177000
2036996043
996732036
-1756190106
-1781039760
1932536864
-678474550
1624934292
938611393
-971678922
2069356914
-1141556988
-290033000
1021264916
-1986725154
-1276854261
1098574994
1470581902
1074060483
-1956399335
425052445
-2096064531
1276320248
1256841974
-779994254
1771324366
-1053599343
953291854
-976355646
391778122
1333451052
20847983
-1507388753
936497239
1302282378
1310580816
-337360131
-928752787
483826273
-1031096108
-270883191
1842921836
947750511
2012792656
-1426284167
2037712828
-735708974
-1009524918
-312478028
1940897461
-1040049514
-1187635580
1415152788
-499508671
-826007664
1489137720
-148485926
2072015040
944055657
9273508
1301522402
1211712555
517107709
-2086411064
1552446231
1081686395
522295013
1952741997
-1938595160
604283467
-907970478
-86883223
2092627579
-33719108
-1494809316
-395229407
-1466568095
1821838744
1783773722
1115040079
879946123
1147566265
452516531
-649552635
-494367427
-25560149
405389493
-1512778510
277852865
-153702768
984929637
-98006558
188957853
1620504388
391186390
1335645323
-1252945145
-337519935
-1606757250
-644718715
-366102631
-90801981
-830787067
2095035802
-1863909312
1628143022
1911551840
1636151360
-1692953222
-1427192145
-148107490
-894088606
1062916032
-1352797150
-1663628286
7232358
1624174656
-1929132493
-862391599
-358023573
-47370034
1973166023
-1088926357
404203986
-1807851748
-1443179620
1012783904
-1636517120
622950185
-1160798290
-1152224708
-399082911
-1422069513
1092877020
-1052711197
-1213146193
-49629824
1647679691
-1500574940
-1973649805
-847646998
1327155210
-1652679609
-59854132
77670393
-1479799177
1676947817
-1117354386
288255684
-50288672
-1621786805
1039080941
-1867878741
1124190957
-896694938
783801915
1149154696
-1418536900
2010478657
-1561908625
-1140942813
994760653
-1564050169
-1479231033
464873963
1595795615
-249853357
587516400
-1623983133
1889240731
577765966
120435076
-1211984166
