296330777
1913201490
-362989649
-1250626788
1107056345
-1744181639
1187211174
-67726426
595392945
-1138285602
337144821
826966801
1584756653
859571310
-313993243
-1609481144
-1731420257
-2067081435
-1171446080
-542208267
9655839
-34727231
-657287825
-1224256938
15090131
1021570743
-2008714652
-1231253161
998733808
170598250
-891942983
-1955632164
633859328
-806862438
-104889447
-972297891
-1836012059
-1329819366
-257260834
-1327671112
-237492963
-1147173179
1929060859
-540518079
-1882197945
1307007410
-1049315300
-1103896290
-673445403
515628966
851157131
2037109970
-919843998
586318026
-1763723691
14484502
-522351785
-586599779
-1281333715
1297326063
-1072178167
1575071275
-691701105
-513638916
-2014073290
1195201919
1408632360
1084931344
289922064
1275952213
1713967220
-2027905280
-669065079
-1414330348
-530454359
-35411011
967950033
-410805510
136594131
-2045939292
-726966756
-728121704
-332758208
-2076477676
-832610904
1113112961
1034607645
114176321
281781502
-1083950018
-1205984928
-1507847097
1693201527
-833195644
893744873
-426438526
2136799745
-931136088
-950387485
294916380
-1833062877
581863762
1545985648
-1048490010
-267911874
496989040
662005381
115970667
1497923860
-1398888850
741801745
-1216633790
1664044686
-2011099997
-540164508
1399759524
234167225
-1423091698
-452303154
13167933
1516126737
-2007166655
-235012985
2128924742
1282744578
-244637284
-138062386
348994515
-1893096277
1239698622
-742717101
1541282921
-895748892
769740089
275734233
985213139
112496770
804882564
1352410647
1415133493
-183740199
-518484427
-784033825
-652510367
1280004482
-1731209617
1351591298
-583591831
340596829
-1067355240
-2031265167
-1097785484
-1178183207
-44586161
368981031
1952696789
1511441778
-45569379
1455264838
-351441831
413615739
-1029387926
618574080
1858906592
-1628666595
-849276623
-1436702792
376748846
-1826491489
-382272777
708613608
-1535254526
-934155290
-1722967944
-427893691
1317227880
-528244417
1169136803
-369954784
-1165939381
-936383908
1832187721
-864198898
-1959099570
-727046244
364771344
1855842507
1666714331
-432354929
-1610011475
1091687259
105800315
-25347143
-1823707566
1980030321
1881872488
-1939130476
709677668
-1804307692
2001562720
-845429797
-1623690640
1518274688
-167191877
534537221
-801095841
-762069174
326943935
-877708273
-1138797591
-2011907642
466471475
-2019480450
379615815
339787948
1436723249
-770233692
1493817644
-497082631
1586475328
-480093919
-194905099
1148377106
523842209
-924932948
-620713442
1583914031
1000757993
-1680348909
1460748792
1325735670
-1178372657
1747837568
-338457960
2047849574
950767943
1735356157
-624742126
948918262
-1673601073
-1448483783
1402823911
682525181
856452103
363953548
-1983952965
826044244
-1645547129
326379064
164570187
1124646713
-1174016276
-197647375
323854493
1321241462
1826702644
-893622882
969629560
-2034082111
-148441013
1749580385
-1403861738
1003531622
-1271405339
1746302164
-1369648361
-1210010589
1387364238
-396280170
-1214033991
-708976302
1520955647
-603578363
1989258310
-2062013363
-1837816910
-649035700
1731813069
1662385933
-1477273929
1316168095
-1647992044
1709741588
-1426257464
-224240187
-1028270388
-932447603
-327264613
-940103978
2145707270
-943064400
-601158793
-1233465274
-489196314
-492190613
2078710538
-1606949855
-1708011627
-2048129474
-73779848
959219863
-1127108228
-124929434
1752669879
549403067
-1206420818
-716570563
6460953
-316744825
-1951567195
120956896
1926275882
-2013042653
47387440
-2062199790
-48735301
1741995622
-1055027540
-2015799713
237401918
-1668197220
-906099343
-1313298044
-1239399596
489083786
1785798287
790015501
786451876
1284169134
-767363142
-822768320
-340568338
-570259766
562929794
275867193
-695671969
1777024931
-1765305146
1004448086
1076624422
-2143274490
-182785430
-2098706988
-179440057
1883474187
823469639
1773178298
1551258286
1969389981
776662115
499250165
1183320966
1692475193
-1970667679
-53802812
-1782717749
1045459189
2112308027
653482070
1124369949
1318081219
295548717
894242736
-525165609
-1705183498
-443639052
-691958828
554437984
1986855941
1820472120
1528117023
1342120640
137185935
-1521753787
-427730702
526336886
-1619830881
-1981054463
-550978668
-1261801336
-1353685200
-1863235558
-90813353
94620634
-1497203981
558462
1656953336
962511043
295278927
1944131600
-1710009013
-637820451
-1966901080
-520721000
-628082665
-145764324
-208659741
-1792126214
-1868630466
1220591393
-1415176918
188285610
-1831658207
-1682281776
-1014644756
20915807
-914553534
547295775
870705959
-2080260090
-277136854
628575025
1730589417
-111464967
-320865140
-1836661598
-70705133
-1739604368
1634353833
-1436858332
-1080802976
-858814921
1256446710
-1708076470
-418658139
1496477345
812422397
-639708253
1683798105
1787997884
-371944320
288354059
-1339497128
-2034687035
1738945251
-1530476228
232935651
764558558
-543026485
1942470059
1358143211
609840637
1752582657
178818193
-402445170
-1055629785
2023998876
1275352647
-1133344031
-1059699490
1712540767
-1889306666
-1911266832
2111253208
269337439
-1932780338
1781465090
-219020815
1382127849
1139382870
-1048438495
1272432737
-390497886
-471472252
1198160600
-1418384591
-1832471570
-1628322065
78035006
-404005910
-953946731
791508353
-18083277
-1001124464
704319396
-1687358831
598417385
1737739470
-2017227631
-831507152
743963558
-1543690382
-501455711
-1277631806
1568798663
-122005734
1863814286
-2136188208
-62709753
-484809937
1753389667
1523199005
1330645761
641330707
2064833707
-659798282
-294338573
-1571872363
991510474
-2109243186
-53234492
1566797485
-1882937942
439893257
-335009721
-1531112347
-1119906919
-1664069864
1352490177
199598612
-211789200
2119723461
-1486850392
1398401234
-932111112
1143517135
925565869
1891831847
805787786
1918974393
1210084860
-2074099195
-1824992267
1531225310
137945026
641704440
469112995
1657012169
-1181197585
1096975259
-684664322
300722115
1238960444
2112885837
2063003407
131984300
-1906571153
-841749467
-1257192856
-1443526642
-115067170
55917090
1715231812
-130068369
1341310001
-553615449
-200512788
1059428838
1821739626
-592638171
1778707803
2032483056
1037267754
1305428505
-536517596
471938179
-1805423316
1289984569
313175187
589256803
-216091114
-1982971415
944826899
1475903669
-714638224
1288544243
1962942927
-165925679
650714612
-1135218057
1460956314
-1859086500
-77101561
219620640
404546323
-447374956
-1104711545
-640854376
-142956540
-1671303187
-942566201
898613565
-1996770038
-1193823267
-1240531753
-698811628
-951890565
-440000780
1916603656
-507592450
-896779389
1604053806
-84148306
-763444952
1047477136
374269068
138598695
-1377232696
-954582545
1920106464
619714588
1535670533
235620023
1176537832
-92363258
-1561123018
-500407323
-1254864481
804965364
-894481329
-715419192
-1484155698
1288384394
1925728151
-868434529
-654914072
-1231152052
1700395166
-1293322624
517061655
-804545252
1110586478
-1007907718
-1623415150
-410965503
536336896
-1254752770
-1401274319
-2079068631
810170865
-2104109190
-1017366462
1814227504
-868039307
621996358
-389446499
-1065191774
-420595573
744257475
-1130972939
-1166087490
183612274
568609217
280756081
194800509
-1025280165
-1105151711
-2137422214
-673831214
-1876542881
239905211
1303672790
-1770029262
-1919859021
-1644852607
-345781003
1728965462
689887513
-637156124
-226126709
775589438
1434284697
620510838
1456110942
-111752327
2029523312
1273483472
1638840928
295656355
-1376484023
868735925
957649920
-66214609
-1853467990
224482679
837171900
-2082513562
-2121803344
615120281
1466543866
1258861999
1687335935
1591842229
-280309224
608540944
-1370784269
-1182055264
906818753
1656929780
-1996194021
183994315
-1999210878
195006510
-704780826
-181315861
-174175588
1779840830
-155088226
1680301532
317486619
1881619665
662924694
705982658
-1176773849
-814049394
726623391
-675766671
152888729
419438095
1784654784
-349797106
194899153
32876077
-1602269915
-436286218
-1569235258
983127168
1075221591
-181539362
1694959710
-499982299
-1649475411
517907002
487001855
1837551297
1654614786
-1718244125
1008889701
-462230330
862474919
395433203
508695989
1369671157
-1571584613
-1378534413
1835721426
-2142952925
-1603692551
753627704
1744188143
395233855
-1996300623
-2066616951
-588007066
2000492946
1986060666
1268696581
683460039
-1697210551
-753371129
31186243
-2110896590
-1340713936
-1813772680
-431303750
599792361
-278845248
1660456211
1730703459
-679112928
-537399461
1886355251
-1219731812
-1065612521
1155999445
-301820544
468477519
-733326486
-3512010
1182142303
-359103917
-672929369
-879656259
1709250476
1215789330
749298209
-1747880664
1590378662
-769533077
-1143487741
-720639182
202459946
-789344808
-1868152665
1073471581
535997732
1435123667
-2020414680
-979468047
818711362
-374770315
139731253
1335592516
-1960961559
-467466400
1089330216
-1994353862
-641885844
971848927
1489447254
-1686678257
2145673595
-830610357
-1282579288
668363859
-265572391
1158942128
-1837627286
1298752054
1996172881
-1827648593
945366626
-947114491
562389994
-1693081947
-2028741084
1425739508
1669170521
-676631028
-858561372
-578830819
1349867702
616248353
-369987316
-1397670712
294199411
2143993799
-148102448
-1779711251
1340785033
-1182912341
1269609726
-1275424266
-1472423693
-1912925785
-181824806
2118496200
-1530940321
259536235
-158490198
703712772
-329227741
1155283290
-1656761395
1333846409
904350829
447153
-287876846
-379179459
-2142989378
1249855982
712114246
1307101965
642620569
235194479
-15294962
1658577457
-1533180809
1730370648
-455701257
342110644
-1898745347
347788986
-973169973
-176779213
-311872400
-695015439
970520358
-919373340
1913644648
149560908
814151496
-1275074086
-181958717
161721075
1620230955
-1434713210
247579356
-1080946427
-1471791145
-679718784
1475301629
597369600
399887093
-1724737913
-1457868271
-1068240282
-2092786782
486508998
657075101
1970902428
1690426502
-919150760
-28425487
1133897748
-273493212
-1867283442
-1778309478
-1217550162
2046797938
95550319
-653346022
-1631085989
-1419139412
-733795584
-708559142
-957183229
419102820
151655876
-1461601953
-1955961688
1407546590
-1021621242
-120149572
1046129867
-810130022
1073550165
-1854494649
-406907378
20853041
1932757711
971632527
1355352090
1863444324
-273395806
577306765
-902086206
728476273
-179214897
881972760
-203753112
-157331031
518220081
-887596130
52961183
-1902239426
-470332738
1937447697
-2038126574
-60970143
-767287797
696276510
1913453731
-526176628
-999179499
936312484
-756941097
1207305500
620836925
-2043002269
-423150736
-1366230494
2041872532
-2071093772
2130588763
-229402759
-2048751015
722643704
-1603148596
-1489911525
-1929776705
1206459796
-1093409881
-609144400
-364119054
-992172772
-562116575
-337007513
-598325668
-202660851
1611117735
-1284114423
409052707
-1402145983
1654860798
-1089407157
1404107766
-151903139
371168426
511406691
1105395721
-974719091
880414356
201090525
-1328133539
1271265395
1144553190
-1047074130
160373572
-1597671844
1912469049
-768734327
-141383644
-933278796
1602016498
394271601
-1255935878
-1505154884
2050773481
1919443343
654991138
-375761543
1809663818
40840773
-1102398507
1865883375
1239706048
966634882
-172019470
-1721146481
47074767
-83097001
755198336
-854527251
1939070849
1257617354
-705295502
-733104971
-905170876
-1752632598
643895853
-1372534049
-1207779566
929288739
1215221064
572597025
1051172562
-419269165
-492206190
-948753499
-462348546
646393372
-1885332904
-1921343748
1054661253
-964777477
-836112153
-648504495
1207455985
1909425049
703152207
607615201
-881365556
-433734175
-263030934
2043220906
-1029594560
-132118702
359410460
317946978
264533245
-1366436331
-722795813
-2031926102
728018015
1030402386
-998151823
477747843
-581601586
-1758184514
460523008
-897472768
-1938868888
-1627532424
-705150650
-2055674819
1863699677
-931276011
-2130814174
-513843569
2136514715
-2105671687
412406871
-1945987844
1970576426
349770216
-1323224946
738651373
-987566376
1791377372
494818465
698608930
598039960
1843056152
1790772502
1794421733
271273766
1260951932
-1584445207
773659778
876148335
-76481509
-1916750707
-1432926219
-663994576
1187571466
1639571765
-1207665435
-1584308003
-461093510
1999475791
1326944977
-55362621
1191968009
-2098046128
-1344381816
485614704
-1448927404
-1460428874
1662174686
-441712302
2035622096
-1840154806
829659292
623763101
-1416615718
460764326
-944759624
-639411086
-779366644
1180761078
-1099888699
-63431875
416143825
-1093738494
-2017693780
874744414
606327355
-1765520533
-1399212900
-1592476405
109150483
-1575634380
1521849919
936126836
1201776945
1940850564
-2129270739
1643099687
-364408050
-279784535
1475320229
1359460789
-220906089
1658570336
-777452422
-1873162090
64178243
1792618835
-180504758
-1459573431
-1169888665
-1946888478
-740806922
1609451199
-2039247928
1831328037
-1345768627
410519801
-1534930319
1252070705
-112473334
-35460113
2077702599
1587506843
687864576
-1386244941
1248233178
816238393
-671759213
2118444246
1789570557
-1801527505
348460906
710515722
1566899608
2128001321
600222306
1373892616
-991387076
265887461
290254789
557858484
-1149184009
2142302708
-1359243077
-1775354242
49831145
66450624
1682922496
-1944694518
-309528297
-621406256
1028584406
-1233200110
435367806
1087362890
-1535539395
302238859
163277931
-308908871
1972761186
-2069846010
-1398061815
-1914644208
-1991663020
2017448025
2041748539
1840319215
1687484413
612883838
-263339861
-927947484
1992189519
420098490
279107619
647309683
-753614915
-444322815
-1095095269
525699994
-578525460
-1659462504
857090962
1693937807
679630506
1768775676
-1175898591
274374155
864761118
-1643428862
-1888189364
-1077060021
-1297881535
1217174335
-1258503909
-241378283
472666508
1257579177
192293097
1182841592
-231977229
-1220272770
-791461509
-1611567144
1380839185
-1579955356
402554707
-1049813591
-80244061
-1867014959
-617059258
-1582892422
170624314
1402915244
-1843846324
-1646690123
268046124
-1879626188
-1995623018
1983115428
-877776181
-228158944
-1257026330
1390405175
1529645273
1869528584
352395034
94635780
964620346
-1686961405
1726711560
-1997206386
385811691
479991952
-1514744175
580300489
-734227917
-377391943
1435612656
302133981
2090628119
743277173
-1620171693
-639589846
-1937794030
-1652270514
-256807508
-868029044
-1886835451
1105912131
-1366480440
-618495777
-510270868
377909742
1224775839
-564589883
929445586
713782249
-375197714
-1645839194
1579154822
1670612334
1129082371
1464370936
568550287
47848253
-490912297
118953408
2130349020
1959312066
1522448481
558731607
-1779811649
-586534282
-517214424
987817841
1948075164
-1292995451
1662348314
1656660059
-1202998307
39778224
-972348772
-145652605
-1235625432
255705716
1489407458
-596863427
-1048919852
436700267
1328502911
1279615939
539274392
1865638387
1380608319
-1858931330
1260234885
894522893
-2058589900
-982066045
315706422
848449158
319166222
111813983
729821509
-9214373
594672560
599798551
887933952
1945625177
-1785703425
-1154627991
1278253915
359912452
-1355332612
-1830636200
-2120227799
-1901885767
541763348
27858663
-2007929978
-655746282
-902819402
-513480924
-1270684520
1716778137
478730278
1339778919
-429259402
-425730681
-24826224
-1604731173
-1769113753
-396622578
-171919776
805740349
1891636815
-1202570323
-372634416
958591460
1527526245
1062277587
-1149489470
1933168896
-2038182103
-552223546
845792719
-142585562
-121241963
1022682566
503820959
-173416693
-1084690542
-1306605711
625305722
-1099025009
1882931373
-1875034775
-1558778337
1120546813
1644601354
1139845683
844994516
-1626014575
-47651432
2006636386
-1663447362
-1424526534
-27779963
-298503180
-1063159438
-812936032
2075734004
-1042148101
-2093229621
-372869785
-243781907
-893461377
-96668675
-1829824075
-1291035755
444017314
-867708182
1288242417
2068937118
-25723643
1140866484
2016510414
-901574656
-811605910
1172943507
1843062407
-1833070104
-784492389
196786919
-121546389
-395009295
2082267785
1082715280
-276244068
-712185199
737293495
2057514109
-424898541
-482661675
1064083928
-1892350333
1566813414
-927887792
1010385335
1646734959
1252021453
-356556464
2052703318
2136899166
1121018594
471247443
-1414622374
1790707275
1247281831
1433294265
1471620517
1867907304
-936483251
-856758086
244410692
629850546
1884101939
146993049
-1016371316
-1744048065
-1439641940
-796681447
-332888193
588358874
901405957
2144158000
-735178125
-204850607
733983941
1758377210
157343477
-1709905652
4443190
459385328
379078122
-387809439
-1229940956
1667864153
1818805751
2071513895
-589958428
991545600
-1704265438
-2071295864
1008520855
1251649062
-431374151
148826651
562959280
-1718534214
489474930
-1621029326
155259571
-7619385
-842868269
622916975
-927107010
-1987558355
797009107
978636445
-1306980788
1274240659
-52065599
-1627214916
-950415944
-53083237
-1126406555
-1075317667
-416742400
-1195719080
288830564
-1481299664
-647196340
-1319840516
-277746968
-1693856549
-2010676562
1584054229
1683564416
-2147121652
1062440105
2066889594
75929412
-1040134447
158935543
1936282177
830029116
676381990
-1360764282
1733081331
1199651585
1763635407
1320189636
324156098
-502464603
-2003365272
1271212828
1535733883
341835984
238702522
1887686591
435435255
-1969659350
390615375
-762568537
-297035561
1953705728
1931748680
-2132071976
-205709457
914950689
2124675949
1115184104
1769455362
-1568704503
