24562384
950664951
1755141613
-1905531595
-629017392
-1580250519
-186720010
212309560
1350596429
-2113144148
1732224233
1447363767
-296528054
-1139922208
1003905124
-82310369
1840668373
-1110817753
1648293093
-200367180
1194687814
-148761957
-931034447
1074399397
2011260872
-1045187198
-2115137802
-1331609254
-1668334056
95084224
170127411
200192273
-857262195
-1507715700
1650343127
-527467864
843226199
-297209754
-407467992
336907707
-543584501
1650424392
-1894893210
-275484431
1690659422
2078684955
-596629201
1795628435
1885648688
-1436189844
1118613797
-1141342114
1291452108
421923679
1387565517
-805964903
1605303662
291517667
455201466
-865712536
230291716
-1492788953
-1918107414
-314170014
-1728364487
-1214310068
-1808306321
-1443743
-381348434
368613979
2013617745
664750490
-1507816566
903713912
1166355378
-720041492
285610804
1745297751
1017443123
-1340914052
1378403679
185433583
310525846
1249911681
1046455878
1237267310
-1539198300
-2059849636
1671981624
-1928504468
-1243691183
-1473943317
-2022474153
-1627688094
-785182179
-262834146
-559851108
1072984925
1401332668
911019977
-1894426083
936254446
418476537
-722900549
1849864850
-2099335324
116386518
67520016
593243157
1628998204
1762334200
-633079101
-1894268888
-1268625704
-1248401343
1684433031
-1702670596
731486319
-611340866
267249878
-763890192
1276733765
-943084092
-1224177335
-1039283625
326944795
-583766699
789260330
474610814
-370589465
-869977145
1703364167
6137580
699677896
-1917667929
67871240
208391659
116483379
1952844250
-1125453884
1563513671
-5798286
-786215675
-582663345
-581836203
-951278257
-865167570
1866858199
-2118576074
1560361996
-547870813
340876016
-508597155
1728959125
111471386
385473516
1698078029
916809208
-59326439
-381204368
1933157799
-534621420
-1156964969
173929795
1196981603
1964685456
1817509859
-265389463
-1797772451
-1308326897
11354053
734209392
-842798317
-672096607
-1604667422
1111604489
-1026266451
661122172
1532746852
655190489
-1770101444
-1427368981
367634650
2111690897
1809456454
290013061
296880220
-1151473349
1428781954
285560738
1502485490
1630896087
1440404959
-1307824373
569115445
1149717030
-1656577333
1619017456
695864119
1965330116
-1037656911
2123435550
-1239717985
-1253680772
-807855678
1789513584
-1072899560
-826500905
2085329911
1852588934
-1432228884
-1736900362
1064033623
-1862006347
-446063125
1734657953
529456245
-810972099
1947447953
2093845919
-2132693700
954923969
-2057439641
-324597433
-955248146
-171635213
1944267433
1671710295
214769770
-2047052914
756774440
839159555
216692653
-1497089655
-1787264910
1763529297
-932263526
1120700809
42310447
-1603560541
-1260077827
-593986154
-543777331
-527634539
-903386163
-2035221743
2098616159
405316105
-1618869839
1278593253
-2144355646
-1915750017
-1320403259
-156412675
1721444609
-1150504023
-1434066275
654761205
-1156874758
2033893182
898581385
1992945171
1884078913
12795662
-197290470
-1230409608
232828227
421276246
644720869
-1067470446
-150780242
1041309269
-1893721978
-971234860
-825987568
823080222
-279560217
-1725777495
1737034174
-1778977360
328689858
1187527077
-2079255050
-728452797
-646315932
1442167293
307097928
-760159772
-1509632846
1125203257
925272881
1873763907
-1334272655
-338675161
603805960
1120761547
-145599039
-78360302
228996381
-1787015181
593177066
272736308
-424113122
492178899
2124610906
-41850008
-2029224772
-1711168262
932105454
-765785309
1710738831
1279419518
-1426820752
582506149
-691413705
-1448243885
1741784672
-1542849174
223604931
-1118729504
331577591
-1584167961
-180517803
641704143
-1790770328
53335922
-524647931
-2103303644
-1073375128
-821383807
741573381
-1911126639
-989101328
-789437930
2060353286
497281799
1930018369
-1156101766
365465050
404481680
-1052063192
-315119320
343383899
1211933787
-1894645885
-1853567988
1054166410
2076752408
406923523
-619289107
1994534138
1899641222
-2051513294
-1969833434
-532463761
301717577
-1595633992
180500892
-546214719
-362004224
-26164263
1114541035
1827481094
-1734549097
-1605128639
-463702046
-1956210961
2013186777
-742804989
-2124718287
65866098
1749382472
-405196065
-696499872
-683778135
-1980727504
-942769469
-629310973
830064633
-664094727
-948894572
2054663724
-1677258890
-373420867
1508650797
157785376
-894028154
-473880038
2097257639
1471662156
-1154405436
261941064
1971044826
-1566038407
454283558
-606810515
-591697372
-291416514
-1751339167
-1545644497
-860671128
2120483766
204143499
537895051
1263552089
2061268339
-1864051966
-363080988
-1870672136
1064137906
1797968268
1504205663
-957023909
1275397327
1949066687
-151931027
-540313937
2088803835
-247298141
-1288466520
-1470181761
-1425154261
1005368725
-1819984669
-1200685003
1552935763
1051089773
-539948421
-114345759
31516115
1720256483
-1324561933
1818468665
-364232143
-1978526674
-1959818304
-1182824480
1644550921
-1582784019
378114400
-1643811862
-29031359
1626018634
-119485264
847162272
-1772483456
-2036768419
-1039826817
-1904682113
1651761632
1986262221
783799901
-2142041722
-1558000159
-1438849859
418414009
428175537
-1126663007
709083108
53192746
-776838976
-150682807
1363297277
-1770588404
309812796
-493626934
573744994
-839373233
2011283131
-1767244855
-1347528461
531349643
-707115678
1875092695
179198524
1182238806
-972061781
1008786405
-1191929898
-2036383015
-870383001
-472563210
1460134925
1349361569
-348555514
-1170352106
740456387
247331250
1233029398
221819018
-1576198765
356519394
1712385033
-209060024
-1243649223
-166706589
-1347694278
1117601193
591375664
-858500192
1854862898
1535661404
-1203541860
540375629
-165227738
-1021180258
-2034526358
109993657
-1255494204
1213988263
-2033843531
20213094
-968715218
-1708897433
1479499627
405364954
602113094
1377383794
-1429728976
-814017353
674251564
-1902800585
461879169
-1788545527
-510547708
-1672798600
326756636
-710433569
1453417724
-117205770
540066207
1489017628
-1272021620
762861931
-366992017
1978985614
-1361899264
-692318788
370073563
-1296075713
50797107
1739616366
569966464
308544267
-619430500
330710873
1838224622
-898735246
638247566
1282150812
-1052493941
-1778563409
1176050875
-802399023
-1770064713
388394761
1671965177
1967790464
1328516401
-859657368
-1649571768
1510914776
1130636472
549812266
-85399533
-1837929061
-928397323
288184631
-1416069450
-1380265382
-239375209
1624719698
-608076480
-827349278
-60928065
391158450
331526009
-1801448714
423319199
879281361
1002669862
-1334539203
878400861
-956556413
-1762519157
-474184323
-1897504708
1266670409
161924400
-293970679
-1574663427
662140646
1370271208
-283427208
-624903549
-395234765
1582959886
899607447
406088885
1488000559
252977170
46047392
2035128999
-1903259046
1854820147
220301227
976099580
1996119874
801939085
-1801425052
1144396421
1961326173
736996182
-578701059
1933687086
262877977
-717178524
-290344602
-2017744615
789967153
-1183804174
-1651848773
-1333429749
2118564930
-103527262
1124360958
-1663563001
-2091785059
310577093
-799661818
323294264
586911070
-556237606
2005465270
976022291
1380222909
-924070828
1313762672
-1920342852
-459731036
-1051540576
2047455692
270858921
-900317824
-1985491866
-897736828
-1587702395
-648789669
384371726
-1739736397
-1360485802
-579814614
757823365
615494718
1233737185
1123402851
-1400578240
730734482
654852684
359628499
1941714816
1614040975
1758700293
1145781421
-528506664
-509178173
1342046946
1891145189
852751596
-2042026277
-83976054
-688521538
-630596742
296479573
568931602
-440945759
-1530877026
-763937926
-1459027734
-1846473167
314547537
-724390005
438649594
-1992976485
-1074655438
1181541690
1349746183
-1033343950
-1256463223
265232219
882782300
415614010
-140034168
706653403
-2087919195
834385411
1740446675
874072816
-1643861219
-674986695
-1947300543
205059730
117874155
-1262087302
-882071836
1136582953
-448549943
1117734441
-1691791802
-1909687161
-682363417
1237677441
-1759805707
-1918053865
484025870
425801965
2072363586
-1503684266
1318434311
461055125
-1966743739
-1415921277
251087164
-1480700868
2132870947
172909202
-1709933408
962568008
-1787821678
-2046670491
1636159692
-32083422
700652957
564368190
-863268246
906217664
1917708964
-2050225042
1232528598
69940863
191298983
982795858
-2134486271
637101877
-1318566205
-1499686785
922749593
-343825018
-419382533
-1224179396
777135462
-1428360586
-1739565509
-806676176
-1230789385
-1934982592
-1993098854
-1856336292
138871933
-816139675
-2018186785
-1236542902
-1658223370
-1477784313
-1226116538
-424204410
2087229325
2051616118
-1695912061
-1986487731
1994984000
-687957493
-402307321
745042052
790747843
674424629
112725633
-538923797
486986659
988821456
378005415
1419100562
-1625466962
1810460349
1425790005
-1605702261
1166540690
-1774344786
-955726282
1849836000
1903947204
1878768961
-84414335
743670215
-581108573
-1866048944
-1824318586
999576084
-974378276
1412031622
-262471094
-1458607122
-37361137
1480284726
-335021137
-793786683
-668716109
-886043289
-581602311
358608259
1488095286
-1391747533
2080176781
-1934822655
-1568654233
-830290352
776857594
-851461700
167754008
-1324955153
-1864703939
-1518959928
734499070
-1764318780
-603540160
898889731
-709586724
2049978981
891186596
244852110
-1470485024
1233986776
-12160065
-1893001607
-39782835
-2122566554
811413736
-1169684291
-1656166311
-194968139
1465227505
1523805294
50320216
-2106467563
-122656268
322249264
-1038473447
-2115257831
-1025301422
1270066410
-620833393
1173018218
-1142423816
350505658
1950165683
1256084951
1260542948
-2142295768
1464712873
527155631
192381159
-1750718307
762177057
-922240686
-919365460
-1646271723
-971553537
-1714505211
1649360888
1013967379
-1802803394
-1165881338
1579819827
1961914325
386237457
-314948384
-1340903386
-467611703
1856163659
-1264476416
-297721851
157264447
624164095
1570670215
1365466544
-989952161
-332342421
-1082203295
-1877898187
859321692
540092177
-1909274475
1629663641
7493097
-1931739866
339083486
1759201752
-1861890324
1886490672
732778619
452380201
307303025
438895338
-2127200189
-1087161211
798126560
-573141654
204441083
459934570
-1841827726
132927621
1228299755
631797212
506808545
824867698
153119150
-1503167572
-2033706401
-545675348
-1967691702
2134012412
572354760
62164765
1685019520
-1056956415
-104129510
953450616
1595272804
1199203338
-566064348
-230279706
2147037487
-676551487
-1819665027
727904740
-375538093
-112094543
283451575
-211548566
185179343
-562233848
-1025381163
233122384
-2144701500
-1511603043
-87501831
577519853
-1892490424
1424497715
1591597409
-743213055
-265021830
-812860161
-1617796204
-337846316
1928717014
1529720935
-1109172777
1401217438
-1537144630
1663289356
1374911718
689649705
502557065
326893834
-172451104
1245728437
402081310
997742462
-376545662
1683958299
-408429629
-582234552
1458545047
-90554316
-1765346958
-232214767
331041455
799269242
-556389700
-1784396145
1031835151
-528410384
-1050135590
-505175801
1805240807
868230719
1161763585
-348583149
-6524470
228193825
-1360631046
638737061
1763163482
1594375426
-801383695
26494027
453185090
1783633892
-835541108
339689652
-1042792087
1696290690
1548413247
314492530
-1067098269
1161353656
-621315106
600562688
-1977327573
-1816226527
-960345229
2065188359
-2086734321
1355692801
1386748497
2026362332
1062179819
-622357659
237114473
-1622041523
1188045465
1841428361
-672873509
1325073565
-398845529
-933720455
-1363068208
1757092812
1839394634
1718300666
-611416442
1383368730
-1545923693
560992681
1859043243
-1470565170
88402656
235971173
-1272689681
-1959725517
1358723988
-1207027734
1910580436
-1922061853
-723533046
219247294
88291272
-508979385
1972561350
296844367
2039362420
-2139450275
966438637
19825501
-94087594
1784591036
794497783
2049776277
-1379593587
532576469
1215211938
2138463614
1630640883
-1766921350
-1029221591
630914968
618966384
-823514204
-279479115
-208295486
554446477
562932848
1334229012
392907228
-1463260601
1198998891
-1230267736
1317943468
-425849307
250258702
1353717665
-1632413179
-482004852
-608376949
1386531182
-183067867
462485842
1557943754
-891625872
1511945055
835764112
-1427730258
1818467568
1680100089
1808052411
366980251
2121249363
-534647721
-582134539
-666828484
-386416245
-1872600232
715031712
1270788481
12248273
1515646719
1479779124
-191942681
2083985040
462874965
-464768174
586171131
1560982948
-1659123314
1922373657
744050208
-2073192253
423142506
1209276343
2122506895
-1050450629
-2032218402
682652482
2053627039
53484765
1102546675
1644996551
216305990
-978118855
-1129003283
-837636957
299683807
115071499
574203566
-875216111
1847180332
263161076
740093788
-595711228
1872544927
-7551892
214877505
355094839
-332056364
1892122614
336890867
-1693300095
117064802
1234483094
1264347316
644788333
-953986605
517096576
-1176762597
661467913
1238702576
-1363316463
1573159923
-930843650
1696195393
1399233538
1477419618
667025121
-526404141
-1092658470
-636965043
-829492537
-784365765
1896075172
1224062715
-1843580642
1123853019
-1483266590
-613682952
-1753733702
-765734301
-931763519
-417036741
-2108589010
-2048521574
-1574685555
-875227766
-1101834659
-1952276386
1008913766
568433181
222746704
546392553
632935732
-1191995263
-638116536
166490197
1243582168
1289532863
1571154455
-1652517535
-875737949
1424563389
493400235
1475203445
2034872331
1160271331
723106027
-1451971101
992653467
947483905
-2081258811
-1270882449
-1061380565
-1617837713
-895371897
-1238325999
2111476305
-83673995
-184536978
1280036600
1146619159
918202861
-1414655876
1933685202
-584943379
985857831
1964621710
1869318730
-1405259295
429284364
318791853
-1287842606
-1104532467
-1105005947
177745315
-2049876574
1886373199
-1926463459
1233820113
-265941761
17813055
1830370788
1978486336
923317184
-1392609699
-1899795818
1120293621
-2048009203
326420362
-2698499
1050212744
337764970
1986438329
97778835
-214016777
-432022797
1053655014
-431434134
-551187785
-908392727
823393094
-1620503472
759474444
2097913452
-1174541889
439261229
197504666
1465381513
573268634
516722096
-552698054
-1182848137
-1391666058
1137056810
678265361
104539934
1258914687
-912010567
-89062177
-1285342248
-1527234848
-682544471
75563156
-382606470
-1541465739
2011036694
632820520
822842005
-319553083
-1745542955
-613301589
1984249848
-149613265
-1172995692
-1957601893
1716347001
-509744542
985061695
1793461365
1786927860
-345862382
2068282021
-783947634
-1590839148
-1712313113
-1164589989
-1471992798
-2067032752
1404996025
2097311456
1027329965
1027216568
821876474
1292310785
1085614201
-840638735
1847034995
258913918
-1929749384
-1564677634
-1833170381
-866925330
-1743929517
336401216
-1829052989
1892838111
-508924734
-884978369
-310966626
-610605759
1813296158
-122264150
-996801057
1383261955
1666001203
-1055873124
-795212484
-25506050
-1692176806
1865408032
-1464106702
452319250
-287110201
-743343369
-1862868350
1554163598
-836376545
-749607528
-1131037989
-1599873579
922564174
-948554121
-1044211496
-271676099
-279253866
-813702518
-68049108
1076804410
1001593066
447814408
1893174043
1760579515
1752016508
563144051
-917817813
1725765331
-466196333
-1758842919
1543937819
797358236
465731234
-294558378
-1627023852
-516043945
-780180074
-892320036
-2071910370
2087019480
-300856721
-1131410378
-176601644
-2117810144
919302674
-1361702583
1554358619
-1217451957
2124859996
1567069084
-725485680
-51150420
-1578633094
-1196604389
1270429824
-301658058
1575450743
112701719
-1133100260
720302621
579052054
-862860143
1784162349
1848369596
-1427265823
-1673588040
-424466299
950348217
754965889
228005039
698802807
1353332582
-2107838896
-1291293806
1864721032
-1260097686
-360925908
1399412666
244190054
44116128
298118286
664571968
-1845851880
-804916930
1696134618
573900480
-913620106
-1386118599
1949127415
950772575
165938140
-1760688920
614507810
1566981390
-1159675366
-1317040409
-1247460097
-134262257
-1886008146
1835268157
1562626033
-1842199368
1647165492
1214738369
2096105130
-1949818762
-1603599843
-1971097159
-969967355
-1558369516
1337569951
-973863741
-475464942
714589757
-48608788
-884383496
-1901899918
-772971201
-319007578
-506829491
-159845659
-191194351
-995884143
-1195475139
-1503849183
-1581284202
-651394423
-428087132
808897253
-857599197
-1427879241
1082220526
-1003172532
-819201218
-1512053761
-1565475216
67983974
500321193
-1921857092
1026691349
604179204
-1464799074
1996842671
2128418621
872460755
67413851
-1799726029
-1753134111
-173303893
1708271072
1757710518
675470586
1114417449
-1288602890
577929572
2059744547
-614045318
-1214190989
-1525976284
-666764420
-967393671
150129084
165977799
-768234030
-1564415492
-1315037045
-1042946946
1564031228
-877837205
695341554
-240708979
103953287
-1726903151
1445482912
1484188478
-1334206827
-1311907658
-1303172767
1236801047
-1154264831
2035791084
-2048404757
-982552498
319713479
736975529
-2006046250
-199069572
642358947
-155062890
-840238612
-1482976879
1633400823
540719525
-2060816989
-1718224632
1699500785
1414819433
-1805360921
79744091
-1948952340
601338785
1351392283
-1499600457
723084055
1332343573
1883061089
-255395853
-380584620
989883301
-2058762727
425656766
-91671710
-536288866
200129192
874909720
1706232893
1442611279
-730754438
-1694009341
486004676
-146358052
-800226743
-1252864135
1711141532
-1129092527
1048672926
-614810208
2072372308
1899233017
-1202836328
1479809596
-1728250935
1006512880
-1611458837
-939323292
-2072850996
-452327433
449961771
