1320860273
178696572
-839363732
-879944675
1532631037
1193405438
1214790051
45129726
-1479092382
720580791
245846630
-1822935724
-1480709399
1956947340
368549126
-399779030
1779982704
-637285117
-590373857
751486553
-1812941971
768960754
739218497
1592681829
-2128716749
1155028088
-1376153390
-1533457019
95388532
466061617
-777366734
2057266435
1901771526
777700260
-1659924448
-1512710458
-1587276567
-1421313280
138026843
252631853
-659614327
-498917368
-105840244
-269630947
25626175
-904472758
-699113373
1641982557
-314872803
497820310
246279423
2051826208
591832810
1376202158
159269010
2094394595
680590443
-2069712326
103621444
922585721
-1480420380
-1543461122
-71508648
-1915184285
565913054
456797774
1614739085
1994978917
1634624553
-2013562944
466290630
-1497529515
-1261412828
-1074820829
-2032237844
-343855307
1164797243
577446576
823563539
2088537476
-84068944
-731565441
-1465678117
587184848
1090086814
-1296135364
-1763229928
2054116496
1111190587
415355418
698796981
629709360
-1557750947
-639641594
-196012843
-1684141204
673649983
1027330592
-1470423494
-1966139424
-1013547900
1524508006
1221884650
22197216
933481595
-727991886
-899885297
-116005243
1324076963
-1557461018
2144189470
728540423
-314312078
566187877
-1015418052
2141491026
705801810
-350888252
521546204
204366290
-760993557
-1318601791
-814433108
-1475596142
765961127
1785656947
259574961
-293617788
1965844338
-790887485
-1522335056
1792379938
321181889
-260277478
-270752560
1256086581
1491714006
-1188367525
1087103612
1836213747
-846966463
699087635
-565806450
880174415
-1401832791
-1240113169
1046880169
277623437
797718476
10828142
605306597
-48386540
1862398915
-1494521130
1771637938
-552987257
839006858
-742911893
-1122763787
204150293
-296894784
-152663074
249693047
-546820080
1683945386
-1430969340
1129862527
-1453047876
-39068803
-1849005113
377515452
574242665
315783644
884319329
1676450153
-1434741052
211171999
1758891718
-326476373
-1443656855
1957414101
409755745
-1563795396
-2032621893
1320014348
-749547773
-1060391346
1900946680
-965381681
217016344
-558711383
1386529159
2075427183
1967171355
-1221467114
-420776812
-1957078010
1143177035
-1211301632
-2024409634
1244595896
1576750238
935732567
-1375201073
1369267516
-348954634
-1238563401
1295144396
-1415511398
-1076847982
-1418173751
-715320114
1045109301
-390279994
-811396119
780504369
-40563444
-119747602
-1724082167
-24621365
1414848316
-1952615520
-1233694508
-1165834176
-689776183
-1531771360
1161612309
563502741
-473330531
-1870028776
754106202
-1559434750
-723161905
362591112
-1440638508
-1316508661
-840330455
-1076445701
1943523457
1306464977
-795648284
-478564870
-491566964
-404038235
1395589301
1747168197
-869497869
-1496353059
799748620
898316608
-531270550
-421095701
-258302822
633920811
-285730689
1042711722
-1704610284
196332950
-1726003458
843876091
1775768631
-1170584173
1339444374
1665424272
979401995
318091820
-1366147140
-1181759737
2114664298
835011223
-108908850
-116485574
-877502525
-2143656024
-332297092
1303939285
-312982245
961797766
-709198237
920669480
895226452
61661857
-478416390
-407956163
1702447026
1361085155
1008835505
1710662957
310823066
640718373
1493845078
-1804068177
-1544388196
2088960740
-1241839429
-258777615
-1841108302
1237274164
752119702
909921194
-1665668663
708945396
-18318937
-984617872
1471732097
347593282
-438366176
-1976218298
-1135232975
1410333233
1829270848
643485049
-1862417619
1197967289
265526080
215610795
1827537482
1059419886
353928563
2040081455
1325303714
-631739275
658839464
1726208664
-576886892
-619319501
830273490
-1813587828
1160949006
-886144698
-408721942
117977053
-1407660531
2002113592
-1924125164
1190039001
2080990309
756911217
1813977344
1836971489
2023108285
1796491246
-153387373
-1370191560
759340509
-381559760
-1157636411
2007726108
-1672318420
1448410998
119252172
-701665254
-173658765
442880301
19888250
-1416291426
860249319
-697043545
-567098909
-637827383
-1010106523
385759499
-100973758
468155783
1776061439
-478351988
-823530212
-2001979681
1876974774
191330525
-1118941019
-21569139
-2017820279
-1895775004
1436832867
-279976499
-1263845458
2108524461
1961234193
2051928185
-2131836641
-2007853407
560327877
-377087146
1445574743
862501111
1195606612
2091239082
-283771811
-1655263895
1741665013
-69732335
-1634836223
-1183230165
492506148
-1419685232
877219685
1783449112
926120904
1232796650
-24780098
1017908782
-968571753
-1687813326
837258588
-1908202948
-64924487
1815485601
-1980200473
2039555545
1651466923
-2006202711
1837866218
85060248
-99584922
1382231113
1052371605
1225821305
-300436289
-1239525214
-1228806978
-1155898975
151370512
205950923
2128123177
-1232817843
956737816
2108285152
1615775752
170026500
-2074492129
-1623767711
-327165244
-1687802100
-1747458466
-875765320
-401067267
-1845443298
-117407332
-1974387941
-509763121
1943160412
558560284
2093577876
2030319447
-889135742
-873171274
-1515457187
297683573
2121672796
1482748739
-1798315407
173979858
-1020784265
-1012437442
1783596383
-2133810396
1101599003
-1169627481
-860066208
9972144
-1295578760
429576234
2120339372
-574362352
1052717598
-983790720
1279432712
460281654
2013316786
2072084757
-1773788509
2083647664
-203461410
-1263549973
-1277194206
769148461
-1808693879
764236477
1487478009
-1668865473
1273355592
1509197159
-902952708
-1808654494
-111185901
1372193925
-122493899
1851446844
1125987387
901084505
963990775
-1650578394
-786489189
849859569
-1495684301
1021937130
-690429427
740879752
-879897335
629793486
1771435039
1360502060
-837908318
-2115820591
1295651079
-81875295
2071246652
1790837556
-1601950509
-522548347
1346280838
788496443
-2119602204
-473295180
-2060909267
-914046156
2004935836
1340561901
-1704817738
1527430584
701484118
-781522507
1437336206
1589185328
-137244778
1879516027
1972780127
-1554262630
-166232703
-1542018564
-566305884
-1043283315
797494927
-603208728
-269289857
-18404230
134258302
757366981
1463264201
-197907404
-590261879
1010944020
-1792686741
1952396977
2010257626
-654461263
-267934741
1551127314
1335331388
536866431
1945907017
555035872
-1972273388
-128664509
1129117964
607291032
619933329
1014380496
459357079
1116459113
-949242078
419742308
-1492548928
-1748310213
-1023309016
52332370
-830158430
-2131869709
1450734828
-451157280
-1705434702
924058357
-418142765
-1401891982
-1389938928
-1931682839
-352156464
-1932404505
-1556003297
-20610622
727920665
96265794
1917015639
1061305084
192865821
-697480819
-395063719
307749412
615483828
-1957974535
-1198475965
-836620643
-1315129960
-1923507126
-1273023163
1450132896
-1687022829
-1708515983
1771582324
1435817860
395831290
804217722
-702148387
-1138537153
1871843289
-817914712
424995037
-396375508
104387695
1773229277
-1923620688
-172620274
-389916324
-74315457
-1784980410
-1746975916
508202776
503304729
948251741
227272094
-1863130841
1876510462
-574551605
1731292287
1737626506
-2054880973
-1853296101
-529082748
964690808
-1010540466
205404508
-371871627
-426754227
651916570
-1650367180
-861514534
1997121986
-1483589955
2034509115
1647452096
429431903
1093756444
-810419066
-20014404
-1289994963
-1059077250
-2105446271
-1867455184
84343726
-1779795345
306761985
-1487348532
-300586735
231598054
-242291304
141019736
-442638431
1552031402
-1870574549
162436783
1861135743
-874459664
-272714558
-897856498
-1218988400
-1842319799
505292447
-940447858
-371736136
1782241466
-750286191
498253550
2117395783
-988566484
276084361
95747734
432719539
-1592449786
-687434131
333775832
-1513053816
-253736168
855871020
-58550408
1686391195
1654102458
-78550766
-213824402
-607740795
22644276
1137601116
1699317482
-477555121
-76380064
-476949746
-980127849
-2144109206
353667470
215576836
-1443014877
405002721
1675353511
-2119627961
-1543025153
651832273
-1454888300
-1050820702
721286243
-1551592168
1943134688
-985029260
-234568044
-1430787509
1839935643
-1097774650
68708713
-1754538258
1740999042
1389615263
-1640383734
85016798
-1650250404
823920535
-1523405829
1460401937
-452045402
2052887977
-1394531240
1883355010
1648747890
1771336781
1123318114
-1962301338
2009711755
1155788230
-1026672839
1574461603
-286308131
-610444104
-1677770005
1590098818
1443385875
1928415485
619092141
1858810786
-1066534015
-595657288
-813225369
409057583
241829956
-1257247575
-1543593355
-339003564
-1526174296
928346818
174001835
537902318
-1433624631
1004917243
961132442
855866497
-102988676
-1775340446
-1614174191
-1228728465
-1209192337
-86061963
-1412388634
801957990
-665070962
-1867487565
-1147030282
-281018086
-1675660888
-1650065296
1939876201
941674292
-991535022
-366692376
1001076282
-133260151
-1820554485
1038592407
866210550
-1697358194
-842660704
704614087
1713355715
1743948043
-1146391342
1544892778
-1890698589
-1058613233
-267629259
1128188201
600293626
164775203
-1784354726
2066060732
-709585587
57449410
102037296
1882868348
473110860
-1741135608
2098520231
76291894
-143102959
1054933672
2041509781
-1044407743
-1830654806
-203914973
-1388598563
-958437422
-2117541676
-1142355658
1915622349
563270286
745784329
-1547554669
-1917811000
1995092320
-461831491
1020316116
1021774372
-1313939828
-752605725
-651459668
732419925
404982788
497988277
-565328033
1020807754
-2099312390
-902282571
-1006794125
-157359337
381537462
31037422
22022055
-998162989
-1769219416
-1608633985
-1064529116
294593731
718787520
-1159453607
-1561592334
-617996105
13977853
391789639
-903463763
-871683148
-780590268
-976180946
1588020599
354314706
-917228430
1318108310
-1453369040
552012903
1163740596
-1439401112
-692966428
1419494245
-635619563
1748961273
-2008309627
1783521536
1724187736
-482138042
1691880409
2138542995
-438385913
-1292538751
-234278219
-714483260
-288887349
-161760820
-969902229
-205712155
-1355509506
-618382013
-968234368
-2114560611
-1612698498
2135558976
-354733406
-876216633
-2071306556
-3281191
1422163928
-1536181607
-492131020
246295981
844168699
-795886071
354942390
-1682947104
-1481147804
1940973163
1662358916
322690147
605237478
1330593118
-46091963
347507064
-1575938
623628009
-814282149
-1429995147
600056905
-444252704
-2011177608
1808196551
-1480185035
-1122321780
-800700809
607799865
-1225626373
-1122680950
818742633
-147019146
-1901992500
38615283
-1401880339
807979980
-1306466742
-1608451651
1522604484
1252119858
-1877433543
2004001632
-746118237
960739212
164990070
-1029020740
-1786308789
1853454380
-416833753
-704369351
-1271475753
588193692
330901299
507399471
2137126228
1395478682
260809716
691045512
-623722858
-1194800285
-1156463573
-1037465948
72475721
-93298380
1129884980
1365967484
1356649286
1795693581
-1960705670
-1996842487
1209195559
715693751
-705471956
1803578342
-1680923108
-1765408504
2033657904
978457396
49183488
-1607357338
-388616105
1347633597
-2036514649
1958673545
124786387
1044600923
2054894457
-1735743356
1506586085
614572442
380089923
-60737531
-1333330982
-1379396964
-2002597044
1136724187
1435380791
-1166625219
-1441002841
2042144952
-1943543757
-1173870986
1418340807
548046648
-1394437531
1479129094
1123739736
1376470049
-1029832259
444087374
2050258508
-2000675348
-440739912
1393327484
1866377011
1998013572
-1243480625
1880152300
1593542351
-1196682163
82269744
-836002870
333193959
1428520295
-1118647377
1377830395
1513594459
1927093043
945155327
-675145923
-1650990728
-1671315435
-257718500
125274764
716209037
-240092805
-587074805
306357191
-1075213890
573263902
-976745787
-990268525
-357452009
1057310855
-687867536
270038399
-144201244
995059669
887773904
-1463374743
1440510527
793428156
-716218884
-1954438881
2054540777
1549782225
-1397563564
-1886623928
-1123003043
777754116
-430199374
-1373303675
539944482
-2120780692
1617784543
1337660882
1980096096
-994548662
-1252534457
-1371148494
180747702
-604030905
1624582384
-593481333
-311165110
1005792256
-472044120
565633742
-1881718495
-2050712892
2140217470
1370100826
-1009054545
291364507
913848946
-1997634654
-295480143
-1946903670
883676783
-329899764
-2041643973
-162661610
-1240637319
-1092640484
-546374900
1879874565
-1668316126
-1987347503
-1512377559
-175687061
2067746370
745995855
-209646680
1611879396
743519718
1365529277
1230513356
-174109667
-1807662968
-656366992
-59197102
-936651367
-380324480
-626543032
1993474314
946643634
1488917690
-1309230758
2021009576
-1932221732
-929872727
896926159
-623791397
-1479389135
-1966789765
-1300495349
265246367
826593577
1494165390
-85339119
623570639
-1199902040
-690873566
-570173147
-1119138051
1771650621
71171918
-1246783566
-1943793275
1800712360
-1602473416
1688843630
622703327
482595997
-25955200
-1244292165
-2011984331
2128627143
-1940600324
-1560650672
-195260619
-1502683121
2023338410
-1470710760
1120709927
832904989
-487364382
481331289
-538279103
1028026910
-1011405365
421632537
-2022335942
257722311
-1135430385
52898748
-15780068
-1101408614
-568506670
1553884401
950059870
581297512
-571918625
1386430671
-885513679
-1031333866
1362635812
1005924922
1942193946
-1923742557
1495788384
332868235
60531136
-819817367
1582602522
630646384
-1838927097
-105679454
1128834772
-650009329
280518492
-1488150227
937549696
-1848988303
714691154
-1892550510
1385580339
575292958
1223362414
1067925571
1811595800
-1052638461
162810942
360643108
-929515866
-398619236
-1533784144
-1705122739
-1270931691
-101364914
-449752416
-1192157170
-741425651
998934036
92884402
-575584973
373844640
-322241698
658940001
1940710792
2128586618
-2115766987
851975512
1266238623
-1623000745
-53784158
-844298240
1997555664
1450094772
-1742267312
246077273
1548673665
209066697
-1226662288
-897854963
288850598
704269749
-718665508
1527961538
626016651
1640301563
-411820929
-1204687953
1923931344
-1351533779
-1395428109
-1807330190
1538309045
-965572122
1631541611
-79272673
1754629272
1550278908
2099132370
142230427
-1115224390
-5133322
-1218826700
-1663418325
-1746043831
2064942267
-521517475
1463980615
1670080666
-2016612724
-499038273
1130729140
111449781
1552337972
-1094892648
-245191983
-2085094378
-1880193666
104939348
-1350966992
-944864334
-1934422042
735355183
112741224
2029847863
835931794
1471824670
200541480
1868033176
407698818
640372719
-1925534577
2021348808
-1242391546
1744850606
842470331
-1921867579
1200687728
441778250
-1320683616
955695575
434425611
-69602439
-1135947750
-886386151
-1402325429
609284824
213585220
-177036232
-233651643
-354438827
1610044938
1922523514
94215521
-55158576
2005113852
-1607830782
1492649037
1832771328
-1757931419
374815569
1139137332
-1914944365
565872284
-816290800
-578690513
-1415896423
195047321
-942816244
-249021189
1054812706
-328426806
-377740927
1230324204
1529182757
-1819674585
-892316518
1429062690
480636835
-1550477436
1528008248
-1492824839
-1375218677
-785645275
-36256014
-158730043
726175200
-788167785
737647196
663022271
-422955112
-1393734979
1040257676
-2120643527
1417298119
1563055144
516892633
1700596505
1801354620
-174926676
-427558682
-1295856764
-1713813525
402121519
-1588986146
192004313
1255905355
1780513988
726581760
-1671306784
1816540929
-1855441417
940954206
341847106
-953586434
1384590698
1996228832
-2079659204
1269093988
1582175136
-1111534449
-1363200625
-1709229201
-1787143144
610244624
-1643391301
480809874
57928605
-1074701459
1372395371
1540789984
-351873060
-465349093
559421746
-191987283
1178668087
-2101078728
-1252804232
-1506480523
1690626008
-534429165
-1991757906
1961290236
-1889588985
-1240576783
785242824
1340974517
96451008
856195086
1574367724
869297255
1629106560
-1259684127
1830227047
1602141453
-1922293665
-1582598748
-2042186528
390508541
-1602979997
1004764435
-1422885937
619317837
-364338670
-1816856973
-44548817
-60382350
-1792465592
-562732075
971279729
1059914025
33609547
799703195
-1182957132
2110410137
303498524
685612603
-1353496781
817433529
-1641146097
599886147
-1095614978
777924079
751670941
1197685404
582060781
-1938918663
1443856249
366860562
-1696312112
676474128
1211528672
1083100947
-1715134229
-1294215350
1054027829
-313591626
18219681
1644698943
-74116660
1275211263
887591534
-1916520209
88800517
689876321
-761012198
-719205661
-1940475235
-1813894525
-1248209877
-1238527855
-718908864
1040352582
-1453804390
638622980
1181536353
-1157337849
-1292713782
-143001668
453735758
-2025688031
-533129035
617137618
-64243330
-699181131
779248488
810377567
-1070984403
-1373208660
741402801
830079774
1541900586
605682429
1124340245
675406416
-148824337
-1950516181
286033671
1248849631
-1765184014
-1339418095
1463375959
262965702
324141114
1896798433
-496505112
1249632175
160907316
1074675562
-1828212314
83151325
754651590
1913224344
-1954703690
-1450550964
895969444
1455022401
1486033902
692088854
-2051837982
-943607266
201269894
-481948393
1534793419
-613837290
651119120
-2072629804
-1172171024
-1630526270
1935795877
-2115343720
2092484483
-207267539
-1677582752
920170719
-821407259
-1360794405
659110416
-1381515272
1384192892
-325656820
1164989736
1018973157
285702346
-925258687
1828231418
188410501
332922299
-1541015041
-2000718044
1461268212
-1886257347
552188626
-2131257526
-1499818190
2132548118
-1098051948
987130885
-2114179070
-1255681295
2059363055
55681818
-1596189932
-1379490887
425170975
1732699374
-1072159899
531761705
-2054476292
572233529
1521593318
-1393726557
1492958519
1653184250
-386284453
1703010881
-1503510301
-1222042198
-551247738
-1300150487
579335223
-2137569868
-1784664700
-461435355
662489234
-2128879069
1684840822
209897075
-1895712834
-1331126883
1031528802
308368600
1126528632
-1154050929
-754523812
-1800979717
-1433777360
-836313431
337011424
101679087
-915665652
-1700938868
1701754242
-2010640879
1566084914
-1374202174
1038376392
461216275
804060230
-1561307410
-1659255210
548824921
-250681807
-812929980
-2130419892
-1532723837
-1287647708
1466061370
-73805845
818750282
-2129123108
484505727
-1393811842
-1821592945
-773840089
-2000500948
688255607
1390090673
150907558
1524085305
-1840884521
-374956514
-794951981
1679298609
1930269395
-268454868
1877954117
-1177655255
-1971116364
-2056650711
686826546
1891347182
-631846146
-2141989712
-455431626
2091469693
1021123540
-1854488002
-1179532718
-534779209
906652314
-335999996
451296566
-802125227
-2066438180
2054231550
1394782402
-324437223
1336903533
-513204157
2048897738
-1125156283
476332755
-887954529
-1086686183
-2008632752
1001954786
1254089566
614741944
-1797352745
