-1268728265
760286625
444265602
-1513927670
-1338077669
777161095
290023666
862939939
414375308
1150630121
-966209360
360034161
325636273
1145911174
1141763703
-475630334
-594206028
-619685601
-1562719770
2051977660
-909728239
1284103792
1072034658
-797002390
-2130180848
813696350
-1399348678
-1015785705
-1690401137
379971692
-1799876341
-706075745
-2060854523
-1654169229
-1227047835
336748930
1982150083
1099162514
-300390482
-1843528197
1862940283
-2144829342
-72610746
-258164911
-627415290
-746025874
1790252779
688199788
333205857
1308071650
1622644575
-1568138838
-2111475208
-931223423
715736647
1295874803
1717209639
-1693319716
-1324579498
-1393349878
-444328195
-181686080
-185025110
1455116326
1517088834
820184303
769638517
1106888128
-824355909
-673231853
-625603104
1483416494
2103763115
-1275030289
52307499
632070769
-87406691
-863528489
1284851992
929919178
-1168133535
-282484126
1587693449
1357336210
-421058477
-1575728035
770526056
-1077575477
1654813410
-1817153534
590461382
-209816847
1356744272
-1103981719
241800006
-1818912362
-100617546
586850621
1923348156
713058861
-1793121973
-743713101
-638670320
-1690141659
2006999524
-1073668936
-1797993112
-595450055
280202430
-1359921047
-59564922
1310208774
-1548960645
-621166904
323248749
-1288541219
-437984150
-1013049429
768541515
-1001770790
-87406837
76864503
998686866
380456757
128143569
-184882418
-675013785
73973463
140368681
-1183280251
-1662715584
1682576432
1004608443
-1966372070
1321234119
1738914631
2029569007
-1578896923
2144457989
1474121746
-648801102
1660015820
-467825476
1099081735
1048308345
-1801198789
-938208237
-1012309774
1632568709
934235157
786322040
818022665
-3927447
-1480329755
751320769
1081553981
-1163577655
1099925080
-970112108
-1598680366
-1242487197
-1130042129
865863177
1955683633
-1094056877
-1824168720
253588109
189180156
-912616302
1080238749
-421186551
-308577437
-23166529
1292181416
-1385170622
2101914805
981646113
1287043813
-797561726
1317007674
547303148
740630337
-1654652552
-1207919809
1553687747
-256399886
1565654364
-1074926991
-27018114
185575407
-88646314
199916654
2104317228
741307042
1889664800
656519833
-1281171365
-1664134180
-5394455
-1306451667
1429530006
325251337
-1769011844
-1544463468
623655471
247487908
-732682847
-83971591
2135273789
-1535269652
-102752317
1012380699
579487720
1110489816
1569701074
567315812
1434931683
319359047
-108992150
1761054266
691956282
-17234309
1491344949
-155683180
1931291725
-1323721272
-44995956
1800492495
-53937893
-682083448
-1198455452
-652930111
-762622781
689689425
-203323289
-207292658
-1158715320
1956396905
1640249697
-1374962502
-202746988
1852486778
-1258682915
-1581640449
-806192193
-1419690879
618796303
-1743939231
-1208192624
-1508217588
1595216884
1493733374
849775683
91344036
103194552
896667690
-1523223412
1285593991
-1473744297
905665595
-1667245092
1720841114
-1289669243
360744096
470279138
138703773
73605074
793225272
115669588
280947104
1338818569
-461150751
-1744229138
-343887691
2009111257
328356686
-1881589318
-1817332250
-1673101641
-2000777955
2076106642
1707169897
-510414334
-1596083160
324088547
580032785
-765108377
191032346
220658355
-1004057336
-1821711226
-394678459
704862692
1652246459
-2135693611
-1311142989
961366201
-281300971
250630852
259005818
-104422759
46527726
378448162
486529620
1837091859
96277701
-660128065
-1062763922
1011954978
1484729517
-882290095
-1657845120
1425292209
-1880063355
1739136155
1396052765
644428384
-995066260
159137483
724189516
-1846505592
1243629427
1556362019
-1130427306
1706657916
-454428781
-1973640228
-1622649631
-1714905838
-265119008
1436404806
-470525635
1069340513
1821404670
-499038157
-780412163
-1287470133
125964244
-491129450
-803829303
-126851779
213555839
1291177062
1175111538
-1221219915
1600247690
1636487368
2022512967
197206788
-5831845
767460204
-334177626
-1687091243
-470297617
-1108773834
-1246690091
1894039789
-1542146359
-642852063
1010901010
4425395
1784052263
1754946400
-366759448
319869683
336123255
-231451451
-1221804861
-248534306
1342211337
582969190
-2066996025
-415103659
-909447932
-875033219
1551175132
-912141978
591427486
-1738969200
1741981453
-1962581738
891429511
460904145
880219922
-1229374368
217968549
641425863
-1771962837
611688574
-1709363961
1786765100
1881030958
-1619644570
1610270738
-1844382951
1208013283
1339986839
-1309728768
-1596855712
-212047729
1423907860
-2069754997
-312811464
-1510022450
1136170160
1303053796
1233066527
1478835109
-873537908
1943189226
1451408892
70152407
-135394082
-1444394344
359876227
-1727600265
-883029517
374361022
-848799268
1540043198
161286262
966391283
-2052528505
-1682300898
-409385742
700658377
-620057991
746305431
1220991893
1839380034
-1801418613
-985441464
-545868234
-1082986877
1580093460
-1398200504
1503647384
1710209735
-1390486828
-1702919498
1820098799
69475733
1763943699
1604796174
-1754199388
-2010882507
980632585
825612478
1640649045
-1010545312
-1089577344
-1117344520
1933450783
-1356816074
-1530328137
-553043767
-2064123617
114138228
693157001
-1800686229
-593415884
99382501
-1706749234
618833366
-461693942
982265113
-1879291135
906176924
-544288172
-1479420588
468851747
1320102134
-1889145768
-1867552823
2053779934
1123003929
-2047606096
-827345912
-474110740
-1601503282
2056320846
-1513026125
1599935929
839471425
945834688
-1345342856
1594314055
867441432
260178356
165419834
-162625455
906588615
1294851775
650685585
-1484468045
-690098910
1503786073
-125994380
-1916139256
989656371
836358956
-180874443
-1703113068
1589676109
110352525
1795720620
1157076324
437702240
-1635884726
-1386473801
1821942451
-721613425
1992221861
-1334224415
-390608496
-102968321
-1885258848
1423483232
-556495428
-592352526
-346187653
-478217915
519278808
229173011
1455944315
1815159278
-2025361985
1968531987
2007230956
-373867074
2097243696
-1934071436
-293312409
1321281040
1993131696
-38072669
-1160871592
579246952
541205678
-968620980
-487893318
-834812693
-489825561
-95664918
-1859320284
-1892306160
1649895436
-1386627428
-1951997431
-2079729256
1621988257
-1428168641
-629572805
155104443
1284865319
343106488
152518321
-1847128669
-1365706371
-306189935
739158921
250909213
-2137857406
369310151
1915970895
1926083469
-71418625
1186676193
-976247169
-907149021
1710708932
-730789820
-451160248
200634700
539774736
576486597
1758612626
903761514
-1880325323
-784241024
-1198427326
1700313798
987564412
-1767880985
-1088492612
-1178206267
1993480261
-1738438115
-524133975
1346182233
-1163139214
-205206396
-602477574
413484730
-719871482
1641082260
-1239490261
-913681066
-314880504
1896655854
-44790836
1511670534
811454125
-1725700432
-1322738884
351945345
-854956875
579805194
471182519
781522197
1514230037
-275245807
1517119635
1701550227
-297959979
779058899
260288454
1577828490
-26128069
-1162522453
-1574920789
1709272760
400232233
-384432171
-127245819
56090301
-1510773565
-424353724
251934531
502896914
1300183636
423887538
1865414917
-1314381512
-239646862
-1322713095
-1198252321
2078528308
-876092065
639446433
1965039452
615490618
819702705
-1247889479
-861569212
1159969447
-1074044107
1518369770
2052854049
-948104908
-515425519
-1825308216
1961634048
1319606632
1370205224
-1169546133
-503199628
824414542
460762817
-1755561666
1293420255
-1543634840
-346544534
525926422
1314666996
-1314943005
1688381466
1733101702
1048355447
-1263259125
-1924137323
1970354289
-1490116281
748768512
-459337452
-1764937761
-2106279778
-1238934358
1549209636
-178895340
1013767574
-886620183
-2028598066
2019572702
-1057759762
659727633
-1949344265
817250095
-1611473394
-2146285163
570456074
940053482
-1124584632
-882638591
963189459
-1715440127
-787669408
-149047507
1434319278
2132215999
-993121715
2132926895
-828685856
-226400414
484717377
1222972561
2070848324
1959537388
676878823
74165827
40288041
-1185023686
-1491245333
-1176383790
-1485823622
-323751595
1271751358
1046416986
-1541003232
961022215
-431856230
-578115911
1780513955
-116969551
-1986141244
1609303173
-294910953
1569081947
2143418896
-1308691649
-993498827
-461218547
-93028694
1038211272
1060218055
-903252644
-677651950
-1410878445
2093951049
-865129913
1719790696
1287574299
-1193767219
59295043
1477018345
897086487
-929433569
-1327863661
394731961
-775109139
2109764136
-1604335907
-306829854
-692454429
565777559
-701480966
-11566180
1985243292
-294407491
-1687718131
1968678094
411620417
-494647368
-1061636650
-1433588779
-1158577667
-1867743021
-628838072
-541417853
921802927
931727916
-407993512
-1001833111
-1068375333
196379031
-354030057
-1584166055
-489350688
-680774718
2062171138
-2108012250
2045325424
-186579047
-1029025383
-1666782803
-1510059973
-434029588
995869741
798147096
-1503428883
-47326386
300681726
270170721
-132899237
1654196798
1942755205
748257813
-656360456
1865978764
1313340941
1174506842
-1240407155
-2142611723
-1801363577
748576307
1967319337
-752976368
758959007
-1535746559
2032787029
1479908206
-761308662
660392780
-1055316340
-67168261
-1292167647
-2133688381
1028677353
1866896042
1843269555
1981715073
301042978
-1188751791
1417749782
-1814537583
-491337292
-1439348271
-210707841
-709847628
-1323574945
-484966791
-316943725
903853921
1493395925
1766375595
-512246723
-1820613620
1143399853
-2095558976
1889978818
-1705550677
-1373957219
-1331881432
-1835727599
3366517
1755509992
1640511190
1428559199
439204588
-844261611
1942969562
989940211
1590504477
-1192047391
1610801230
-1483538882
1022535974
2045641333
1446036342
246917934
-357482759
-1623875365
-1692121309
-1594476093
-1731972770
-383732562
1927519575
1567910625
1012377662
848546833
-2075942354
1512663144
-782734051
2129215458
176406267
-1904225407
1203993832
-629646290
-1071490127
-304487365
-155815440
1266818022
1178370692
1803513429
1821248054
-1702794285
-607020593
-240722083
1148210664
1447569607
-1704044489
382175737
-1821107669
-1187951340
-1605347567
-1334521212
-898624485
1011089730
-1253710080
1592201436
563562511
-357923845
363072226
-112182407
-659949279
1453006154
1340521709
-563630142
-1645910803
1207996676
338551316
-1485198437
524648343
1880278149
-1425305681
2080132162
1096281107
585599904
-1723955366
1098196571
1427092640
202297552
-96596708
1821887304
1325238164
885820594
-232096821
775344062
-565674913
1689665719
-2096612433
-836360299
-50354999
-1079973612
929103718
147253982
1578954366
-1859675650
-1077843194
1323423802
-334096181
-169722861
2135394696
-1946736535
1432404650
-1209590757
1742255203
444565281
-1491413765
1722368495
-1495543433
1761821984
-245838572
-856636744
-641791188
1940526980
1756343163
969507421
-1939970341
490141786
-173503759
504895542
80928108
-175571852
1898455987
-1085551867
512219711
-2081213826
1018478331
-610281435
-1678818225
1984618323
-1960223028
885881347
-1324714603
1940695948
-1576198673
-567057971
192988330
-387017126
-105771976
-1433495446
-1654487889
767410581
1252985613
648805033
1749131120
1774480148
-293835224
-1590115140
1429679559
-903502018
657679515
-146022169
1308602942
-698240799
-739480044
1353248115
-1311909384
294576706
1010393186
-245813783
1879959504
-285168780
704364855
-2025464964
2052206018
1765218797
-1247774673
1430423750
1866676361
75941205
1909857553
-1196585801
-789278326
-1919797855
157509203
1589094601
1672035056
-1549068704
-1474855965
566451832
1965115927
-641545387
1998991908
-1184913423
1782334509
-2097726907
434008374
-546764791
-1890442986
-1019093487
29969530
907486576
1902057616
916223750
-182153643
1953260838
154967448
38792307
-1735148493
1004550189
1894001675
-766037125
-787556658
-2106322817
1264503951
-1727443155
-2050598225
-353488574
885945011
-1361396271
-1893186316
1760874041
-1758684844
-1942493308
1621762132
-1955123586
-466894525
-41983481
1656249952
343524973
459257380
-1438900781
-1318354677
-1389003549
2007678360
-1305685904
2141706348
-2016833624
1311511710
765931526
760535233
1338166057
1708023606
-1866804173
-291156809
-1884157590
257617478
1650511903
-231086105
-2026427334
-455016511
-666740274
1216085412
-1585117529
-1836163834
-1250815307
1881563123
1404430772
1158216581
471385487
-1496405286
462407753
405767080
-1060131472
-1063157795
-841865622
253813231
1466931738
-324504123
-32028757
164185693
-172128882
51953827
1559580899
-952814062
768765670
-1516906989
-1163701985
617714489
-2119856543
-163343931
1748067801
1808383780
-1745013057
506961465
-425562518
-48022860
-360974385
1855071689
-718732612
222849278
-238758331
92409836
1974509891
1185568810
-1458918191
2046381752
-1275639763
591115422
2064386668
-635830104
-1626673705
67455580
-1195499020
-106075489
-1438544765
-1758021464
-486629637
-1551757779
-1191594680
-300139538
-1379044389
983457808
182246985
-678645279
1645016333
-83238148
607903785
653343719
1675089338
-1647924578
179394238
-1506139213
1013045650
884050654
-658712316
-1876236749
-1068412963
-1314949276
784677971
-1029601107
1137486799
-1938630818
1142904532
-333734876
1431883295
910938495
-493226703
-16936192
358208474
-1734159286
-236521589
1179077869
-355369356
1716313743
558156209
-861209342
1544784159
-430093259
-464868723
-22426074
349798239
-2049889478
1055749857
-861148753
1470425310
-1859363592
-1678120141
960480331
133684860
720439209
731681030
2080822563
1121541290
-614589395
-1939944630
1637096253
-862198024
-378932214
-75254252
-1511844575
-80588565
1220168627
556191121
-397144385
-859324397
212540684
472485944
-544937585
2014133085
-2121654739
-1994616770
1596703482
2013289381
-750458778
1629726799
-192209672
890499471
1344539522
832325498
-1653773063
1658631319
789418320
-28833684
-737135351
-1326362779
1601025374
1026361312
-1505424594
-657564315
1703728391
-1736397226
1100034836
-2038157929
-49947728
1191764226
-1619350037
1342004899
209760078
-777335289
1186718864
1946855472
101212458
1956497380
1174753258
-1873713803
-963827992
388752430
629588886
-654330609
1369333701
760303999
-202359098
-1476247019
-731305441
103192750
1412720486
-794490263
1624001850
-804176576
2035618687
-112609712
119176000
1803120925
-551254816
343102789
-684707959
1702547334
-1066648838
-971992055
-535646947
-1057926330
1721007884
1055571966
1151459702
-1667040217
1928728191
-1615778891
-1270927479
207214503
-793671790
-595736379
333932295
1472815339
-1652655047
170461918
2002676703
810904564
-1298247870
-175085539
116347400
-1384116208
-1690484806
1934887585
1831596412
304563602
1699628686
1640335197
-2059192697
-1978520891
1804905076
1477094959
1580577345
1926833181
-1252495861
1108657970
631517016
204688303
-261030847
306041167
376196882
-43588638
522434292
1952618010
1208185489
1329709414
2064272347
1416210139
-473926567
-690364315
-1827736665
-1332439319
1229518351
-1801086727
2060124005
-939915458
-2090908029
-260167971
-814327771
1146902344
-694541328
-1525254042
408736992
-1652945155
1818222210
2006677683
2025360022
271734321
705863447
-774747869
85883575
514395435
-1359751607
22814215
966607811
2101041781
-2027874388
890155672
-847005644
2077147634
-1351817901
2093713451
1623162779
-1592649418
553267097
-1339071326
-1960696312
518581521
-592868067
-2011773915
-1579336274
-1448137619
-1311543538
-1383386606
-378767673
-930337703
565892520
-2122793679
-600911435
-118924955
1842891005
-624297172
241061737
-1684919761
987044344
-1887678659
153601032
206055230
-1458884706
-400201687
513454027
99556366
1172169879
-411162260
-1052556762
1797440875
2072295661
-669617227
-1027675348
642289922
-550970350
-862420844
381558577
1514488372
-339553497
-1841707663
1240215728
-416837587
-617234565
476221888
-530553745
26612021
-1426454191
997514354
-1010195488
-1981806779
914453221
-1037175634
-256347702
91611613
1000003505
1285949888
-1300167384
-997750508
616307692
346799697
543796817
1389610480
1853689939
-2140587304
-1015551400
-409641993
1089883690
-182226096
-2072983371
36677638
2137214853
2008781867
1405585188
-1190799264
-1063827517
-2103063930
-1551923251
-1023077879
-1110933413
1686625181
1672807844
-736422059
858668506
1457864576
-3003630
911754171
-1691782868
543535878
44854997
1712648430
-915359463
-1918995198
-719299805
-60843730
742160402
-720002380
729817877
293227226
1442316846
1253730178
2089527875
-24952502
-1496766610
-1014762521
2129584811
-1697794341
982490696
244608939
-2102549290
-1406319542
705827427
-983803052
1219651133
-1027120827
1025956766
-351398692
505901544
1982061119
738369878
-596085853
-1046968489
1533955971
-810062360
-1755664473
1599407014
-781708917
965932660
-2102196239
-1888945941
917171858
-1363993884
1940708434
604362722
1876084072
1427366444
1944727119
429494220
103608708
-641042734
-919618215
-1805825901
703194207
559212465
1530540609
1746082609
-1514242049
-752963335
-168423958
-1338217389
1252525777
886460793
599478079
-410464967
-1839287108
-1053790176
-1077345177
1054312159
-1959766670
1685673408
-1404290249
-1658571935
-2118292472
-2011316459
-1140783896
1146685851
296271816
-1855960314
1161003273
159891215
653419078
788597034
-1781390410
-72080373
867467952
-1980699507
-1381913846
963239435
847880810
-293394765
-4818991
889775195
-1840709926
-634736932
1046363522
1212850944
-2059451265
368212361
1205878123
-482613288
1641471816
-71097282
-1909882578
-402260480
1577352227
-1938744950
-622999445
-1784439947
1459720147
851079492
597499326
1447331069
86505222
336335126
2061059820
-1796404153
-1117846618
-2024156865
-1214938024
-2029204399
398166895
-1664243308
-1793174597
1553614857
-1292252223
-1160893753
577645075
838291255
529610422
-434321429
-355510052
884755865
1620016503
-942623689
1301975677
-574166961
-1788253237
1694193929
-1259027963
-1043690119
1271228656
2098178094
1785080342
-60302818
-1003703890
-436875680
-2024800479
2059008591
-1915904088
55118351
1038414035
-1483249780
1162514933
-1445615004
2023511758
397781349
-835302674
-1387693438
-1990265701
-1800012700
-141043895
-865526514
-2111338273
907739946
1591562854
1145117681
1975557069
1686496727
1665539048
-1661882276
-1679015716
-1600420945
-1153281400
522225420
1876541369
-1982293255
1993254949
806094030
-711436163
-458880214
-89070818
-1209020603
309696290
-1603496637
1776984292
-618488341
-1876366797
544849526
2046635466
508663637
-1835700029
863877391
1559397919
2042478266
117846943
1065645970
516740222
-1700514379
-1588052538
-1580577249
-62979741
1430410825
-1966520295
753845790
463874049
292743462
-564597682
51283991
140837971
1207041066
722834218
-562593823
155168369
992550186
-997355025
-1321689346
627521316
