641311564
503932866
-1610128901
-985396320
-1800137219
2030500858
236288057
847855777
1554012860
668692014
-1474831276
-1187240915
2106168017
1335453494
-1763870058
-1494236021
-132710802
1935670267
1183525038
977301002
832739126
335351735
-487969324
-675022249
1598050051
-1726536354
-548099792
1776238862
926152420
1033786459
-862487940
405372306
187699812
1762350207
-1703440153
1681899041
-1030218991
2079249718
-184368068
-310923230
111474748
-1077767173
-2051892157
-201171519
1794289404
-1290738163
-269899161
1409593533
-806711687
454994274
-1111860840
1395969664
-1980933018
378458332
-1754245005
-857169553
-1537915441
1345716154
-331087457
712188803
-1969252332
-1983387568
657548921
494091800
1753908788
443507194
241360882
1217417989
468942415
-117609906
-2009511496
1179501292
-720972955
996836752
-1527100525
-1101003566
-1290158237
287912554
164582673
1032004337
1251213664
-1971362596
658911078
595308748
182361123
-1744290703
-1657910900
1676185220
-1230931736
-1579259469
-843308366
-904065686
1425142371
-1459423520
-1936820525
-2086647340
1001425925
-828676132
-1849224796
-1855467980
-1569433219
1188914538
-1876726862
1655755622
-431564159
-2010290282
-1927318069
-692276664
-1587851571
89723765
367998621
-1712694641
-1827092885
-80920559
-1178460515
-1074797864
746484277
154326685
-1953679830
1838450173
1331558552
576520688
1908902385
-1183014486
1415565978
1076257072
2069264786
-627144145
-394136291
-2143145523
-190985085
-1928312938
1996573284
2111939761
1484894517
-397701128
346210262
-891497803
-1519973772
-435776756
-1252463614
504497238
-400511213
-1818924288
-1718644509
-1035648856
-1400995897
1924220556
-1791590812
-420128886
1327331155
1455398979
473536806
-96806118
610670821
310712107
-424932993
723041387
-275193664
1691663504
-825698618
-1779597451
10394394
-1434064108
340488909
-1808844211
1783416134
772274955
130480558
-729033835
1798069525
1250715653
-573888054
-1809173451
1255391866
-1489683541
-384673778
-731881398
1808437100
1195299278
484697208
889039710
536381968
469322172
-1584729383
562527194
1242502422
-841533226
-1669764132
-491105864
57590370
136082015
-2136241594
2089288828
1107356655
1074854038
979400831
-689476508
-560498960
-1840682235
125878864
-1000805667
-790420169
1473742363
-2074894611
-12155335
204675290
-951416840
1588614966
379423903
372665875
-1416589688
-1058452423
-1788153278
1361252200
-1572388141
495084027
136502997
-2093799413
-1390713454
-576925065
533667390
-2002986877
1136398596
438217959
1323788425
1497239947
-1495284734
188515649
1079096607
-898582215
1982237265
259004420
1446513975
1176075874
-1954163145
-363928013
-2025549429
1145437756
-996155568
1096813985
-55859377
-1026219963
-1506698591
155246959
2104983646
2028915812
-186671123
-329513261
721908406
-1195483315
1515950151
510597658
988336934
456491305
-1419718168
962011119
173426501
1439908469
731952450
-665041187
721797798
1137025833
1570985812
-1548108526
1589420873
-394663907
925095232
1453760101
312779091
1410491048
2076419354
988888729
-204241407
276729482
559556610
1586385891
119725530
1918675467
-404567692
-309213783
378804772
-1852167069
1012744158
639574924
-917449320
758824540
1729675890
406587560
-803327912
-1711040203
1411139645
558821146
-501909728
2135125961
-1259658120
-424069182
-203191876
1573733873
520524830
-1801229751
-235686727
499046949
1199706302
-1308692123
453112415
2115077481
-888570735
-785328293
-539244834
-1216432794
-1609204785
1779254981
1440099270
-785423146
2147192637
-435956843
-151896388
-1958726107
944555018
1188614233
-1273911446
-946203563
-103871268
1128805311
-1909004105
-2026275295
-1165322204
1873990236
-1025699528
-688070811
-1910130759
1136586920
-2009760027
-172712772
945761700
81883469
-942560753
196457834
169865785
-782949472
-735433839
-1797644420
2140850022
-77990289
-825003451
518537774
-696177329
1642992381
490986426
-636669300
-2084926439
-2033245110
-1743379421
900437595
-1182554363
1504857750
-1154671
192631096
246000833
1652923176
316079716
-1139515391
1593145594
2020990027
1884186367
-859732363
-1861166283
631262617
1486184122
-1524780266
-2005338401
1476883579
2019110940
-1245102762
-139587422
-204012305
198454345
-1229823502
1761762553
695914124
389164473
-1925275240
-529619962
1204352450
-1800531414
1868096975
938266274
-809501338
-692559913
-901607401
1732620470
1214080110
-188315158
-2126260401
2034279624
773446648
-1620211666
322574166
133745880
384063888
-748571128
-725027083
-771421075
21334450
1847667879
-1981970436
-1084420118
-941005171
-240317318
-2105490006
-2135493339
-496699638
-771135006
-689367727
-1413584583
1156217355
1854066985
999337274
-1153478757
587104759
-2060216911
303105477
-378845589
694469750
540172400
618772693
1157798924
161718905
74887579
-719621270
1302235638
-907432836
-770225759
1078320526
-1998337846
-1760516337
-950948518
54631541
-280899162
-131214447
1661548928
483250911
1683251386
1675067711
-1688241827
272286657
574754075
-1018942868
-1729186618
-1378780381
-1714681385
1458020881
-1303713465
-594370229
-1485806520
1735857544
-50552161
-697508837
-1841212499
-310057324
611083886
-1892851017
1479110134
-579755612
996976428
1836296042
-1367484962
-1921018792
91976285
773536714
-2109950401
-55916476
1353993730
1008554777
-362307935
-490773005
-1409418926
454919918
2110690579
-247151570
1166476458
-1075068396
-40242882
-1720473731
2002744513
41907633
-1003596618
-640518675
1512891679
1183743146
1978094739
-562404589
869916111
1025790278
-203773888
-1112221615
1224233043
1355053329
-2120289902
-271540905
916090839
552422146
-1154584037
-1325234964
-1226549079
125727711
1085227456
-1357012498
1875655401
1020845280
-1737500023
-416593769
10878076
-188491630
2097155512
-1733599231
-76380602
142457342
-1153714660
-1446393877
1371156631
538720778
-1684161626
-1185032515
758973157
549670686
411515964
-1521142839
1513798332
612326153
1905257933
1048285651
-1363161614
-973483226
-273543771
-1046147629
126082078
-737294662
1752527105
39400952
179913545
-239868000
-1805481242
-931595024
1525992422
-2079065817
138378030
154803558
-347103233
84134203
1311144674
1886826956
-648740431
706353090
-1935263281
972555353
1685091546
-1040314296
-2079194797
-11543723
346574864
151140829
-1506758537
-1102854764
-558110508
-39583427
936830274
-1711133889
-2122592506
-881376975
-404101300
1586570970
-1700410468
966225205
151922576
-2040305023
536188558
-1892793765
-1407358586
-570444428
1320581140
523903599
-1766987407
359374294
-2144253677
-1833140902
1807029237
-757943631
387286740
-1474630453
434479852
-1443939779
1353936374
-301734381
-1659751559
-1203105695
-943173466
-1714280880
-2099599012
1404791162
-184706036
-76006195
813429639
-17924774
-1236385528
-575678551
889128434
-1018798446
-1718782947
-557926730
-1451418453
-1331527180
981792941
652044450
-1107518416
-295323053
-640652442
-479578532
-1513413888
-703943540
2046705660
1272242352
-2022793105
-1698889782
1406559768
1154880564
1536197818
723439108
-1942894193
-1303398553
-1864147366
651565258
1959600599
1315010326
976517276
-654948799
-1456159562
789525761
-1260368015
1461054060
1619947579
-1450361666
1643768962
-618569556
-538886158
-987733282
-656244345
-1610679927
365642066
499020365
403690457
1864482994
-1013490822
-1031959554
-1382724283
1668554562
-677544420
-72917817
-1242773982
1825824324
-1660793927
-768651895
1371102373
-621982343
1955246862
-325512813
-737153677
-1361341864
-326423603
-1102104761
1064698231
-187669675
977373840
-465592578
-1719581451
-1033522330
2019794954
-963773399
1762581471
1063260610
1151080319
-2121612104
715859815
-305085973
-1286453131
-1575013698
1329058005
401788911
1571876779
1103445077
728182169
1041147113
78316362
2116855230
679563427
-1184636978
-738388390
-2028170803
693656818
-1294895515
1562181495
-1942801277
-426316437
1894802071
-2098153788
-1709470724
-1930648085
-774545432
-1891590370
-34913397
55198111
888307013
-915886444
2077828387
1621078674
-505837825
370092567
-1633764104
-2069617017
355241239
1356785773
-1797385371
-682031864
-837154372
1320046699
-1810980592
-1804191041
-2137625583
1465615971
184738123
-67148285
995953458
-1371964198
860497597
1562818741
685688184
-1519330178
-825715135
1570480973
-1478176772
661845846
1075407885
-1699701457
1611823706
2026650427
1055780630
-593191357
-2015827274
-947464314
1608365747
1947344324
689706500
1931840010
-1757206912
-145839530
804812931
-1941321916
50939012
-1096585378
-670215543
211268049
1040076182
335035278
145190278
-1717725921
-1970230277
-1039147842
191147330
531355495
1762800724
1376642306
-207031959
1055233754
-117977930
-253022984
-71234743
-459184614
-2092309990
1526703969
119065561
-1330324501
282873847
-820160014
-1682608644
415033898
791322157
-2044620948
-1066016505
-165662723
1562360101
1822332650
-978405504
497531723
-1008826315
1670489209
-1697661400
1281224046
1091765832
1883088621
-1038254276
-1809156313
-1498824515
1803364082
-2090256906
782082002
-649731952
-1419082911
-1000999334
1422674906
-240377417
543104724
6425902
1128363630
668687566
-1791012228
-1730683831
-1340009868
1861322485
1813133873
-46549232
-1427929410
-1048163336
-666784310
-1544518851
-1882179205
219326129
1624243118
423436770
-1865359633
-225502294
1402353835
2078860461
1755217766
-1729594874
-797492987
70357869
1743022181
495273632
-1918859566
-567163435
-318472925
-1240189580
1572071812
-305228418
-236217801
-411151042
-1689693497
2067786802
387711121
-966930080
-1008581491
1289286247
184482734
-1610322424
-328924058
420110856
1877882631
-1372904815
331821076
1257292155
897087178
890664490
1123321694
-665007393
1902946252
714179253
-1938292956
-228293739
242318013
-304365072
1480225203
-43005950
2141126300
-1144780582
-1995734950
-744796270
636677741
418207055
1474198077
2021223679
1020241449
-52407819
-1259447192
937955026
826340086
-715738021
1721319207
-1893219287
-339660136
-1604593314
1509213332
534235579
820803110
531645391
-551396240
1949786905
708221952
781443410
612593974
994903094
-275475200
1458911624
-849685907
1318588201
-1923594001
306310000
728363069
-1040569808
830590522
2130124042
1961737285
768700920
-1866471196
1960231229
1648903083
-1827861477
142935230
-1601120263
1575048820
-1382425111
-667607338
-352449376
-560345067
1260219242
46420524
-906275167
1993495881
-1764679005
-77268053
-137592730
-2134926556
263231256
1449109847
1541781616
1507036007
-1605275246
-232896318
-77950785
-1549542890
-1478223838
-1088993084
-2110582666
-1507073976
-1907862939
-1092836758
936229823
1859178557
437349896
2120088878
-243288596
-1368615243
1393141646
615277160
907174366
1209335167
1853676368
-780061692
1154491562
1872356175
-2138127675
212949621
-104321416
-1425105708
1734427139
1020321257
-1593086545
-480259318
1309903237
-1092985154
572723278
1580757708
-152367058
1039212852
-1776076900
1150124460
-1316771442
948674659
1271054852
-1773016058
-67879837
1388305518
-1878307015
-900685741
-1867915935
-1152788488
-977083743
440175546
1452495413
-981993258
-1948071953
-1276425236
-632078137
615530502
-226124270
-492262864
-1244688705
1509723360
804301901
1004417980
1809364299
-1069850741
2063263142
36406087
-1744040674
-881471823
-682213756
784404443
62936763
179479670
-781829997
-610757393
-671350030
78239397
-1667708693
1866688436
644415403
1312476716
1592065136
-843559505
-936243998
549138890
-261816709
-1508923257
-974004751
358295558
490169785
-2068444384
1335659285
-1925757854
-735188141
-1182102552
-1294985430
847221712
1284370511
316631151
-1316942407
429816933
1653175605
1856556605
1455717684
-2134809524
1801283573
-879829793
-1412902529
1540379644
-378770425
-1051380413
2314930
-1845426259
-1803845420
-1671714235
1588612125
-1811602425
2091395668
404809353
262152076
899318301
-301596681
1240013706
19646667
641713817
-1857305143
1949830643
-1357933204
574535735
-506039344
-2031152339
-1114434361
-765392522
-456470600
601150520
1406239809
347834765
1854176433
1431693758
845560785
256307356
-1391745640
1252697445
869588672
1690090275
-29842092
-2105566108
-79866705
1352779959
-792768126
-922499239
6803166
1741664754
-690893996
1494764376
1446337962
-1972827733
-1314587978
-1484046265
-1371153833
-97256090
1696536498
-737671064
1919691023
-132511474
-459610604
855444790
-829024470
742568417
1529907025
-1218448011
878533040
153779370
228525732
1614194820
13332507
1651938102
-671087751
-178474251
1160933216
1465437440
-132047346
-429793185
1368979760
761204526
-1795880360
-1361568142
307749755
-1228654656
-297243357
-1170997941
-278113227
-1106769914
1678043004
-272342776
-85371557
-1024015789
1141830738
981153951
2032149816
580939503
527531098
25841131
1220986596
-951387055
89408563
1802797831
1339594509
1718201997
-1972856629
-832237345
-1151014663
-2074635765
-1203118592
329489155
-1053036597
1194976633
-2012879991
1511337150
1521121284
524988162
802890775
1780970343
-1820773044
1914368191
2088325815
-981153290
7121010
2069835885
2079513210
1271196121
2026824113
533743200
-1571539882
-1405659896
-2023972043
1490397112
532690766
-1725837993
881043420
2035130321
-1673607471
-341938934
-696774080
-669307649
-664960161
1978283182
-947697675
1667789947
-1852284558
229515814
273595663
1795686807
1752844955
-1646648060
-820939802
810435641
-1295766294
-1588952039
95368476
-782237050
267066515
-370833330
1548010463
1015656925
405040077
-999784267
-1416850837
2029972230
-1874797315
1828221914
-281298222
-1398772309
-1928965357
83628639
-1137754113
2103076614
-506878924
1158266567
-314713353
1469312987
-33525095
-2029142383
-603793310
-1924926039
110964662
1517938824
-583349686
1775174427
-259674722
261186649
-1835855327
823434180
-1147739483
-856141978
-229013752
1934237452
-1615936698
752376537
680115278
1185703524
559896135
-1167542533
-259412938
1659933377
410806043
918085573
62900989
200260934
-639141242
1635983031
1128842778
1754300227
-166467193
1237636584
1790145479
-1146321570
-2131278223
1596450910
856536768
-706764273
750284890
-1305881697
-1326097846
-1810820271
-659425095
-358461817
-2113131914
-564203627
-1467826358
1947500892
-1369518938
421457402
2100422709
-2108478689
1564613712
-2061042245
1662619758
-1062123484
186847233
-2000461591
1956504670
1870532068
2063690405
518471257
-101942077
807686162
1527627013
-1048584481
2069505492
-449666325
1952938896
-1918760517
-1129089881
-1978478894
981478493
1338782803
2117521111
1133275419
-478875280
-1024493278
-1573599135
-1080580570
-1610616005
-241399312
1321073614
901953712
-1816694936
617681219
-1886142313
2059227749
1567125461
-1565182187
1073963972
-154986056
532114911
677395654
-458635563
1356278007
1544644067
800482387
77039846
89123481
-1449386238
-723413304
1311514125
911468250
2004658979
1628012019
-662669050
-170043767
-105422019
-385415847
1956653842
1273204512
-94575658
169506414
-1134944741
-576283627
837537222
191538175
1029721372
2114623855
-1442361536
-1400448782
1224744639
129344411
1897838866
-963871182
-114080185
-1183027073
-56450005
-366171164
1835224751
1104602575
908618590
266148318
171455507
-1479065440
-1901789852
-1270668456
980201295
347316794
234113831
-1063333404
1093212133
26940977
745723453
15147931
-1156579292
-1483971146
482550706
-1230503784
1882582917
-2089399254
-852420854
-742026326
-1192239273
-447880973
1589737861
1246755396
2012896671
2118208147
-1407438428
-1848803400
943028793
-1241903370
274984684
1712379812
1632625218
-901540598
1173769705
-351007828
1736297913
-996168811
-1959020427
-743960471
-318856349
-1617155774
1616807481
559166880
-1157728528
1465514492
137699700
1103095222
1619969371
1994861950
1763914747
347367523
-331082858
873650986
611459200
476814502
1035752293
-1636110566
1809927190
1270603256
-1574161783
1778463861
-1171063820
-1845458748
5224481
-1579798269
-1803367560
513921557
-1761815475
488482306
-1686176145
85321361
-195246572
-98973127
-1251069037
1231062181
750484359
503812430
8338260
-1145731583
-1255518170
-1079536556
-1871112485
1798704199
-2111451775
773091240
129852235
-754498306
-347844062
1044425212
-1309690551
1702688972
1156432554
1283684532
2058922174
1577146852
1853532473
1581053296
-2059163429
520537532
-1340381421
1326422249
629322845
484929027
114187391
-826929408
-348937711
-329114414
1605774066
1431943188
1951836570
1789036577
-1517324947
-1111528557
25048178
-1061754756
-451427549
1541754835
-1235469522
-734279947
372074589
-1257907422
-59657467
1445082716
1368037794
1352749595
1493749650
1308879789
-730067694
-495954117
-353690408
-1346639415
1058393618
-1875419213
-1412385401
556905577
-328259795
-1382276737
-40494723
-1297072561
966313529
-1600434505
1075472527
2080442045
-2054259016
-61984220
1920992648
387389994
-862433663
1385496853
-978983567
94169651
44337312
-248252813
-1773138158
-1670172465
-463517063
826182419
1473908409
-161590585
1818861363
1099784011
1689674297
1090712932
-1554713262
1269868999
-1935007435
-64373911
875416230
2006597532
837051806
911039811
1185591907
-229144163
973420665
-1577742209
969087377
-1729824019
1864369893
1888776827
935554470
-156640042
-754850980
147024480
1714063728
-1329298472
214177592
-99109297
-235500488
1497121283
1916258425
2140542937
449150756
-1330664824
876591045
-1504685131
-158307107
392886925
586767023
-282167124
722325360
-247743679
350672443
1553015255
-1556973447
-149688015
-1084252767
496576525
353785726
1608543449
1185266001
-189499754
1626653336
-1004859268
-983958985
-2066286813
-1286199977
249241399
-706110144
-1950234366
1290484199
1890773331
-650894565
-685099123
-1333776274
1842047451
1682989124
1236607971
753952952
-291264146
1212418365
1389549018
-1670798826
-354223530
-370065634
-858625997
1037550978
1695179224
-1028530096
-1237105649
-1623151097
499303117
-1957650027
-768712798
711562079
-1689608847
-1349766326
-48745434
1855322845
-429950854
-1471088912
1045929745
1154110093
254560108
-224786200
224207497
1442486937
461857323
-1062034819
1548302615
-298860306
828367313
-1214441432
602386587
-617311458
2112059073
183826446
68239487
-217748857
-1327297540
-621409075
500420399
-1001654603
-1517433933
-1565898633
1574247112
-2082289148
-1828759268
-740500514
-1268074225
200445066
-1986571384
59833873
555590308
1576335667
316503733
-1734399961
1610530166
-1626863316
303492192
520341818
-2087380359
-1480724092
-387538145
-778651978
-578430314
-1807952111
-560218516
-1181557549
-2053050653
21716112
-1485933564
-741739681
1107109908
-317362417
203221618
-422036800
-293517008
1229386895
1331621094
1214809401
501158279
-707772188
1321240650
1775833196
350253538
-1568508704
484500886
446034719
1916166396
-940561488
622064995
2022056770
-2080636111
1474370181
-784678722
1093949488
538450293
-378698122
1133474623
-517124811
-1462637689
1455469732
1818194521
1050749008
177086821
-2133870433
-1736501774
-655488711
-168083454
440681735
1575474741
-1131019099
1513930038
1555128950
1907032743
-897380409
1478418165
203567261
-1301260680
2124390426
