-1565076591
2098792536
-1672284103
547161902
1278673671
-1341755027
301095438
-1088603278
-209808235
952467134
-1215758903
-2107807619
185600768
499209773
-2125220408
220615038
2030750229
1819891611
533328712
-1106729608
1269184236
1738207714
-1092572592
96919385
-1912072080
850350856
-1287843891
1039438668
-352191458
569862064
961713662
1571601739
834249484
2143542739
607767314
-297409289
1039973164
1933450928
-1228669426
-654038357
-348100399
1249014785
-1423323660
-1372155442
173106290
-1178940306
-755955935
254680168
1187098798
1621939014
-1953991946
-195916809
1047342224
-1213902996
987659706
-1199449213
54429203
1278606735
-64891201
-1876637968
-638431000
895113629
-701927742
1580462994
1345209718
-307557512
619935895
-1995534842
85912609
1091496682
344018949
1841066303
-1976682290
-538718506
256928494
-1757205793
696900263
310942641
604944563
-1034522425
-1101511653
1221936431
-1758784554
-1725834255
-85479640
547665728
-339170848
-1334641540
-602758692
2019547709
-1499038332
-1268245752
-1026967784
632825438
1123706628
-2143732924
-445993065
-1733068176
1196504787
-2013908028
-293007570
-1491981885
92003963
225308439
-1639134635
-1087146648
1588315072
-266327528
-758134811
321643676
1381933573
-195279996
858471202
-536596354
1037868527
1690628301
-730719748
-1320241400
2031185736
1285155885
266744721
-2119390916
-2035038939
-442109955
-1433818378
1824221341
-683915191
1942000454
-1475945929
-1854552096
1247797195
-1095181416
973398427
-56876317
802626551
-747202534
1100965676
1685160414
-1334383758
728619490
-1625535883
155925463
-767754592
-547283578
-329101171
-1001141157
-415990455
86243827
1432357972
-1229402006
1044247162
-1059493764
-1362983172
-494444878
-1743809879
910555701
323972299
1794715392
-797884388
1199541890
-1691434466
791168243
-1643515510
-1597415702
-626236240
-1085926926
1749704450
-1090227152
-273031908
1557021279
1163598091
-2079729500
-218282848
1224518156
-407736820
1002773430
-1698544861
1297155054
-296173074
859503307
-1152648
1331853583
-500679681
-921615533
2137680868
1055924937
-2017530087
451559963
696647901
-1841628112
-811016190
-1523100705
-1661704172
1418262224
-155611626
-1454675165
1482415541
-59234665
-1646075357
1622122306
-867009043
2126788884
760326035
-1438050106
-599302996
2106567650
-2005535792
1191243514
528405932
-546998690
1646272483
227789502
1882544305
1262426783
-1220462498
-247962982
241972753
-81374809
-1771567236
-634837996
1914187638
2093532885
1073880454
1125031493
-2052992798
1908905630
1509587831
1208844713
1378080243
1207141500
-825900061
1561610551
-1697374361
2135039013
-2038032876
-1775116111
-1329070877
660025856
1726936949
1065344060
604819183
1010923220
2117332787
935335219
1595557189
-658500926
1691531296
-227098569
-1372340917
1867676533
1404316891
1632063626
2040693980
1907554711
640504366
166444189
1477117262
-1016098426
605823926
-746391577
565910192
-1084472505
-2047736119
1147975159
-420471981
1674892730
-717748333
-21640500
-302558325
-965500657
-1506327422
-713442204
49543606
1346767992
1563569124
1054038418
104980093
2128524064
1497460685
-1522570732
-400794279
942695514
-1296968643
-34485276
77943129
-702778595
-655475838
1892585934
48239137
1313999024
-2032954149
-4327614
535870773
-1698468191
1644335454
1059798379
-567259273
1372685307
-191020261
-169097857
-643149074
849138103
-1222833536
281869400
-2120145720
-51449230
1674540542
-1025709244
1694635938
-467254944
-2058422292
141197848
-561842683
616105088
-147417428
2096623243
1085712692
193234449
580778763
-1926589248
855574564
409981252
14516461
1516862756
169743051
-902756814
619720233
261376890
1518935453
981432591
549696433
709497651
1673834835
-1611919200
-568009482
735616258
-617078035
1614583786
-453439094
-446565968
-430692358
-490866901
-530854650
-582009300
534244119
1087145997
-62836435
772105445
1991533748
990968089
1269634641
1480642652
-1228538851
518222953
1319124469
1271094004
144225464
539884961
-858551373
-396861428
-1645515893
-465421537
-1720489888
1289767503
-924129023
-794419599
-494161043
-480890038
-1671050515
421404679
2130110096
2094491710
-406418737
1769144873
900288418
1490937911
1789994069
2094812970
1398506698
1281109853
-1107943389
-1915222306
-1910147365
-1451629687
-228260138
-1999950008
1405994490
479606298
-702250938
-1991361384
900152452
-1741811959
1054253835
-792492973
1578144814
479286587
1983133762
-200986669
1716054380
-1154226154
-802031727
148595186
-1316126441
-1927537066
-1586561177
-1446870014
-1164196791
1773788705
-488895096
1922362879
-1124297077
1284416088
813644744
1378508295
1915513394
1707082031
-449821418
-1758268662
2114303749
-2127329281
-2006608196
-793076035
-1005996253
-1972633510
-974474780
-2145565997
-2105700829
-1773309344
-1378049699
-1308430993
1729117821
-1200719792
-36599905
293529811
757076263
-2064468127
-287536884
316904029
-302230653
324243922
930059896
-964154188
2045415287
-1892063680
540072939
-1914887874
-1820024355
1675161655
1072813989
-771857195
544690974
695049738
2035440993
1908077497
-1728096743
480440294
2088372702
-1862035257
-1661152952
-900975579
1828121242
-467504149
1750324773
267072735
2004377056
1363145682
1523739338
-1065637177
2030661381
-1714342172
1077610967
1577224499
970863341
-1495857295
-174277481
-121800836
-855906092
2106844969
1343239013
-2051011705
205251402
-237838895
1216577612
-711878236
-777683585
-163578060
-827041811
-919097962
-333733696
1039064151
-854393691
-700022542
303996481
2067420143
-968476690
1246888620
2049663260
1525446167
-1649736187
-793820178
-1051902823
-833327299
78698445
1545559595
1711790768
-421810595
1235062515
-302373260
471011019
-2130003342
-548235182
-2030026230
1689948367
117533480
-1956722537
1885433907
877651037
1651341525
1044307752
-1493361327
-1891831724
-1220175958
-613887167
-2068802769
1160383130
306090533
-1310961824
1558665886
-1634567140
-346876215
-860553501
131572288
-1924218606
1024339217
736203246
-1004683613
-615773817
936609185
434936722
906434449
-803422696
-195028545
1391636011
923301
-1098511109
1567673856
1286822409
-1374819551
183157571
757337158
1314976337
-1110558977
850654817
-628717335
-223527899
284424517
-1612955155
-1375033549
1439656962
929450397
449486246
-1683148526
1713509738
-888489692
871763895
-1635691000
1186853058
-1616483198
1184612156
-24566427
1247845244
1089356602
-1033557245
1985935288
3978872
513908802
1131710614
-1652065405
-29161817
-1338988587
-215380103
1166760237
1263172593
-1339554168
-2007944017
-965565892
1903641176
-1867934309
-1751704957
707493827
-1533066915
1188720785
1429715076
285791256
-76763742
681857027
1264484304
1394394058
1390776528
-1884209744
1032552341
1174297041
218721210
1399190999
-1659875883
466139911
-760981822
-1827632696
-1116981144
-1441424169
-662092677
784734136
-850656697
-1516506317
-950318448
969124821
1785835782
-868808245
1428690147
-2116837734
671952546
-760644485
1335092985
1836713059
1213645692
682803972
1450823572
868221507
935898277
-1404746754
-806817119
631184405
-1973071268
1326850829
-913175212
394973137
-1773411628
262094418
122067089
849875488
-1833609927
-1153495259
-1940050547
-1507360719
-342877963
-240557568
-2065362763
53500621
1351677230
1033312701
-1110636850
-32006488
-1091314541
-1429048828
1723848797
-276836870
932165976
-1583319810
-675600568
-1531756722
462189950
-2107664306
-1651803460
-783022694
-382024873
1027519808
1570940241
312067470
-1400804791
544133187
-781457044
-821621712
1397496786
912614292
1838383077
168098472
-492563253
-1528028868
1760388329
1248680792
1960513264
-1743364036
184651552
318272559
-390773089
-519853819
570553617
-721081793
889690335
-1025895123
-1924070203
1049053836
-1475674716
-1747290528
587559338
-464450522
-1242111408
1612413076
910326970
2141855609
-477616003
-1164430464
1745492700
-1032331550
1462947065
-1022238898
-1767858806
2103407750
2065201937
1259053198
-152059469
-528217761
717131794
-1927110802
298928353
-1089449577
1042436876
-277619160
1393000606
1088162328
-126720807
2128904891
-2094244844
2037594979
1335929949
1228441565
1061553139
701388193
191906574
-1708193489
-1036386153
258439671
47654326
-811950414
-62496151
-1320516322
-305943177
484408185
-2059760508
-1887260878
1137841423
1185432480
-710965860
-64891703
-427913635
1732103548
-342232293
340442439
321170468
-369278445
5120652
1013510767
-2031803379
-1809100594
-869219012
-229245635
1486302450
169503340
-2110438882
-1814750220
-746914471
1686452026
-1116421649
214680946
1421291070
710786176
418863513
3050954
-1643969003
577037630
-1342507300
2113880084
1165750286
-1528471016
-592841941
1630683518
1975821210
1277695118
-571641645
-14773849
1718665261
2028435823
-1457133982
2021456940
732422469
711640719
-1000965050
523259778
1360490155
793292727
787882164
2103028997
1207610617
-279116068
-714902070
1725515345
-428551589
-1334072428
-349766153
2139954128
-135191655
-1591837243
-1795085670
-73101164
1459182932
2113095583
729297129
1568204647
-382538353
-603335989
-613168876
851967263
-1841839759
11640036
-1296876631
-2094017483
1107798856
1830412070
197943609
-929118824
1679533265
-2051154588
-2027390916
22375103
1693741494
-539840449
643691825
525636861
-913152425
277544596
-208359159
-874322408
1994151629
1582848566
-1047258683
-59056613
-1831341525
1654207452
-923711139
439054955
-1359606266
-1382180259
499984100
-1165852137
1037674039
1994144026
2112943592
-222708876
1344836830
-1563145798
-1155925986
-934033687
258033322
917531932
-550828738
-421475577
-878645416
713662345
302333228
-1635869220
-705035655
1567145001
-1590216616
-484821112
-189598601
-585612360
1388599910
113064464
1841399769
1455381113
1279011600
-1031036302
1582770885
660222314
1483987275
-1346177288
278341830
1672695480
-1498264408
88966865
-220744497
1103391093
1346463997
-1936617763
-1168437376
2023541895
-77764540
-1571989561
-1770107481
-1957268253
-291148094
1808703832
1831830281
377642747
1421786475
1860497162
777344353
1627895669
1863198340
-1999402532
-303154264
-654777572
243378314
-8303772
-1269961322
899453467
77484882
-1787722198
-1522284696
-1860677016
-341517455
905092914
442312164
-2129832579
-723419171
-526111526
-1373438311
-1924178611
912401876
-348147994
-1637730197
434701429
261607164
-877906983
-1098741682
488625586
1293340107
1142325126
-655894959
-1369577837
955997224
-1270053147
-2087293218
1997400431
1705932882
1211389226
1091732544
1574038168
1176579072
-668750317
1056425060
-431215408
1062379978
1180631425
407766755
-415966981
-1118327609
2052817994
-294889665
-1930529514
-262101386
1741259341
-1333010580
2071352935
-1499150623
-1037484602
205551250
380470006
-51881217
-1761742878
-937109487
113882683
-1161462438
1574420117
40158917
1871019288
1748317425
-2019116117
1185915018
-1365140216
-380559777
-212451043
-1094572542
-256296295
-2111569093
1037123237
-27362667
1435333399
14812098
-863679340
1937088697
2114215305
-951634253
-326920221
901117555
828548833
-26877062
-88343673
1910928924
-1140441746
1226554000
1690295048
-1515274392
-480526443
1257746465
1648333396
1005071524
-533749313
-1177527058
-1756459312
1217689662
219627413
-102430348
-1146657361
1515894410
-1715647382
1700906830
-588612729
-835475517
278943481
-356434729
-1637412575
1157277263
982078543
403506963
-777533040
-903301818
-2064947702
-1918380594
351862148
-1420594380
-1782755389
811247109
-1850708001
-1184762594
-344961080
-368001403
274937736
-1157247549
28266254
-515616046
246411903
-869874397
1590467685
1926754377
1309709874
-1814821820
-1988909331
-147383928
109605134
-97142477
1167551432
609924109
-398970536
-165251256
-1578267888
1223961629
-584383172
1187764142
-1882114037
1674343142
-699586522
1559895587
-1519880035
1536309991
1017999696
1118234107
-1466341378
421861007
405845915
543890281
-268144468
-1490985692
-403235165
-900414207
286503329
-2025129498
606118157
-229809800
-1233190200
1471383924
-1650496478
-1218323026
-1935192915
2019191149
1956372641
42297070
-1742526604
1556848217
1104628944
-1153917580
-503188212
1848423370
-1061702700
1561520943
2078927524
393542334
-948423102
-490470713
2005450077
-1451177401
2124345333
-1610626336
-2146048448
-41572755
2039635745
1378302368
2099294577
73888083
-852121432
-73079697
-1563194203
382536343
1477725612
-1608759299
-394704687
-824901377
-954522012
-1946743672
1369981731
1328626257
862303795
-657733026
1145219381
377140609
-1903940362
2110657185
1018842240
922536721
336570781
-1741701046
905558286
88706996
380080636
525849967
-1573158029
-253805259
1154225123
-598513464
-1456209411
1279313303
-860413077
-282499217
-981408470
-1151208324
110529170
671231719
-1030397094
-496385334
-945889782
-106937506
1821436869
-1177304949
-1885836467
1320658486
400135342
-1172063980
319058932
1485148353
238205144
1592587625
1997163081
-891119796
765163577
1897971935
-12508390
1965389918
-775417875
565056515
426029264
-808641471
-423346835
1773570490
491772863
-1051948863
-1585700608
-214236503
-780522562
1622920499
1691112304
778345174
-1293306118
-136500551
1452352257
1119147407
475310599
-1760166717
-751293538
2058494858
4898103
-1712380456
1993784917
978593613
-554685649
-374799211
-1141191675
-960144432
-1504117578
1235956982
294864726
1195770208
237813200
-1218928172
-844615192
-1118407483
-651694069
-665539922
157927630
-334670682
-359543272
-1882299989
1872856125
-1780475604
-804113252
1496524255
-2147033472
1399521766
-625163192
-1258676787
463803951
-416317972
300126503
1330533932
664690591
403599942
-1332415690
410355949
929839516
683016846
-791851975
405655677
-175908523
999342035
-828451124
-1474507961
339796375
-1019321920
-2028023113
168751996
275241278
1434217981
872981127
359542550
-843770649
1139241428
1794944601
1480776729
-603715606
-1721519593
-280354824
1669520667
-68800377
-24742591
479185962
-1264162297
-1287646370
1900497883
-663626426
1873979677
-1862927836
785578785
661066506
-781822916
957966739
265285093
-1116099669
1496641123
-995917150
1912491954
-1929033172
1518423413
668451574
-1944308173
1547464179
609254460
-1540499305
1150844117
-1814737000
-1162200913
760773863
-819644757
-1629014272
904696439
-1209365809
182770322
-2097242454
65826223
-1300577222
-654602859
-1862289336
1284828651
859437766
201338770
-925620591
-1628172933
1660325817
-1436611043
1817837653
1816323313
1321434929
-1300602460
1188524241
-73636129
-366450017
1836251346
-292058812
-897739804
-1071425931
1464186424
596252609
1430678250
-1600385250
1318110250
-519465145
681777576
-1116444370
-702700825
-1886941938
-986107538
-715140902
-730106628
1578166051
845997089
-1637884758
751250921
1621176375
1204718979
-177547412
1836418820
-397103950
1728122039
-140741268
1892474525
1123464462
233681412
312486113
1425761634
-647306909
-886913832
17287593
2040020485
-2059085251
1887823376
859341881
-333155557
114025141
592695926
834880462
-1224022201
853831615
536562058
1637682152
485270423
-1121230657
-1124524923
1090450680
-822532051
1127460194
-1246254694
-1409499049
1726522145
1536203947
-573290626
626800506
-970444378
593746252
-1571723989
572967524
-1037660309
-389548233
-916168225
1074930011
-1414408125
-991609229
-1896193686
1735628254
-1690484729
-150483149
-335568727
-1673673003
-135273286
-1477741789
-1389818291
-1647920118
-909369618
182628357
599272417
235424983
307295335
247721852
464354058
1173601825
-1997696771
-2082418648
1331559183
143444868
-1145509434
-1543965710
2091154075
823103439
660467316
-1235558488
1143980482
883425458
1833889018
1652211659
335206465
-981929546
1532562293
2138056359
185396233
773575276
366672970
2085164964
1249025022
-1449026583
-462401397
489812956
-835015941
1336975729
34933918
1364663277
1029463833
1575106673
1809539872
2120112911
823005489
574516146
646429190
1168338792
393654430
1843604940
1644518917
-1908128866
-485671097
-708329768
1944619059
1790881198
1269139932
-1453049496
-296183314
984270588
542744670
655391419
1493676796
2117743018
1853084389
1131207213
-460651021
316006188
2037724829
928670700
398036699
-1279710180
1469118225
-835745040
418189329
1744987466
-1397426261
657557036
475756910
513673751
1757186427
-920007423
1534926247
-923574270
-1812842185
-1200462093
433478134
1418603395
1406269826
-565509474
-675179526
-1955945961
692923761
-688650262
1178644955
256240028
2112247626
-97773187
-1783926607
-676939554
1846701966
-1434470031
-1232978650
695659889
699017273
581043526
1577284185
1396714176
-1894408121
-1073693414
-2120539387
1336596070
-410956934
1312098839
1394856162
436209084
-99413414
-350898132
108049994
593768626
1711468157
-2042177794
620791328
747224546
938116872
-1133644255
1765918189
1542962146
-1579970187
1290891394
-440392117
-571319335
1204091542
-862160088
539262342
-1512570540
-1609884712
-1763120357
711411839
312408922
-411598644
-1505040733
808441299
-1639105859
1385758947
-1461062219
1364754237
1409587634
-1380634247
-839506518
-1892510408
1322485924
39351316
-813747150
2125127912
-702335932
451028204
1084159367
-132521926
-124159772
-1631146578
925329893
479797321
-1932118267
-845578116
-971491784
1651071491
-707207890
-1618133192
572945431
1955280140
1481915134
-667380990
-1629680399
929486050
-1274809980
-1202554882
1485509765
1132237889
561517774
-855572134
1754846871
1373344456
-285158721
2072107407
-164394016
46201051
2007839525
1990460134
-1882527163
-812837429
1659716875
754883645
-1445264308
-60179404
-476492470
1531489802
1211116491
-1110474586
1596246630
1911702432
259640289
684572295
-1428332138
408900785
-790860246
-1261205705
-2105341660
1059668755
260202285
1089855349
847774711
1574170822
-1137859047
-2020479232
-1373863314
1672458806
331695025
1743783553
-2028798866
-814636868
251849859
1215733672
-387475266
1369444714
1912975967
1263188884
-771345007
1535718407
1306611975
86852471
605021796
1398152792
-1551298013
-1589948551
-1365640438
-1507014751
-101680009
-969836579
1290658820
796375147
-1070906793
2033226850
1609730070
9597574
-1829166247
-1861972501
-19079402
1518720337
985773388
-371972511
-456202746
74449464
-288405399
1714084568
1953054821
954697085
198662856
1169966064
-976938303
1398916923
-1714270443
1985124477
210838161
-1600059224
1326144131
642791018
1147512641
716075418
-9642497
340153818
-703514483
-1104612788
-694378839
1252084367
1121998353
1945763169
1287557503
999094159
402129953
-1139974616
1609313883
2117753092
-721135146
-1145458912
1524203039
-572962717
-1141285784
291189951
-486516690
2049433297
-323634237
-25485201
1899856669
-1951721023
-734247853
653885400
-296571734
-121985567
-47048157
-1907336092
1551592684
1992553526
865931557
409652991
527616204
46595461
-1044465965
1777536030
673834931
1062295541
882761974
-1331254269
-1874333564
-748518671
-1919298108
1064350526
-963231284
1995345235
1484742960
1744641910
2147187000
-1922926146
-1404474498
-59638679
333119047
1189086538
1564206357
339100976
-1781136321
1679602791
1654725528
1047467463
-314165404
824855034
-966865866
811593933
-610694809
-953348916
303662913
761470343
-1992699619
1986428708
-1712178947
503013930
-199085712
-1757320015
-648877126
1271963225
-688948326
1148613294
1073551141
-2055403028
576192655
1747871296
-841150246
-1893131278
1892320698
1954168097
139162172
139484665
1807438060
1523473539
-1801549943
-1544966260
-1759412335
1219064366
-679797720
