-465377376
1833437676
-117765728
855127936
1395456886
-1082901728
1377571956
-109877502
-64398950
-488984987
-114538284
-457962348
1147837819
991536628
870395348
-1925378635
1999203675
-716721691
695141910
-307496717
-1438323885
-1921161500
507597422
1020788165
-1081429350
-1162392540
-1813620028
206048663
1428874502
-1038863213
1387258174
532773413
2099317969
-2113702066
906584990
-319707892
-1063070048
926530390
2040958696
122328221
1177675713
930761348
850577735
1163100660
1727943860
-1129439302
-1353386448
-685001655
-551846932
-1935596453
644405447
319765893
1407273174
-766422788
-1820215166
-2121110504
-1192221926
876782939
-698340340
-649984503
921570848
-2096747633
1530867307
-1650220723
1937226965
592542337
1090183780
158510429
1344839086
719809434
1431676957
-1263795710
-2092358932
-1905657923
1824942340
-37550222
1877134114
1933078391
-863683089
-277296224
-1058165260
-352550283
825873284
192846032
-331116256
-239351242
-1258213157
-1030561431
-1841247806
1382730752
-1699298207
1046517006
-558141997
609855000
482794239
-1789512977
-1820485134
1688329260
2039407994
1043017051
871878503
-180357356
-390975460
622817945
564964964
788196281
571469972
-1184223496
422023308
-1897497259
41012762
-1828053979
-329005127
-1418916132
1641564118
1903882684
430081274
178296761
-1111712382
-1611085024
-1056330790
593080253
888544845
-1389128049
-800713241
1873208916
-445971966
-1746804368
370150002
545118457
-745328535
1757648367
1746464402
-1950171925
-1823106323
-761627189
2027254127
-1647161312
1194265726
312974958
1208465596
1778738554
-1340369991
2107228733
-450801275
-647725000
-727061691
113951537
768403754
-1892339026
-1171094401
-1754371418
963383978
2138190904
782375000
1110375027
-1403675611
-1361419668
1038213758
-1562332358
1868904603
-430825074
-1847203143
-88675328
2050327033
1058394184
973865111
-1661300993
-60188842
-1175240038
-1543746228
-538243142
1023138681
749434895
-2014928942
779103826
-1042573410
