-1507884825
-1771504121
1586313518
501733957
-361873802
2140675048
-1326187171
1908817524
1615272842
1753105169
-23952716
-317329485
1821711919
-1262212973
46935213
981428355
324813844
-283343889
243686300
-1902740604
-685117298
-760578356
588362842
-155505588
219133666
-852300829
-647119321
-688995975
-519437117
-977962691
-192021812
-1105239031
1690857753
-215330400
-1642734336
-37888024
-2048543997
703848774
74662156
848714186
2096727327
-1285836336
-1516942415
-1826746822
2093938952
745312634
1828180809
536178163
883818272
803961230
-1130776789
259992430
844048014
-2058098659
-252262060
576851388
-1275274870
-70016787
1183067714
903126165
-371877417
-141751891
-1246210269
-286328400
-1571356271
2015794543
1066793519
-516916396
-1835955160
622916438
-1035752111
254532654
-1042191444
-841681778
699401996
539366501
-1945571766
328555900
903637404
2107715563
1598896150
1669338678
224844891
-1316112874
251548938
1850568245
-108161178
-1770883474
-1042290866
1445160777
1869424000
260296392
796390841
1885223884
-1964752842
1017167507
-878862697
-895577062
1486277186
918379377
1962521260
1652629312
1614515252
-374899959
1170701433
-446004494
1425446734
1099671067
-700172355
-988948798
1362916016
-1704089388
-367002306
-721215857
-1663535436
-1087810461
2116757192
-1859749829
1618147995
835012043
363294581
-1563430752
1889155176
1764410874
525620271
2004825027
1025182476
-168618213
901937267
1838517322
245689026
2049688359
-990768297
-1502878165
-695809092
1140375490
1828497613
1203357862
-1861696769
1913944900
-20278487
1813871476
1690342794
1889216277
-1596383008
853855040
1853724093
-2054171843
-14792046
-46587562
1548382969
341782330
509822281
-1714888038
1355407235
1334641684
-1052805885
-1020048966
-585289555
-1393116241
1198621549
941306023
1892834615
-1662613153
-1746100495
-652706496
1330183666
-1814558783
1187784178
-1744362160
-1361824602
1401446344
-1832893866
-928121414
165256501
-956740330
-1649788604
732350706
730574079
-2018536564
38236974
756299951
316679304
-437601756
2033614865
-1874209058
1028224856
-887283971
43097083
-1688925735
1103384098
315144375
588150733
-1198151720
976783144
-1554638592
1548438082
344444327
1329551581
465601647
-1947374289
-1849168743
-1219069237
-582274160
1018563340
1349862332
-1465747273
1864438079
-470441806
933640269
-1981770750
637635129
1024415590
1659191662
776656721
-516800017
1883863829
-236692714
255279216
-384384867
-231173919
-1728039864
1600463987
944533147
1374081500
84642951
-42323426
-147164941
-978186734
-277973880
-681396602
-924173517
-1107936308
-668178903
1163855863
-537466237
691746579
757032866
1807891224
682540537
1006663027
266710521
1543800397
996360235
1319744000
-2115865925
-1425148068
614069765
-625224290
109703400
-1715183790
1503176413
1841930108
-2093236946
-130967385
-1276800572
-261893664
2020470106
960859040
-284875745
1247340329
-2061581557
-7760652
-1773927051
-406023406
1386859944
-397331790
1576373385
477074483
-1753696365
-850519199
-1451494997
-811296307
1373057694
-903077016
787534410
904348102
-457918531
1597740208
-946218546
-577342734
-2053763587
1098308743
582919076
-1080846445
-928789323
630895559
741485210
-616793053
-589148934
-707386057
171137388
-1319250352
-1166885289
-1979050448
-194146147
2132326471
-1769712963
266745219
958084491
-1198164939
261600696
1017869466
1255775933
134394890
-802798877
876244700
-86052481
403163519
-1327386722
-1164549290
892847281
230521434
1977097213
1550558359
-390357798
-1380922128
370392835
984785626
-943417981
1571264747
-2096324081
-1955138454
1655163842
840360013
1068900246
-262406078
-1229890028
-424201036
-581363438
15675123
-1254091408
1973660895
-234416071
1567737290
-607515752
741617264
276942706
1019400241
-1470831951
-661909517
657829252
1068743509
1266770454
1927436062
-627214192
-610760695
1257475176
2048464730
-1974459327
2140059369
31294185
-527584126
-967223487
-1308339518
-754660854
-1536946711
-812624914
1757068593
83804993
304797089
145242189
1394024841
1339715616
-908617734
-370161346
1598861818
406508195
1090336585
1986411761
2097877742
-1069121847
34070506
1898821784
907909302
-1073335963
-344606585
-1380223651
-1123140763
-703233995
1404293785
112246934
1168729340
1680209715
448470830
2118601527
-110232121
1376139051
1107389421
720272520
1690786565
-756815475
-905008041
845069335
2007299022
1821941124
54989647
-1069357329
-287440847
1161749062
-1451310885
-1696111607
1645045404
827208365
2146699308
1801554946
359963520
1230079495
1905889755
-1499899890
-952477899
188062249
-1201021323
483036204
-716945894
-1519826230
1108471097
-592326501
-1959192832
47942157
2027490079
1374514827
153783240
1535626847
294129180
1247847448
-918720438
1459292547
1383235748
132367219
1067424632
1917353194
149455216
1366987105
-1300603198
713490247
-1451205759
-319973655
697436092
224692067
-1055712669
1312447049
220813310
-68743123
1211604662
421114665
-1278601396
-1387320812
-1111755030
958049811
352461813
2055327129
1314193481
2042868513
506897791
581190431
750294074
1091757047
-1532672636
418264069
-2049522237
651289843
-1362783530
-547145482
-450170033
-641694301
1035662057
1801877887
493203633
199031927
-274086542
-718262047
-566440600
-532174409
-1144480181
-78238680
-1992361180
-1431595594
-1020216935
-48917125
-648226680
1223958088
1006571056
-1172463434
-743349198
1068205936
-108420555
-92279499
-936371209
1055220574
176358916
-1503350542
-159429518
1012073879
2132810068
141426898
-1968614208
-1102088843
871530137
-2003383749
-289938812
-560753710
-1402183511
-2062593559
-34051535
2031773696
-1339527518
-463320062
484007815
-1480013829
-1168428535
-45424281
-112987555
1156239329
-108977354
1582642764
726553505
-1731404639
-525393936
-1897380342
-1050753379
1759313395
1243686995
-571398093
630719099
1679627143
771589626
-715844889
-1326733301
-528676479
-1493122727
-1513050523
-1565012030
976742435
-1154938518
1514180068
1319171077
281389771
1455288715
1958207907
-441861209
1872695840
1987815846
-1333283265
-811702096
2066736520
1618416786
-2085989053
-1627263136
-14198820
1690460344
-181691643
268892531
-1306688673
892339961
-564111953
-1962976859
-696241941
-519285809
1867252123
1615901560
824729196
-1266426190
615872228
2141543219
-300074862
368022460
1835031609
570208814
-1021281342
1403335567
1021997812
-1632730291
1760260173
-1519030922
1260982379
313074633
-826083869
1273952202
-539731836
1198152758
1534874185
923814550
-1055715954
1353670080
980662090
1552408701
827525455
349718456
1703982058
1832722907
990360409
-1732247217
-1769732895
-656777685
-928446303
-1399755872
-64128953
-1766688856
-102561711
-131125261
-456140661
1944266038
-1517381156
1666428479
497291945
1228861057
805978195
870502384
-1547957349
1989690982
-1877332233
-1002454293
741923088
-155621486
517772046
1880416462
-1176546981
-706029720
1255679738
-669235588
-682547538
1990505256
2012766854
962322392
2128609671
-349885620
-810820477
-1573917745
1314082409
1902694709
-359747181
-341099364
1699787471
1739037447
-1990982588
-1467697081
1940020573
-1807498800
-767628704
-1740776083
-1198152360
2068176367
481057666
-2052698041
1767877976
2001986995
1916073196
-140725276
2031942972
180810306
-569989480
1915573177
-1663285411
694021819
75734412
-1456250533
-1603023611
1112118687
-2144010382
1823066762
1759778338
1731223660
720718695
-31134863
-33427402
-980464246
-467700718
650027307
-2108888943
-1631149973
-70449415
-783122295
1819719106
1047527405
822015247
645936402
-1519172534
9279234
-97398640
2059816010
1462786707
267918226
-2036886511
-1687686857
1720649760
191618975
-952219950
-1057727456
1713918980
-2097983318
-1408495018
1047460503
-1710629224
846170453
1039047989
-964455494
-1372689816
-689579703
388284208
891415733
-2059304851
1967351641
-110697850
1469100426
-226712703
1085690343
-1994152315
1472177684
-346044657
114160006
-95709341
-1516412088
1542323465
109715936
1199574862
1790256318
355634975
1738257626
1025938625
1973250671
-1990068435
-1768524811
-1474082280
-737643840
640510708
-1409854473
-1726856602
-2895681
68611852
-1394098487
1107349382
361013931
1811883289
-3074141
723852655
1165110457
-234534596
1516363109
-1809600820
-591864811
-647687476
-589820088
-396914996
1814820390
1468361798
91928501
1586187318
-904103914
-2010761599
-781794956
-1394732609
-1003492719
1489668901
1265728265
963735455
686435788
-245353890
690318426
1160882785
2033811912
-1292091445
-16489835
819176186
-1316729129
-2037380420
1115936336
2051058717
-1817415073
335082909
1608978417
1264181453
410260445
2030090412
-563302833
528601139
-622049748
252388338
209417113
-319515983
-1672087289
-930509713
1104444534
2128845878
1583480524
739989655
495928686
-154411052
-45798782
633757693
-1828314489
1137842319
-421410275
-165080498
1377832243
1599753078
1217921280
-818701952
1993272425
869062392
1449313986
-48993462
795327249
-1093885073
-1409315276
1406664150
-1813237596
-1740158719
138074275
1979880372
2142490643
-184467800
324811097
291918610
1297907944
986539662
-1739551382
-2065228758
-1463216469
-1614771299
-1395037268
1459671802
-1233753466
967222358
334827782
1090261050
-388633813
-1861685534
-1893577491
1359506827
2112276213
-932103578
2069377580
892526828
-1489693619
-695733861
-1514041373
1168235377
1324915791
628079261
-1496811823
1961369397
-1400689748
748339202
-1208070443
886734992
-221737519
-1451034835
389103793
1550059141
1137219144
-395315228
-691537903
-1567154562
1296424030
-569755360
-175570485
-1141778630
-54915834
2116339492
-1098691992
733370118
740488957
-249313583
-1994293021
2073559338
89240878
-923313609
-1043701328
-1961820506
-1072194729
-1241007505
-1190384129
-1128587746
-683489045
619223719
-1569598655
-566083823
-2095675846
-1669912451
-1056667925
506838097
1141493711
979844497
1449450105
1298237871
1079555096
-1350986155
512920501
246348021
-1063557300
366879270
371889464
-1273472488
-312462968
-1193099104
-547929295
138013358
804494139
-968884179
992366692
-1916942179
89422788
475705823
-441102475
663215125
1376243289
1189766784
1675945063
828501183
576352554
-639489818
1833407070
-801679818
1792881349
-361100918
218702252
1576210357
-1563831876
1829588827
349692426
-150340846
-1413098876
-714448432
1302940965
837201643
1113739168
-345063365
-137900708
973811742
1728456701
1486527077
-1372607288
-317698434
-1310576736
-638788010
-316837764
636590274
476399230
621924211
554705933
1183849408
1637906858
-1376027954
-693741228
-414883620
-76967243
1671208121
-52109198
-1274847302
-435373743
-722220132
115506196
756373306
-1908143305
-1273103352
2009339383
-1168064091
-1758048694
1761915403
682178478
843372579
-559144708
-106073147
-1948202078
1143626096
1321028848
1886736699
-1078302118
-1178826801
-1943134239
-1579379349
1573435389
64983614
1909386945
-1590430561
1303221780
1225252074
-106027227
-960639994
886123923
483974373
-955280673
669730432
1659966745
338262805
-299781652
612793016
-695920778
-1476971921
-225161584
-552085897
1741381230
-592421531
-1027493953
1558604599
-1641675332
751920796
-733082177
-1210585097
-1248830887
2102907106
2134322442
1802406989
-107853315
-750171553
1871201144
-747650879
-1401108762
-88326391
310676381
2141257815
220341207
-458056099
1952262767
-239349907
-823546781
-1192310709
766331692
-1434158137
541982058
787862897
-29256326
1712046568
-1899372060
-453923188
593387983
-288033885
489666525
-10967253
-1660268525
-1189121040
1721999808
946311077
-1776737150
1277926403
-583989289
-1244237236
1208815319
2084593050
192425490
-50368542
-1398620250
1320695446
897114630
1697804107
1832841225
-1766766131
21726520
-1670933372
-88457346
-2040155874
-1242957924
-1892830509
-395146225
-2081530684
-1606539688
416362047
1247226035
159650799
-708558131
-812974013
1360500212
-1904776560
-1536498218
-2125540418
-135094063
-799948684
-650402990
868903980
-1222767643
270441876
-1225076257
-728249317
-1566759224
1207828394
328567529
281464535
-1713440844
638938375
-81713438
-872797849
-2031953045
-184622941
1235204562
1654589117
-1641234600
338813814
-1913564142
-1215974616
-104834572
1574201093
-527299757
647301900
1257047403
-937020097
339808229
-340156203
522854526
-1064105591
900551222
-1446195671
-572646997
-1968920810
-435651432
1077879900
635996298
1188003964
-215399098
2064969768
476707193
-240532348
586308776
-965032803
147476347
-2067405759
2000911317
-1994178218
-559357859
-1805195677
939866
771655661
326086426
299244492
1786870329
-101772112
-185243520
-695793309
-354988748
1143402132
791676434
-240149720
1920454218
1930650217
-223069392
1573385353
-1308640126
-1687372465
1255936117
1455845875
-2035794970
-563955096
1529958752
1780592555
-1061800494
-1372219442
106868789
-1332771
-850855570
823592647
-1481325531
1442204149
-1655447432
-1070765257
696141228
337835309
235338822
1598496341
-1607389894
-117182362
1218907915
1483909281
1396742165
-384848581
-1189784232
1888233237
-1976723587
-2045553581
-817110042
1847545754
-1112322544
-1852628745
958111122
-1644115779
-1009975441
-1063493148
1522861480
1207486626
-400886238
1802908513
-959090077
2097426232
2064999352
349914770
1413899188
-1622110290
2009767730
607668750
1031078466
2104155429
1406690721
839894960
-1218180430
-849367386
-1507458802
-698512470
2132453671
1829195349
-119572071
1138813151
-2028533492
-1448671257
546321636
-237605264
-789340912
1169451600
-952260687
-853613929
1942643570
1193177281
1430846921
-1688561996
919710334
1179371217
-51848161
1935501477
627186006
-314795015
-965041867
265356634
1045299445
976337478
368887743
-1071628121
1215183217
-2128489399
586829701
1646237276
-641134720
-564052399
1313427597
-107730798
1912342076
309298908
-1837294472
-1694773433
-472288982
-2044616119
-1894870484
-1173484243
699869816
1721146834
-649885773
-610861634
-1543771771
2094009786
1795714658
-624258925
-296944217
749120194
-1250060995
-1522555402
899051815
627495649
757837210
-1683496779
-733751152
-85466829
518616579
-783138503
44061225
-2085842640
1756802912
-1361846826
1941469631
1456070945
-546389931
370363491
-1686023001
-1372248112
-344478999
-190279411
900954626
-823045761
1371027559
776775272
368704322
-1549895654
1835696008
1093726918
-1240936211
-1636939089
-250730287
-624410932
-987312223
548599837
-619702982
2047869249
-621581993
1734709515
-873247984
-33418199
-1930379541
1616647452
-1574875877
-1195104494
2011088347
1387700064
-649707517
61571757
1266452046
562980365
-92306961
-494866017
-854543016
1231585646
-1511417746
-1629887847
-747950212
-359027174
-1081829222
1410930597
-98232463
199720553
-818647686
-1426426173
-1174561495
1149677348
269787304
-709701708
-2054311666
-1570925701
1152223539
-1528452331
-865261682
-1804809157
-1777138490
121665198
1871188185
11517504
1507008265
-1028938997
1477134569
1273592871
136137543
-604535220
-482638910
-1075177656
1190204496
703862841
-1862641157
1696828387
850224800
-2009080935
2096175484
2116336792
-699934528
638290115
1267818120
-2113654500
-1744464405
2060799349
1217902845
-852784087
-1593454859
-2013809180
-323165734
-1852838730
-2138581656
-1760193773
268846338
-1754091928
1842693360
-1943178649
-303111361
-1853276857
660266744
-340493701
1286459529
-1977487180
-117375852
-1161707215
-1854942585
-574152294
-1988183391
-1907331319
346940245
1648422884
-1401863126
942687157
1814207623
-2115409106
1068687117
430002156
-1484992915
-229764418
-1811702051
-435095426
973981592
760537269
-1244667382
-1992583512
-761917283
1422546049
687799615
-2074654295
188456984
-1130286955
74889483
-752759404
1122028275
126082908
1705412034
-1124832408
918779111
-958221462
-1405646427
-1398909347
-71285437
-1700169996
-265491136
-1527313792
-1441930260
1081736834
1938950675
1562345601
-1728019804
904966882
311058292
-947762485
447100558
273892959
-1284410957
1594879957
-1257183759
1968769331
-1560873089
1077286327
1495977532
1740607801
1879439751
-739945728
-918624695
106277094
-150222748
-1008551738
-2077318939
-934168198
-1239552843
2111793661
568513424
-43506574
2043442571
-1214131188
572376448
-429309888
-681555705
120675485
212904684
326495293
-2095359166
-1615947596
964104326
39120862
1242230636
-611360509
1000274760
-647849690
-1655027913
1083660155
1458356339
-449360293
588670069
-1101352410
1930811860
2008614652
2084159743
-962437325
289290825
1779884017
1541480665
-1796876718
-27793789
-1083359484
-2047286637
679488322
48027148
1589918095
1455714801
-1853147737
290939019
671167095
-157826866
-1012604384
1638775622
-1820335272
1614080572
160432281
862538473
-694795007
1388209136
-505207843
1434111365
596249378
1011900893
-988977554
176726234
-256530620
375017502
1898064024
-303781671
1543898872
721127192
-2057692221
1662753379
1289322835
1228185055
-1219940599
552054359
702261145
787545817
-743558904
476905675
167832887
-368926048
901397240
-1958338408
-1568646410
-832301780
-419743489
-1236561124
-1227308691
-290248399
1089872835
-999731142
248651447
-166134330
-1791836351
-1736344923
2017667942
-285590969
172225245
-141830050
-630308169
571778171
-780857671
-787099782
239606278
1818064120
-92958135
473885480
-315753596
1900416453
769804326
-225825550
-1380419546
289601345
1176750883
-1734562237
1068680416
-741652668
889702558
-276408792
1678653203
784651907
-1795451881
1337567066
-282291133
364111928
874766342
1302588028
575875340
927672322
1861660648
522664096
-1346118826
576922121
1018812314
-850646513
-1692881977
-231827099
-476472341
-1768346295
1079073401
2129879232
-1188018068
-1327904182
-691395860
-1427793607
-2003775863
1157649935
1833812798
-1539474549
-311180836
561044055
-1058782567
-1401024658
2118600128
1319908782
1143155435
-1822067395
567787557
-868304986
-136631844
-261773864
-1571789405
541441383
1397378301
-1173435189
61862608
-1223421334
-658944708
96641199
2025793238
-88794751
920493472
-40215088
-61091009
2005598746
381759793
-589347057
-1631283950
-1002140221
1015819319
-1894788854
-591492316
1814768112
781972647
1349114745
-902849113
59924988
-1659480614
-74146597
1079847686
1396567405
-1411470464
-57990063
1923624437
690216572
-1531033645
-946694712
2023567555
-1622887213
-2031056625
840270942
1119855090
1420515480
659968544
-990900482
-1512219127
893600170
-660874595
-1706122420
1479574183
-1823256791
-942208523
1056672456
-513614117
-716172484
-1076637209
1846912557
736597171
748721933
-291029961
149748506
5554194
1243405080
-1653006434
-110626828
-1280297274
-205678683
-989876223
1981714953
-2059422247
-1603731054
-1188602394
-2105105927
-258076633
-1153394858
789887267
1163862609
-891538895
328219202
-111850793
-1841417096
-1500639441
-104916984
-1980786018
-1828712498
1343277931
279390337
-1739468033
152256273
1784199116
1707099050
-450774743
-142553085
1382740656
-1378348049
-1494750241
1666537801
-1919958529
-807376724
-1950638673
318372502
-1853359492
938585328
-1129103767
207272712
-1344206754
-902330749
-214841393
-408294959
724069663
72999209
1836032393
-1486461670
-411515245
-1135285720
-1843834789
-1874531549
-51924165
-1982414840
-103979879
-1023747666
-2097338406
-614344039
-1276748839
283836317
-573437367
-555782342
966027754
-2120522534
1627202951
507336023
437673221
1004874870
1330826004
543633203
-333442750
1631450388
-1175669378
-1381836057
510666573
-443786360
-97189829
-262901847
1937633881
1894745018
50874553
-2136061103
356766035
-319042608
1773161651
789967897
2109302619
-227734132
1102682566
-833695068
-506173585
-244248079
-71556540
1342703681
1193142121
-1682760916
-1067988154
-1132796560
173370923
-428103502
-350009337
748405924
-277204713
1791351205
-1772300688
1043811658
472265925
459149691
-1391349522
108159754
-743553809
1144242913
-546682485
1640187212
-600508496
-1270709028
-1726569924
2094965501
-66179091
1662309938
-843622793
1752934034
-1833708781
103101191
-137025015
-1770111412
2003019266
-142057270
-37605083
-498654019
-1131838136
-1063906223
568124863
-1545769589
-375886702
787699266
-1839284710
-1365403020
-1876426402
1387547061
1298471072
-1403618158
-1403808523
1199651095
-1451454223
897344991
246600088
-2096820911
115610173
1251962618
-1626110215
1051300648
-1421985066
1658443050
-845198868
-1006095642
364700928
1521988771
730782558
549191226
-834934517
-278289656
1077447301
1772894300
-1149408093
-1624773071
308676185
-38486924
-318024858
1237615405
196170306
-2046564804
-781802313
-1882865270
1265619474
232513763
1919351505
54836947
-609377996
-572555212
1161383711
-663896487
-1540708058
-1628370953
-1299269686
-64364234
1080961828
405505431
-612308334
-1436200305
-836980443
-119169020
-2118412064
-1428851688
1527224842
87491034
-355010276
-413741348
1043117333
-2023243326
952176956
-1036858306
2135924887
-1656525544
-120023395
1494842170
-1791107091
1002412238
-1573554411
731637232
2120866988
536878223
-1094164664
-1648903325
1234716443
1220631591
2075906619
-1060286083
2001377
-1865202911
555132454
728056662
-269990657
282449585
1346960013
1924870069
744817663
-1508736556
306838417
-732472362
-773938323
1549500341
1904084611
-1839645075
-372500090
596445266
788661177
2125543146
2008782383
-1260248225
-1083045467
-1062734593
548023848
-2096544406
504274210
1492538463
1766753665
268639039
-1081793775
-1550274361
-968938164
-1080547443
1691703076
-1347094975
-1305171821
-891808055
1008131065
-577048153
-298693492
316665170
1837054058
-1386568346
-1537183733
1431466965
1211749923
-303782268
-1005216201
1975551474
-240593548
-1184578077
-348929920
-755685601
197053031
-1882748474
433681360
-1074560564
-644958443
-530629740
1085734144
1689466056
758175541
-408580644
727289997
1418302179
-454029067
-1436344679
-38346357
-973817645
144514828
1280727478
1382951897
1667734875
539084815
168263635
1288908181
1694793641
591378180
-1005595319
-1440037934
-366651393
1024182580
-1711915669
-3662200
627584662
1970267461
1545848335
188006347
-923829058
1695199111
865527628
-444810688
