-1391285893
-1357400540
-683235591
-1497511646
-1098026952
-276704081
481703367
-488406252
1782862740
-35211539
283395306
-219073996
-1324911087
-1272548290
-1166435772
932033589
1591242974
-417698598
61039330
1747922833
1348905562
-336545788
1458820889
-1150726431
1864110299
2115223935
1499888875
-627876497
1559510442
-219559359
-1099191122
1775966473
-1804319662
-2059452314
-1670038545
-1445835497
-1179012582
1474962023
-487034221
-1311601937
-738491953
2103697803
871870015
208900968
-79689786
1811576732
-1878501383
-33143379
-793306592
1393599454
577769487
1775183699
2035808591
-2131721412
947794999
1926814124
777436377
-1590495292
-1317723145
2045251677
905791579
-185494699
983099206
-1331700435
-441447215
-1759512169
-1674634381
-344038112
1537677844
1942285610
-2104079802
-968404284
-530037597
1335524385
945360740
1106418121
1301767077
1243611057
92516343
1166761943
-1384256722
-845159643
-1815541618
1976835740
1157326529
1112958485
678294849
-1757261021
-458975211
-486158890
2059442200
-1540010388
1039089180
1159182900
-900521556
1131477816
-626735040
-63794850
-511180785
-1038176989
-2018084369
-467323103
1366792168
-568111880
-1657683367
729449305
974515170
-625248704
-1547973512
136915875
-822028729
-1354540516
-924349616
-705948585
-725239577
-669418668
1059702392
907689141
100124478
-118974545
-1335694632
311736925
-1990308139
932598404
-80829517
1137997828
-451632664
-187075440
2007334887
612936548
-1947498424
1414780170
1748838259
-556648844
-856270205
1060716533
993518906
2000119769
2133601089
592309684
282888454
-80818532
-827874576
1771855843
381412815
735515932
-1936297565
1441511267
-1327927237
475862853
-392987849
-553855049
-488586904
-1779390463
-2009783881
-651826290
-1108737559
1815853550
709579265
373890720
-823426801
-61415598
-320915799
-1868783428
924253289
-1066314421
-1849641700
1317488162
-1908057203
-1827533238
-880011000
-29992691
1216078871
20606914
1725207035
-1262063468
-1363006991
-368396517
-1631164598
1075994802
-1322237996
-535610900
-732035532
-514287709
-795808753
-75696791
1367297606
1884847217
23848327
1877418266
-2146779136
252617421
-452436738
-1669416754
-1362857544
-101717982
-1221044585
-72338994
-323293506
1282461159
1304532889
1361235796
-568695616
-370694860
-129946509
1806715453
-2059746448
741171096
-1313682689
1828896766
-2038582685
-1707468503
664114442
-1532093228
1199276348
657960923
-1573126380
-130452161
-1337166327
1465252885
-563290285
-1881144656
716053996
-128876927
-1235752706
135837568
-2070248451
-917072093
-549447737
-445735388
-2065599890
-1241998931
-1771909208
438531999
-1766710800
-74099952
1925887202
1723419959
-419038378
1425200214
-1893105598
-2028541589
2059620215
-697395538
1053053861
-255431645
544811351
-1963832120
-1489874241
1393323561
184786568
-1068239517
241533975
-1299617833
1568293326
-1106509021
-579715499
1996377874
-490693631
-461001305
889824703
-571957130
-1641361609
-889536550
752877057
1060718546
1160169505
1326282633
729797676
1571625942
368878005
-244823498
748111104
-2121998069
-608231667
-1496014037
-925047954
1975912450
1571774350
582414033
-1468136617
1024236240
1994731853
-806385854
-2069350
-1232466503
-1002461779
1157977627
1520286285
-1387010262
1085787212
695746455
1514072649
1457550060
1969862687
-1184453927
27451627
-121703273
-1589234981
1804778376
-2090670823
-595849916
-1633566058
-1719070560
1832147075
1786398854
1761338798
1668553863
343355435
-191757159
899918057
-1371248034
-1122701018
-1765070372
-1265828899
-326671206
2076980643
-2101975684
-2047055982
365654226
-62849492
-535635087
1675955045
-1895205670
1240093484
919110574
892273710
-310830833
1970928304
-1844533612
-337993307
498490356
1726170737
1847143591
-11071999
410274557
-1695400430
807318915
-1062646815
-2057177941
-1296782939
-1087067632
141209200
1772349400
520798323
-1566720524
-1787547709
-1030368173
1540194300
1392153673
1082018180
212672687
-397086916
-1500284017
861090773
-1701934760
-955723216
418215140
61582958
116792550
-548761193
1112275570
-1196640249
1177692597
1018125053
-136038104
-796993539
250015925
812498164
144552364
-1478631889
-1227214467
-1370340444
1468494991
-1442169559
-991763546
-2117936762
-1545048638
1249075844
2114629974
-779030420
-1035701432
2097459596
-1900804325
-959007036
2031553324
-1804270557
-1435448071
2082200860
-358605643
-1449994780
-211608379
-758992920
841875673
-511345269
499288500
-1517909629
303277550
-1516365677
1521863982
-2082414477
-1489978713
-1680274144
-128324376
-1279625743
-1428351939
-2049227233
-2134036943
1763862695
-345521172
457477547
-1197118838
-1088606277
292392864
501393842
-1013016196
221889036
1011991024
-790159656
-1782078554
1270574522
1700758859
1375452570
-1388260587
-1475664917
784940656
573595062
1845523672
-1928643380
-585197021
662596554
-1018724398
-753600554
-1104592355
742731067
1522095313
-1441317806
1789619523
451665496
-1331237921
29515294
-797262053
117771966
-1655766312
-1608193359
723855995
1159782397
1423581500
-354827685
1509215106
87165563
552764742
1378353617
-436015924
-482095976
541412925
-998670359
-1990611999
-579000301
1060861961
194306977
-735645459
-414182997
1796111368
810849893
1308274102
-1636206839
-834295006
1029969553
37066697
1365327580
551982362
-98472397
393007607
-843602106
-1066135257
-2074553834
-455460609
874489462
830258115
1449962747
-432519284
411840917
-952959551
400333609
551798113
1894813158
-1298796379
608311848
-1542670894
-1958604760
2069083183
-1727926072
476264821
1791749694
-2046621383
-799173784
1094997785
1505494801
-2032450110
-645920652
-1456087049
685360309
-1561397687
-589950673
1153426215
-490308406
761184351
-1699112270
-56269739
-1539771612
-683713929
-1133200589
1382369716
-1113857362
1497804032
1965080458
856143154
1183953034
-218009419
-1523970831
-1412743956
1331539325
93576755
277469963
-779569437
-246052470
-719502645
961743399
-707032080
-1669079588
1962905241
-1774216763
327665141
1070526696
-1110888491
1807778648
1568034133
-930801454
680578920
-840303283
1412630949
409100304
-1602764094
-827168181
744479139
-63352755
-251574550
-1499825988
-1874160026
195233679
-331753258
-1841744244
-16542249
968424347
-947175684
93265201
-818585505
1914507159
1724848168
-760260118
1389727201
-88416271
1408959376
-1803626934
1037172202
-1275631488
1138669093
2084357367
-1805852889
1420978408
656249131
-243222865
-391300585
-1479595199
-1760391669
-191464564
1798370048
-1003450118
-1176071321
316691592
1317566246
-2140239365
-1659992209
-261342910
-1049392838
-1354147319
854045554
-378456575
2002379025
1396789359
478039224
1446389241
-1953394027
620746201
-856476018
1278430669
-684691456
-609684350
1303597473
-732652971
1683282758
1576713873
2063854735
5932960
128301778
-1047382336
1284319675
-592186308
-930052747
151232319
247754336
1091265716
1304926619
1408127703
363212520
208042841
485643199
2081590353
-1202738050
-2107725755
-173828064
1509015575
1962833889
-1578740324
-1346190412
2028497948
788843899
1266553877
-941737891
1480229369
429858482
-1997435976
-1751254950
1383714648
881351805
-336841495
1090520319
1765804181
921687865
-1355670108
-1485867864
-424912479
1816971196
-2142683383
-1117621269
-1834049238
-1179069014
-920377573
-1355110900
237550072
-1287901433
858192580
2145818805
1401976474
470484237
1793856540
-394641690
-633130175
1012761152
-423771926
1423943466
23470571
1351126463
1561257322
-1138728693
926725315
-1198592037
2090108752
-1780791866
1821428423
315075565
1631487244
125933634
1331593899
-1196448925
-1066533552
2117185598
783276028
667538972
799812302
-1531665206
1504865929
1255330806
-1811105722
327657976
-137089026
-1094634588
1368576191
1110513106
1431936976
-1940512060
1503686676
1621901454
699074912
798909232
-1578387534
-2068401152
-1866208166
-1946859117
-1024570466
1685872207
302140255
-903835329
-1451295811
96975851
-1035353885
1614092606
461782351
-508154690
541621847
1164041894
-1077790532
4188321
-437610103
-943732687
-594055277
803620625
-2081797045
-1525016820
-701022513
1674726946
171051603
42766575
-650788517
1222163635
-1146121887
387037037
406640343
-1753742366
-1266329690
-739467123
-1709026660
-1858608190
-1065747356
1618953368
360945405
1780064075
-1956929839
-958966476
-1872158512
1178794898
-1610137791
-263654991
26789676
-1879212487
-2094887293
-552612702
-1637502093
231120680
-1902588022
-1872456017
-1355197038
-1832590980
-523129009
-620903767
385931399
-524220481
-1331480842
-36702497
1381948195
1224857433
57556015
190037935
-1153863407
1817976647
535229407
1675319135
-1070026730
-1045432822
201427710
-1898146003
1850363289
271016673
-107681342
-725588572
-662499226
253355577
700712189
1913271857
1358895790
-742681244
-1788845630
1589603829
-1159086
-2081047159
-2038517937
-887111205
-1257611936
154288603
1604360998
1245503981
394797277
-993908467
-1922743428
1829832163
-512852028
-719647227
853797847
1654206205
693691470
-2035390513
-1930766350
879833874
-246682252
2144918740
2006348003
-390273817
380048049
-191425205
-2108483457
1124789700
782647308
1200668910
-1029812483
-208458684
-258822571
2044838897
872550104
-1208243091
720534446
1695858479
638550778
-1880322817
1207617613
574711718
-1647543530
-1821612528
2139118463
427057445
-380026283
-427555624
-1377889041
-726822845
415939636
2118226121
-1877955032
-451078253
-393286740
203451875
-777023401
1863742485
-1771026286
526151749
-500514219
2092199150
1823377216
-452184826
658256613
799001179
-1125534091
-2126007227
-1677532359
-1424619549
-385427591
-1302503298
-1036601925
-412322356
-1325181820
-865507553
-2046565111
320830927
-1407256224
1959257690
561538880
709164814
-535145907
1125395517
2051916156
-1355549371
1019319588
1307857663
-125956193
228777792
718960830
-32387429
-2051324846
-6186868
-837968234
1855242146
-1580473015
283810417
1741320876
1635852109
507561930
340973599
-273766996
-323872559
-919891601
2011081254
1390978383
-1558109193
-1162477271
24476971
1637791489
317437163
150357128
-1214957608
-1512400700
73635155
-933438150
-637432812
-1122775981
1453537955
-1445143855
-1787123852
1114697866
-1813992017
1924623561
-28707088
1987759364
676255617
1893732552
1059779033
260174853
1661355884
-226565849
1744904202
-1767760230
1047250529
1802160049
-248787107
1717348095
505170816
550344873
-1604637599
1802880320
-791992847
-171943407
-1177439671
-1252625886
-570920971
-607241431
943203878
1525617731
1999839031
-869203915
-2066116264
1245010815
-604289432
1652680323
-310382782
-182849899
59661322
-741981012
-478051780
226021130
1781570186
762276633
605684685
1548851020
-1121727084
1801029833
-198564839
1438840603
850206883
-229795760
-64287592
488051236
-678378794
-2109302494
1674238472
-521886482
1250128906
1895471377
444744100
-1725754375
-578859228
1714180628
-1027418730
1850591524
367682990
1616011337
727751849
999654223
206766245
896357436
1305538882
1826913344
1416534672
1370891625
1124326288
-966489910
1262872276
677562623
-616801534
-1400596693
-313951674
-1437142810
-2103487751
728575926
2108680450
1869821699
-747106626
162126769
1027042682
-510314310
-743665482
-1916299648
1836215505
947873460
-70573868
-1744392958
-1201181591
201821409
515755598
977317690
1875004602
-1973987648
1623709843
-418817998
-1403134619
1526354909
507261819
-1608806373
868884104
153698459
-577004864
-1718489928
-823868588
-1602578637
-792991572
-1787014147
-539047461
1662823676
-1803443180
-1336236813
274938926
406708204
-1714423420
2099153630
-1086296409
411801694
736269243
-1797988704
-650752126
-1376181483
1401423705
892942943
1201773490
-1886673024
-890583594
679256933
1927613682
-1174880705
-301872202
296906312
720295193
-424055835
-1616806406
-622542518
-548799822
-1257536513
-1111987495
-2046535422
2131782347
-948455339
801825199
251491131
-921971699
-1257056145
1148950070
-1921645541
-1029660916
-1944779430
-719404301
-430466681
-1979738144
-1681269332
339246834
1384747206
-1429201676
1787356612
-1935787340
-546930076
2102257437
-1047154602
1711183976
281151576
871546606
-121926874
-1340992679
-1845345688
-193612982
-1905216493
585771688
-1373455156
1668195641
1267292758
1207698234
1001168145
797326591
-482152437
1742648563
336214336
-2029544342
636784625
1669642019
-1151697601
-1440062868
1849260909
3874880
-515194250
-2101292056
708244692
1261481174
314834357
-396411440
82770409
-286146118
-1448974508
-338762641
-1029332316
1919278469
-2122514021
-1359997949
-411621323
-525456064
-1728798364
1146365582
-2070357944
-1022609316
-732406529
1024561901
1604286601
1290983396
-85490347
-1461626583
600432233
1037233397
-1848144561
-1380556788
-2013872350
525896301
-641301640
-1510696969
-1462174727
-253458975
1118372320
544667379
644738754
-44457003
-1580419005
-1192189435
-2115142999
-166472922
863433835
-1423517755
1856234798
-1605162037
2016988370
893808689
815905649
-2134137668
-1282879094
1584465342
808339375
1185264945
-1077123231
-473228368
-861054196
55268623
33108288
-652880470
1836150674
-232779617
379136979
-1217129336
1325360761
435823488
-779985042
-22803348
-1747360088
85839582
-214086610
1609803798
-1657102469
987455204
-1994165153
1741114745
-1232735289
-754740369
-370038499
1475336074
-1715089126
510484483
773848381
193321306
-1933854906
-469551358
-1945402771
1238204007
283259936
1987925018
840709273
1913101358
1840011141
-11421185
-959203440
1263126788
930735005
-826681510
911723239
2059439141
-882393757
-1975974144
-1596614627
2103180045
-1801952924
1645109095
860438271
1628985350
-1224187706
1840219477
923223117
320439810
-1698747764
1192326617
1511769758
870933930
2020386071
2136963966
-445801088
-1617530954
-360162321
-1794129218
1943127779
1701912702
470762947
1581793717
-1726101834
-805566255
877225646
176023318
2014174418
1921751045
1439748795
-832355230
1673409815
1682961231
-223882069
1289430870
-1815841324
-514560428
1606696181
-503916892
-1964421012
1319467263
-1001251571
290383334
-564660171
8853141
-1940884760
-1434397489
2014552995
1572024837
-11630400
1552608675
-1981711451
-499620988
456723732
-1100802328
534224206
-1123615911
881993458
-1883468707
1906839992
96691701
-2124412296
-1682197717
-1312235484
-497926842
-1093545577
664173914
-2012701082
100899660
-1152213734
-736948090
-1540283521
881361387
599736806
-373447727
-883933045
1781951491
1928529539
-137770725
2035852253
-691381315
52704475
-1138584208
390810216
1763572264
-1194228672
1802525890
-298048672
-2041144317
-1953652813
-1995311913
1602931232
121585628
-771339166
-1401769084
-1663927730
1744558425
-260508558
1644534811
-1667063236
2052423125
597596671
230780961
2118367121
-154909138
708146784
-1971284156
-52284888
626325980
-1796290129
-1604119925
598987063
47568710
1542168199
864022223
-1219916109
-778629808
-631536113
-820581783
-293411597
-725566920
-1736667081
2001355308
901597843
50955170
-93584319
796121493
186976410
381033456
1663802755
-1800916415
700108511
1719355607
121065578
774694558
1945348776
442580783
893639618
2144312293
-2062597229
1650485257
1988012595
-2023383225
-879066439
1868358406
-2043951090
-1635016090
1045628943
-1012442650
-1157172919
-280999162
1895961104
-2088830625
1335425992
-328496636
1059830680
1501143855
-1039982114
-368054906
-925256685
863284596
-875171566
-754818445
-661203498
335659835
-1079910107
-1764222683
1529036492
-949437866
944494419
-1182695075
-1614885035
-477072783
1175460313
436506999
224539498
-726789785
-1161660489
-1372074786
-1541613052
649801937
-92100425
1770175937
1951432382
-492252960
604514733
-1816144378
-2048317000
-280091540
1545148671
1990650751
-231028289
2121239116
787732327
-353975461
303811754
-953464857
-122982153
361193694
426138118
-1646339829
116593245
-1449784492
-1350560779
-412030723
466947688
-1934147774
-1809677742
-803649328
1435908042
-1907753249
379358233
92370682
2093912863
1804285378
-1503157498
-1095922652
-758340306
115287003
-2072935045
-221863616
-1343692435
542245799
925219494
-270728480
1472396490
281042847
-699388702
1296680390
683354280
-886387983
832865886
-1883467593
-1063945689
1874850162
-1018416132
1752936340
1784021416
-178048302
-107531653
1126810538
2101892751
941964560
-1240856105
1724228936
-1693607094
679959088
-1631216913
-1395766639
-1900528238
-273062613
-1611947160
901629844
296548081
-611476953
2003639249
1504426905
-797650557
2027730408
2094912519
-1072119875
-1708903168
-808970107
-893718053
1072278209
-591970311
-1846616226
625489393
833797662
537129313
-1031394739
1057106666
-673181604
-1947802033
-225181669
2044830405
-1689663325
626503681
1267697205
-779147646
479723410
224265763
-140476514
-345293816
-1664919218
-323921583
-605862105
943367752
1849470174
-614430246
1572190430
-560725087
-32027466
-2055747897
325369539
-1356960122
1714865297
1484183835
-1042713407
1921451101
1211768963
-104177829
257955804
1594717866
703336782
-1197556400
2123510950
-1092220308
-2136964621
-1249131510
-418330377
-1145984569
-1369607540
-184265176
55725276
-1271731230
590752857
-563770281
1184093903
1920022290
-1407376617
-315285992
-214184152
1743348023
1474434968
-1126755643
-68163885
-981634458
-1202237552
-2063663403
797394243
-1144295992
703723180
-2036248226
1427972518
2024621249
350682344
-2106755621
1897347930
-31303597
956761633
-752759249
1630987679
-939184955
1320238825
731302121
1006803596
1458975615
-195155302
-1032939575
-2109650617
974049080
-1363099987
673925763
-954215568
-1803684270
-225616052
1749373378
1076653533
-2107500668
-673476316
-151474577
-388310900
793388217
1628468352
1545556274
-117464619
318892087
-1483907693
1540582968
970975455
753666051
-666952172
1744619831
-581545132
1835948932
-1763716080
-2036843090
1701128792
-568625306
428233211
800655217
-1550265674
-1097952319
1681617927
1480036196
236786780
1402810489
1593767608
1392099462
2140857609
-757851161
-987061576
385689905
-971265468
-882131016
-323231257
-66360161
931800719
-96872427
1006178742
394643632
1463322076
1172633860
-2056706379
104641513
-1571406528
100697613
-227969687
1544869824
12038630
-386007008
1024898147
-427103466
1996282693
608882102
-1476686963
-264490748
1581470869
-708845259
-431471418
1236377561
392401278
-335464
1467773361
-754453405
1669343762
-1701922481
-22766902
-353421970
-324439555
896773987
886787001
-1776260215
918998779
2063429341
-1847717654
2131792143
-31817079
-551575448
159136349
1955855973
-1127490849
1546648117
44988346
-1349134720
-1490092260
-1226905058
-1031560792
-2009385047
1447086787
1125006861
184566878
167916676
-1270846362
197095071
970178425
-253175475
-1481131104
-137793533
-1918955760
2007548261
-1193379257
-1784664792
-541683195
886571277
1129575650
-1871310569
84500893
1250453360
636335705
44188316
-261222829
-569746202
-1290714389
1522300460
1950209512
738779510
-2131095965
-192316926
1311024830
1552445341
-1314119282
-622731126
-1080195994
1118488397
560407271
107900163
-319282825
-2118785736
1467266708
1554785887
1027457697
-1275286963
57174421
1566848109
-65487103
2100033410
-1617519558
-522065095
490942902
1080508884
-1813307434
955492530
-1674137421
533455499
-241206351
141125773
69213398
379758530
-740553406
-225562007
12050234
1308322086
1246656413
-62405068
-774887480
619095294
-730655190
-581293364
1315963156
-163747478
905340567
939721449
443239782
505941487
1500421647
-2114270151
1742012693
-1785167566
234675627
-1977062196
1168780827
569716483
1634253352
-1003113806
468301030
1333641885
-767554854
-1795577374
-1539985812
1975732523
1873818593
-1701319588
-631708799
-484345714
-2039652455
-1753067374
182183276
113188445
-1236313258
578591236
612015031
1417149229
848497489
1301811241
-1392223418
2071105041
-1440044580
85401493
1883101866
-213347228
-2055846435
1132947799
16619446
1959870917
509686905
1415767203
389055059
-2029489054
-1636275697
275707568
1912471696
1048471929
-1084690841
1092265187
958373885
-898648548
-1273700309
-2004138707
-2064512968
-1772255180
-1457472619
1293504688
789185224
234517447
591517801
519388328
-562975703
1673547901
-535669978
-406422136
1214194215
-859313313
-214051465
1553274979
1232552815
784568546
-1512181265
-1267702131
298079330
998880036
9701110
-2008289406
2008128812
-391303051
6937853
347438341
1373263125
1567948312
-782142472
1519766924
-1249153258
509426505
1261417485
-211842853
1035803567
-144183166
-1943734903
-584688914
893522935
-31195399
1459721235
911366427
607650292
-843774867
-1448869597
1698829688
-442131924
-1299237086
1868630452
-1334836103
-202884484
-179929558
-1045544137
-304736035
39592487
1946175973
-1747856437
-426460725
-1916299471
-1525944118
1103759787
-191858888
-1396536082
1528665190
1993504231
2097946763
-891707435
-521940316
-200049065
1669013890
-440108391
1852884815
-1352361268
-1390261930
2029320314
-1955388971
-69684857
-19177443
843421911
-1648078003
-582007058
-1263391121
1474500616
-392357701
1421636732
1163385676
217465194
1578231186
59038457
-875314116
1297108666
1586295417
-261487637
-1364773960
162359462
1628697682
-11082165
-821323320
-1689903967
1334034295
1176732284
-1152832787
933354486
1942772550
2120337784
1990068544
-500574176
987515359
-2034941108
1443650522
-518205353
-409860052
140126406
-1511524234
477733998
-269022687
-1365777301
-1637711019
1082114268
158840644
-383373650
400501089
-1883129833
-2113918097
1598765407
1355110549
599235880
337493973
720150113
1880890011
-477891717
-675176382
-1070332512
-1464994378
-1065924617
-1203703642
1526969921
-2112915486
738969422
653477587
-1501133030
-975122376
752051605
-795313019
-2014715293
1917131415
-1134007530
1723538851
-351809362
1427128704
152664677
366278340
-1045283052
802593346
484272
-917534732
598734000
2048368470
-386115237
-1345167434
1770974033
-1502647028
1906923980
-1729256883
-294191254
-1068440474
-210771326
1364148535
-933024947
-209414077
44777580
1754638073
-1713978984
600238271
30282104
599448354
-1215866129
-610144039
-354563223
1698652809
1053518571
474360407
1075796973
686579672
-1574391727
-1225856026
-429574674
-1200048050
1331491974
-242342524
-241147864
-522895169
-923873726
239927074
1549490427
1503672032
872110980
-2044379772
-2048990334
