1237795668
1818446526
322828762
1053028120
-1391163284
-1870430235
1528068859
1938564567
-2105106485
179552185
-1817271678
1571700396
749229732
570165280
831524380
1062191363
-380924731
1022010626
934615051
-479167037
2055035421
955040135
-290626997
-362142306
-950499202
906123396
-1926139914
430076073
-1361091164
601634866
-953290520
1551870767
-770559626
-1825960672
-1161452634
1431878593
-502813557
-540432278
796193147
1729558161
-954103057
-974654165
-1869567773
-992914944
-2016489690
-1606987473
470514221
-384970636
1005212016
-1620689683
-284943781
-2083572881
635696974
775722675
-1789382580
1919044572
-1865982139
-915090141
-1768525796
1061125036
-1441069855
-372640547
-613644085
1619672225
-725671684
1091177853
1230227484
1778499689
111397439
-1282883129
1359583423
2027093486
-1969088023
-716439775
-2054209871
-1511145492
-499361585
-1459568575
1732146659
2072217795
-1396344669
1164756774
121034521
-1922015346
447765880
1743618635
-851302635
129686131
13351813
-689729254
-1416891404
2069494332
-1875407576
-2131911778
980100311
1833216806
-919771858
617378173
1229086661
1203240697
814031185
-587881436
1114008015
-1226935208
645120257
2021199939
-1924668044
835968858
-2137365401
472975996
-972025017
1285998424
106411942
846996310
-222922546
1488014856
-189903261
1614460535
-1114664531
196146122
1396093831
-1430669038
2058546948
883281218
1035743555
-2032698466
1251567892
-1795752410
848270676
1967542984
-549828824
2112064856
1418425735
-1784915031
1006141874
-484186569
-2055620481
689884987
-1709210957
-854484175
1916954294
-97871607
1841367136
-336577124
-1974990911
-1660738267
1069288962
206266054
1456869335
1307285855
-1144070371
789253706
1925849491
234745267
1528084692
-2145293915
904472568
2138478594
-1905156725
-1714876152
-19034954
-899498235
796212942
-915040914
1659637419
-1626724226
1667768688
336868337
-1354695508
-884123985
-2117836809
-1035177383
1569708164
247695632
395161399
1616212214
-254040516
501978171
-770537156
-2131884625
803105692
-2105686741
534422125
-1252854694
-1259691022
488391589
1009061101
502257741
663333905
243443701
1385868868
-1640197324
1187408540
1127004125
-1946162370
318919972
-733759356
2138537674
1543155219
979407344
-734900786
-893438647
-240112953
698054587
-583911783
1496296376
2068841939
-347948338
157815903
1831087168
634962181
-103232853
-1345409158
625936386
-1329884508
-586169246
1448189162
1269842832
-1094448425
-348998110
1120271445
770053790
352987974
-1700329454
-291335602
2027500280
-335817471
-2116346271
665371353
1534199479
-1342918496
196380827
1522806830
-1524404817
-861277012
-2065608130
-293666371
-1326807509
-1021202883
-795522931
2076514162
724212956
457404388
846547363
1854975290
-876125171
713722570
-318770998
952054468
357493275
-146786791
1222915085
-537568372
-517471452
623265946
397133579
-1469732076
-1093592578
736192670
606623501
-776142476
-326722453
-1828989406
-764414885
1840049173
1634170506
1900557101
-1859765045
-255607111
664883599
2013130365
-1550509158
717142205
932546998
-882953118
1089548926
1132640930
1854082932
1565690344
1716731899
1638682569
-615471121
1482192443
-139389195
-143650691
-438943568
-51913145
-1380582522
-695164873
800803479
-1765673314
-1409058543
482331676
350965775
2105077663
-1570699881
-1961587255
1946237569
1769127891
-856553912
-1248332205
-1474495731
1734586522
-1729164963
-1215871607
345934455
-439185146
-841463516
1309258107
998011999
1693627142
-605762468
-1174625728
1872454069
1195251399
-388843582
-362715662
-521185686
-755210154
-915233557
-802971395
126260843
948548489
-1047457196
2040528537
-1876335158
553251359
1920876727
-1798904428
-1875306434
48551974
866521503
573519188
1378624461
32998044
1571732286
-1507242212
-676582713
396356697
548300158
-1356664946
-986304266
2046840107
-294321067
-1901028240
-865308654
-661207230
-2081881251
479832754
-1991475334
-437778738
894080675
93331631
-898383071
2034350054
1780139198
-1039271757
1086805446
898889387
-1683980765
-513439811
-428613017
1353653677
-1378396744
-508883835
328016119
-1289382259
-214389082
-1560696128
651946574
-85487390
-2121698445
1945523873
249894752
-609696928
-303846833
1385657507
2032312241
914266935
-506168659
-547343995
1326164744
2588088
-404981739
-2035624298
-1189115294
-2125332418
69813816
-343040462
-1695364055
-1606075829
1010625092
-828781428
1333583781
364484081
-1230480007
-1469247316
-36176974
-1312570766
272905468
1762226619
-1014219597
262778154
1873507051
828918910
-174445114
1385407661
-1620454223
553723168
470298937
797575724
2089824922
759517491
-426949
-1252903652
-1753824087
1771945464
294427094
-423400168
1486774441
-1417128226
-1406490340
1918311942
18810241
1413926984
-456144224
407218809
-1239201844
-2006394221
-647466712
-910983082
-2032831575
-912785065
568756640
1032344505
756840398
-794051860
1986834000
-859528167
-1462506013
-2123338705
-1189291695
1858596777
-737422323
-1225497467
-386184643
-667141887
-1835938872
-1831201249
-1657957595
595706621
1087304185
-1939927425
1072234695
1103111909
-752704445
414937915
-2048732672
1584408782
-1869363304
-696908031
1967649407
-1635520961
792159251
1418001114
-1922487109
1586068246
524593669
215224242
1369704230
-1837262676
549172301
-330511337
501203106
-591164617
-2012898323
-1056585151
-193388492
-1441253008
1565110489
1577738834
200215543
1419618933
1637674000
-209963810
-1588782254
1518730735
-370282768
-2048632404
-898590611
-743226761
-354343994
547501758
873964768
-418132427
-671755356
566379406
1517385133
1389952458
-2071575177
560413850
-1964909968
-1809810065
-1010681256
-1869313246
-98991148
-1450803106
1726241570
1389421872
1170718025
1117358704
-1814533308
-1476105768
-1673425421
-1030836217
2073122007
-1738162751
2042983653
1226797101
-1012178446
1602087907
-507366258
-681014019
-1545062595
-1249702255
1442472307
573802049
-1160289340
1002833082
-1530550242
495622748
-19424755
703575915
1179385429
1360097642
1321854571
-628182121
631649167
2140853925
-242125164
910040090
-778922845
-1323949046
-1844459919
-1178912773
-1876715838
-1300937669
-805943755
-321969935
1287241127
1037463207
-2117874255
1514559016
-554094324
877330919
47542501
1015560004
2139010399
1145512043
-153646631
721202086
455015349
-1973685419
1935477678
-1299285523
-2101969665
-677857372
2117104367
998052799
-1824566149
1611463061
-732764372
1217976776
1933954412
1453892165
1607688649
-1808720894
-282355700
6077338
451997203
-173319625
271899073
-919990684
714626707
875530435
-229012337
16318142
444519335
-548577890
-41360946
-571979078
-1893691571
574286233
1471388700
-596209860
-1090317758
-108199448
818779284
1573173030
839446091
-1303495200
1883627327
-1485981515
-727369263
-1671328512
-8895798
-112048854
1653780659
493463861
361887609
41766572
-1566863785
356444505
1653530971
1899006060
1346139394
-846120963
261339583
-378125046
-507644311
-2081672601
1178393574
998790967
1862635912
1278194653
1170254073
103930010
-1072154191
1643073828
658487101
-213124361
928365287
-1789949885
-242466684
-1143715954
-1273655444
-333469556
-749370394
270332097
1405287064
-1369721124
-1875177807
897456632
-618693397
1177670177
-585686883
-1611056696
-1674578586
-1017455588
-2129748156
1638791762
-2134244330
-1739691417
921193680
-32359447
-218332688
-1177140295
336868853
-371909129
887562724
-1761219223
1944554273
-865127904
910331691
484379952
1293965554
-471843417
-2011456284
-567041230
1627902952
-935514863
-61252898
-2115805121
-977196197
834084359
533668791
1201773653
62789551
1794024320
-1072105435
172339561
-399403067
1089775647
1402059667
-293618074
-1897098828
-1400073511
1989682671
1911035510
882330296
593072602
-279937342
-520101761
-1980372374
-1512362071
1163818368
790473455
1628798257
-960784759
116632353
-1716979780
958540280
1127491106
893698288
-2068577114
-327250143
1769160545
20971682
976442303
1371503288
-1288148325
1266545065
184989740
716075499
1183464440
555053002
704637741
665369529
-1095001586
1736578796
558820698
-388504854
-617854260
-580577229
712816686
-853810370
-1047860583
-1579824051
-324992055
-2024901143
354202044
1232639755
738731249
285880637
-1913541635
-1394085837
105531225
-845713495
808601228
-1469799020
774211622
-481545759
522016802
-427840935
-1082084178
-859082658
119277414
130090914
1041543554
1768132617
-1597820015
1567933008
-325661266
-611127758
569394004
1728039456
924747326
-105596985
-56001032
212616699
2116386308
373784513
-616017209
-2114072181
1076407705
1180846305
-789171542
-241991663
-891416672
-721160548
-1964318701
-827934603
576867665
1010063699
1818581276
1905475230
1358311221
950880710
-1018773520
-1631191549
2098976302
2100660170
801695082
-1221236350
-497024838
1195266106
1430280699
-1604352912
-1961107336
-370155989
2121541840
1291249904
-1556069398
249580386
-65822413
673800072
-1509746565
1601405962
963957296
1090509809
-28014396
-291880543
1229757564
-889130195
-191808758
-1416543949
-1682211182
-1975771425
-1220840437
1923164363
-1491566817
-864722474
-1193467398
-1141714907
798349728
1015947754
-1898900538
697491624
225530184
-775861493
-2083397470
939196562
-2145628634
1461063574
-2112797759
1998978421
1424369799
432921066
730001505
144157153
460670616
-1664662725
-2009980405
-1340579230
-402526128
874062757
-1037472488
-865112660
1963982220
-188346492
-655846537
-1167676396
-225262981
-778447358
-203660884
-636138942
960028219
1162335472
805885979
68578085
341036996
-738576934
559293574
1026293030
-1381403387
-1729140651
938815443
-501404001
180082764
818179482
1180222482
245577102
-856297494
-1545615016
1082953407
1345216133
-1141754858
-1755698235
981697347
-1552378139
-453365999
1795107061
-1400151616
-1720064437
-1960023157
164729199
598435341
1353091913
-1566022331
-450609155
194011903
-1448759464
-453615626
-1039044413
17354218
-299178483
-1613019022
-349702765
-1422426521
-1534334069
-2144926711
-842605697
248260182
-699443655
-1173499347
-1324001873
-2047031770
-360173645
-427580329
-988937869
1642832211
-643979003
-1290104790
1341249435
-623282384
-564306410
1985200087
-521642234
-2076441626
-2094408606
-547060541
-1663568776
1691159996
-1728159509
879194215
2145008561
153518744
337379697
-284453000
-1487008326
499411397
918795488
1951556423
-666273663
193834485
-794562807
839816553
-1098669144
-1265564790
-1864907884
-1830985318
829927065
1169387280
-1816083403
293388766
-929113123
1642213390
82054686
-1125095191
2100403630
-63826946
579222196
-635898176
268720074
-1804438120
1682515844
58151839
-1785861495
1163553878
1657391480
1594905885
1667455793
14348340
1131118405
-888991347
-1286263415
1317598648
1818335015
1839629735
-1911536981
-37829071
-1461781552
-64393112
-353545954
558110787
1734294685
-2064021194
-1179170268
-1186943838
-1954847477
937784390
-1629339569
305492764
1290819432
-952166078
1076994906
-1057719331
-1516003635
-1183170523
-530193099
1951414510
-338760629
-1541564311
-780739487
-1983982594
-481709213
2107280996
-1486784642
1656134757
74160571
1308791535
-1763404255
559206757
393850383
-1126778552
-1527637269
1949322418
-331638171
-1499934919
710314710
-145895116
-1250605692
-980200583
879414738
-213646838
-355166298
-255857071
-859249520
-1208400430
11163244
-938848126
-1741314148
-968484313
1858096145
1084726373
1165943729
-2023056534
-2045891102
890813780
1093560136
-1964096315
1261565421
1425035592
937940337
-2022888339
-1196973064
-421852989
1481658854
-1991884762
1795660213
1039376624
-1950590371
2001880588
978454066
1750719496
600924446
168011151
-926870378
-90825738
-1207042860
1758149822
-1325215222
1472824125
704954791
1285473737
106364660
-62603239
1598232457
-113143616
136068970
220063204
631153103
-776432223
-1290051867
1442838715
-1355215868
996090512
-1533633740
1693781857
-130854918
-291394968
688794292
882257762
1711720737
-2135394446
1644851646
-837138565
-921982693
-1491843469
-296772769
544205881
823763343
2144013803
635799886
2116270815
1739118396
-1703709284
-1298510054
1938785932
1504080465
-423509432
1968483491
-1264739
-628006916
1780562367
1408187338
1621517647
1453922625
1202799384
-1045674644
619602345
-1136557300
1589495614
-790793845
-496906344
-370394232
1866372526
240764622
-1061604517
-1453791055
979489150
-1307595477
-330216159
-489464792
-1562269024
715646946
2081471983
-1939890107
371582824
1074379436
1091081927
2128691826
-130678197
-119558604
2070689286
79457974
-511123480
-851466298
1667176205
-1523273584
-217358004
596658245
-1965197276
2142661894
-1702406543
2012268130
854522522
-411735556
-601320184
822589450
-6250192
-610535735
-1653196936
175144736
-432680778
1206618631
-822982619
474369388
-2049558794
-1771509590
2079481077
197587922
1056488401
1102785107
1348986639
2046226630
-1624645464
-1702482202
-1569244443
-1512869377
130953725
1971214681
1579717748
-1221182102
-1385713831
-1250122801
-1267819574
-1051019935
602885487
-1447599899
1215442376
791833628
37877377
-1514848694
-288658135
-1683293593
-1129140990
-2083169132
1447845826
-1410462315
-1815497604
1973456978
293706763
616554676
1649599667
2076516445
659671773
1706005761
-1554281717
-1948281485
1215103357
-1475338850
1206025766
289959685
46741464
-1142443390
-620541999
1900532047
1283022608
-1653670224
479168800
932020393
-939467721
-1315406421
597163222
-824394211
2115857241
44809256
1721285643
1086380344
1945279
-1366855675
-1139627768
-1894216923
175828594
1238932345
-1365891979
1351839479
-1513042947
633614221
-387878731
1595812677
1152773751
-1151082037
1006069649
-2115034885
-1817908544
-1991366348
-398891501
95335279
1028975626
644650614
-1646685516
2035514802
768991387
1642265438
-1230446151
654051624
1237069520
-587393653
-1114211367
311744859
-924567964
2034217060
-1788056797
364044555
-1642716686
1159033419
-1028672994
905426057
-2108240712
-1000421102
843591985
1121324356
1413136541
-1162892883
-1577648571
-1511886172
-1118007180
578623273
-957869400
-1220207594
979899010
438805724
-870943948
-1012965273
960511805
351234014
-2079836496
-1022867883
-1931626410
229706679
299503221
-555152797
-1008714758
1259535961
585643348
-1212437011
1303218259
600106832
2128406710
-1589976197
-560172204
1021500983
-2050306043
347335769
1179859638
-944696210
-1652820405
-1960821914
1215057981
368829961
-427541993
79032620
-555407809
1890813450
1362122663
1190888753
1141817446
-501630509
811135299
1851535500
-554693452
-1085581355
917715430
-905974342
-1652143929
1129741709
-928045532
562241970
-598739106
-878071631
1133332295
-648592842
-430757349
-105422938
945075386
-581497493
-1801968758
-1687390924
821274538
-1901189461
471700833
718271356
-581194518
64826522
-1378091255
-1878210008
404001046
-459236233
-238948260
-1484366876
198142715
-787343692
1676358832
-1565825266
-2009765834
683727047
1055992340
1698842025
-909885414
-721977278
2001914073
1831123094
1229222102
1848797985
-1361633453
-15683067
-1585206569
1093355874
1270171104
1402393384
-272626069
-1055673381
-1569124567
1518768425
-623435866
1407310919
-2092173144
-1664928418
1628804233
-399529311
1606295401
2070686907
-894213793
-883041355
-1918681836
-352953721
1775871850
-139332365
307491114
679174739
-825857601
-700505723
-1880892787
1381965094
-1854133138
-724087644
-673102522
1119530493
-123084315
1715670311
-985960318
1023404402
1767492245
265565788
221819102
-1740700486
1656498901
609231387
-164236572
1738784724
-1353909497
644614167
1451057620
-1973518594
-1495140872
-2048461193
-300271962
-2038364309
-1105155700
1458716580
1751905103
379441971
-172855910
-1387105948
-442790333
-1955319669
-259627755
-1464850136
1832473147
-1327325131
-623907477
-818849375
-1301121481
452732729
-848158671
-1276586600
-71716410
-457930795
-781235457
-785173505
732844421
2019726769
251494808
16081218
-71200796
-493414058
1783606862
-1222479390
-1697499600
347731681
-684407644
-1959556539
2129840588
-171537421
-358286796
1016459207
1108265410
-140805909
-1334892077
297834260
-1989689222
1575045463
-105462542
-1427913800
-131387960
1808707495
1226110791
1698335991
32410923
793266211
691396779
-1808835623
-1695613869
-1253763298
888473925
-821971319
-2050603549
-1405077909
-494242840
-1649611553
-1591782280
420701712
1619784378
62159419
-1475325462
1930297
-1986223595
-327929708
1700853457
726839407
1289661873
-807436080
963104330
1694817801
1943651330
427586645
-611225093
705911266
-1664427042
-753128481
-1873739181
-2079627444
-1468518302
-895748204
1114201878
667670595
-152135914
722951253
1869800472
1321108709
1027314767
799316566
192523848
-353548767
-1047932460
-449148688
315403504
-1470142546
-1992565820
-1409819723
-1546255558
-1282947777
-939833418
1794188484
559513077
-195361036
1433446946
-433313697
-122471
-1960267501
1807416830
-507226694
-1126951800
113834743
-1459395924
1352497429
-841455210
1583128904
-1661709293
-1513686260
-1383297333
50014060
-844513014
-16563923
-137403289
-494977988
2032247805
-1710488629
-1266532315
1801991674
-1366621750
1181068561
-1268490044
901962115
407597804
136385881
1647547842
91939008
-1032742182
906768574
-1245110422
983168098
-1009962575
751272431
1825966865
990907598
1212908560
1899980358
760385435
-353604012
-1950249662
1566936856
1692937796
1387115687
-1153757278
1392000078
1054251933
1120051593
-226996421
-420869068
-749751085
784114373
163205806
-1915325296
809960759
-313506974
798477912
1679571190
1081450489
1129249813
1234378163
-1409781157
437998135
-1836509449
1590423293
1318190055
1611821366
423467639
1487766806
-342992626
492554478
2125033361
-937118802
-87660319
-1583583541
78001983
418838943
-163415392
744455345
1616675632
1384537494
84580244
-1316358079
-1407949385
-1142689543
-623831525
1133472346
90868997
449649924
1917504004
198830818
-1663083109
-531751371
-2123799012
-2017418042
1360576505
478564842
1826743049
-1668016578
1887868315
464599623
-1934491819
536318293
581241125
-748594083
-1829425971
-1892433752
-166253092
-435659640
982155020
-928631699
-2054708648
-1095107304
1091727186
-634504265
1776560759
-976362702
1625590169
246910455
1348760725
-1159838216
554325738
-939030330
85687801
132115431
340662508
-654703136
1255557777
905058945
-1975440707
-1146679949
369222626
1162566699
-553182460
1723525274
226349881
1620197463
-303049914
-1310828509
1625262886
2000648677
-1329831815
849671064
318665770
-1667694650
-1626394410
-1907100547
-1058565969
1605112802
-666772749
959705557
-606933960
-1767484356
-1024998896
373575659
-542881320
-1689503150
1776692144
-95459250
-1708931608
-1454527287
478124651
-1748324836
1622302451
-937457847
1849262594
769544835
-1777755659
1661680806
-1302288204
-1599853179
248821189
-913049793
375507407
-1956253958
1575297486
1247992747
57757065
-744563749
1856711685
1508004241
-61462001
889559996
-508093930
1170896598
-1663483426
-534324582
-1701436960
-966844162
647746386
1315029719
-878578397
1598165195
1747766652
-610036863
1922094200
-356369366
543039032
139450074
-1023451775
-172273073
-161985155
-1063846636
-99841952
1034346014
-134481418
-229286052
-894203796
-793597236
1627785938
-1548685543
890668066
113659590
1600432855
-1286859403
-1767352231
-191102767
427319485
1128826651
-179119431
-1515250830
2061359289
1656557634
-2019930259
-1996164465
554840919
-236086038
-829028841
637198166
604827020
-1664810650
-140422652
-1685150115
-1257785845
-2130426087
-634957408
1011129353
-2007120937
311656836
-1524680404
220277556
1810989593
-1130598529
116790445
761373194
320906547
-908628794
1425945895
-2131072717
557579540
1039628215
1951120651
262080822
-2064017203
1974095705
946405357
-1216699876
-810741916
-697438816
-1144739463
1275443539
-210042392
1405936110
1030152103
1490059733
-1451611451
-1733865507
513397805
1139212937
755338841
-1052338629
889551157
-706298135
1370005702
-1839865259
1099255120
-2060204572
-1505266423
1236939640
-1527090519
-1338684667
397560139
-1662479692
-2117368451
106966483
-1477114761
1291944675
770106826
727192443
2074638604
1206185193
-181180346
2027288236
-325811916
1994525756
-1431919982
630018498
240076820
-1009049690
-705214801
-550025434
1064784996
753721929
-1873460815
-1770165261
-169138110
-517599004
1928892849
989075677
-147158461
-958693549
-1577908473
-34708146
-38089781
-1444314532
-1145019207
1391734993
1466474654
-570707544
-1110207443
-565911885
458709942
-620739058
655810598
1264035815
-32070314
1081907223
1715497709
955557674
-1032520097
-2083749186
37442510
76546919
-2087279391
497987191
-1443283002
-448603045
884846068
1629227122
772225401
-28058244
1536780489
-796333536
1014766697
-2080662761
952131323
462599413
-293208219
-919659081
-665221590
1174726256
-515943874
-990036019
1211004618
1850533976
-1194614080
-407780979
-374752200
1562648903
-934855456
-1380239595
1390514702
1588332907
-636216783
1585394900
-754933065
-961525877
499242141
-1843765719
-1453089979
444537416
1786089552
415251018
-1663326079
-620195419
-644738825
2068378471
2129867075
-973513527
1018129962
-1262918642
1997758980
-1802620926
-822797531
-898361648
-1203872335
2133395213
1675638206
1116216357
-1694816319
1568786324
397103251
-8594804
1766693769
551553015
1999383682
-45597450
2103837902
-1469841841
961484125
-1374755996
2052664732
-616506449
-224471586
220477902
1240134997
1512773548
-826050856
-709191353
1753400588
-1939771361
-204390993
-284043427
-1308461805
-438329047
316972554
66381765
-55740462
-541714058
404689606
893219896
332881370
-1720570170
1692668461
-518091113
535693113
-1623812439
1903464807
-244981419
-572189169
64759689
-1040528592
200606229
-1437763999
1299129837
1577008587
1084934801
-574812372
-1931632133
995824693
1896799166
634908861
334473535
-1907659106
512732973
-645032897
1323978922
-1567867372
-1639589196
87163029
1305139932
-1399281791
-617256371
1833166954
68648613
26878423
-332368835
-1171384955
2048365001
-412171383
1326205816
-1520192159
1595743235
-138251460
-1173556157
1847352060
782636620
415100862
746635035
988662255
2042354268
-1098259657
1656761813
-623976770
-1218738576
1645442461
-1637579002
-1527764879
437934414
1851986541
63552420
-393476253
1793411718
-575842921
-1206484243
1838769497
1894474489
