-911237385
1658922420
1432451400
234527579
1661477336
777638319
-505836234
1122260131
1352831761
1335307152
-1619268717
-1200715014
1137159731
-217359141
1650107697
-1401489551
-1202839283
1442409967
-1555125826
645090179
-1960147083
1319473278
442217257
833110704
-904077496
-82109128
81593150
-70796980
-1460488018
476592329
1024317331
5823635
1116055202
230315014
1414182823
602589185
-2012105807
-171574430
-1214840505
1631790048
1761074945
681028006
1220826931
-1547724510
-71506540
127046112
1817171458
-432394640
-145433650
-1875012452
518206274
1244521090
-1915725004
936236113
1671834338
-925231183
797460598
1549901086
409919188
1694016714
-1540262481
617976758
-1398403858
2021891876
2115085546
-129409129
899563281
1279603187
925085416
369640577
627792268
-1749215521
1351668255
1222467366
1647979458
-1400077360
-557748730
757233949
1778247433
-766336501
-676876657
844343324
2068029397
-202317182
-771036171
115420262
-1235600107
114279271
1136837303
-895729022
-1006667300
758242049
-1908594717
-2135761875
-1633100476
925645763
-1399128681
1090090128
-1685468018
-541555302
1097001924
-2004782155
518396814
-1782171514
998408501
1718474039
-2041397435
1098259564
-1085153073
-1294006727
-1451456817
-855387607
1624145690
-840290663
-383320449
613343722
-1132088321
-752920220
-1970020024
1362483898
-722459437
-1369100149
631618654
-1878304932
1183533716
-131579945
739682588
630586458
-435251087
205976346
575029544
-536231075
-168950129
181158
-2068827948
-25548865
456393994
852642051
-1437660217
-1624635298
567876409
1802969307
1111836636
337072819
-2040547530
829809209
2086699593
137218850
1910436252
977113074
245986051
1248691859
923748754
-466665886
1349857889
1141303616
-2036818680
1603133531
-1550666497
-1942536496
521199936
157904731
-1736859164
97402789
370106256
-837295364
1091430119
1475745649
1672510053
184658864
1088270158
459063567
-987611509
833529004
2146803895
-2022257776
-2054011734
1801171236
1086423611
-427762541
995731219
741374137
1747825103
1265009625
30150588
984610607
1537215470
2013934615
1792746121
1383453539
681912692
768832782
252692429
-1812090501
278468557
858104536
-898688241
894497887
-849285298
-1347236219
-503774704
-464870809
1438444514
1958974438
1271574540
2045272404
-703534104
-1094322008
1942985024
-1441088124
1744533852
-1207785309
747608748
1677078625
-1645100748
-763813004
525425178
1850317338
-1432806132
366522184
1555309150
1001792150
469570308
-141220613
-2024488994
-223365724
1263202281
-881596063
423960916
-1467183498
-1599447150
1943971810
592888018
-163740081
576497548
-1475435957
-2035017466
1890589307
-591239175
-201545245
2118494911
2037800320
276956852
-533785155
-1977395537
224413586
-1425594183
1732266572
-1407512718
561322571
-298459708
-913463748
-580769842
712166299
-860724681
-970463105
-1156136644
853847036
-87516352
1880843173
1569398439
2000796650
118272314
28807792
-307437709
-1583979374
-1686082476
-907877977
-529111360
642025417
-694208656
1124123434
1517875951
-593487041
627895629
-1933746618
1903307108
400409332
985781223
1936945482
667425421
1378623210
1590716957
1310079066
-1309474269
-198721509
-225973356
-1076728446
-125024336
560265389
1598074587
-1573472754
1060012880
1724513123
-498220593
1759842584
1221233339
338099798
2011260993
1708399457
1775356546
1193366757
1063805141
-1103086492
1742106520
-983452438
-681962452
970592424
1095116051
-1236985042
-1917185467
-1866422955
1995205172
-866974946
-1352039904
2125158666
-264911708
598926782
1898801060
-1013942803
1392333568
-536464419
-1137122366
-917317374
-1404927081
-1196736631
-749153575
-472761664
-1732447374
700500165
802188635
-497095455
119585172
-511106695
-473117007
-666164871
38118018
1749490857
776963676
-614396086
1132994565
-1952563991
130979676
-878278826
904065325
421713424
969574868
-1387540556
1823262361
895358507
-461278482
1831655335
-1110087946
-1739249228
653268732
522787052
1395791812
501346052
1287686623
-2063091118
1226919520
169798917
1977086380
1776469904
1053420862
-1206943445
36392844
-1569877422
-2051370635
-305629020
882733795
722964629
401716352
82610381
-416908621
1531857972
-593516990
1804819176
-475559614
-1103743039
159359818
-1612112116
1976798715
777747608
414550872
-885007780
767576465
5838385
502397984
388686971
239136874
-1719284042
-1988701107
63981631
-1470230726
-660868907
682779336
-1591542876
-195783187
1615446742
-2100836807
7611138
985672905
-1679417617
1606369485
1610142594
-1540147245
1315290327
864126010
163907790
1019292786
-2006777704
1718434303
714326535
2049318226
-53255511
-1400484880
-1111524868
-662658933
572704059
775074033
1112370839
-1992199167
1075727059
-1703886335
606170010
-1136229363
798851608
-22062214
1939278987
-498255780
-260965650
-1540338026
-1206343187
-1270732009
1913821378
711059253
-551852624
2058530372
-1392953817
-1725658660
-1284830487
1443283819
-83989086
1908256256
271037637
1500539260
359177153
-1719027579
-2105380677
-2115541777
757100145
-627934591
342183936
-1370036691
-1244752495
742938692
201759808
546615854
214657218
-839361380
3023754
-32525982
-1979541888
-981877676
1643040651
765331669
-2139475850
-1557033474
-1442448386
-1682890355
-1890735859
-1724663310
-2060107677
-776453578
-2015193531
1513383574
1862443246
1054908161
1411796424
-1234344738
546724546
166462408
1023454780
751788310
-2127773858
-1547338635
-686183976
1309596639
-2113547433
453877668
-1479252423
-912707722
-1742494649
-934387833
1329333622
-1166138052
-1513911803
-618625782
181103729
-2145460366
-611465450
-2004141769
-1447388560
1413159747
-650494878
-1400356646
1393649131
1644302087
-2044713942
303943272
-1586974041
1616668869
1460799545
-517403108
-985631485
1626943738
256272217
-452800414
1449268881
1845466520
1092664840
500823673
-735309848
-1109139119
-1598691733
-566917805
891079607
1207837460
-2011036797
1087013567
1287661341
-1318762025
1014328222
384827593
-846978248
947501207
-1537128945
1069415264
-1490117636
313955996
1059311648
965340217
-201910203
-1139711999
2109701447
1832794355
1524959022
-442271117
-645437800
1261952892
658767523
-355347912
-2067874437
-1775762254
-2012950732
618840947
-1280297570
-802338483
-1074036436
-852307034
-914515412
1932724475
643272418
-767754377
725025343
-1646073908
-558567346
-1951162186
-791914350
-61386288
788122590
1379086494
-2057098630
-1518087939
1746788490
-404198822
46526998
1177705814
-483001051
1561825739
-46051387
2126711626
-1628497674
-1240800632
-778639656
-1278362535
1749672327
1539992358
-856370808
-2120501763
354472380
509597880
576446506
1902723783
1829774886
-628296039
818812832
-876756537
-1091026279
1174660712
356655890
1596639281
1942510843
-660843437
-370168610
-1532413636
-339181217
-1628361832
89379532
-858425267
-1485356207
528912201
-175363706
1371150676
-914313101
-2024793265
2073690950
-1444236426
-644261816
2037100976
84340177
-1851344404
-513704625
275077140
-595682397
399933226
1646379859
-1851987580
-1031689109
-1523399101
-1384911103
-1112629131
-912783175
-1643542901
553618106
-2025079547
346080501
18400637
-6585174
-855585917
-1924612205
-1709004065
-844948967
-1103409355
1670409860
-2090061020
1952293889
548984148
1759285231
-393599984
373168351
1168487515
1486139936
1291200418
-1799858226
894565248
1225639616
740307245
-843607856
1103582850
-1330760378
760123591
-1683857809
-1544361563
941367469
-1914611481
-1936825212
549612026
-2111974297
-424412599
219056214
-1815874076
-538997616
1201814037
-1239149082
130838998
-1009709721
1826874943
1837917832
606104929
-1853833735
-817566672
-920003403
-774384531
-50251234
-1468680794
1927301407
1240789190
-1816031319
34205656
1059720454
757825498
-1030776102
913973469
-148075062
-757276480
-335596009
1105112909
73911744
-509960580
250097883
308363304
-779731384
1087429249
1901609454
281775862
-1097916642
223239030
-1871353642
375989296
2014248689
-109558723
-1130335603
1491307998
-1376833231
844347184
-1041328781
-988348800
-118600403
-730863187
1930188934
962033202
-231142820
1130326996
-16041521
-595797494
1757679098
1813489807
2092877855
-477192764
1627160022
2054808018
-815455237
-900865119
1584295018
-1262932701
-207479852
-848873845
-379751893
-1467665316
1351833467
906183293
1966934050
1176092335
-97040685
1073753889
-1246005316
-657504789
-3684409
2090041530
401306589
1942559741
893695870
346989379
-649744582
-1742609224
578413261
662602712
134022119
-926980136
1452214765
1140907093
1555365935
-352125116
-1259869331
523244860
777252003
-1155783278
33917545
-990846500
-358178955
51833040
343483388
-1761936722
1126019334
1964524929
1510770674
480811521
827385276
265727462
-1823815486
1999544026
-999366375
1618821502
-1429244230
-377914859
1284273673
453802190
-1049503108
1477003727
-2077742982
-1171043996
-3874136
-1511405817
812364849
-1110964711
2143008986
-158799486
-822170405
-742883433
-372362794
-621189648
433752930
-1631770341
-554201854
1784441420
-809386878
-795654790
1604138772
-83870584
-2147449701
389963880
1712489483
1249353576
1530383560
-1643014152
1833538658
684204461
-564187857
272988766
-1735337597
1544272758
-1037252454
-1679328260
1530916218
1086610915
-186200761
624707995
2116923882
1575377147
-1601458437
-327255304
267708995
-1802978353
-931434916
1584884099
2074854709
7934687
-509771392
-1408749726
-1291450017
-354277189
-1012649535
1637159611
69261643
554413293
1523024594
1571152179
62014110
-2127370986
-731973865
-902692943
-1991897973
-321205162
1868743984
-1237896602
1741977993
-51100431
1230131926
2040946961
-1734938555
-1490730962
696715498
-1935549569
1942601688
1988100226
2111296715
280814161
1112109884
1802099182
350415591
530872321
-1897043972
142808229
429432468
1922416166
-1100440533
1800918513
-235183328
294019831
1670702998
-1715719338
-977909210
606593805
-1013181380
-701246473
158110499
1916183404
-55211522
-387464136
-1095098296
-1743640637
711360914
-843882588
-2147097455
-257169165
-828509507
1023112465
-1748721899
-89223219
1189392833
-1970206462
-1914996832
-728262625
1802334227
2115197515
-659074946
-560357391
-631794608
425397499
-475602535
-1312954612
1328749938
-441278603
-564989754
1042268859
-1660746434
-432108064
-619627685
-561706539
48158208
-415643712
-2004622076
-1572684550
673933178
-1529783323
1203797974
-1752338661
-798099687
1806990979
-799604316
-464965056
2000424810
-14922334
-532530543
1650789509
1711141579
-27199560
1414570214
-351651483
1314946405
-580376429
1059948069
-1314407622
279884377
294838396
1193281886
-110690044
-1810208711
110041497
1846958784
85894248
-1417754439
366206867
-236379022
-1616608260
312383398
1322564984
-986960733
-1062158911
-108301034
-1218206239
681477343
630672880
620924640
-1987659433
-1415718236
-1120512519
-430017202
947490546
-1541030603
1339248584
-1954216175
-135797950
1847389357
646033737
305375348
-1997942413
859833942
-1236155346
24852948
-30934357
-233168325
-1842432529
593527119
1846558646
410072571
2134844434
917306299
2104094949
-2053812000
1527490732
-1857599270
-937256910
-1201732305
887302951
2099881675
1343930792
1822069441
892139844
8401090
-1001626111
-245193006
-1714099101
-740305669
203086736
382125336
-1627513086
-752732693
-1791594143
306621975
-756222333
-176035143
1551636638
409818803
1273070897
1129698028
500940852
1802192134
-89683836
-1165921948
-86620491
473523827
-449738844
966492814
-724687233
-490032389
904451627
1814774226
-1904984034
56897998
-2034991313
326111824
139224814
-929549531
-1370137474
-1641120052
2111542277
1406849870
735436331
-1170684698
-1781800113
1735596808
1789937225
-1021812850
225492729
-454209264
-617194250
-1113504586
433577235
1885884667
-638459749
-141637048
-63310992
1952512838
-1100663183
-1613404583
-1754774064
1882985131
168304454
1867759263
771912256
1862277813
2077521024
624999200
-1743642687
-256504938
-277663390
-2040819668
-664767704
-1056903368
425348237
1153299341
-793547196
-974537839
-684710454
-1216352004
375364933
-203555269
1708231686
1214255573
1753003611
1286942019
413376413
-1583756274
-1127084131
947499328
1756042459
-901813147
444206892
217054375
1635162814
-754192424
-947258984
1034372190
-1635620351
2079621210
-1946303871
1191488910
-2120794027
1258850499
-1107442815
-596441923
-637056015
313168903
1552842057
1911443995
1909443405
2132503466
-65485047
-1262231781
2026792233
1156852083
-1506078699
-1814789819
1806007507
985870431
-499476539
-835699126
1004209834
-2100608808
-545931364
-1396728488
1299292381
-568124378
-1918444629
840972719
2079585400
-211326170
1373185335
538929780
837198497
1477958712
-521686119
1033311173
-1575665122
1339272317
-1552375963
656274701
376647961
-1220997054
1373942734
440273048
-997114073
1684942518
1117672009
-621229975
-1472892026
1418831075
699427951
1737124939
162689958
1589363675
-568805337
1406825765
-747614742
1780022833
-1605467645
-1642522222
-118444881
-1875298133
1987690986
-1376884815
2108994956
1580659253
-2064361992
546910264
873142491
-99322089
-18249823
-2086072625
-416213640
752653162
-242860260
1054876571
697922760
-923305784
-160528130
-1853992424
-1948728579
503040834
-564964828
-1459545813
853952407
-481359466
-590512682
-998221705
22381101
1751631009
1230092840
-243165457
925118316
-810067438
-396183901
-358572373
989141600
2003314272
173908261
-955940353
1582317042
-2072485379
-325645051
-1735565878
-788202831
1216945611
1547479162
2131520779
-1772919596
607916751
-221092804
-1637531207
1699606143
-1099810524
-1738018453
1687828178
-1389039035
1198021169
-1576158800
-1849987148
44163566
-724692450
-1579240030
-18548564
-1955586695
885453955
862373226
-2002395956
1638774372
1485621346
25391016
761414913
-1447124182
1466240855
1549216408
516944996
1367418636
655051789
-993684624
-2016561712
904557076
1389673460
1232156685
1120636596
511622486
-35030992
-979773747
-368915671
2054711160
1379545556
2126788798
387594054
-1230645899
-1801913009
553847287
1959008691
87956381
-1848712922
894063686
1739113340
1986573023
267328483
1202552843
-1781937881
-1187725750
-1379642036
-1761476765
-776521464
-41900847
-549245224
1113524104
-625909038
1880818510
-189733026
227867766
-1050213263
661797577
-1176238577
2050847442
1806233623
280502009
-688897882
-1313936377
-714506347
1202948362
-1024585507
-1825722190
200239339
114414240
-1885229790
-882545345
243845154
363232539
-791914357
-1395821356
1736733272
-634943204
1328430598
1045679725
1845814811
1222197832
1961773780
-1396084665
1184984314
973374283
-2105492425
-1370731134
1258242649
-1036077536
-1485024151
194124289
-120204411
859509902
1297705680
599845012
-1267831545
1129377013
-367703184
-89061543
-354358979
1855647562
-244868703
-112869794
-1437322203
542099039
1272883713
-1572809589
-475875204
1177846119
-1491925077
-439419201
-701494777
252547513
-126773080
-1589011144
-708943569
939221204
1612649893
160197431
-1343767597
805028515
-496056090
-217840413
-1933068454
-1130772479
126994554
-41654419
-1449101306
-1284917890
-1446830160
-649801868
-1105841776
-779672989
361274313
139499947
306324720
153584627
350695406
1922238905
781657979
-1783387917
-1192942492
-996271264
-610334925
1560209772
1403225341
816497120
-1338417062
811273903
1811645137
-1202505315
1450817608
1051998106
-920404690
2054049791
-1295257218
-640664296
-2069060148
-1786985063
1138978042
-1199482131
1247966277
1653091981
90860748
1179918515
865492163
543487277
1353485288
-1019416801
-1791492614
-2109775130
785407806
-481720952
1900231257
7721817
752980999
-73440342
1133899899
-1237289526
1949179746
1331168166
-1954265373
331956413
-158444769
-1202180019
-1514570008
-1319306274
1062792153
911211421
1616806638
931693601
-1673434039
618994059
-1117871146
394505769
376461785
1105306370
-684312137
-646092051
822750839
-782400213
188619725
426971801
-1068297300
544809199
-735960143
293009841
-387269908
1000595129
-10473526
1474868348
-2105743569
-1143883136
-1265608445
1935912095
-1711768640
850332676
-1542565954
726592775
-1641536428
-1726869673
1604785159
1162037260
732228189
-1730285154
-1972536052
1261124563
1405897632
75720216
403391437
1179793651
1390978565
-158922913
386630927
919547738
-1118565203
456526062
-2013860203
-1089436303
1464523337
-2110391069
199822226
-1358045826
-1062955863
-47926780
-204905383
604392778
1644098963
-1068929529
-1798675114
116911107
894446806
1923680269
444285249
795335267
93499293
-1612535953
702104207
266348816
428747016
408103613
245383212
-134528698
1105616888
123304707
1407265127
-349523022
1540498986
-1267314866
1038146862
903975329
1164551303
379987054
-1129267078
447263834
1335662777
-1308857092
-267007988
-1742367033
-1848223743
41106846
-43390631
-1098734246
1566485319
-598541943
-1032902974
-936237011
-136062862
1321845575
1271573255
234040171
-561287943
1619178938
106014717
2056391150
313302458
1552492896
2126048383
-1101758935
1613778954
-943420969
1993565602
-1231332024
-2000674804
-1323466844
-509935828
977428629
-1213269946
405107247
1795331909
1357422877
1578831473
472229393
-179898002
1087547795
1852987792
-2012513390
-2040523597
1858159219
260035907
-486829715
-1936531172
-1020896150
179906140
967692245
-331896728
-892093196
82408626
1716559804
-1446009347
-1663741625
-1529901515
1137824338
633352729
1575177071
638756674
1246756043
565767246
301362617
156388408
-446739355
1043175724
4925525
21715019
100210345
1336125247
-741970634
1649739159
563980784
320769851
-1820762563
35023480
-492559832
368411510
-1422968427
42334232
724321752
2064654997
1153640544
-1438003639
-522014880
-47242870
-827206765
1990785172
-200817019
-1363074883
-2060131555
-1649743727
-1406251475
-2095898487
1467272014
1929625976
-248608154
1437550825
1681886326
-1790883592
-1021885780
-1833699214
1064913100
-1953132217
-1598675861
-1323807100
358995090
-52842375
1038436802
-1384995652
-784817035
-416016107
-1453070199
-1540838484
-1958035911
309553125
702311829
-2076696882
1999409045
1189591822
2065336378
-1019067467
1019465563
-594418081
1134029328
-1619810172
1745079516
-870246163
799981306
663016868
1523634569
833406943
-148037276
1000859313
-1031440163
-509480315
200609483
2130853556
-124050822
1480070063
-251092862
-1349465193
1248125586
-1942793156
1763347634
-1253536555
-388066168
2080297713
917975969
-2010361488
495449046
830674315
-23413449
-1691623128
1583210288
1388967702
-1290990914
103810281
1736583658
-1799182465
2103738601
670704260
-1354457194
-812806040
1566371351
-810197086
1329995249
1642148667
754979032
1233289204
-174528258
-1332325247
-1481538897
2015818415
424648051
561711220
-1010300135
-1147485385
-1457625772
175207634
-1405444402
-138911462
-1094167842
-656909325
59215686
185365311
-1186134619
-1366768355
-1503613314
1257450078
141098496
-359311849
-1139840261
-1156331854
540885668
1907175932
-1607456753
975324397
-1843839858
97349968
-1248569766
2145019500
1638657318
-469137576
-519106413
-1213822804
-91233631
316942501
-1394065272
-1550319621
-344486234
20416242
-1762750365
1534978418
-394927308
373618223
-69161938
-146626526
-684107326
-1133424931
1735038872
1099399564
2093861031
-223043172
-1065608200
586747222
517712572
303632385
311005842
-145855428
1084341567
-837951827
1436061465
-980387260
-263186438
1964053658
353250933
895840309
-1707465821
-1669121096
-1202909754
-1779390391
1858540166
60692152
1150102951
-677545439
1549713249
-4169690
87573942
-1540922888
-636807538
-322050371
-1279701932
-425662693
275017063
948214518
-1856620887
-346163816
-958305307
-727948830
-912837398
-1933729995
839478410
1653653817
1110372062
-1592100956
-846039424
-766461775
1519092893
2129133556
-1302186494
-1811784556
-1318037605
293000521
-704932101
-640875124
-1099636764
-1170172209
-1118247444
-1032443455
1480921512
1664595691
-221471982
-37080283
1396971258
1973857203
-343854137
-2121537778
1996120532
1374499488
-1882014168
-29740284
-1748739490
-836658302
-1069352201
-945458468
-1379455633
-947433805
-1854719549
55215109
243629907
69927567
-1835183290
-419743199
1137051342
1107842083
-440965619
985729239
1696224353
388216611
-989578914
-765462809
-378254901
490664225
-242455979
1252863614
-266533422
729650172
2132461392
-1773289782
1548240963
733096854
924351884
833053393
1756074550
1868829385
-229901040
-1474928258
-1322219882
-2060901478
-1941457207
974707452
-61976865
552449711
-1870391050
1313937223
873334825
343451134
988966341
457550336
746224742
-266320185
-2104721346
-287342720
-1166300185
964726467
1849633632
1074997038
-1356666076
911333533
432813961
-2145128683
7641276
-947717215
1663183386
1891935408
2114498490
1672522419
-277943462
-1270673656
632011289
-1019261311
-333683046
-903318016
-2034374774
-1828991236
-516650854
-1232418065
-1431942029
-2021982205
-90423253
32458351
-108229317
1790354785
577463573
2086178676
1558936004
1642217977
178366778
1965539232
162749752
1382098495
634845179
-1139222316
2044397065
1298821610
2139613146
1662550026
229296690
-1988166425
998580831
-1774579359
-268629054
715152272
991356480
66216313
1382285722
-579374563
1540622267
-584269824
249350260
-1181988006
-96595130
-535490675
-1598816216
-1835522406
-1087736213
-1295317332
633370922
-1542065941
1293603564
-371200455
1750906455
-1815831158
-1876631507
-490639119
-1982839056
454168985
1378647763
1632194629
-1067041562
597464847
1010360999
-86830479
1014907735
-479982865
-1227360576
1974861261
-256239272
421739196
-1525587999
-1559038621
-213814027
870130987
-509820641
-271906111
87200373
691081754
-1155193145
560781583
-1846152223
1875097025
-1801602179
-365691549
-24111929
-583347418
-666227800
1159151699
1098126907
-1658056234
-916497651
-979942197
-1845057762
-1623786799
-2025369414
801689633
741387426
1905086661
14515493
288554854
206925581
-1314113665
1135001235
-1815413250
-1829220676
-230957410
-983906370
383521139
-644201110
36873097
592104625
121900677
1545058226
-239870302
-1517577737
374967173
1733515985
-2081304645
1233615348
-28154910
2005086897
635264456
-2097247087
22438148
-1841239006
652582358
2042787103
-690807720
1926174570
783570236
-1478196620
-1234997589
-1776744705
-1879839985
500938074
569245884
1611355794
-1476494118
-1164293846
1321455883
