-1716654214
-940064894
731058302
-2019295698
1884276563
1520113799
-1804035247
684867176
-1676256971
-1768561713
1511122891
-832425327
437827996
642176439
-1317230609
-455935097
-877755543
1810007681
-1482309375
-662891812
-66851284
-332266172
-580577940
-84272918
-1562213211
-877451741
74549478
-67964886
175128455
-1213005887
726573777
694401477
1904150656
-1316074508
1552380644
608864107
-1256003211
-1127571528
-1801413622
-793848220
182807570
-730419611
-999970423
-2143475740
894496129
-1469117404
148116071
-1097643358
922151544
185082783
-1456959736
-1559287381
2025883513
846549751
-591813349
381367410
1065933141
-1169136646
261393847
1662039084
-1896566287
-668740715
-192947776
-2131123622
-1670122164
1561173127
1868134543
-1275013977
1771354816
-1112049321
1778123985
-851930637
814792327
2084360584
1110539183
424469679
-176035968
1952826890
1593295407
783826539
-1036851917
-450752270
-256008999
291913900
239938066
-911889299
562363805
158973698
1509279233
-2076936974
1631702004
145247834
-1845566184
-741786954
-962950332
233764240
-85199193
261617253
245531528
-142027960
-412958598
657593614
-444903376
139054334
-1216093603
-1760620706
944109893
-854811814
-1656123934
2125119504
749337296
1510262728
2125690465
579743140
1840963196
733638472
1702051135
682539854
527125370
-1921065342
490528371
-1009060559
1934012580
-863610084
-1844256442
984312780
1763241188
-725307824
-685878951
-488549708
1052613079
275727544
1763623916
-494676349
-641278804
-1914636436
-1384190628
396910096
-1773805230
-423046578
350128877
769731295
1308451794
407792547
-576019254
-1743713061
-1394021384
862691558
-1251382199
1176116546
2039062329
1617218776
1710176882
449361120
-216806192
1296419547
453407425
1857753471
-878274519
-2032444544
1701596715
337206941
862545283
50708062
-39792034
200873311
1761668304
-205875931
-64456371
1552017350
-24635681
-791059470
432164075
-1785091296
-2041116484
-178830620
-386041034
-1539312192
1520763222
-1753508626
2009441910
-1575394320
1152904546
-986654738
-2094172730
-1841973210
-1507928705
839508478
1177758163
622545526
-1901950309
1842159626
-709674525
265648968
-1637206892
-1118000733
477707545
-1821696694
1535616802
-1779745263
-1835031562
251464359
-2030460685
1088126638
796067363
-568567432
762337559
-1498940815
1293289581
166388603
2114125470
-1375215927
-43049201
495981826
-1832186241
460153259
-390483913
-1732823251
658809787
-650626834
1000889027
1416341851
-190765631
197636822
1973314891
-1157972515
-148113132
591217645
1533188451
-372625940
-4778454
679058969
-1072820447
-544384803
-1828738409
149660907
-786584356
1496498834
-2057754518
1986646836
-1279959241
1199998259
-319854633
-1295784482
1687178589
505260574
-959004907
188997624
1376357773
485072411
-47500151
-332219374
878517720
269628628
-1125241052
-253337910
1677272361
2024271747
996428040
-1625055578
-994852730
1000831725
313206897
502822181
1060757652
-1629316978
1180271314
232762640
1682963296
-1007556843
964275774
591438357
-272263588
-342475246
2035377417
-1972181611
1871244455
2133299437
846176175
-963191620
-698862192
1159367961
-1985763085
1477553106
2103594844
-796563574
1729024075
1166803664
1426117191
1830784356
-1464574341
-1204248778
1322373064
-1195430924
838971519
1663080219
1930936857
873645027
285383853
-494878331
1823109110
897858472
-2037086693
-1255878662
2049689764
1712727358
1462551101
-882774698
-1126171596
-807195881
2079143123
-551815713
1840796680
1139988559
1376536065
727555222
-65761386
-1466552283
1598265023
-1984097841
-407451284
2108803238
-280291469
759955204
-190699405
1753373866
1453090011
-278205467
1415373175
-272365308
-736850128
-2017107790
-2137895706
989047028
-1949782136
-952280627
-1080421161
-689633824
1002696571
-1964908406
-533348530
1583337027
1303111433
829807946
1730549950
-903837723
548566202
-657885497
-1286716722
-407244468
-1811254265
158962352
204630879
-1918466446
1569125880
349064056
-285446194
195108023
-664608754
-1431670934
-1877938058
-1135162856
531174754
-771007232
2128844920
-1611428959
1150520845
-960901003
-1084121667
1496211232
-1246101302
1874949785
-600457924
-1886338021
-833682726
1699633379
1335441272
-1795106813
2134164007
1592555212
-912682676
-1454079576
-190792276
-2045304742
-84730646
2015846384
-2070405101
-2117409286
-1893953760
-1969983549
2063900831
665203090
1461724381
-1425040055
163319372
-212738857
-2052907788
1688908887
-1412241101
-1498654501
2068089375
1272210470
1043639859
-1983431959
2106114373
72829509
1644345550
-2106572140
-904468481
-1706411824
165994320
-721670899
-1872599208
-788386846
1485122869
-1801786955
1026705108
1193910855
-702390324
769786867
974435251
1898466678
62589207
-1280092602
1592604790
1581337789
504200437
-1435280739
699426978
1618831294
-2017006462
-1998345242
-1203239741
383384601
-2097261634
1848347876
382130867
193761898
884874604
450988101
-658250212
1354124917
472490300
-595165709
203978042
-203313504
1341775915
823374250
1177900517
660098721
-1159781590
-1472024886
88035022
-150625929
-670343171
995038573
-1830590200
-797518179
-419198874
-1755339588
1870122442
299327101
1595156354
-607840642
-1870250893
-305348062
1772614001
420650993
493444301
-519323086
226830652
-1979896867
385249685
-1783893734
1440809203
2016125413
2108763962
-1361167222
1569085462
116641567
497007333
-1728177628
-1572897738
-1985690649
1940985273
356273007
629723098
-2085045520
-150439845
-123900655
-1886618714
878042523
77882036
452314429
382045625
1831238027
1442866165
254739818
1269508951
335969145
666689243
968618821
-357910328
-930266300
1682460212
-1343673113
2042764159
-950524597
1815727521
-369525686
410614397
-294966017
-1698370916
1575972345
-1962008329
759362739
-726990404
684531462
311846710
965453493
999205943
-886147519
503367102
-199328862
986841513
-340706138
-1186040142
-232240650
1181790739
14797079
-343127690
1634794210
-875348955
-1667615926
-418214763
1441069154
-2136423489
-282246652
616509925
654239886
-1331082059
-2003466105
-1200910103
515983919
-1325769262
-1535875256
-2062455946
1859438229
-1022603233
-1573657628
2015959192
1415138470
-2123968924
408521813
-939198027
88426810
1128220911
407361888
-426992141
-2079354714
-1877188205
1234093137
-1560528937
-1391080042
-545942541
147031018
-395097810
-1241872096
426679808
1759683736
-563631825
928194581
29519039
113176552
-1983887135
-1783678567
1290375503
-281880776
-1414702662
-309816587
1170506282
1106335153
-1534477688
1329804459
-808309589
-953254540
-546582892
978543818
729782991
-584637421
1825186564
-1843402108
665170239
655516226
1241155201
1099724541
-1726592627
1753144013
-1768392935
75581285
-949343042
1372126413
38406757
1182946376
-2125090296
-2089372394
-886524946
867803684
1122108892
974668531
428182988
1409124155
289758501
1645552661
-1491662960
-1231750486
-1158375214
-305706041
-669507741
-1761001285
455941522
1337334118
-1967158930
-931821450
-287448098
-1041907184
1459054973
1119506045
297993276
1363616155
463766238
486775065
2113356736
1956587209
39191183
-1603378801
-898407210
-1208201543
1948600215
227196600
-836026305
-599530593
1428114868
624796880
1777658457
-859311433
-1526227403
-1973530995
-1150916446
1181887862
-421598423
43557747
1385872254
-1138808318
1519761593
1809788774
-1399373768
1569240804
-1208633134
-1387495552
-1474908346
-1865075204
760397062
-671287259
-351323440
1171075765
-2109840716
1130854483
10326387
1545054072
1686625637
1917607486
559335745
-1494178203
-1232895111
-1900560101
664762124
-1613407936
-1221852926
-166923204
-1228507676
-2116318039
-1184279313
-1629575332
1787175645
-1340458352
-437781396
-1430767556
1433866517
99338214
-458428279
-1691219602
-1003783692
120187288
-549889511
-587992464
1213918645
336487608
-874831908
2045123835
1610221605
2002984445
2096476896
654435229
-2020463189
-1050727315
1172356387
-1086749307
1508480135
-1120541864
-793733507
-586759267
961289822
-164100216
-954817604
1151187678
1422509557
850830261
1657144336
1656917982
633840957
970600510
-1448398679
1293270957
2089605007
1301807638
-1106546018
-1986778654
491043895
-702860036
478892816
-649779216
-830186186
529892590
543779215
1457669565
-1762066877
-1044395297
-1825755973
1122594677
230823955
1217990823
786409774
-1136416614
-531020838
728657978
-1159839079
-1531469729
-1643193584
-1457180132
431350573
-603932874
206196600
308535060
746011963
2027440551
-1675002019
-1429325537
-1277492450
1841845347
1913293342
357781415
1268201816
628868505
-297801491
600580852
-1632303366
-1196290169
-202977325
-2095281438
113813577
-465514413
-1277945098
-1309715244
-773625954
1625793306
1980517406
-1002320664
1982972045
-1905824183
1887394933
-394123668
1958089033
-124796116
-435591538
1732736911
-1464697273
1560945348
-1991938904
-740213669
895151136
-590070820
-204488910
1969722594
1234318267
-1713932706
812238738
617919159
134476971
1763532770
625556257
943925664
723429845
-1845113465
-1476855174
-856418423
2122835029
-203634938
1037181172
1148934074
752799905
-629436669
-679999380
-190892724
-1220580881
1501650086
187319623
1885098201
1715142612
426089066
-1922310474
-95048334
941683245
326024756
-1985001668
1493440725
-121845950
381030055
1772804461
-1703451937
-379781081
-99489354
-101589769
1001330751
1867009893
-901422982
1504335846
1974973548
-922937894
-630375355
-235392989
873758424
435243485
2073018614
-1002806979
-338851995
-548983643
-122306418
-1396749717
1677489688
1749905899
-867642365
-27174703
-1490410996
1911012812
1927007572
-624061950
595207080
-563700492
-1270892835
1732887237
1170265620
1914985209
924382188
-18328036
477330408
-491889916
172840595
-1787553663
1110014758
-1466378570
-337822017
-230790286
526443626
1301620552
860296841
1402907952
-1616397985
792788212
-1212825653
-2087069502
-1838242187
1437018259
-181418250
-938106304
-488561712
1624300423
1359376163
1164612429
-1754648189
760250842
975235943
89975780
-1874058499
-2103600473
514939242
-2034480296
1747267011
1772827320
-1012510406
1868981653
-1063145633
345564528
2080710236
594102443
-197632361
335054827
1820718628
-725223795
1524358114
-517938589
1670168390
1344034581
2119193879
430447573
-1674690900
-678050230
713764967
-1666794525
-577061495
-957103387
-764546419
-1458673925
-62620499
1174176018
1485624387
594393273
-1867937509
-1042848397
-1312507145
-349380470
1443743192
1317514345
-1016362818
702866577
-1158988027
-2899563
1008793481
1965928141
-1163126224
281807772
1408594838
-2107815814
-1381845018
-1425264598
1912580392
-1099634760
-1100359028
-419556295
-1311721095
-249646230
-1675630994
1427512467
1707231983
-496410272
-1668444392
-378244459
-1424430962
-434302280
830047716
1741639989
1437099182
-145288575
-1905263148
-1723425211
961491693
1506826912
-379709279
1493259256
-1283920538
1309475575
2110689555
1400471205
1294432546
2029059779
-1718208877
-1486630197
302349774
1625157
2140409342
711728980
1912349870
-1055196508
-216912965
667951133
200364753
1287760401
831625999
125203638
-386739578
-1365677524
43837103
1907867494
2053513230
1730484901
719459990
-2098450319
320589202
568111654
-493996263
1244660124
-1113542057
-2112417936
737262903
-1258969616
-518629073
828192964
-535405515
-987450946
1820287538
413642115
-1604050838
1576058595
-2046571602
854371864
1341973335
1954795853
2071746139
-1401905643
1381133562
692846525
-623675181
1706550428
804050531
1702126798
-826436032
1963716352
-476315257
2047712309
-1238274986
-864339541
2057845331
-605401015
908389508
-967408831
-1086106364
611883973
-56495003
1974177285
-960701003
-1255586867
92903804
1163924347
-1173279431
-1266545106
1402207264
-1516908977
1620342570
436778986
-695872075
1579859573
-2030557886
1695043570
829699612
347540368
-1845881879
-1307903435
-2071845780
-828626536
2029159438
-1208066343
2081101537
-1160830026
846124601
-661042745
518551060
-2059259534
-917216543
-1275249043
95395692
1836055055
-320338950
1844904894
1621695188
-2066929099
-1093917742
669871229
18413486
-284475440
-523213539
-1111629893
930841862
-144592840
-1635043250
-105224802
-220669686
-373240686
1701245479
-1661649821
142924730
522455157
1179727763
1900165541
-1094137637
-1217427761
-1076571469
1377205214
-1420927696
1537151242
-1420606154
-1527566290
787751660
-959783830
-1919636499
294678619
-2026532510
233357752
1060751261
-1446413031
-1194789890
-478754012
2114273047
-644097910
-624931720
-1079624601
1773039238
-325122809
1419355205
-1519617752
-1220454393
1081273376
-142704303
-1823380064
-634091137
654258657
-222727701
-769041024
-342422617
1480456279
677635073
-1369293551
1933946475
-1242507438
2025700236
-2006255459
-1237825932
608636011
197352525
4017677
-185815037
-1251465400
950934201
-1518789421
1325312768
994489886
1700153393
-2096476151
1515775058
659732087
-2094182795
-247413030
106741873
450612788
-805728678
-707535072
321108792
-1720741675
1290073531
1153533518
1138127103
1619023096
1107984557
-644680560
-566057751
828726815
-557966858
210728496
-224733063
-1802674506
177049278
-855120069
299845739
-1027041709
800098694
1064027492
1629053633
1948258367
-930559910
1031994407
-2003826149
-1761360332
-701300158
523620145
-1716766133
-1359893656
-516149251
83789566
1101718057
-615259190
1989553137
-524893244
598869667
-562779254
622976348
2016189071
-5471465
1028305631
852779728
-1526079315
-307168540
331936260
-1495273507
-648394421
-722612162
445200770
-408923633
94583135
-631425983
-1168571723
1117147418
524973513
-1675516856
-861649784
-239313325
-768143436
194799743
-1254993790
-147699870
560608066
-816519241
107281414
-840638410
-2046575512
-1881086855
-1922393642
-21899208
1157674517
225113949
-338196520
618081987
1749034905
-2022319461
1076122909
-2055144750
-650324923
-481273118
-1965439970
-1136690694
1102106958
815202664
-1157354168
-61171045
1782715894
459131714
-1642330694
1419212114
262498797
-1972534795
1579781708
1129802161
1972852211
-358250164
281407187
-1287663054
585169602
1749825131
-352566878
1477739367
345567787
-786103260
-1926147244
-144799114
-1490116993
-540723064
526457545
-1004806459
1674611760
-418066495
2104307053
-548668688
-1499149898
-177029089
-584600640
-1007120125
-1470867018
-1630475408
1215996433
-744960539
970531681
1301107091
633551244
44097554
1989149978
-1206691761
1131812215
1677112716
-1132008101
1856584800
1654671544
-803199725
1746476505
1048248275
-1038200934
1636693651
-1939211035
-701142637
1789516240
-307593507
1081153812
-224859582
-294932295
-376847719
240141090
-1214940595
1976516069
1686393979
-1160322541
1778238778
-1825999401
-2115673419
1940120986
-1074710973
-1214436596
1617405868
-1651901762
-2013152728
-775746244
-507235858
15722171
-1575794111
-1438918433
-1320077470
421604390
-1371499310
-810059022
501114816
1679908435
2129745570
727985402
1809805891
-321468678
688142798
-1000026808
-1194544483
-7912936
2025278938
1830680447
447559979
1122792466
-384340728
1948098899
-2042846614
-321733088
-546299155
1683570579
374501800
-1165454104
-1850021824
297449320
1733812990
-509993623
1873135605
-810246178
-453744515
-1632685030
1052164489
-1273325660
-1511504218
220217938
210926751
688042767
-175111137
-600275478
734142924
155272804
453157028
2103619360
951938222
-731869098
-1503148229
-488179522
-1816442045
-1257633587
1564635051
-1750065542
1360830071
-1477486616
1228907310
1073665440
-1284902914
-711116475
-371173275
-1219908626
940978532
2005061503
-1018127733
1795256510
-658122655
2082221048
-1691521043
315657322
-1359287183
-1479078185
2048799641
-278009365
-855909980
-2076892332
-969058731
-1618848061
366222514
-316720078
2039986899
-659981027
-1263854510
428954765
147398946
-947528655
-1432435765
1090476245
590304614
124871405
-1223380278
1716452378
664081867
1858769105
-1437723018
-868016759
1087431606
-495435494
1513586626
1509524022
1558393917
-264469470
-416331007
-119281893
165852121
-1508824314
-2028835649
884060000
498897242
1934551433
-2121746483
556774108
-2084961254
1896493623
-1769541475
-2038959909
-1407483531
941568205
1888371152
1495477025
-1439869576
253265623
-1667897843
-1630884561
-1019178281
1051897499
1929714452
-1622621244
-131166684
1803036725
1693495826
-49633114
1253857342
-66005757
-802107082
1521411745
999746566
-2002705086
957921923
777484752
1140327257
-1506018311
182692840
1808216090
445564729
-734761707
-1786303347
-1445589505
356962125
-28657195
1238129519
1044429716
1413162123
-1333645464
1754731310
-1466745397
-322290893
1713621971
-1051003099
976191480
-1852106754
390843672
1395375547
-1435209328
884151447
2107543188
-589870088
-1424835533
-1900087478
1268996264
-1471318437
1441289707
-106343942
2030700187
1031961321
-1282640970
2143509592
-1425365313
-1774810999
-1538678719
-1285243566
-514033455
-404887665
752614134
-667289656
-801902939
-125134955
-651828424
381709957
1955435266
544306833
1634571245
116011884
1678113482
-793623260
-1764068548
2010322417
1792877662
-1968497616
1779505815
1259578571
734390592
1184180140
2134465275
-908716313
2080925177
363969210
-1784037002
-2086908001
495483964
1630277881
858284010
2045080107
-1649421493
608522520
-1419190769
-1143687081
-2041775463
1537582251
812390077
954368118
-1703963984
637958465
132498795
1153156758
-1755078572
-1726529867
17893362
1208188148
1332506088
-1983957308
-1918584681
1559001010
50437905
-1108071968
1814357063
47833031
-1806214504
-1987635901
568254756
-996187850
-1440436588
1673864774
-609105600
819562626
-1876323640
-757295374
-157459033
510264160
-1071108791
819609559
-131230301
531282094
-2095366812
1980625692
863591994
-1465521245
850251966
-621742889
-1915793925
-1496261048
-594106693
-645192546
-1500294919
-1364613337
-1766070749
-1056396194
746361112
-59756991
-903214845
-1493481366
127082119
205358404
1446191825
1440709847
-1757340532
-1304686851
1253696723
-919647226
-20744570
1089874443
1526596800
-1982774655
75653424
1222136533
930474406
-1689523189
-1835389918
-597757763
-6569201
-1072495119
1684088733
-2026421611
-1571656097
1522860710
-700472697
2132680273
-1628909952
-1601916274
1593525428
717125630
1611168192
-956029415
-1276688026
1216144370
-1220091399
1150491924
-2139136489
-1807972283
-1847698703
-1697343685
1980442997
1258107263
931570436
-756786670
356826797
-856064366
-1984245248
888045556
1121747180
-1914218486
909431375
-1698143124
-1940309214
-1637079422
1900333147
1446740419
360411144
888765530
103615533
631772121
-751360412
2120099494
-1290692265
1437504568
-523782773
-1566385815
1435769108
-2115214491
26564135
-1064768766
1126427309
-1966525575
1876720442
-864759067
-962867683
1075316721
-662489246
-705339506
-1975708425
-114827583
1216950878
-2068588621
1001553287
940398254
205714128
1638431417
-440198088
2024793821
1280933956
791811176
-486541515
834304934
211001712
-1855547423
1681733713
-1355248467
352205501
853407182
-414050005
-106561485
56463622
2023203292
-1532433011
835284905
287929502
2091809638
-1898254316
1058382214
234002583
580259186
-2060864234
214453337
925866561
-1814603296
2053269439
-691439839
1230273777
-1326275616
-1680525955
-1011873060
-1157652989
309259684
-1446147171
-1568315043
640902433
561454422
1251871542
-1842668190
-1790692156
-789578420
-451061947
1793259493
-1651089670
1190235002
-1650515687
1504390834
-775937430
-1237234648
726079217
1847939129
1264579477
387093476
155818211
802693285
-1959291298
-382927688
-762816514
1141486637
673237963
-1360495968
-1942535245
-210740567
863541261
326222646
404253040
-70373273
-1746246467
1455488175
-1365005683
-1502320577
1179943784
-2116556790
-145134485
115909348
-938224563
1568406149
1473095386
-1917327492
-828598940
804526675
1122694331
-1742204557
-501047902
-627510644
2009303782
1060226956
879986811
964825701
608188749
-1673899976
1850316200
1166625696
308009569
-643442901
-1534705366
-1098841019
1486607540
1439692843
1546639246
1477537682
1314689759
-1719557334
-161167
41673263
-1131211355
-187126377
-1930311354
-524110427
-904723368
-536435472
-1388649898
1923575569
-109387909
898741915
1703817224
30940436
-1663157848
-1961115402
-776841630
1237328141
1918900916
828432812
-449751857
-671098998
460189968
761271626
1970499618
-1143876613
-529681039
280345617
-149931814
-1411669080
-1430772557
1331238925
-785174105
-279753756
1759654906
980097126
1002822189
-1606289534
-1410915558
1674970613
-1880546809
-1941993592
1492570424
-228399846
1382320141
1183447842
-775800911
-2099076916
491874778
1427563225
509226810
374756080
-1112717432
-1586736380
-28122297
1340292590
853934013
284297598
-2061461583
-854307966
-568375317
-431834471
499688594
-1464589105
-1256135470
152090961
-1102328717
-1985464391
500262729
-1146065212
1373458601
-588890765
-1692831426
2140034273
877422587
-1188882858
1464321787
-872585120
658242440
896732916
181317802
-802798095
-1122054681
-822025619
-1263046629
1085171383
2091675791
-2038297088
212913859
1597124599
1273342841
694438373
-1050015737
606325260
973421316
1578711897
960205754
374076062
-568063977
1940042745
724800740
-1253491181
-215597428
601035347
-1951141691
-247628732
49866188
-1025861703
-1104391655
1889547380
427679670
653510489
358259868
153644157
83784132
-1517411702
2032178384
-248565941
1826274416
695719528
-1532641283
-1626372466
1907279060
-998494558
896057464
-752886869
-225708912
1878385041
-1806454232
-500435981
1936733167
-2144237171
1092307781
1897266198
-669908404
-1083318404
-563559069
-1850190119
900411570
739019435
1993003694
-1400298746
1289888450
-77620768
1063920503
622570660
1418443225
615315887
-767410193
-257213080
-1929490831
1203928076
-1368933839
-660733845
743463879
84559137
1039203461
1185279260
207864254
-1413959326
-1364772894
-669979273
-1236745981
-1431697187
1492727476
-1590119562
-242084495
857183190
134354912
-1005194808
-2082090315
-1901009774
1108489732
2097277888
-743643339
1981770355
1128840963
-101937008
1383950637
919052868
129023936
-1845717578
-17165797
1073510358
-532895704
1492272309
-1532785571
638495947
975670134
-1711476728
1488877335
-974432079
-1695309646
-1136770221
-935639974
-1013328302
1085392762
523625179
1505449346
-2112179639
1052120324
33754680
-1298073122
556691160
2124000610
-586073528
2093888406
1319383289
1957326088
1168103015
646997705
1782426290
166536843
2095362268
-311077131
-835266899
-1260422997
-460607851
-1448601956
139811079
-1317896045
1598933527
943377699
-1991468696
8907870
25464239
-374573316
931195475
1406087645
-1304527635
1028129799
1745179070
1417211287
2091655506
1408006197
-631978267
370322960
1258597960
-1415318930
1510013274
-750932146
-1032032174
-882262604
-627182240
-602453352
-1697219709
-639774584
248723834
2119310976
1723747636
-1666818420
1223692606
-2123680988
-1683139344
-416915351
-1695921810
-162095440
1005295795
138032626
-1165258424
-1246532058
-1032198060
-1374042487
-972874468
575592033
2057786430
-7224383
441867807
196800854
-621094042
951841349
-1987779713
-834827363
-1741323144
-109536009
1054914743
-1096825297
817911379
325686876
-161622749
1236242545
-1642273864
374434870
