917978237
734789376
-1068543846
-1947034265
-643007783
-1448129324
142532736
1232034290
882211321
-1658977449
-1191919203
108366625
-1726724957
953903618
-1304129305
-897856177
-1348247962
-500647735
-769953380
1136461377
-1362355162
-1742774201
-1182825630
1435634297
-1018461993
-429186759
-1911679313
1194312652
-1239309688
105490224
1639859050
-603411150
-490480733
752654978
1826866642
-206981156
1147817074
-1254728319
-343390818
-875041396
-1175097115
1448667375
-403739802
1446339616
-1804546414
484539312
-629381055
-938912146
1359216380
-1802300991
24499118
942700119
-999056873
-895691159
59704247
-1309160426
-2140682997
1704527277
-1796455597
485865177
1640393016
2132013320
-775320820
253354642
-808757382
-1422779557
440508385
2019968782
-1922507859
1493671970
-634536852
-732920763
773817459
-1868408344
-1661720505
2095853556
1562649396
-571769860
-1986109012
83093609
-1919465370
-1197698203
1039514971
1490043037
1023524878
-321969390
1911529664
1629018503
1383977605
-596816043
-1247757740
469580974
-47362689
188566674
2105596995
-1815589888
-1340565175
1554548019
-247505586
-930456862
-392995247
117091038
453125106
-282901368
-2096660757
1122248426
367509449
1101468549
-1194366639
-1697735154
1162294577
-911405403
-187365908
-615941285
-391225557
-440254726
2084226513
-1614825876
625609604
-46808268
950572429
1543981275
-630115015
-1576631242
-1959872475
1466828534
-289472233
-585163035
-45298089
133091249
-1145216862
914757442
2043383334
-2022357025
-2116255945
922069178
-990122347
-658140004
1804688756
867157948
-1948857422
1895876878
1329086167
-1785190260
799295189
85326668
-1442984539
-219717802
-1870502103
721106077
-186902260
208104838
1754709611
-1534545691
-1780035189
1834700886
875501042
-2004606629
234121105
1161323688
1423009774
1292953215
1130885220
1567732757
-964974348
-2137688757
-1195772604
1761771333
-749197895
-1032496216
1184665807
-2006541952
724793629
-16607197
1752792743
-1065064059
1565351531
-1191167776
80675153
1727374234
753787871
574322126
-1277509024
-1755770652
-1749237400
996129307
475009234
-1524041736
-1334782034
746410218
-238476871
20380337
-179692715
2063706435
964245277
447184195
1479045251
-631544501
-1583361760
-1638667632
1513503391
-1317820236
1033588067
-300127814
-12213156
1674140278
-847538008
1629935865
-781458443
1083329982
-1294215495
-1886248531
341180345
672237095
-808180601
-1526580810
-981018934
1854999335
641915029
383411715
1130787361
-396296501
666822038
-1707044247
-586751532
-232461402
662389589
1549652661
268642971
2144566790
1367179732
704471300
-1927215216
39591017
1544022712
-739463855
-140082123
992547631
-348531485
-124497330
-1293897029
-991148144
1240403554
-898956424
1969816193
1301259727
-938377078
459327589
109771482
-989741393
1008628317
678566240
-939237869
1663715366
-170717903
1803006263
158726323
-1814465200
-385218669
1161898066
-1417961212
-46114394
604936808
475376903
583412434
-743453841
1380394069
-1500025555
1341805426
389970294
1297882976
1656456430
-71046651
-1261557764
-1440330537
-1018067231
-1212368898
-1896658704
-33997968
-2060258984
-793055775
1539400541
-359822415
-1825547
1309874252
-307102173
354457233
-1527402365
1469440314
-1090321943
781539935
621676034
-103669370
2068104785
1757204963
-349115133
296224430
1235172974
-827713086
-2107947466
633491674
-153552782
1163462694
-1948322751
1515646236
-140385109
-1254876514
-950796846
971010039
-313583696
1584455234
1018248439
1217803301
-1336673321
1611150874
1601187756
-931061356
1738057193
1703027647
1405402549
-2056822606
1502888216
-1994197437
-970258514
1118404074
-1760704975
679609166
-1088777376
-1915764371
2127852045
2138066568
-640718507
1596899125
954511181
-896023746
1796143022
1928749894
1837459269
-828251073
-1395143117
-2140209610
-1523257800
1681856007
2068350891
257693167
1476132550
-212474081
-1225034643
1286930100
-516917087
439614147
-287712714
-731938719
1729681031
2131786180
-1874666179
1570311158
-1753444500
-2067124816
-443586940
-947960491
-1573071115
1036626479
-1849844879
1659954506
-1932234451
328345775
-1046234467
51132364
1012174194
-1525548477
-793546262
1444985474
39836848
-210914360
-833355302
306028424
604264145
319780937
-362102242
1658796146
2053596020
-545913436
-384902291
-858157680
-1405134372
701851501
-2209129
-88169101
2135985194
794129425
-399015719
-354205520
-1043115570
-505907138
301741426
554503651
1611384123
1744221314
532102262
1694603766
1773349082
-998141646
-1471645983
1558020259
1348347712
-1918129011
1893150703
-628121289
856318626
505489184
1291615145
-414426217
-21952632
2033046123
-937661757
-1568073336
-547137856
-591059516
-218224731
-1672435670
2085706389
2065309051
-920629049
-523950651
-1033225408
1068722238
-884464575
-324237369
1212737183
-1412790593
-1382068062
-181338867
1108803364
1904918931
1755152127
-1882279839
1748715023
1605310813
171436623
-553865405
1866986719
-1521707733
1369610230
-55117588
-1108297211
1518899999
1083442591
-1175717489
-434680613
1422982993
1253400654
-1053821471
863554771
-2044291852
-470378316
1346185947
74801139
-848851530
-1306597179
-1494243906
-351353728
596337517
979869319
-673703849
215075321
1302759407
1115177005
913386884
1529472327
-1483262144
1375231332
1438065142
-102935503
-1783969806
1885118955
-1885756104
576947221
-1231217207
-690356887
-826521873
-1615941676
-246799715
1640166522
-1065749406
1780279566
-58496636
-197103862
1633962556
903086223
1912234031
781752294
-1161838960
-502332920
-246304108
256614800
-1609963746
-1927596287
1148110029
-1284012974
-928555052
-1171397362
-196188353
410061205
128652695
52116288
-869390081
-1064191886
-360646334
-2088099106
-1978798992
-2061535351
996302574
-1127749803
1973658160
-668207087
-702902924
-1944458900
-199930316
-1063829967
-1056554449
-795160133
-43271375
21093005
1772170502
479458909
-890077123
137406754
1470146729
-803543068
1105214646
1814899030
1137390361
-87664243
-1108595102
881509194
-1531942290
-1882400588
-1843100201
-932540813
-614624812
-1240266871
497753373
-430150296
-513350954
601247492
-734759791
869634812
-530698530
-1896072170
1635719691
-354302833
1699976444
-958530528
-910696893
-1661604447
-377139226
1038789800
1763802224
1897912487
1747968063
-940412343
832346161
1261969697
1891637020
2023197419
-686344783
-696732948
415024323
-1417556172
-2101800955
19622612
-371847243
-658221250
-2112589353
1716104301
853850094
1655453322
-2114358199
-702611166
1317259882
-1305836749
-1509701613
1703810190
-1819047701
-612688794
81358062
1975034378
-744715783
2026693649
798161716
683681670
-453618390
868704218
-953392185
-312577636
-1694171229
-1810565806
929516082
-1083026206
1645579486
-2015873686
1500929295
-1869731713
513349548
-563746011
-2074390361
-161819136
-587528323
-1392189041
-749248545
-964980116
-1068575265
-1676700435
-1234667695
231445653
-1495914428
669205301
600534713
-997172047
1680359943
1741361088
-1910639470
-2016386776
-1244654927
1422732861
-1891561472
1386689710
952525943
1848330472
-1631101712
-563250796
1753345799
147232252
700999293
-1222887845
-609267069
1420513382
-1683700843
-944218230
-1824571699
-401700934
-505620004
-770921791
-694596859
1413774186
1524001487
-356188403
396771663
1323627828
-24424660
1080039036
189588185
1656116956
-1696725871
-1918819084
589850652
-263237861
-906563229
410294336
66077025
-1058379305
-1848147215
-774355605
1434246022
1038479251
2138999256
1938331473
1171090689
-400701400
1338734760
-1975938446
2083458853
1123308725
2063886535
-2143567351
-1260017756
-1699056429
129829269
-1847958948
1153132116
-596235507
354082257
1270963286
-823928011
-787835762
1700096826
-779164078
1122756786
515581980
-1911078791
-929178055
71308839
1429172293
793703741
-833408818
-312015197
1220261079
-397571928
-620109240
-1096411154
621168532
-1727938071
-1335981024
-1096651315
-597137370
-1745455319
1549034540
-1276056188
467989328
-810295637
802889965
2091642267
1384010086
2105691694
400445220
-45244955
-111650817
-2104554347
-1183060822
-965055555
1739199208
-1252386359
-1115071359
173467283
-1790007205
1583223006
1785399333
1773725862
805555311
1716619380
-1498136024
-264501230
-178817070
-1200384673
944389629
-1338141683
-181545546
-565488758
337522963
-985357715
31694089
-295921384
-1220546267
-929107603
1654671592
-86886453
1011590096
-1320967761
-844176299
1379954857
1967805285
-1449587579
-1427415770
296254940
457604352
466303595
-1128426944
-703572263
-816649255
1412742616
536514821
1267733188
1976792537
-382470603
1536669194
166235411
2042391920
618856237
799188237
-1446170511
-344531803
130600999
1655458853
1816464356
-1285235346
-134328304
-721131973
-1121610191
1138926401
-1498783395
889598136
2095825790
1062603242
1113860688
1452165247
1801343289
1571274143
1346051449
616358430
2108582969
-828485551
-484931969
-1750675137
-25553630
1162137668
-903438560
-355789980
1315301132
2030810081
1596289141
1548341715
523904102
82587338
223741050
188026574
1539911192
1086538799
1831381965
-1675464185
1252247784
-1365562785
-530359370
1370024018
721540382
1643041698
843147367
1777076892
-930325399
-77811643
-1621221500
771915803
-1507845629
1559952885
1448085220
52678598
661512468
-1680787376
-2081242215
2069714183
-271547053
1059028665
565833005
1398098863
-939120141
-11140245
1363628334
664676138
787815100
-1439967280
723741421
-1786009357
293770103
-395990509
-1625353342
1151232585
1963202958
-2116925453
-1210995182
-978203357
2100972532
-1643382054
538399828
1197705312
-1672590014
-236252883
-710490288
1122714434
-952554462
-343463707
655304809
-1660160995
-1114706448
-1234563234
1642708638
1529869899
924655517
1752189551
1611418636
1213991778
-1503194921
721460922
-1538476106
2008333224
587734374
-1257953468
690950024
-300627514
-1935234855
-1381641657
-505207143
1223339452
-2069319583
1869436743
948392880
-1853994219
344266492
1283390050
1341789193
-1608559013
-1231351851
-1475038996
1138529881
1171267020
-1574221078
-1931314373
453276174
-1677219507
916768751
-2072705090
800788186
1147233694
-651070606
1450111828
-905084814
1824509646
-1752370625
-1863763238
-480781678
717934065
519192325
-1301237242
593707333
990494225
-1550647752
-77360269
1058945378
-1620816798
-287986631
487554555
-613745319
-1378572360
247859636
-1843301556
-604513745
1036563261
-772445622
-1694585931
-1026434874
542584926
-21051025
-357149887
698496866
2018055173
-709047916
-1549171706
-578062488
-632915187
461242759
-2029514306
983761767
242872818
1868971034
890632854
-934235812
-2097937464
-747532797
655790406
212706609
-733723538
-730307070
335000673
378558343
-1755559421
-85853368
-1213683987
1686881461
-937145961
-224084457
1336761910
-553383921
-495957211
-179655003
2000181471
1692067690
-494917439
1537850950
-1625140423
-2124737825
-702296819
626958025
-71799593
-550429489
-1690278671
-1407540191
281973601
-877826520
722106506
1992006727
-1123203416
-8733979
-569106590
774816095
-716240389
178830043
1536017378
1921919513
-1454172488
1503865521
151726596
-1141220262
-1588583387
1000954159
1728425292
1990714906
290150528
-1847933764
-1670387208
783491215
1086633812
-1942909663
-935443082
1422557579
-326393587
-804536941
1980434965
-85844190
2057517006
-1905216785
-1305212417
-701937265
239582594
-279961018
-851772057
-207265961
1369653041
248284060
1964052478
1566785454
1691427220
-495262483
-1467395670
-1855783142
62218986
1117677936
1689583225
662159958
-953833972
386267422
816304595
-2104499336
-416326977
479650933
-1185818385
2054669653
623351625
-1208516487
402618504
-1083442908
1776711494
-277283077
-1444439601
1727371873
676926395
-1836054755
1228616355
-740948749
62023787
740282900
1873321214
-1619703408
1949612649
114544687
846754226
-1801911200
-485338130
-201319911
-124724650
1331657184
-1099060884
-566152614
1309118074
-2810359
2012101603
1838668579
-826675167
-919017040
-383726478
457573450
-52036752
-1704582609
-978406096
1149113746
557186466
1512077125
545356604
-733603536
1650214718
912890682
-1826296302
-2096854390
-361017972
-1898596026
-1035245536
-180040383
-1284903100
-1320784333
603784344
-6451087
-408235895
-1127602367
2049171079
1401135671
1474888213
-505935031
615820582
-327682189
1933273012
-1342254556
-1831579280
-693638194
1318294006
-1583403443
-682612492
-1274872322
1557397279
-189748028
-204981780
-1690727352
-2141915294
-1776668875
1548192909
827086150
-2023851954
1377133657
-1544010336
-628309782
311485320
564585116
677795409
2137667010
1839031482
-1314207488
-191048378
342425213
1397375691
-1383069120
1435981043
258180013
-1395748784
-589642184
-1488860372
1862196686
-1923879103
1361597827
-2116624901
1883767686
1545886703
821422950
2081794483
-2113988562
-302697675
-1273695764
1556436036
963288720
1193273326
-1480162223
-1769078319
-907766798
-1465115738
-332813405
-644612481
-756041901
404098707
1497252262
263926160
-792493836
-1325950267
24681976
944123311
1830915609
526986908
-385846923
-555388276
-1305508592
-1252820357
-1250462756
-1098861653
1396487538
-1421752902
684378034
-95602567
719016
-2117067039
610023526
90286496
-358181200
-758129902
-1761691979
858316699
911291169
-1812981563
-636242097
924485260
465569388
794769851
1187862458
-650532019
-600971420
1958053932
-25989770
1950778820
-1782191873
1019771714
768074594
-1550707589
687050845
1627999946
1317603678
-566796945
1534191370
34136616
-925451728
-1251514329
-2084377217
-471461236
-1289126997
1890731272
1246573038
839582818
-1999045363
-687295001
2096467775
1223757838
1730254761
-354989088
-622372779
736773593
2104407493
609554021
-258116715
963296550
-911588411
-2077425767
744696487
557523688
1118801800
-2092232226
-643059074
1755396951
738343441
269116076
-1978945642
807553761
1288707946
780914340
-40879492
-263284130
592402628
2128163556
-35444589
1849985672
1257749731
-2132086884
6593812
-527635798
707363512
1642758113
794699350
-1193703786
-2134316465
-127518015
-1577850033
-1840635941
-1485762581
869765526
-1044599462
-1653914057
-1537323666
404643743
-600726982
2120598346
-1034760706
-1398202676
-1582077346
-703820404
79575013
1781208536
1542563686
-1226672511
-979660615
1446957981
911668965
-1559230422
2064039868
1667533731
1425233256
-1563081282
918377093
-357488647
897265079
-1014348902
-288069665
1417421896
43096154
1224526453
791143664
-1012431324
-268923042
-316114473
77944989
-453081435
1051335256
1210719691
-120114899
-958611146
1183430314
1797663699
-482662356
-837223508
2022539268
-1746560228
1765345425
-917775462
473095469
-76837902
-616746206
-1405346589
-32852733
1324970613
-137591529
1472142735
124088256
404666508
580748541
-940191006
-119060354
-120845542
404552157
817593258
928101116
-1691236752
-1014869859
-1482906664
-1151936094
1974744578
-252021851
-2130555566
-15173694
280468316
1421211845
346444295
-163343328
-38719402
621922645
555963203
1020190644
470390918
266315933
12831300
1014611117
-1607436810
54934647
-1478947316
-561630791
185079062
1611037747
1612472952
-972534397
-2033490957
527346106
573138065
466206333
301967529
287389941
-1623037919
-1083661601
1411820310
106449263
-1484481911
-1773873938
-1308801584
-541813192
-725942575
-1874905215
861770328
2050031628
-849570048
2021836480
2056987791
1170347445
791891630
1841787183
-1885140632
1723547309
854489815
-704971542
-1349485346
143223814
1790771953
1027374386
-150828248
-2031258738
-80181441
64691239
1502482731
954104110
1219237991
1121008855
1584058416
-2015425902
274093122
1581332855
-248411945
236310798
519044083
1510556143
-663989942
1327824319
2025674554
-237494629
572103348
1103746033
-1795032822
2089081679
-749364748
-318769728
-602687144
-838361444
459605901
1492801281
-1916602315
747778385
513239777
-1392641438
-1835303394
1479211588
-2111413089
-1790386993
249728403
-250252719
1251650680
-1443777769
1064040933
-729852765
1637266968
525557199
-1347856556
1889144626
1903309140
1147221878
49518680
2109486988
1678825887
1500487897
-1170166721
-509671465
437405890
-590450760
-931400969
-259512299
924827851
810099626
-1278109139
1987069865
-1292361402
1031472445
246036374
1681607451
1009351594
-1390177439
1897215115
589238807
342555414
831120133
-801775909
648157627
-1904143556
63165698
909128412
-1670676718
-1782502755
-509589960
-548425021
347219418
-152488970
-733897226
-1577853131
-1229912179
-2074940678
-1335337313
460530973
1449324191
-1680758720
1598266505
1306416319
1546134019
906297470
2073526056
1721497101
2015151347
484025079
-110612373
494145081
705621744
-2070598862
1482284645
605694603
409976840
1331747308
551334704
818726004
1686828375
974285134
474343182
1484673762
-989543985
20017250
912609488
1332583637
1498804027
-634713661
1178146938
928522545
1308265344
-41111148
22507559
1774888918
2038933030
1060802226
616593194
146886637
-887037418
270834477
-733435018
-2130071676
1796136869
-1254006797
1777241407
-705767331
-893140272
-389269554
1584683232
-572500477
313219529
-1741664880
-1228866817
960657693
-1510430798
-1847015029
-199646482
10978310
528144295
-30285242
175609684
60198044
-1029710846
-1561475986
1582575884
503195479
-244630055
-1579448821
1820270668
633221021
-1618222901
2003671283
288448521
1284850005
-870072580
326135938
-1714324582
1920186298
-478092963
2055818890
-50066789
-1040235151
674699312
866151304
-118651116
1513060828
1274951627
97054233
238608857
-1650669648
-1666130533
493643180
-1714915021
-1214193468
1157890411
1772534903
-718449217
-905938132
1263523558
-266677074
-1856319082
549704582
658948954
1968653554
-1110766163
1852080275
-234918978
1566959623
-1834296961
-171152375
-1769791754
983053258
-1259736856
1124795558
-1000202156
2068679521
1098298452
-1805451896
1038325346
-644874060
398114584
-593219909
-125885986
473381147
1558183967
-1427477741
883581189
-670537385
1337735369
-1408016580
-2115706092
-616194874
-1967454705
-1530212849
-1450094581
-426918958
-1946363926
19775014
-825046861
504497578
1046706933
-1912968014
261210850
-46337740
-1632954288
-666101365
2067523069
-2010011326
-264712248
-1723924344
-351884353
1766496259
607539252
-1681255408
-709572296
-1070549573
-1658580447
-1444852495
-1973771241
-1148416330
-1081993039
1271702384
-1029810133
-252889990
1338596543
-556989024
1773408550
-2020569541
1693337159
-1343627529
35634340
628866195
1195825157
576128285
-1118742421
-1979087758
1681224027
1334582791
499212532
2030040402
698567287
790876996
-1568201686
480100015
526651061
-282433898
1253768304
388163766
-1840367295
1340636100
-1013794839
-731913156
594155520
967846830
1581690866
890316273
928225456
1560261794
-827173645
-948125483
-1526119347
246307821
-1987366313
2116727785
-769323850
537744563
-46813480
1038606122
992071824
-1490042877
-219214593
-355544134
-216352406
1395268133
192442347
-2146372768
228579362
1682614582
1793517648
-1695706318
-384982138
-430849802
1861799362
233575824
-1769259715
-1547046944
1787881523
424226644
-257056536
319646075
1274817978
-942224313
-2130959997
1753694704
1118771349
1603356374
-244000495
194268891
-1468802703
2049173253
670428792
-45039259
-506271256
247585954
677041577
-1076048494
-1642871990
-883414850
-1251283453
-93064489
-523518561
-1838142887
1118380793
1213708783
-640853268
-1000226212
-404065551
1061682158
-1800764747
1357857483
-1785495441
55576214
-1960807997
156540218
331059570
-2108608024
-1108581849
-1653177216
1366663454
1462287102
32780158
1618310570
174483354
332920855
211712885
-592192462
-908559301
1492335091
-1645603185
1419625841
837678561
1343024737
428650789
796120913
765537697
1276631061
1583159470
-1757249978
993822628
118779839
-1530034880
38372990
1426810446
218808920
1451146071
1168610390
-1786467422
-762093378
-499317292
341848080
-1655608092
-28887933
-2059121593
1544181955
-224871297
-375960063
1555614064
-488582510
606318121
-66388047
353773058
1892459552
-293930684
-2064393540
-2127627349
-376080573
391241095
814506194
-747436976
1223348471
849882589
1332707131
852654493
-726379372
927442316
1604593451
-990287684
-163150269
1004465050
-1369860263
-502923677
-1828929362
490661995
1713777362
378081044
-141536778
1063604654
-396115703
2144362400
848294889
1346998394
912397107
1349415404
1088033652
-1961925197
1373145809
1340856823
-1775264938
-1231753038
-1870238322
-1664458981
723269142
562560036
-1366724022
197291410
1540111159
2055779634
316674934
648518715
137870249
1117663458
-351391070
15288990
-1064476287
228811708
53469523
326146861
-2143349012
93941680
674194201
-705868340
-373446559
-1925813193
1603321057
1555512979
-334506475
701893815
-728341113
1753386194
-1119582028
1868810539
1520954287
-595546539
-1735975603
-936612605
974955733
-932646168
1603796109
150941768
1679407521
847723549
1020981551
-1645953277
1968448383
-1432883892
-2142244429
791991007
1132228463
-987473958
-169717427
1077494541
1193499161
-796710978
-641364960
-233329049
-1723623133
81040449
-950656341
-1515641897
-1852938809
-947234556
-1419233149
796486906
1314757791
1166523207
-78321086
412999423
-1710782781
350625639
-2119004481
-2018650667
410886165
-181472600
-1212983426
-718979707
1558245082
1520692533
1374225514
270257627
1045151885
-1287983004
-941383999
1237441612
1455022063
1115882813
-888377521
-104994797
871733346
-788775108
-377642018
831800476
704715383
63211350
-1062578196
1140098598
2111378885
253203257
-525208418
-2074176349
1877384188
692096216
-1082844171
2118879458
-2075942599
8400422
959550271
-2027636753
-715739749
-716024543
785244367
-1911189319
-1468034027
1470780433
-548106001
510341109
1574453893
560824849
-576039403
1727974978
-123076859
-2031628338
-1400276907
-514429810
1198040705
1601070222
2088781847
-1476828489
1426768010
-1994356876
-1722316791
1395438709
-1817281432
-218670847
1361117782
405098614
-1226249355
1549344990
-2038579945
385654218
-1407316824
829240280
1689158154
295041921
-1911194256
-1279674838
1979231617
-412477806
-269950014
929349122
-2028701540
35076606
-676960907
-1425630658
-1678167366
-1696334540
1003667661
-359448202
-961602004
1280570551
-1516512684
-776131266
-417995733
-2101065475
-1522150416
1871979948
1711920140
-33532006
1282015538
-1203322601
2118214065
35439261
-1287631637
857054242
-320891070
32084538
1352721413
1173589496
978284061
1328696488
1492466063
1178492120
-1396227318
-1358092212
2083305497
-2102413613
1343412659
-253182953
-684018623
912159444
-181034158
-669396437
937981069
732192225
928922796
-1348386620
1931436668
-1203955553
1035949885
-923013803
1669118167
1580648731
1517388212
1598905841
-1589558452
2006295751
-1060863071
-229147412
1791296316
-518547774
1084113004
515404482
-557855277
462784091
1542477192
1561442870
1161115481
391381463
-1238571031
1716114110
-236757049
426594674
255218867
1649161502
1626961053
1973106339
-355681997
-2034143662
-1244398606
1044831140
506955282
-1905032016
952777932
1714009905
-1625779769
112266062
-436643663
-231577457
-1422303667
138643360
2024729213
-468922417
1090160150
-1548481178
-1763819914
366798419
-1642560450
1323513028
589854621
-1162863727
