1441083858
-2077264915
-83555870
358730490
-990100673
1803081387
2066636129
1396122350
1733638929
-542600696
-1722533963
-890747440
1325182444
-1131036201
-1649969742
-146713223
-231542677
-2030811106
2032821117
-1852719290
-951044505
-1958922999
687486835
-561092815
1110762104
1939946017
-1376069815
1791160351
1559284155
785554621
-610841741
308196726
2125754325
-866690120
-829717303
1205815794
-2083815624
-1058309020
-455976856
1659080633
2140144037
-1853443395
-870525482
-1584415316
-231072527
1561843937
1256610665
1419503103
6838283
121366975
193662184
497799691
1836624956
-1201835249
251433074
36194146
-594876751
218411649
-804571746
2009008675
579411510
636473912
922217187
741355664
907755844
135133305
-1721391814
-1520133155
-986251203
-2047926625
1527193089
-1976391094
1800247285
-1629101230
-1311765726
1559459443
1932345460
-1439183880
1396651380
811349990
-2067512327
1233889642
-909569695
-1170958090
1699742274
1955402731
666942920
-2017716786
1482843146
-1548275115
714575139
-1172457272
-842235181
1353203860
1948876012
-411908097
-198866715
-2105374376
-1169211588
-1412810718
-577696363
-1275672826
89438901
1454635147
81293770
165617647
-964877150
-2111017841
-803274563
-65982013
-1767106212
1622517271
-726607617
1635835975
1289574127
657536367
149479872
1546967877
982187516
753312350
774525005
875106244
1136426208
-1907367306
-1045528102
-1991608199
662079765
1057382572
-407884415
-679804547
904317656
1237346858
-2054606198
2068017983
1512840972
1542984803
485000940
-708536133
1615237982
-757993368
-1197864428
-371714837
-1161264984
292233081
582107108
-1771791490
1637115802
-1961124641
-1198770178
569409735
965309335
1202901240
321398081
213439736
1991952348
-1182678637
-1235392109
1883405967
-1511261465
375878526
1731926497
-1463941105
818897941
1799967068
1176387171
-1527900941
-651616371
-844452933
1941263140
1070313951
-1950094243
783525476
-979579711
589493272
726878433
-953604363
-944200336
1192598582
1328574827
299669677
657143364
-2028425192
278275360
456366470
1527373998
-2065874921
-1395043040
768926857
1643400262
736349053
710615529
-947319459
851131595
1350367288
584239868
1261625632
-980401048
-1041133110
240415937
783057017
-1559767496
-1799945341
-1050416985
-627865875
-1295287028
-1238056462
-2085571697
400544626
-1653458325
183654296
386614890
-1866086847
-942583335
1632438495
-50791136
-2128738320
-1971846052
-1857076406
793194419
1939484095
1647116347
-718058516
-1554271836
-1515270351
107776265
280879390
1124295573
160489694
1968348129
-1489714325
1583725359
-1792186233
2035061746
595614159
-204577467
-1411391893
413274941
1128719649
-512989639
-1742942248
-375573603
-1883048244
758668446
-1349806332
-602520569
754851525
-299251169
1751333917
-1700293101
-1254882120
301827742
931910557
-418242629
296837252
-1437744737
-179900957
-22809247
1069909482
-1394723353
121039871
553508886
-1231784064
470119264
63327693
1168479257
-855460629
2001101631
-1720890044
665209757
-1663879092
-1615107480
2103794447
1515833806
-1264363782
707186192
373248093
-1550841322
-1393067662
1871855268
-1463129611
1844191131
-800661877
-1214141207
2114412684
-1632564980
1512300013
593218915
-658230694
1285651613
-243180093
-1100157445
-2043514390
-566103985
1961717679
1712259547
1469263409
-1795399052
-1331410690
1108084636
825280482
-459692430
1423837724
-67228253
1972389888
-1820575290
1642924362
-180135737
541658036
742712652
384406669
-1689259721
-1416963744
-179720516
1241734889
-295233125
-79187213
1640750711
1851788495
108835960
-1300760194
-1134420604
-1645112365
795335640
256161287
-573050924
-316251743
1322430249
1263344541
-535556403
1979743793
96377701
1928959660
1705732101
-1220534982
591561075
857734546
-857815986
-1641983261
-392536372
-1805535630
1142774514
1291050944
-1779016606
1759897159
-2029595329
433014780
636577724
278854971
562792005
1981065681
-780813723
2070688824
-1955472675
1150486336
1633153927
475844543
-1653324306
1614411518
-866670638
258227193
-1432670997
-1282281299
-1581347935
-1876208117
-1867868001
-1326405557
684039007
782005934
28552748
1607675119
1836705319
-510848515
190198864
-1540440399
324066986
985727121
-432101142
740593642
1043748437
-290404918
-1775129924
1318315421
584877747
-1891801233
280869746
-1932965068
1756941583
-2012108167
-88564253
-1035940498
-241304483
-149305045
-1824664426
-228822889
1854892377
276297318
-633863034
609179130
1702237424
485311034
819413033
-1668201324
-1844209441
1628681152
-1477280082
-1204451063
1680128666
71281702
2071118726
-1531223845
1868548206
1554769674
785037862
-2053282599
-31906583
1827974156
-1251620342
1665705685
1327146105
1109132702
-1490688260
-2072283495
-253714094
-1164308195
-726163050
-828964326
-499521131
-610681819
-2047329276
711869678
-1066013778
-1699511520
773965582
349174523
404669693
494732576
-1708291243
-877622672
-1930225992
777879790
1042105052
2108954873
-894581490
-1534816413
-1042290998
-2128068562
946341008
-320753931
-1097919123
-1803545269
239360460
-925862764
2098091138
744257574
1725394746
-837388874
-1209683021
-1252663971
229500252
-1475526736
-406482080
-1050933298
1620869408
-1935413176
-2068212831
1557357899
2088393864
-1635171449
837611403
903807630
-440730228
-108516654
-817706830
62999146
-732399810
607011131
2133403375
1412236355
-1898186449
1802809620
1748349027
-469547584
-1001033455
-409379131
898063803
932334526
1861821085
1306488031
1993911989
-1087082873
1931762103
1321954672
635577057
1735238979
1190697678
-1260333928
-362480980
-1567011666
2010051977
975929436
-1523415910
1562453259
-1027908193
-1539741254
1157921490
-1353598120
-1234031098
64344828
-1572916001
-1066421822
-446678449
1763215185
-788614732
552901466
-1595403696
980483992
-10764815
-854499575
12409859
-8486785
283556452
671045057
-1249810515
-2080143924
-64370991
596154357
1381130818
-44822790
-1008970507
-1329385910
2016463367
1787011335
1200515016
-1098770034
-1506473607
-426700404
657588995
-625318423
-1932960659
-1860473075
1716358881
-448152239
783967096
520919698
923415592
-1217450685
187894160
-161782154
1996321898
-1155656785
366911474
-405778818
-1883405688
-480352461
-1598663610
1960123693
4464503
2053951116
732783873
-150400427
974913350
-1367327927
-1816020981
-1462214927
1653668447
-2109604928
2066528161
1122961970
484151052
-715098042
1238014331
-1085500457
-1161529539
460591001
2106356785
-1992366143
96818824
1055966881
-2127837479
1994421958
2138555504
1112981336
429676277
-165771067
1031026409
-830559483
186878092
-905307143
-422145765
-788616273
-1681222506
243721618
1622563430
477583568
1951613340
1301366657
792519078
492821321
1496122016
-1416802413
-891039561
-740076394
-1268604871
1285428161
957019195
2110850370
-1101606910
1696989125
884751258
-2050759011
-1347920331
277211120
2086745418
767404971
553438610
1144649018
1268616015
-21209762
268079493
-1882145126
1236681733
-1148123640
-911587705
-181787752
-316290275
-1900994550
-1140290365
-181355488
1886979812
-2145141807
1359505661
-48631401
1670512075
1028034819
-18853969
208016691
-617557981
-1623822604
-1703264652
-1516566649
2003569191
-1721122722
1132562346
-1471593123
1825411647
-1211951535
1812935761
1804889543
1801041795
-1387467160
580919353
-2106223240
1863984253
-1171314627
-502385572
-1082197169
-14763469
-1551770082
1660445576
-363990476
780310371
1370002688
-1030009535
-833547225
1730400272
-719587405
1993779940
-699002218
-207578819
-315125417
70904591
-608978962
-1105924872
1275345678
-206266560
-1877348749
1732242073
-1135660814
-1339187268
1868226644
-697796789
1072235081
2064517553
1075676409
-1848843573
-504966921
-1476691042
949694368
2044826736
-1217162189
-1915800590
344912679
324994154
-1201253763
-1148324365
345435946
358581582
1118668495
-838936351
-1699423664
-439246383
1072637202
-339909286
345791970
-2020863277
-1228934701
1149609216
676533917
-157511265
-1211358922
-1421932456
-1148236088
1228606065
-294227670
1530218229
-545274489
710865719
-216911138
1849466325
-361228431
1854720668
-701499533
1567690762
-324887456
-397540543
800838642
-552170084
496094857
270917453
1965518975
2082088109
462982859
536477735
382293710
-1659723554
-1401824693
-2079478142
960377814
-2086585103
-969554624
-669311335
321913029
2147044015
-1188901109
1845900475
-2051913933
-1386220276
1805640586
-1185378806
1554117785
-102530936
1531747757
393138559
1751806212
932949463
-180707512
-1271165648
-361173755
1455104708
1573130794
-1358683179
1690442475
-1177289391
-887052689
-708800888
38651699
1194325283
-1776573934
151975627
1979647039
2101260060
1600312774
-1707578161
1023860038
1529030473
1997507333
953433587
-958741364
2073253119
-997736600
-1838436470
-1402523438
-842306240
-1621703
-463986207
516562446
143157090
956662086
-80617601
1114137951
1276356594
-1809437193
-2084168530
-1326702534
-1801194027
1320151971
-68228294
-1159099671
737549744
-1742356962
-703584648
-875881930
1782704009
2052388758
-1666671735
259831907
-506051922
-395132769
-1265176096
-463905444
-1074672683
1694600587
681973760
-329419217
1595609476
1661474047
401422474
-1714171973
-41010510
1302895554
-1630831754
-1260783449
1804333998
-1027561000
-1878517856
-1686876522
-1682979520
656833743
86210694
1689856664
-114148851
-23409832
-1435599792
-870457117
-1755482561
-472207848
-246870513
57116610
-389995163
933675456
-1053188023
-1687373364
236774039
-1924016550
1537428405
1827981145
-1295614243
29016038
1979225666
1322519346
952355280
1538923557
-542824866
-332638585
-265961342
2084970931
-1412897164
-525096923
-1515370854
-31732645
-545039179
-2142067993
-895496765
1105066662
741751578
781154157
1161072455
-1450159947
-1642959958
-1336855284
-194429962
-1369639856
1119034616
1792194052
-1785248180
1391556158
1170117359
2086378232
-468636974
1555070166
-2101559343
701041050
-39757116
-1413807146
-3151491
1448551077
-1204114189
112018802
-1661214992
-323525872
801405165
404267184
-1284734451
143615104
1424670810
579145970
-1611355744
-1052856067
1098713768
-648410412
-1073045600
427924968
40687338
-1296575944
1092075444
1718772268
-47790083
357014942
189069816
-1966548044
336588524
-1097196872
-750371328
1816967196
-693971051
940648509
105058844
-931859286
-482460788
-758458115
1612372701
-311760513
-713982146
1808864309
-483944744
1029067785
-1179558567
-1171101916
-242609495
-700771141
-1188993941
-2049057827
255252794
1208521728
465906377
1499785567
2041275461
671482476
-1758045007
-681324318
715608343
1002825780
1110116531
931265651
-289563243
1233041376
870960716
-1006554430
592327044
-1353885634
2021642963
-924076998
565721092
1103223193
1634115736
-564226734
-879096483
-1687827925
-2071571383
24046114
-1912879875
-1376854577
-1016939369
-1879206087
1133349825
-1312301830
805851162
213310381
-520918413
1556418284
1865948530
-21501838
-844354413
-461860063
-1918887506
1294342383
1085894490
-1091674610
48197872
-139943730
906697979
1289669897
-1762869936
-361839853
1762711595
-975043192
-143767552
611968624
-973595677
-2128768115
1358084273
1250171606
-1908010140
1586035553
637196085
-1252989873
-622301573
-310562177
-1179958426
-926982390
-1782008314
1879978963
-1341700283
-154005321
-1683888970
-152231132
1610884965
-531498219
-1668265963
713339853
-1093233270
16237512
-221254197
-2098673997
-1378735732
-933296785
-207740644
2085450610
-682818431
-927654410
-361317196
4780249
-1720188390
827723304
-1288809306
-1201205096
-767681459
1671380615
-1074365262
869024311
-1421613772
1818836319
-982929722
-753839798
-481674444
974572056
-1936681529
-631221533
12950369
-952581684
-777338736
493778503
2058204705
967557401
715194682
-1435128605
1050618383
1326288695
-1045955427
336354688
950241569
-692738484
335392279
1558746805
798100492
-2143458050
-1307253877
-1484819299
-1690462234
-782633654
1378743724
759737802
634059277
-1617800045
9191547
1635351417
-1982562745
1065019646
1030496270
-1333178106
296633130
-1664147460
-791317102
-335145310
1668346046
1380487719
-1281165166
-127607998
-1482246816
1722517586
-740894600
-875089446
-1076843288
-1418838566
-1529253292
-1191399990
-591849970
-1981713342
1388781276
-1848954216
-1528235511
-619303937
1321098419
-1920988448
2011048568
-836397425
-2123375891
1662450312
-1928808059
-851601969
1162225619
-2015117257
1952796744
1160076430
-493680670
2059254279
1006372712
-2112682916
1921825049
-285957768
2011276808
-387699544
432383604
843092648
198404831
1784215305
-1938993229
1833882304
-1402747992
2014442715
-565089953
850397617
204510909
637983246
444758286
-83631328
-436075778
-1204483782
-487624219
-1433843042
154843639
815942901
192943454
2063185692
418469953
-1497279896
1852709962
-938919523
1369202728
1007335712
85552153
1548501805
-877610354
1802947617
294902873
1121932817
-584261106
-1749993407
233132156
-1891887553
1594432612
262230962
1590766045
1936354576
1210541579
125225695
-319662587
-999050189
-1142688729
387171964
-929858263
1357454309
-250515291
-626336040
-1627581193
1018019934
893015200
418934901
-750036079
-1287118194
1773339910
-387701287
-1921351975
1711667209
849253755
1607518886
-1737002001
1618511422
1438799228
1471003624
-941079817
595524847
-2044556345
1765706158
809945887
-1065909283
-1004207110
-1321034277
1544897247
-494473278
647778938
-680526787
-140248957
-1905110397
166261398
-506368034
240391910
-1853564251
1703650027
122272154
-793021825
-2135968256
676766729
637703153
516530849
565767091
-1641956010
128426014
1817111294
-1406574248
-776000462
-759525272
2101983596
2113503095
-919740068
525280183
1650965483
1543448895
854044819
592627305
-915156250
-954795150
1475368576
1751968870
1631216569
808322721
-1053525806
-389908367
-1056845965
904951961
907412650
1236780225
21828060
-1707808483
1878363962
158474448
1249561785
981679572
-648110936
-1097672590
-567065778
965826948
-646516425
1051924520
515639843
1316948608
-743485272
1892238005
1802530571
759032927
448155614
1645579250
805952865
2032742638
1922309312
-1615008546
-1655455083
714900583
1524654178
-367606535
1369093862
-1315405598
-1787715737
-1306346287
-438374800
225862923
972536992
-354304548
1322137193
596902420
166298105
413537160
906625703
-1610869523
-1404611692
219941264
-1786622107
-627147086
1815310646
-653419631
-1409918139
-1930489755
444754402
1912146396
-751272552
2113461725
-1083398717
-1296341107
1457691869
-916501507
-122410418
1762489820
1761413511
-1750774233
-1340080985
1319264435
32620803
1185318643
1751172676
832385151
1715625209
1471496219
-1182228528
1443562826
1192702673
1753968058
-461756847
-1101172983
-819828872
-462671691
877739660
-1665042638
1136261987
-1900639111
1745496743
-1746587758
1320686291
251741158
-1412311536
-997795236
685833819
-69004918
-88835171
-2025455740
444778399
-1274433774
-1257371147
-522190003
-1996863907
-2005573636
275900973
-1484320224
-1207565903
634778513
-386528075
-1415875168
-1248894572
-647925230
-1272487819
-637753606
-1978207067
-1102321359
-1850992590
-878136703
-1216819668
1200294850
117072439
1588969593
-2020982693
487037106
282097200
-1994729678
1818392278
1057602871
948247896
2138712664
1093907828
-1513298359
51779798
175147913
481509191
-1594182320
-1102312860
-787296216
1768565209
-1970009058
-1415462094
-528793488
1831444664
-1647680482
991370505
-1948884020
1669422389
196797645
1073070514
931118692
-406890904
-1860178582
957383831
-508275717
-34869898
-1608186391
1131164331
2104099831
2007374357
-1546360020
-1815413625
87560897
1576491856
1716824693
1065475797
-1372687281
477065351
1537212437
831630577
-901862402
1347690170
-1765380759
-864837172
-1062054492
-927889914
-882460154
1973656340
1717087205
-1512322194
-1357261773
200303249
-539648059
-658826530
-900774761
-1489196590
-602778241
4670829
-1261393613
1843502088
880286356
-836206622
1930259345
1670261297
161229094
1992754553
1034888765
-712215176
110349445
90940134
805989748
319355867
680377098
-961581670
-486084837
-74618098
-456738524
-359060668
-1001054734
1151024542
-910370385
1487613338
1685511177
930121305
1390800780
-888363432
344184946
-1010594323
-43842451
1059436425
99193911
-1310185777
963897584
-1045052412
-302890354
949738334
1695232495
1994376249
-1545799605
1592023623
-250333419
1679860525
-1375412587
591250730
1644291765
517990338
-1875092260
84723070
1314292438
-963957188
1985768970
237145009
1883347858
288437760
-1990748936
106896530
-2089624929
630818717
-1910299613
-446656269
51737646
1109522192
62966943
-1812714615
114381043
75204163
-1411536822
2062051607
-437500540
-1879807017
-1894042811
1965911755
-294196505
-694861278
644475040
1646492392
957738085
959685243
1428452948
-1865598044
1504829092
1543286964
1997913205
2006331475
-1620773900
69098215
-1853682777
-189040444
-1818287640
-1335996043
167204561
-1687701782
384732201
1037695819
1747143697
796452542
-1838987130
-1407522201
351373551
1609650276
1147326542
476026010
-1355981356
1820522636
1479586529
-1615833969
286119100
-1346948326
-1380491900
-1168836853
417197866
-349553655
-2072703883
-1581295498
2098614108
-1200817524
2115909951
-666642791
-1463041856
362631798
348658255
-1606378840
-1013361754
-1159223334
-226293818
-891224189
-2023489482
-1272284938
-294266480
632985656
2042692771
-1172360628
2064159412
-2108319028
363295392
1996071185
1253961197
1267381051
-1347903469
1705093067
-213868678
1656521404
-1703776504
1455495477
-1994235854
-1567404216
-1239834393
102358373
270013914
-1169840291
31041769
456574256
1012903098
-203358721
-1864715832
-1530155059
1202812525
-38698241
-295318858
-1405098313
2145919481
-1692877953
1207594895
556258264
78094623
-1743348044
-885530543
-1323207197
-990081293
-457098515
1841298379
1775843073
-344790098
119744212
-1520397932
1731398063
1337737666
1253655284
2049662782
-1729237019
1441433646
827101051
1374956748
-2015997829
-1916381677
-1586685376
271563872
1157480136
-300139641
1604274438
-844791496
-1951065972
1229345705
1218249730
-602844709
-210756081
2129945589
153126042
-772699762
-1752700791
2089163993
986106991
2106674445
977527492
-1502589048
-1443624803
1394992759
-454612992
861875469
1719952705
-607032183
-906334954
307552930
884479291
-104060658
-2014783521
2032478017
359764532
1410953878
1250453717
1436782203
1221155042
-1320948378
143448827
-891046775
1147839882
1877501870
-1334960646
843552672
1012987078
345359617
1698287244
-418794871
-1187623800
838577409
1901678877
1739959408
901681502
-641142439
-1177783633
484159995
1374448631
-1791631632
-906841091
-1267217506
47219429
1531309658
-184835357
1866974509
-2102653789
-1953527918
414770684
-1109427534
453770714
101698790
-1139614068
-134963584
913463263
-1501847246
738919584
-27767672
996629376
-1025614512
-616210060
-123339030
1344578560
-1788221234
1136970772
-1340819505
1487433311
1734552033
1729875013
-229608331
-652242723
-766443366
1896761252
-418431606
947447489
-599572137
29252880
-361338690
-2099432362
661283451
-247393723
-1298538605
-571291850
-342896287
-1927432247
-1062699145
-2122033462
881468045
453322506
737535763
446097680
-1698197212
-247710008
390284517
-311246945
-1111719522
1996964272
-861013236
14651624
-1968505927
-2078672055
-607900574
-904621635
1477660592
-1477783789
1152157391
-1444867305
376265388
251991533
-330309924
-2003126253
-53666181
-682005065
1296593030
-1146451906
-754147201
1666244407
-1320953516
1566728721
641745896
2018639424
-1547558997
1649971646
-1629875419
-290101232
-1024631967
119509037
1563667607
1360610298
1793774479
-99865023
-1468152185
-975590844
-591419990
-1222856610
-2003861926
-378661550
-1326429740
2084019759
-1275140350
701120771
1889765487
-1574876508
-460354888
-1411179430
-1148799757
-554477510
1805308903
-1554075296
641352193
1641135486
1105301867
1132472137
166396600
-112390701
-1183512070
1842299605
1932373318
-1231418766
274289378
17631481
-1317571903
734183346
-26616332
268265406
1122484278
1786098313
-1004244288
1571293544
-691766014
6021714
2039351042
-1305430567
1431001696
220635855
1470638683
42591799
-1970272189
840077938
1529149763
-196448564
-1790418074
44904663
124963645
404316974
1055191200
259971477
-854060979
-961439585
694499708
-451729610
-387247705
11561654
1581047304
-118095229
-1304917592
242853438
1771532269
-1965301244
-1482209527
229949021
1268148928
-829424186
-53063855
-1417302024
923131286
464223070
-2003422069
803616598
934910429
2126829102
1148555833
-844481533
1804467049
2096564198
-849091192
503617270
-987456051
-1969998515
-1314048828
1678743285
942052076
147841857
-1245431283
-282138824
1767567055
1080621052
1853359435
-665404340
1383709879
-249820008
-1483912865
-1331795142
-678383242
-1557474604
-2004694886
893570792
-1018155270
-372403432
2043384946
278863806
-2048103126
1865418422
-1707010958
1323901324
11000820
-1259662734
2050623602
-756560982
-1948708186
1929454916
-1630340600
-2136354976
-1081089923
-210026661
-2016947906
1689493640
-1390259589
2116085093
201687172
460514418
-1826372995
782599181
-2011825176
-1858114809
1658143628
2085226437
-1393037436
-1391454672
-12583054
1687792837
-1860769482
160191352
404707728
-271234222
-1087379050
-544666641
516549359
-2062506941
1530499108
747253329
-1633309804
-499551808
-2094639423
-841992344
1587862807
829964365
-204828576
1057709230
319720054
-1915268090
-929620227
1363426613
397324582
-988013012
846533837
220478667
129460075
2021918431
-31607626
-104469160
56464361
568168236
671974913
-1059575157
-791606663
1921191754
-219648179
409258933
-1613159872
-28535519
-1743778618
-1808396300
979114238
-236804341
-930302569
-2098976620
-1716987997
2050223837
-1854085988
-414808655
-977277913
-1905520344
-1975125924
2090518816
978439322
-1897253701
1727823414
745374607
-906643590
-157680020
2116648153
2137989098
-1401043644
-1996880617
-1720356359
270639360
1988230989
-1840840217
-1944520898
1978799462
-1618636847
418595027
-1015135616
991618459
-961126580
738596203
92140849
1440374892
1970844424
-1317578796
928313114
274409881
-403332873
1716989457
-1340598198
-261984583
-1342411582
-657283709
-867805622
-760084902
1928602145
1982455986
896016533
1011539308
-1046740883
-860562099
1269786694
-1348577570
489589618
-1738533265
-8272109
1401127305
-1033611895
1457162019
151136633
1202669645
890296038
-62729942
458123321
-591593351
-941300178
-105280517
1937278210
1858534000
1351067213
1763377162
-276136337
-1620772728
-907018875
-1400712627
-614535373
148942901
318106057
-1184865285
1997008018
-1899054746
246695499
906685078
941676562
440176686
-725035438
1647346732
872355954
-1349874521
302623057
-697578535
2004938203
1544746258
1143221301
-1577078129
1098437973
-668103101
-1123320834
1467064345
-1046007941
-382644677
-882848367
-1649008548
-1088741774
1963726102
-1940259125
-870014753
686739223
-534605785
-1487428391
-1481964914
1390584183
615033697
-191026234
1073873850
1872618627
717567224
481483605
674219620
-1550640892
953784135
-299707120
1454765755
-386863156
-177156876
683630496
597513698
2112386862
-421072047
296883039
1701358837
-31183953
-1039327483
1601748011
638938189
-841818115
925062891
435029117
-554665213
-1956335585
1841092921
1707687353
1902770867
-1270385683
-1832841500
-303965754
75170690
466838723
-235024061
-1674024479
-1512268703
-915412367
619046386
-1836042578
-1400933486
117687157
610325752
461489552
-1029170325
172162155
574586156
-2103451847
-1710502055
-1784649020
976947924
432925572
1199965479
131047094
1889154190
-192956799
1321160320
-1642102669
1609753203
