1688130366
-1331759910
812797088
75404167
451567130
1213363513
-1027970781
51110449
-1812143036
-1697498363
359151767
-200039205
121668240
-410906177
2030265781
1719328653
-461172950
837312328
13625671
-1843945508
540209810
-364895597
1505572041
1124433095
10620136
-1080055397
1632297805
1512161219
-1774507159
-1543490921
1804407967
-1007121645
475714105
-964563859
-310847832
-2110942883
-1539023262
1846217315
-1069334249
-2130693510
465093660
-1793597668
-500947139
1278480781
-45847218
-1971506495
309822520
2040821846
-2052195243
-1187166083
-381221549
-1923474488
-263719165
-693942481
-1225304404
-933227048
126066153
-924845733
376116759
1779312791
-666668071
-1935796128
1420267586
1749786242
-514836058
-1800169744
-1289376743
397368345
87777837
-1485267269
-944002964
227997357
1881555608
547632493
1823641550
764929150
-1399487775
-132530981
-1889237314
508238341
787255957
-1391345032
-772843508
-1331386227
-1767561766
-1665412595
660136821
1309553159
-216858957
-1289863255
-147238256
-1919662561
801408641
1473518805
-1193723922
1021574282
-560661556
-174535412
-2081424261
-1479057247
1535981635
915664233
-1592705238
-1104903629
2096911105
-1353743454
1671301841
-72597610
-385768687
309176372
1694041681
438508799
-984226252
1993482207
-754253063
-1818247917
-826699807
-1136158635
-854094549
-1304441155
1196065932
-1494254547
-2018024640
986547266
1717814571
189174301
231274152
-329455727
-1647456523
-92808344
1048927062
-428236833
-1221676180
-1671797355
317344090
804453491
1578445981
-1861352607
344986830
-891463490
2129277350
-889839371
1074577398
205335982
499699577
-1039063205
-1418490973
-264149949
301222366
1318986542
949135831
1412939105
-677328706
-102129007
1082586798
-423664920
1514345885
-197788062
-1923622021
443217409
-371184280
1564639918
-1932804047
-398152005
907913840
490220134
2143792900
-71540523
643844790
351920723
2039680591
1370520029
928388712
172066631
1686279351
364924025
-266474837
-187559020
1947982737
-584631036
1276538011
2040180674
-1846201472
1514513244
779790479
-1506960773
1890295650
1895134713
714269089
-844555318
830675309
-1357508030
-224111251
-1621100668
2078508692
-1482967525
1899165719
-1032711419
-1138295761
1847885506
131361939
-144883168
257178586
1860042971
1292090656
-1265012912
1705675164
1738788296
1264162836
-1798139086
1016217675
1022392894
545592543
-1618596041
1003997231
2092956181
-1784855223
1324433300
676123622
1679517022
354686718
1133959294
1229326214
1190361786
831998283
1433854611
1026125320
-26184983
-1175160022
1485810331
-1650171677
87226785
1549899131
-1665386385
-194656777
-999596128
-763685484
1269604664
-1214003284
896096772
182320123
433375453
276982619
-493362470
1083925361
-872331594
1860348396
-704770316
1067451443
1376346501
-1401426241
-1953043202
-2063980677
1393579685
645669071
1214235091
-1886597300
540500099
-1875338731
-1793247732
-1452861841
-356175795
-1021529814
852314330
266538168
-1713451286
-780093137
-406512619
-1994419315
-1388766935
-1715561488
-1932071532
-862126424
-1393996996
-432573881
-355610178
1392278811
-571584665
1315946174
928121697
308186772
1718862835
-203280776
1579277506
-774043422
124447849
1690502224
498650612
1264677303
-769326596
1441567298
1178526829
2145431727
995989318
365913353
-466569259
-351183471
148570935
180815370
-1495740383
-1455280429
1857423177
-639731856
-1833903904
-397783965
1421419768
-165818729
-900581931
-337278300
-296003983
-164851539
-2096968507
-1838493258
1205935753
-1398098538
-1117513583
820720890
342500336
1230796048
345495942
564952789
1113639846
-865910248
2005858035
-707119949
-1188788563
-2088724341
1315726843
1064589134
723437311
-1174044401
-500225619
456352559
1442697154
-254021837
-1535917999
-410167948
248501433
-79340076
-1857121788
377469140
1953242366
12340675
-1958333305
1870593760
-281076499
1260161700
-1970431917
1445702027
-848708765
-1139779048
1644917488
896665836
1282618920
-201393890
-407012730
499224897
1909479849
1905986486
2145076915
1951730999
-663093270
-235543866
2080762527
-1588252569
1861749434
-135873471
-552690610
-13414876
1441090855
-589078138
-475005643
-281921421
-1505486796
123324421
-163915761
837782362
-666738999
-1586456536
-1880070160
1193273437
-108550934
1494138479
-875463526
970253893
2098605611
-1654101283
1900744718
1993062691
-2123620509
1766990482
916332902
-189802861
992511903
-897529927
-597038879
1932335685
1044612185
-152585308
-1969440449
157363897
-1792543510
1087668020
645997135
-822854071
-1762627268
-1703316098
-1495127867
-1994575764
-739215421
-2138067798
1067099985
-564791496
80610989
466735390
1989225708
1556656424
-335604649
-1601130788
1113779316
1355195167
2126617347
2093212968
2081788283
-31043923
1490824136
-1241534354
-1974399397
-915003248
-1864352567
199421537
-350242931
-2134527108
143042217
-2028027801
1648640058
-2019622114
-1856895682
862679091
723151890
-1159271586
-399904892
-506168653
-957314467
2147114980
240990931
587195693
1494552143
1925433310
-1029128876
-1129103196
162846879
1626032639
1690518449
-451215488
-2057566630
-789490486
-389632501
-1619066515
1504991476
-617421041
1759078449
-346457726
-164000865
-53781323
-1980059379
-1368157530
1515006431
826262458
805791073
-1627556305
-1365722274
-1273234056
-1137425997
432904395
-146384644
2137665577
1402326918
223179171
-729481430
-479114067
-266505782
-1588068419
-1739640456
1739566218
2029405332
1504756129
1488962411
-1059910605
-157039599
1375732543
-1364600173
-876649076
-2031128904
967550479
1843822045
-1362465107
-875440450
-1582184582
1494959653
141148390
-1302931761
1629284728
-220003313
971893762
306437626
-1811971719
-2089128169
-1245382192
2017625836
1868501385
-241159707
-681368098
-1983844768
-1605029970
2021189605
1201196423
-1361281834
-1607524460
-1203970025
-1492591568
-758966398
-1464147349
1434368291
165885902
289533063
1031463184
-533255504
1614475690
2146979428
1852281962
833851381
-578273432
236475054
-1854353386
-867563633
-1134395323
-838457345
-1750691002
311377045
-914435425
734156590
-492076058
-1023988503
650378682
1494901696
-1999538177
-108298032
-317934656
140410781
-709709472
-789100603
893218825
-820886010
140554106
1875979913
-1612483171
-688279098
1795931020
202015358
1910944246
-331169113
-464219393
-168126923
-1791981559
1050641959
-1323052014
-1545381051
1237698439
137066347
-1787227975
-1488632482
-1494068129
-1422759308
761113538
1814416029
-1995881848
379483792
726000698
818746657
-2027656708
1932891154
-252923122
800373213
-1451575545
1227284805
-1587716364
-156596049
-191579455
-1326267747
1218964107
717736370
1545289688
1807241775
501989569
-502367281
963897234
1353044578
-113884300
2122541210
589042449
-1359931418
2120818779
-592109221
-1443717927
-1600643355
53907495
1309489513
-2052774257
-780583047
109044709
1867141566
-1854013693
-1554664099
-45808475
2052508104
1662772336
-2125959450
-82196128
1368992125
2104305410
2137413427
738215702
-1625777999
802942871
1557958563
1909817143
-56559701
473018057
-1422635897
-1569714109
146238709
1905522732
866863384
-1553544012
2011790450
-128102957
-552925525
-546350053
-670172234
-1514627047
72895266
-1650242936
-1397721199
789480861
1784124069
-1896076754
1851055853
-658542706
-1099274094
1212001095
-2100656423
-510239192
1150606257
1351536181
-2002592795
-1726752387
-50757204
1299289065
-330214225
-1972817288
361610685
-1512386424
666859966
-1661448162
-984662359
-1641937845
-830925170
-1918071529
2078205932
2006671014
2118248427
1724213613
-684418507
-148090964
1730632578
1442059410
199397140
-263369807
-1539951436
1866011559
1065761777
66168112
1747266221
234850299
-596643776
-956784401
-1128082507
-506996271
-1335254286
2019108960
-2113506875
-1869886619
-99048658
1986772554
-1886882723
-1021167567
-1745018816
-1026778712
-2111781996
2005468268
-993149743
1200229073
1421224048
1851785427
236757336
-990802216
2016110199
1279772330
253149648
-2020592331
-1744053626
-1316761595
2030389931
1478572964
-1855802656
-1167110077
-784045818
-1116732339
-1538976631
1984467163
937550365
1088473636
2018034133
1338955354
1716071936
866498450
-576317893
-798289492
-1182135930
-1696840875
291335022
-1017388647
-1826507902
-1238829149
-811254866
2128717970
620644660
-1255798891
1583846746
-168838482
217511426
-161786173
1995092938
1773397998
543877735
-860039381
724160859
-543824184
-849064405
-1592368810
2116060874
1784963811
1388028372
295332541
-409187387
1685959710
1200309084
-717537688
-1186140993
-1189183018
-217445853
-389243945
-1123677693
-1662986648
2078223911
1399185446
682685451
-1390778636
410054257
1817910635
2089777426
1936790372
-70079790
1906689122
828733416
451469996
-2079431473
-1074019252
2133347332
-1642135726
701553625
-1738652397
-2026871073
2140764209
1312733377
-271097935
-270882177
-582235783
1697414250
-810518317
2018269521
1408004601
928654783
-1260314183
1122348860
498604192
1559151335
-1357864097
-384010254
1459816000
1535074743
-1467836447
-851888504
-1849559147
2008028008
-756468197
1392947784
1547668358
-1338706039
664679311
-1993540410
381931946
434405942
-697474933
-2031205072
742898957
32207242
1663722123
378342634
1134985011
-1757010351
-1308806949
-922185382
1432031068
514479106
-488163456
-313164033
1308123657
-951632917
1220363352
419840456
1534006462
2054285230
217096832
-1950906717
-1961127414
-2018109717
-498857995
516604499
-1799097916
-518269890
456079741
557961606
-1285744234
-201530004
1199474887
1093404198
602071487
-1195078952
1172934865
-632932881
889668116
-1163443653
1009702025
-512451007
-331822265
-284721005
-789044297
2010558774
-708775829
-971532452
413526553
-1818091529
314500279
-359122691
392023247
1374926411
-1731456631
1620463749
1503345145
1889131376
-1738315602
-1040047978
-1488531810
986041390
1626674912
388292001
373536463
1288561192
-534488433
-2020001965
-21992436
-84116363
222659300
-507607730
1862956517
-1291035282
2131647234
-1310356709
2134577380
1219269065
-540310130
-2098133153
831315882
7550182
-2003727247
-2028764595
-1108800937
726115944
-704075556
-1544089764
549220399
-473823992
-1512142964
-114100679
1774964601
-1199111515
987336014
-306284803
-1974990934
-813406818
-1422041147
-1873863262
-1562256957
-144454812
568899179
1115969715
346999542
-1546747830
177256405
-693549245
-1062793841
2138472607
-1392613574
1190195743
-73493486
-242878722
1987503669
983589958
907653791
475515875
-205549879
-1663215975
1115681438
-1099883903
1169893798
-2129698098
2000026775
1440521939
648922282
-1926434390
-1085162399
-1635356431
-1425478230
-1305716625
-2111167618
1061659044
242898289
1633999250
1110846917
1278643260
-1592582392
-500007760
-188412863
1489629600
1493065527
1491792323
-2007786919
-1498795867
2141294667
1449194384
1692500272
-1611845725
1030356506
-115942045
451587406
573492037
-1976144316
1310222334
147847807
616619681
-511932229
1920909774
-1245431301
1145780360
1832764548
656504416
-1694435641
-1696263650
-1848124226
-114697965
1381538906
-1170810196
-1963388445
-1419385075
-898505854
1724673204
1338030925
949146738
2136123784
-173211579
764996860
363247827
2006881682
-1731236207
1860056470
2141458148
1045442632
22452924
808892590
-1040647310
1945719226
552276982
-37082808
-602435693
1006766465
1799636171
1956669596
-1911326178
2016109859
1195688889
2089078042
535092317
-653412164
-1187866366
-2010622546
-1531496959
-1952428583
516787652
-199406267
-1230594987
609393831
-678242234
770384526
-826494794
639464268
949926291
-618563580
1143081538
-1720406124
1502732365
557690924
1804601040
-362254640
1474929850
1386641947
1079654175
818862074
764899875
1194664507
-500835759
-146938851
1200943453
805088078
685317273
271501555
-1627928409
-1300565071
-1296888525
1914366415
1004602551
-144676123
1779990420
-168004931
449937166
1356798795
1353796579
496697831
1538119059
1681525806
-684416345
1252983609
860997472
-698728441
-1812305984
-2090032568
641469142
1539232507
1632815259
-1632536977
-908529418
2104622503
-553352799
2015251771
1803774451
788856864
-1016756497
1025029896
498679554
-2127480523
260637772
-2058995221
1987614069
-505614858
37283927
1707953875
-1165357305
-920222343
-299864320
348556522
-639886471
-1006551845
-202350791
-1274370240
-431403171
471504773
412938220
238035115
158127153
175116208
2103478318
810932712
1019561391
1383123754
1378733749
-175776251
-1969778590
1056921689
-688997241
-1890709245
-1693932164
1835251584
-1147820300
-2132630346
285087718
1283339329
-169839418
687372272
1522726553
747623266
-1258458442
147047390
1282373676
-1510647597
709131040
1181334449
585583533
-1216468497
305030394
754582144
-2027183437
-2015850494
484437506
2112822124
1073432755
891363083
-650341322
-2038220796
1955355538
-1707391806
-1681321335
-132577045
-1949271684
-1217051684
-85166893
1154380984
-1184008205
1264197516
261748488
-1572251363
1772222506
-1246217395
1398612908
590133834
-923898733
302756574
107275654
-2052651885
1087398838
1810345614
-926842733
963658831
-1452856252
1743402937
-53172675
-1281787901
766912108
-629517935
-1926096691
-922984256
380261996
-1287103967
1898091037
2066576585
1431178346
-846923889
1608638864
1304942712
1072608644
-1992092255
1456239942
-452624031
1705388580
1186838402
692044428
-921442377
284822937
-1467833916
892617106
-977802770
1381569251
-502325080
1959719007
1910097570
-1889060147
-847483235
-1768713976
280776887
1233608513
1353547526
448796447
-1255095872
1445044183
155726144
-269682582
2018168484
856392622
-757059613
-493529899
-1221664130
-1569725313
-1806041018
-706401880
-791764027
-924715281
-1393490360
123405308
1392912301
-1222114269
783515726
632153707
550401995
2097129625
-269238393
1295996422
-278901249
-1813599178
-10608522
-999505269
-1066653043
-300890214
-1822980175
-946684457
1513826445
526641851
-1925159194
-1161316711
1843278981
-1579558735
-931885538
-2055525816
1170704724
-314626866
-610251451
-1115585962
-964389039
422911217
-1517835799
451154085
-301155917
-1193505509
-320557758
-1487937734
645619250
384190530
-1043460494
1651853104
-447577362
-2010287515
-295191284
55935726
-1966297456
532580320
548605914
-459624548
60016302
712932865
409770970
-1964379694
-1264293772
-808789798
-700319862
115782034
-75782273
1889847896
-578163099
1687757176
1982289676
-1652117868
592308396
-2040953553
632242513
220494185
1562086249
92597031
-1009782486
156035397
1677841584
-967357052
-1452936712
-2077584572
747452456
-778940839
-546133562
75570298
264929225
760677141
1200763308
-193710960
1938846950
-99843267
-1270099848
-1859443311
902600046
529804891
-1273169014
-880997115
126835054
-1515725514
1169752574
939463231
1431882969
659386946
-1762277872
-1467011597
-1427209845
537820505
-461363012
-133474549
772808075
-2124814677
83430309
-879875910
-722466416
-1436494605
-1194980041
-1064872496
665453510
-1809890581
2129617679
1838644560
1867094737
-1990985727
286684825
1518089279
1032770834
-835528629
1260857338
1255299262
-960526296
416792503
-786441423
-448658853
-289921864
154098822
1282061176
1980277667
-2074674575
7257338
1292148976
-1374998277
-1903609782
-729185203
1330979964
1206083759
-453956338
513932005
-664539668
939022411
2006027289
-76714554
625457246
-589014231
-1922975133
1698337096
1383860448
-1083290037
225142717
804182793
-897469606
511124842
1230108763
-1423243484
50874794
1621658958
791184018
85343394
1125964048
-994875552
-1149016863
1817347376
767334860
1321331325
-1208043467
1217694738
-789547770
397049100
-2042420632
-1971070889
-595557139
900570194
-265892598
1546122830
-1566772447
2019190020
-1155496860
1719288888
-2100569771
-153448163
1545552569
1710970430
574752816
-492830990
1899539407
312878501
1187436660
1836782979
751123629
243957567
-1734251935
-1430087149
967390117
-184851164
-284166309
-861222151
-1359645548
164976546
-273671734
-1301097544
-906236568
-399787663
-1370935487
1995238989
2108112610
-655637717
-36161311
844547528
-1667388004
-805914118
1204739583
-474157538
-441213107
136076690
-378702588
-25328324
2008164428
-1619410590
1396323989
1160466783
-558207662
-1387264763
-501874957
-581701470
-1026105981
61448190
-1231994461
616623576
953649327
291255460
-1540746415
569691804
1420236244
1063263835
-918131216
472018597
588914151
1045835524
-129232090
1005468766
-384635181
1235701686
-194400025
590228149
-84935999
-1540294483
-1480905633
1473670194
-1042581606
-366168958
246232853
-1433515188
1761014473
607134364
740463181
2101982199
180739397
1661349094
622830765
-554089855
736515022
-1694931774
-1209579998
-802428002
2069342070
842185532
-608311804
-23424575
-1769837982
1884227714
305557367
-1136190548
1479410898
-1736370540
322867221
-1621237686
-1312024994
-893574345
676742345
-610174020
1715611521
-557445841
196661501
571892145
685666139
-993812308
603685879
1495580922
-1699958350
-980633852
-838274944
1404865629
-1607698119
1749491106
1285913286
1785773224
1371157013
648706110
1075077251
1799102473
-569317220
1146262094
-129851555
1022577309
-1604145057
-1822370885
-363897457
663518278
920778602
678677719
1436530889
1537183680
-478787127
-1527313009
522592085
-821213450
50022734
-264455204
-379349126
601786514
135323026
-923427457
-416573147
912351954
-2123374536
1353943277
748248516
1502799778
690407800
-1922207353
-818951563
-1035848218
1851138267
1220248333
-636790688
1263158294
104642115
-722141100
2006949728
-1929035760
-1075845330
750836023
502294248
1089837096
-2019789765
-448451637
-1898946268
1976435076
1907403500
1160848598
162395230
549654439
-57088084
-157289600
-1307003229
-458870454
35894292
-1635072949
1672511397
1324557938
11732329
-982845632
-1948699421
2079736766
1232363369
-116587158
698135559
-826075391
-55451834
-1431844472
1725333390
-988266224
-1627753742
-1118625795
-514125395
-1815701284
150978717
-348909045
1502017907
587131842
-722697605
2053374016
599795242
-1001722079
-1898030390
1090224175
506856707
-81053907
1868194835
-1191124637
-1579985679
1721583362
1715732911
478514576
-1491151660
308940284
-1622035316
-549668852
1140207578
-1806801339
1450440753
-1064759172
2145438754
-1877710674
-144806913
1990618322
-395419743
-674387518
-811348807
611294838
401567561
-137645032
-2099674555
1720706755
-1256973209
-906669079
1816118707
2113060532
601875532
-1360230431
-440949890
-1690573346
-433637841
1583491897
1218469394
1832709281
1572209489
1345432837
1858729102
570207642
-2104709790
-1901041462
-2008886838
171469403
244512547
625046611
-1834817637
-108167330
1677122380
1039660740
1876343381
2096489270
-160993873
-1692443409
428941457
-1255086842
-1883624804
1059192550
1404222255
1582620215
1485527175
1807485648
1734502814
-1738683547
-212836376
1643235584
981614170
-648544103
777862498
-2078438077
-1478445130
355517
902591015
1272637817
2084454619
1758404684
-1018489190
1675228518
1463500560
-977532088
1975579445
-1426145335
-708628677
406922865
1206305708
-807519058
-1848797273
-934380621
2036009042
48973056
1637208582
1648345567
1005062588
935033697
-755568198
-326205538
213119651
-336254402
-1498854833
563014049
-381803506
435449629
1324571212
-1201672163
144385968
524764985
1983389227
-1916129418
-1936530290
151343439
-538374236
558938170
-1034225180
318855354
-1576905423
-411966896
836854857
-1340080707
-1835276850
1195745136
1933168913
989859615
-1400724223
1250558165
-1107147790
1540778237
997767961
-1694112719
2092561129
1009282267
1961668026
439679969
407862366
405628667
552271000
1605346914
1289345926
-2125433614
-1996077439
-1695266558
-373178616
1792131447
-1272038751
-1923145254
198649315
-1440798338
925751809
-1669806853
-248945010
225025669
-2045915824
-627918618
724960352
1031658028
-1289760026
-2027100606
2120546098
-784582901
558139653
420859592
1678723394
-495664449
-1605560223
-1125990527
1085747033
44686662
946766562
578581043
-1327038672
596441484
483695271
-11546088
916367375
942560069
-1581324978
1199167441
1435341239
1779543549
-126750862
2051059865
936445314
1978102124
-286534540
-1801739075
365790663
1875556111
452132478
581857611
1144764291
-203809549
201482949
1177815305
1374143029
-552963629
1040629261
1461711017
2100054536
-1569747355
873764210
1954327098
-568301513
975761392
108461924
285271008
1879197100
-1109071838
-1225557774
1480351175
282999787
1824945695
958352204
-2116502700
604807214
1588010205
2137474434
-2022067299
-1323393840
-1703982418
1077071505
-1433709285
796179694
-103471586
93819808
822366366
624954954
-679816194
1973638790
1443725184
-245826189
845318848
1570087056
-1394665187
-2140843998
2051016453
-1346675328
-466138238
-243736089
815019380
1580901079
-1361761437
-755824892
-1678170675
1564288855
2090741586
1343535513
-221144259
1892429506
130263598
1894380800
837864947
379121128
-1801389863
585294714
-1341902350
1981328096
694310701
-1222655478
-523086039
-368304747
789549103
-1774412127
1895773888
1375589508
-1886061179
915952762
1295483316
-793009725
-552039899
-1411093817
2074723493
445338692
-913331121
327268749
902657262
-1424277158
1667664572
2064120012
132463350
-1674354051
475513111
-745234974
346754501
-617346231
-1583908948
-413160656
-76942374
-524583988
-1620327841
-841263619
1588755770
328979200
-445154594
-544364902
387205836
-1428216426
1134299674
-333351225
-1189595420
976207093
-1968581390
1428058709
358347549
1691796097
1801338929
1955462668
-1503056021
1306778400
-1565950022
1254959310
-1225810321
-734759175
-1692031743
539626236
1034578701
389667198
-1135894339
-2014496745
-1615924421
29957548
1334455259
-648665430
2003557404
187742865
-1389507659
-1172589977
863818572
679693326
910714243
460332176
2112393597
817865694
549066001
278539928
1470362178
712664790
-563856718
321610505
915289386
153991790
-1146424204
-1493878616
449297425
-6830465
1928885908
1298011094
-326772047
1943605069
-700909772
1725452856
-895775873
-846206008
998056267
-129731430
-1659363916
1178508303
710689500
1664189200
-338022231
-585251788
1804511850
2038239070
-402223001
-648720570
1456203690
285637017
-566769794
1823604363
1132454778
1631542029
255097365
495855885
-1029373166
748501857
-1287135678
1963487063
-1572812168
-1852902407
-1036458596
-552900736
1088664121
-1948621413
-460198899
-799701656
-261872555
-965909420
-1414266900
-1008680127
-837299078
-1728643684
575543114
-654455215
-1152522379
-1974698824
-679360885
913226741
-436232731
-1292906145
1770277944
-2130081048
1859417649
138624160
304350740
-567610171
972159419
995125250
-309877908
398873546
1524541781
466045676
1392355507
-2123915042
71482611
-1422163385
638064717
1867042260
-1714902366
1944911457
473519275
720109553
-804607815
-1546441964
-2144039017
-675254613
2073665357
-1636829657
2088065744
913304243
1341996265
-1872603149
-962122279
1926189365
-783015298
1426473545
126809357
2001497950
-902407528
451549587
1360395767
-1252517346
-756314158
1975524409
-1389964064
83066415
-1305889140
1710513221
1912727464
-1972114347
1638407642
-1518981303
-860290599
1493214694
1159601087
-1194444672
1709045240
1854041484
402901146
-1182240462
1214384159
1391779913
1625193952
227267421
1013509576
92658363
-280359925
-1401976175
-1599375638
1710190241
1468718033
-1166553317
-768396215
607988893
1115975321
249745253
1425649418
-1393179078
917697066
1120947100
-175438459
-5354447
-1652696155
-1651193965
-579534498
-493056792
-752566859
888370919
1061747414
991057722
367447556
-506968222
-1803018914
1092855165
-300364304
-564286044
-46734995
-665455424
-471577986
-1992288257
-816984173
542592084
-207198322
-2011485277
-922033972
