844514589
-810899189
-1084473042
-1299945492
-1215688455
1906781789
475846483
-1770139010
-1948313628
-1970302899
1110562162
1421317308
907337299
877135428
1665573298
-997583761
-1878831992
864798501
-997880962
-617666611
-570116333
-2056699523
2108322224
828844745
-1999017061
-1303567623
882321131
-590768729
884000222
-1653480680
-1671481273
1936713934
541069557
850445600
-1544095180
-868023839
1183824092
1124894037
-1194590313
1646276111
-1582591950
-1860360856
-45392071
-577991254
468397628
-1257796562
616328033
-1258119946
1968417071
1126362257
52215742
-1471220157
1659121838
-602331189
588564875
86942014
-88912751
1349426896
-1679151635
-1548582013
-1579498521
1328621323
1338487454
-1257191819
-192122818
-1487595955
-167211824
1086735954
-712343263
-1606247934
1202666059
1064787585
216134625
2005192101
470698200
-98523346
-1234287720
2058306677
-1288982558
-736266216
-1818651286
1151728232
684564569
680740009
20768014
1472127072
-1867911463
-181525178
2125985164
301168540
1746893835
-838065688
110168647
-255053712
1584611147
-25554453
-546788290
1595310136
1476450187
-788650715
1980628878
571597450
-1922513290
475621946
1933864251
-1378928214
-1413170729
1407903279
-778853073
-1539227070
2022475580
1031016764
-1249428351
-281801134
693943766
-303575835
894659579
-565396635
-143002973
-135649461
-668421418
-2037262332
1996106446
-1976008769
702046663
336604271
-2077226923
798417047
1493717566
-2026448246
-1249272596
-1638358459
89411052
1640040725
-691075295
-2006471772
2074077830
1907527200
315309504
923722645
-104604215
1196444861
-869552776
1426171850
-873591363
-61589002
1409911998
375610593
1304158524
36191489
1717176816
-1087411276
-209021771
1643273906
-1196378178
-1114423313
1710331693
-1762657232
-1198400571
1557208034
-1776864378
1229254891
2051572604
-950282857
902826500
943647693
-1710324909
1095291175
-1635901940
-1772330065
-1651325928
1748421705
1705802798
-1435902194
231506589
-526561493
1655749732
1593803518
-1093638760
1130485380
-43260773
1607736670
1732677065
-959640854
1205366643
-906355124
24052834
80451936
-1431602365
1282290907
1452551074
990609715
489383263
-660176125
1369511362
1497361157
-910273124
-632513320
814474773
1675812137
936869396
-113522945
-1264410518
-278044366
823268134
-58709923
-104133964
1718873798
1991589824
-945102064
2058126572
631123895
1590467039
412764322
-171640010
1213100371
-1196106921
-1844142725
-1009232318
-381790469
280289999
1653022616
-1120137739
278634994
-46710513
220349562
-277429689
378086006
2126042750
1369924192
700841582
-1030412780
1506100453
600520887
999983676
1475868472
1755462009
156502993
-1237455419
1350713859
752276247
-179222571
282725188
508326497
-406017839
-365568266
1313207102
-1816830119
2040280232
-478292249
881415911
-883959897
2112792219
85637518
-382059323
-1421614201
620454880
174710007
1643043731
-1834889261
709342833
-751651189
-1221083289
-529377712
-533499703
-1705333375
-1724605162
-449808572
1724221935
1793007763
421033943
1427036235
-371722829
1400738549
-921174746
1966324842
-822985417
1669149826
377961194
1295247716
1914084272
-762562248
1452938201
29757004
-625106066
-1110002714
-2020796901
-617775269
1534635801
1956898851
1815255085
578050819
-2022464708
1914849154
-1321582584
293235779
1167246343
1473875459
-397977471
1012883004
24224592
-1212304949
-1488152334
-1541139195
1263823579
1700043287
954876698
-1547157574
1634535130
-1240739474
1593162561
266762203
-1561725770
1627039510
1897922208
-1373470254
1482471951
287339464
19045374
-220036395
1499613185
-1309280858
1781600926
570769390
894946985
-1339820180
-1259947176
1070905943
-1198865177
-157239578
-775446523
60144907
150677604
781762209
-856890080
1510616985
-2118960682
2107582181
-1680102999
893731386
-903333502
-1528008222
-49315508
-175257818
206301186
1832023848
1840245954
-973320926
1211027272
-671149476
-8752009
-867709091
-2087741470
-1190229720
1029785965
252513916
1723068031
1787419763
-621244321
-703994125
-223625807
104626386
-1882539223
-175687530
-1746419724
1586494013
-833711001
-1228852369
-1961316882
1137964805
1958732123
-1144578607
-908292872
272827909
-1094337005
-2092374099
-1793859108
244675607
-1612703798
-782622941
68209632
-687514423
-364385906
-761849252
-965850109
-324068783
-1031528669
-124622186
-1031914362
-1535885123
-2018557401
1312681088
1344322733
238458990
-1719118474
-362542649
-1279257402
1285802950
-232029489
-1703215120
-816294294
-2044609504
-134906185
1516585064
-534627070
-1644776960
-153172323
2068790745
1928139404
-557327221
1976180030
-569623874
1739299999
305910841
-569120438
-1856443079
309613996
-2076830520
1348885063
-1014756317
-176851322
-1376017805
-743409738
-429254299
-1470000093
-1109373340
2019327603
1437793669
-1092495964
-1776333210
1690579041
-954906493
-1662581102
-663151650
-1096287675
1682713574
1703086442
-10760709
-497544206
329941521
-1819775397
-1342545108
-1853030746
671512282
1522938445
1577758162
-1679882828
1214162268
-107877851
19454006
-1079859870
-1001210100
1957879367
677032893
233438228
-107540470
1743051355
-920893606
1170844073
-1188334407
995210580
268587331
1409401124
1720947857
114087342
-2137608217
1125232783
-1864927693
378287606
1407051294
1724400411
300990653
-2033275505
808726178
-875617908
-155566497
-325615182
-1390161219
-238848813
79459374
-308051274
834517060
2070122236
764109623
-247711343
1729649347
-697057718
2115421911
1792141726
-232217607
1383771807
-1936759734
1586326176
1667979142
-996672223
1452883840
-1550377210
789382626
-1514282469
1152108855
-1881109904
682211985
-1446963936
1274960453
1779584113
-107161196
-1623175307
795906101
-2145877098
-1687363550
479662256
-1094492394
-1612456793
1080425623
455444892
-747574130
-57290196
-1372474964
1383190879
683575349
414375986
-1066862359
1984219358
444945696
-161632178
654415959
-1608036256
-1193051973
-1387626014
89038712
1003139953
1875960539
994726558
-1789444229
20016904
229638930
1413581642
-1882819925
2098968044
480509765
-1990839103
-1243011287
-1567795374
-50643076
22935872
1347936474
91810763
-996777223
1582593504
-851179870
-118068132
-1256131957
1093050464
1680887505
-1993762834
-764255197
514344232
-178323747
2086587112
1220756391
39117194
1756885586
1714105626
-2134141690
768433738
-174875387
-1127786020
-476265588
-1021809056
-906527601
-1968576906
-363154826
1539544572
-6050567
651782850
2082259656
1683955145
655922356
-1681657840
930669150
-1699776907
-1749623861
2028202569
-758646719
965922929
1200300635
-2057756842
-1890303428
1212279797
8006210
-1692524350
-174622802
-2021694138
580478997
837368733
-323500640
1991835963
-1077203112
1213334180
1255143449
-1991066116
712306152
1203951262
1468032177
-1987335155
865675963
-1236266744
1544252003
1055445898
1661352908
1862579444
1293523623
705866164
-1176115376
936299053
930013120
-1143612757
-871799763
-768358753
1402680402
281045885
-1575981652
-1550341643
1111932983
1793095775
1296129644
1097314179
-865964398
1606030137
-120355175
656652902
-981249757
-1109522841
-1563676322
-1638932502
473982172
1407418301
1134693784
218739755
1372556213
237168588
-1092489781
-40682242
681037756
-508532381
1800082265
-371216623
1446789999
100199768
-1249347344
944527696
-100396211
1800179336
1762644036
-1804442998
-373711702
-942814693
-1912199426
2124692820
241409474
502067212
-996841741
1215559213
-723987695
738957288
1159538072
-624050206
-2057333279
-1403249195
-1805879627
1426350644
1586516004
-624071723
-497437095
2044948151
-607463037
219386700
2108194317
-1028300804
1006375350
-1159595329
-1040369332
-26605838
1534217238
-1703664674
604048690
1860954761
1213489264
734940611
475006834
377060759
-1103596261
1945073532
-1816737651
885083903
1469371980
-993884474
1650728256
231643151
-996774232
1194628891
1981168445
-574239446
-1953647334
-558713617
1066571038
440865958
-1461967898
-1196324555
1228044694
-1085880329
274304254
67483943
-297930263
-1349885172
1774837652
2063334983
1752273821
452625913
175190768
2089564832
363018609
1021373653
-530765182
-990704303
1850005390
-1808563739
-841480390
-1867404469
-1782325508
1450962425
1978333719
1051459673
1521935447
1291668246
723160062
-887530400
2108849601
1907350868
417410764
-1384369944
-172389350
-2000357879
-1139192914
1947837146
-406035602
165897511
-1077321041
-1615727477
392005295
74390754
-1613099118
-1094251528
-1633031517
976546709
1667696609
416192851
-614599649
-1912770586
31024709
-1551785538
1020241269
-1776768217
-636823784
-950832555
1219079978
-937044481
513178168
808861554
-261466132
1366383433
1735757342
-1653345237
-1596690494
1887247675
877869102
717616671
731890309
-1763350325
635698768
-1103175310
1587133838
-250135731
-196950594
1044742421
1363033264
1098038880
-1507955937
-1861187766
-438586776
-2134958581
-1784657963
-1878603161
-590012589
209919266
1168455826
1969228249
180849887
-1758983186
-1587021519
-2053210261
-1669333179
-1274870516
-1017845309
20562120
-519433546
79336597
-357789465
-1185434306
1374599124
1815948671
-1944359074
-319249468
-1220689053
-1881206462
-322766627
-1765302978
2004108608
-1887662658
312002085
-820984066
-1107502447
-1813531301
-172075951
-579647090
-182030531
1572271473
1170531694
-1828919380
-1656675682
-1073991958
418797136
1404666261
1230521205
818033958
-470483549
648087686
637245214
-1096231138
-493754304
1215473279
117006340
-1781147957
-119929151
833887817
1628297046
1089696456
709894230
502835130
-1817965062
1398498870
1314037466
-889009096
2014275777
-1575517473
822708257
-41351301
-1100731427
-2142287459
-114673517
127742102
1468582287
457975036
1772335869
-30216393
528541732
2025073182
1948228006
-264126163
1972261665
1228243935
-344906591
2126730282
819153853
-1462047688
-322131615
-510183478
-622531441
-1763452952
-1858631790
778120147
-1250716537
-545179568
2135527206
-1677226306
1746570530
-58591330
894841773
1137422454
1455906777
352883502
514138345
1347292511
1396477658
1645574188
1355220129
-1351830119
1413129465
1548224125
-779312715
-972397435
102093033
-520987169
2146664562
-1464791929
-1037205594
-4564658
-1145253849
1374345997
-669078987
281304233
362302968
-749143856
467716751
-1542793067
638993649
-1321235879
-1702319142
-2024822623
-248448162
1571992775
-613709350
-1488801877
1483678041
151562958
-1877986394
-1270131071
1134957731
-453966333
1644373406
-635907894
-1585705545
919728214
897437340
1291275303
-902329828
-1592794658
-1172278167
522612116
1516931066
1508701916
855731057
-1924153068
1289578224
1442390521
-1538550342
1912733581
218530340
-69419310
-372155118
-1358934288
-627517541
-874821450
-291988344
1451417756
612716745
-2029766227
1421290780
410554884
1399816299
484726204
1310656953
-1230015602
-1169167979
-890640792
1567899235
-255567426
1292575750
-86857097
-789178708
-1005069165
560361923
631406077
1546141548
-150378191
1144494562
722337430
-2038444112
-2019604033
-868803418
-1976258577
824405234
-1228093550
1522078924
-600152949
722271882
1760938890
167926308
67628740
1288610916
1952555196
-1774929566
611802638
2065949939
491044177
-500804299
-2018489213
76760677
1998828973
-1306164071
-339935077
1374930712
449822163
82559593
-643209414
-957552308
-1453368057
471302711
-1039586833
-574667240
-443795532
1655570015
332555642
470735778
-536276080
-1633463463
-1521564529
71797386
1190230525
2071493711
-625147175
-473467226
2124848306
-1796995857
-2024203199
-2004730124
-914136934
-495745919
-1541297041
-326418228
-1777618181
1029781051
2014659216
-1574675883
-1629909797
-1044757804
-2012566183
-757997511
248268958
-391671978
-1259109556
2127280796
1831153139
1685333304
-158831814
321838409
-360294415
1292470187
-2108495608
-1814982866
1601657212
-297039308
1409331893
1557148938
694502381
1044544634
-1607937637
-1089498268
977925106
1889255265
-294972428
2102180798
1803602097
1693849430
1599509151
-199091958
604842291
2129678316
-166965468
-1309913251
-134644736
1464206504
-648073739
-1695489310
1203467525
1034920728
612552950
-975971824
1844764094
-1594361302
-1871768001
-746008801
1974877072
-1492456774
-2060042464
666838199
98236534
-555348628
-907541659
-1970253334
1835856352
1804427707
1652298970
221411684
-210267689
246635090
1239602961
-1461665823
-2003773852
1692719770
-1291628702
-867297826
736160562
-1728120429
-1302752973
-1341233005
383203698
180198887
-2091308424
-793940449
-1941564930
1770997564
-1393863555
-991330043
-678668863
-1161062199
-1080496926
-218349865
554090581
-1641055956
845970151
-2143166928
-1535592211
-296035463
1905837290
-2043973658
381078900
-231111275
-1212892628
-579371136
-1881457674
-1459525691
2471131
544196325
-1326502337
302406017
-1017292724
1168238934
1836682177
-2058596466
1008766855
24406430
2098103738
1857969995
1952542728
89673608
-49725034
-981327030
277742788
-93638512
-649378415
4478242
-841857687
1919193052
-1301050464
-1210797950
2062269930
-404436628
-759603567
-1607175287
806464058
-1511326576
1723164016
-1902374827
157059671
547006874
1327857964
1311892442
1145336457
-154077483
308174971
-2039151116
2088606699
-1214984011
1911025146
-1157855554
-1024526038
1332500815
284163223
-715346652
1391907724
324360971
756078130
-318174538
-353520588
281391767
1386188930
1730377919
-182968925
653517854
-91206603
-1365945706
842783106
1962364857
1346159195
-590249677
-283779426
-1923958491
-885275644
-1166857212
-1237707981
1232279222
-1958834137
-1646910719
683044716
-505947252
1406346181
1241732606
895960106
1765355779
-499586995
186445119
1367517700
-179055761
40330306
-1139091631
-390243186
-1773566455
138203674
224518167
-926186018
-385854941
281330025
-1983077086
1730428491
819594659
-68868546
1230961478
555140216
-859790162
1522694861
-1554933399
-642993776
-769932637
1896994637
1034755230
-20664878
420345418
-644209629
-1668761231
730163536
-6759092
-1097610688
1869753988
2046876914
1077502694
-408386106
-976630694
-1931733055
58015193
122371825
-1808357774
1548754018
-1645356635
-1170600652
1795441047
-1810066721
1964777205
75155618
1484542838
-1974644051
1058787164
-784020081
-127637647
-2059400982
623142978
223401591
-68125518
-1436057883
1471725848
1999769630
-1325862527
-887208733
-294266670
-1242969097
2102611930
-1582119648
-1090746730
-853969719
-116207814
2062746387
1710817713
-1504925297
2037292985
-803304714
1980134602
1242538655
-212250019
-829860475
-2124672935
405030159
834007724
228762629
269766745
107645012
1422697858
-574678905
347498811
-1070132693
1751769381
1245023853
-826994658
-1508037445
-516910442
-2074970323
1981092413
-958432517
-514276311
1520287573
1738633128
931991377
-157705897
1294696398
-1388712649
-653866885
1603711955
-328204444
-1255910982
-427616078
-334080550
1888733317
1427620469
1231330060
-372845105
-741550264
87880395
-182838495
-860932346
1863197617
-1143661768
-1341852943
-137364513
-441512909
1457843076
114090757
624330007
-1765776267
-580916171
1951844563
-300510630
1507667032
-1742470332
1812322150
815970331
-845073607
-1948512236
876951102
-208281944
1070607219
-488910177
-959305100
-1410523528
1323037223
2021036530
152907297
-1049457209
-366932162
-915065381
328899072
-5319836
-1508068945
-697841697
1094829394
-2082434359
1414507517
-2519183
-620511231
989201772
397817091
19807585
1139870472
1165382996
1861513459
274848402
341308177
-1878160146
-791411044
-431198736
-90476193
-1488506848
-290503446
1470467488
169653998
-1590635874
-1356161869
-233615496
1234159064
-648069252
-1301974352
894651568
1689631993
-261749243
735546824
-431772454
-671237674
-528842806
362849684
998075407
1496806586
855155709
-110897889
1351635050
-1517225183
923876351
-1943996947
688145082
-590664614
508448054
823797566
1313537650
-1306076057
-1055667164
-1275853421
-1492628252
-1488535257
-2129662795
-2145167759
-372883538
1247841718
-621829161
-1549587356
344858228
-1042685932
551628368
-1592080570
-1523188785
1645470980
95924427
-1706380095
649995652
1492309558
-501201613
-1827867375
-1239882760
-1008945497
1401555267
1605117966
-949338909
-1967328952
879231581
1796343401
192195908
-1018118691
1082976923
-1836209355
1724059284
-170233816
-1680983261
1375105449
2020547390
-1919412922
371001279
-604476636
-395884979
-566492328
1947762605
1000583536
1141758567
711737188
1325868978
2116557130
1865847801
-667427458
-1201593995
708512034
-299423053
-1111507166
-1259924471
-29525986
-1903002058
205673444
-1360623157
1528060260
818764300
-1601159094
403036013
-1207568488
-755563304
1340739320
-704716717
-1877801821
616500942
1973768206
-1806611427
57303478
655692644
-2097558835
1416233348
-1006443634
-156868023
1966974336
1330051689
861312761
1440269206
-639522919
2088486187
-51426920
-902771901
-923993575
2079082296
506223333
-855281701
13240885
-1495755546
-1683613321
1061804147
-148082122
992866947
269693060
-816736808
1290931360
-960605526
2077813160
-1929200889
207590806
-1606359592
-4765980
2016184545
-2076475780
-1626108098
1955477736
1290838303
1699731422
-1176612136
-1639352940
1318581379
486962575
1823936701
1289007804
-519315377
-1117736683
41230777
1674725675
-1480642822
985558596
801745176
82478058
-715526111
1761494568
44740548
153755586
-986293317
364575784
2062310546
1749729022
-1108593519
1929945447
1120198104
-114797196
1846238700
-279573907
-726869950
961728710
-654468977
-1438811386
-522752283
584810725
-1122854169
760851562
1150957716
-344849194
741931136
-1981640291
1120843378
1054654392
35228859
-1171816936
-1698947128
-854255099
-344826690
1328714409
1689360152
168825624
-555146069
1362859159
1566973042
-1228937490
-1235418093
2068747016
884265221
811846704
1010957741
-236126553
245456888
-788066704
-1576518078
2008422273
1207541882
-1570699085
1312579307
1284363567
-1482242792
-950287313
304944766
294104378
-200168371
-660652203
-1565127099
-1605575750
-1104992673
-908353263
496422385
101454400
-2103294872
409787471
532148942
712683765
-1002437454
345409473
-1741674953
-380768765
-977211320
624881119
-352483509
-99315917
967474633
1325177135
-461407264
1170217430
-857518721
-356917050
1862802615
-1263100695
1897042607
-93964019
1570484465
-231442061
-612614606
-1822077752
359132354
-1671967438
-1025720764
1390944852
-2115770524
1101357942
195061659
811389231
-651887539
-277786549
-1560290373
2045086653
100928419
-560752163
944504968
-1903165111
-2022584849
-1888250856
357129500
2115132489
-1626329327
-637873522
-467406886
375611621
1611785331
-1280650082
1753338307
-656969798
-1581206911
-1273049135
-758367480
-1698402086
-903998120
1358249095
-164905761
1162537751
-1944502083
-340588334
-198327143
-855454847
-49239216
-924019295
-506020876
1764663596
772053248
-299965920
306535085
-1560260298
-784115519
1701153119
2017525081
-1532590329
1823418748
434140721
1800803701
1569350874
1716058695
526807382
-608106821
-2120664963
-1951761962
-498078244
60360119
82720852
-254990032
855095233
548522904
-1477669725
2116248997
172320989
46412619
572139787
-857498114
191875070
-639953979
-267371947
28649206
1499690580
-486347872
853421166
-453942551
639405839
1511010793
696814770
732115147
638065990
-1875288009
-669168532
-1734748582
-1553167334
-1652618752
1869293469
-1601971817
-1943636709
-676489945
84030460
-1839628942
1626960106
-496408616
1895816254
-442116669
797625886
-1318084712
-2037855337
1706600065
-1592372629
1984079255
-386429569
448430637
-162829823
-31771576
317646265
1665129359
1992517937
560702003
-1712642928
-242286940
1046987862
1288472073
-1327629469
-895998762
1730765298
-385415176
-1961585308
-388097939
-1344771305
509768768
-1369442148
1719737157
-201441785
-1818238202
-327945422
-1501231935
-225351906
-462943896
-1880024853
-1450784001
209044464
2057078737
-36530956
-861607092
1043936430
-1421915763
1480643551
-1784584742
-1264615475
-1212692065
-1873393173
-864337744
-275362840
-127446830
1232329096
338216417
-1923853339
-1426423539
1050058265
150663424
234174807
-419970581
-923197701
-423247918
1226152227
720331403
1130770117
309353029
-251050395
-173308764
1598290641
88819105
-2071998572
1846224091
-339603717
-474343683
101298659
1259656280
-453160536
262232307
-348987670
-511510634
-57066487
-790587241
151877765
1842650746
-813837663
1982582180
206694140
-1358214745
157164036
1175884280
-437801629
-1880149744
916669408
509008962
-1006854076
-1472667699
-1533792191
-1922289159
-637115782
-1785185998
-1638736112
-1808563057
-1453044641
-1417790690
-2016707108
-1866519066
1595285801
-250605168
-969228836
1296941058
-2090977647
1543458687
1287421492
-189686784
-596905291
1181507818
-1029417353
472286279
1603650622
850758188
360039789
-122577412
460847301
-1956247403
1768556565
-1225026117
-1967123086
-2070009801
-1915888404
1062984579
29529574
8807165
-1369327761
533146097
1383282010
384621824
76228575
29543600
557196808
-229780963
-489784508
-828286417
729995977
1065142466
-151791693
929354901
1169639167
-1439851000
-341092142
-1158846991
-1845184332
1559871239
1303900316
-337957962
1162719491
1483678564
1793134689
-1023621787
-1168220490
-1485054674
-1234739696
1384880779
-27287760
157438442
-2017920584
2098334702
-184637043
-141594388
-119138484
669451267
-1648244729
-378701080
2065625254
804100770
2024063899
652422855
-460303410
-1761689604
-56760853
886599614
1149522299
-1941036340
559330662
454473885
1962987481
695911884
611438501
829223012
-193591924
-1005651862
-1805023720
1617130524
447422708
1060808379
-844554015
2034657763
-902324302
-959564625
607972351
1998172487
-1480844693
707483782
-74222929
-1351940905
-101349173
-1086019454
-1064530674
-1674829577
1039286732
1377554398
-1363598334
1879573492
1365261368
1740218110
980995931
-498885800
-1100983444
-1281725721
80785972
-278171010
415405150
1866231792
631847327
-434817432
-1471424800
-1541067846
64397696
1142235855
2128946981
-192028068
-1440062535
1173662843
144294788
87474915
-1140198009
-914817835
-1773096324
249782009
-1393985749
1239225017
393950455
-151361053
1657747916
1649187985
1791072467
2012082864
-823181413
-697704546
1716268957
-1431269969
-2034492872
-1569046375
-35754593
-1378934495
-440612012
-629522054
198604060
739133743
-2092069994
303237270
176394713
1323665181
-1184130110
-461847313
292186335
-668880960
-385186792
-874871865
1177935999
77286701
125003257
1904298870
2139096214
-1081808974
-1525333040
-1287286915
2022599442
228616714
53961519
-706784806
-858661708
1625953483
1366109496
1594262941
682706455
1530574115
-809684674
1402898106
522466544
4854467
1029909931
-1635730655
-786340458
1083558170
-1204862173
287813900
-1054202683
1581252550
1812116969
834490007
-2105308770
-432228793
1057808770
656664213
1832569841
-1168402699
-59686249
-457488736
-1641923905
254248243
1982446367
-366996879
-1865902342
-629908763
780563645
-1070268302
-649800050
1074170143
1943995750
-374682735
2026673060
1212649502
2082388550
1798630999
179022884
79004283
605039844
-605652168
1805112700
367724445
233473667
705930796
1539516576
-486502033
635770315
-775302274
280816209
1088338258
683416232
549011427
1465914272
-2061174699
-514069390
-1651993139
738418357
986132131
244702798
-1623456767
-132719668
-910709188
-2112584237
1239329127
-1667804544
907721959
888883184
1228302880
1216344908
-1310998169
251088908
-566787619
-974709427
-1806987284
-1606003346
-647075986
1610300492
-1712158260
1754911454
1894503833
65078012
976782450
-1442605940
480775469
-2033941121
-1003508842
-1836924879
-1240488875
-1870464978
-1628515666
1989589876
2143123249
342562457
-4527708
1303352462
-829780574
1290696396
537299144
-458632912
911608421
738086100
575260679
-1258436701
410285923
879911553
-2044471971
-819403215
-1864957114
-780056724
492502664
1046056131
653296719
-599982789
-1419304451
281828555
-1855499162
-193485789
-1283605729
1037312867
-721397134
1185409966
-455737938
-697056842
824235242
-207795266
894350461
-905726049
-1677084244
2102413777
654759783
1943221391
264814349
-837071227
957680771
-1420897614
-200777168
-647180450
-577140586
473260116
2041151131
-1362374457
-215416119
-771400831
-2002367737
-1642855338
340176795
-1756101652
-932720777
-1101068460
-1332840680
-1452726511
2075404427
-1939569285
-544220597
1216940701
619523093
829637633
-127058960
-2146952947
-1027849492
