850273519
-1943696210
-1549101457
-482340513
-807258228
-1387713209
-2058429309
-1943465216
-1333666985
-1814907783
-827061549
-663860124
459762294
2081827043
-2000671761
2113685221
-1857787121
546630927
-1192611999
-928430538
-729683257
2087538338
-2125292854
-116454213
-942895483
-472427313
-1705793206
726405396
15424122
1559986701
-1041662683
1579809018
2045539941
789019913
-1875294302
-592417458
1235448339
-2094017316
-1819768010
2097716079
-500642267
-1567796096
123984866
-2130249781
683855125
2008521088
-322518567
-604629576
983289978
451273199
-1576230299
-1080645500
-852834677
511329690
1670173450
1962279370
-2072613919
1332399744
-951960853
503161095
212100480
-1673583486
1627465324
1337174124
1003583255
-1114587050
1069822232
-598914315
2101369223
661051841
-104633915
1286703033
-1950288479
1252427013
43455734
-1273248124
1460274995
-2073906281
786018687
-881645150
1658547269
2103381012
-1714216081
-974870275
257926304
-1714172554
-974051031
-1835316630
-593017457
1336947074
1450147540
1364396863
-1216256535
1534853764
1507087348
-2043130072
-794802610
1624266814
-536086695
240052282
136952239
1181397021
-1103569609
1169755208
-70839788
-1101212498
-1946459242
501730165
-1405053543
-871413681
1413937388
-1069294582
636272569
-1829558487
1292929287
-1820930167
-855911730
1427879005
2004636720
728368386
-668172840
-943257987
-68184947
-2020479836
436116092
-127891651
-1127443001
-1921945450
-1236973744
234830442
770056940
2141886215
-2008423851
-1660092390
1478586005
967750019
1355130820
-740080092
-829695669
-1234063992
-888145651
50126034
-1633928666
849959513
1379635228
1629741781
917343670
2052765713
431825629
385743992
1178283815
1661248506
1037712130
-1261942248
-1991966817
1759016479
784811523
204984787
-1245437974
57041951
-1840766618
-964013953
-1249959847
-970146492
-1961449664
-283204130
1914096358
1356223443
126287611
2091601935
-1693258852
-1830443099
-233195944
-912479674
2018032437
-330324490
-886577481
-24386881
1953157124
1231164028
-1026168170
-77931537
506247445
-645993029
306014039
194014461
-664623214
1593273495
1250406213
475247984
-450377112
400971050
347979736
-1524860888
1536966697
-1114450729
1839423544
-1692814958
-2055879885
1055007647
-1975049217
-1448157930
397177874
1810860210
206132803
1266392532
1514104354
1514640457
209195218
-160907632
614650489
-2084789582
1467941823
1165016298
1092883715
-2103968596
1464709405
1133073362
1605228525
1716267252
-457236214
-948520646
-233238201
1359102751
1010455023
933790476
-1344424220
-643470422
-1380783867
1254844253
-826258300
1554818383
1088808730
481971171
1481093172
1494528921
1378248084
-1691592540
714655989
1677774522
1321902006
958726640
-854852708
1838301340
-494285791
-1895416431
397052408
-1577828555
-1927312738
242505536
-285196231
1402640415
831646234
-264365991
-711977841
344392039
2059619057
-1502398766
-2013225711
-1923996764
734634351
1090404201
452952032
653439307
-1575428974
-1497993444
1613316492
1091444546
-64588523
1261514718
-1808460363
1195627186
-855086935
434252935
1249547765
1838995489
-722328187
-728485877
450986749
1817671615
1939221025
-1120648210
363459581
250034943
211508541
1686880759
1585289289
1987524457
1002529319
673008931
1679879993
1187361454
-566268610
-1004280356
-299525552
-1576176644
-979542863
1391627626
208481695
2132956819
-2046879348
-1008325462
-681696661
-114560616
-1428781835
-654134788
-912076787
1136814377
-1586465358
-563111295
1466208025
-841040719
-1927968275
-778610042
-1317836094
1129391740
-1262497477
-2114954950
1861026941
-863674227
1257411290
1118663591
469470691
-2138709329
1968288826
637483743
-2106589989
581725641
-144014402
-9543307
1737022967
1031764086
49802179
-697627601
-1821808354
-1943973675
-66563616
1001650681
1222294636
-1800468580
-1995725201
-2030848229
153837909
-717588365
-499881908
1025593262
647987216
65799039
-654401316
1461007692
1915118898
-2037527492
-1671685039
1503284230
1429224856
1737200015
1882546731
-397520230
550055050
-74484965
-874302975
-500950555
-439541732
76888019
54298752
210583446
156895191
450030031
1829859508
-1334288348
584864153
1248779107
413869446
1571550209
-798240583
1139304814
-2039593083
-858436593
-1058180242
-442888465
1984178920
-1037672109
-1949275536
-871326243
-180583981
148138984
1115924191
-1772310218
589883097
2121561397
1378538084
-1874809768
889719746
2068994402
182986134
-9512048
-1976659827
900852743
1468186782
-1204778512
209176248
-2135870426
579299868
1242046565
-676797250
662565723
-8660916
-1016225272
1574268384
1107291217
-1113921436
233183668
104583720
205298808
1206337
1588317400
-167933270
-858759948
740382273
1697007501
780547596
740564696
1778367346
1288607210
413759817
1959147155
-127433749
1963802263
-1783125839
-1329599830
774371706
-463154528
-1253737165
-1893156441
-1616657281
-32168309
-1486661154
-1143764144
-2118936809
1066436780
-1547377243
-1744748260
2120607356
-1226995530
2132933986
-2117641758
1421235882
1100293269
86393373
2005966035
1088273478
1322675835
-422262899
-2130116694
-377104197
42336313
-409360674
-299549663
1698313382
-155136049
-1231324748
-217462618
2099362931
114243910
-1703214737
597436495
614662984
912150972
1406107312
-1094400502
-615559135
-443361345
-1299022564
-149500136
1703860539
-1477815074
-1533667489
-2013871941
-1421160010
-1508621187
-1689454732
-223371987
813182325
-348761111
769365794
-244188204
1009794888
699142059
-1243708215
-1237882700
2117244237
-1014787551
969519198
-868759771
-1703037038
1828587337
1937835187
1128639429
493006079
-596370976
-720711429
-1203641937
-1034851725
1215012267
-1941911923
-735736084
-623210452
598543123
694980328
-1356485591
-733669013
-1661165577
1879653879
-831929430
249356887
-33277506
1018373269
201010046
1292445729
-2009580374
1407436626
-248434956
797468520
-531424140
1655700855
-416162995
1646345439
1319655956
-912622521
375808946
250489901
-45544737
-1041411449
138236008
-798723820
704724183
-1540286400
-1115427519
-107725100
-891892674
578868931
1111731029
-1692200495
220692076
132508910
497510898
6748019
453866978
-556305492
-868754736
1964240973
-1114745954
-391321919
-1409452663
1465569409
1703582128
915150279
134852167
-831831455
1453859596
-430530189
-623877186
-666841254
-1479818078
1939573020
936753245
-843246835
1768123307
1775602814
1422117567
1737456830
-201110202
1250387386
-750845593
-879934735
1861090115
592650145
520543660
790785362
1598583357
-1640362959
-1973646862
1118771413
859337965
-1928913057
-595093734
1630689821
-2126722883
1488826902
-2031837893
-1982438879
821307291
-486346369
-479153263
2080885005
545323792
1511554691
662696885
352068453
-1778043760
342032781
-176391154
-718650000
-124594413
-1763723628
1148102023
1870190803
-861731356
-1902627496
853958786
-1995560837
-1091654472
1616116203
132705547
-1711913280
-224324351
1740337522
1325752912
-897388089
-1366426492
2014875436
-2014987951
-107292121
-1650851543
1495084467
618221267
-211537970
-367167983
30916738
-1708060519
-1877960411
-1476987411
797120951
-1995126314
-1504774030
-159103347
-1654241256
-822328611
-968252546
-2012388937
-758787749
-1636947942
-950144649
1754707770
-197669727
424799301
-1373355241
-540214207
-893345469
4266451
271444228
-1576133652
-852070959
1880606640
1095797882
-2001199844
868571991
-825547477
-1985151450
589304206
1246716130
-1652010702
-837185707
1562403371
1762016066
126677182
1148606798
-2024862563
1262918928
-2041694064
1962153723
1692509733
1202182898
-1684382179
1052538062
-1118947413
295933981
1823187910
1408563937
-652916970
-781371621
1692628043
-2063338145
1796383197
701043406
391594369
-1081016542
-1485325090
573555636
1925192259
1093735069
-1200898706
1300886891
1324952486
-1303886596
-1149599824
529895544
625516912
-1716940919
-339923414
1825389635
-663643703
1864321873
1480343189
112688485
910499890
-124959993
1572071412
1225978918
-313302089
755466023
1004627431
-5669055
498965600
-1857605538
1242602816
418137833
926700524
-2087101400
436663766
722924560
930416065
-1057411141
-320766567
2025363430
2113227293
1002577187
944351462
845481887
-1378287470
881075885
751125532
-2043039623
-1954271824
424082569
-1659147665
1057826813
1982889987
-1792094038
-871262725
1691417732
1150922815
742393073
1314987292
1646365180
-1726795590
-617801847
-1141460740
-1871194388
-1761288167
1005351316
-1835880083
-517096012
-1720470706
1267334151
-1241880072
1438967321
-1424586047
-427647279
72846389
-1847241983
197568205
-1791619518
-1318814884
2106624122
-1205964947
601721514
-1915142884
1783795200
1443922742
2000451136
594944939
-1156951809
-143900280
-215358138
239502621
-1351144554
551830528
-664761239
981931001
-1286499427
1954446128
502575469
-2126467831
-1198443031
949805714
1051066889
1835118194
-2048720434
-464977991
624784655
-47371261
292940004
2103156936
595958224
-914844463
-1787996402
1086164520
-1620182595
-1029333501
-491477320
127214453
-1211076527
1674544873
-253815457
-1593834568
-2007392978
-461370797
-361497514
-701014821
1216599174
833720608
616518086
-1443860903
1185296828
-987137515
-46483979
850544436
-1676693430
1468959471
1831047371
-34279636
1950379748
-1018372422
-99155054
1986883373
1305575646
-1382423197
953463549
1177382152
-910298678
-184530804
1507175787
74731110
1673912165
-754660961
-1368067732
-897902856
-422654542
-1108185819
87775363
425948659
414357863
-1444051112
1824057901
285587131
337685640
1649573366
-361637086
-1964996386
457922898
2136888151
252034266
-1456942269
-2057994407
1970032321
-568614574
-1356396894
1360191220
1945458171
403060495
418554678
334479064
674417696
-1329651357
1819534769
-2114271230
-217052748
-1006038802
-543240336
-430556198
154321404
92037223
-547750416
805562517
664005001
-314951268
-1565063809
-128876582
-1129844202
1665042103
508117814
1147220904
1722707859
-1677118526
-423405018
77905270
-1867613567
769361004
1607651280
702493595
2049336192
374243852
666139610
-509325072
-1765110747
-1328298522
812891904
1653740211
-1927775983
1073882029
-1066289848
-51654482
423653694
698611785
1945163641
-1525927017
1060716188
-392879910
-734740531
1150660026
-671685668
-874848773
-1517484571
329210325
200694666
809510730
1469933052
1989567554
1977463905
224736040
698656607
778723931
-1005510950
-1999030595
1789326876
-2128790503
-451756026
633446974
-1971870727
-1221227522
1368153501
-167617166
1877574824
1495046452
1832859477
-1894856591
690772280
-597733386
1594335608
415466671
-1328480563
1851513903
484914352
-2077930952
1129665683
-1503933856
-991844571
1122061628
-374076177
-1363881274
329622217
-349177906
746839543
-779570501
-809751310
1182989288
-873151196
-597772196
411988776
-663486030
1118917190
-195566485
-1925508800
-151423485
1603612087
-714553737
1563501737
-650429145
1938378195
269645626
1293467909
1471761890
820613031
1288066369
586521083
-2095941451
534685415
1891002322
1844049483
1188683615
1649580325
1603177481
902643746
1473110182
-908773312
246468676
1579861678
145456215
220811290
1666294208
-730692363
-351964278
1099594637
2071376004
1936654818
2050402602
-666446690
1151708541
-1414488672
1509656243
-213453837
-1069660438
-623910869
-659134147
1305604994
-817035527
-9593564
-1826661702
-1853724533
2086336690
1861288164
-60843141
1161595079
1134049044
-110044462
-1633828872
-1807421727
-16921987
-1321813767
-1660459312
-1449479643
-1360693170
1528801492
363973390
-290536073
240937166
2097656172
-1216694611
-4337275
-1755330738
2091539108
984062302
-357499328
-1937719154
1295242707
1922615175
1388142471
-1386249377
-1721525357
-1346165361
1379989797
809707401
349868760
-209534120
-1730703875
1594793710
-432270012
-1619186676
-326062461
389092591
-1100323656
1752329757
903068270
1563582478
-727947730
1153965958
-585774677
190998995
1553184197
839508566
-78597996
1513926900
823617565
642723182
-1586916511
-159430225
-95875868
2066636168
-358040354
-1895366534
-2102475087
65098364
1112255582
561545951
-1071215600
-1077928770
123047663
-623332704
748938717
1769635627
-883845170
-1900771551
-690307371
-1161737980
-1140986851
-1499782905
1510938729
396151866
1141708243
-223153125
124434645
-188877845
-1349045773
224209780
-1481169295
-185876692
884166144
-1922520107
-1687452601
-1282989047
1799661743
780687443
-706534427
154902217
932104670
1825996091
1753931891
1553133941
-589388347
-127302351
-1994352889
377935771
935739242
1872518300
1140936759
1939059279
-1790214566
737093441
1178070767
-1065652110
-985519211
-1265947602
1405581445
1058551606
-1659614775
-725672999
1657358858
-678261023
1421556931
41358471
-727134494
-985196592
-589335518
-217708302
-1723102057
1222904766
1513852237
432827685
-175269911
1124536134
1656430758
-1633530453
1281869609
1747457957
-342053377
-810994456
1503016390
2015783109
1080122444
2106360517
1256910120
-979832970
-3374950
1216158355
-1411266884
592673790
1507860544
27233064
315087695
-2052677421
1860362835
-1502472882
1897534368
-789038682
1062151262
-2078133154
652455471
1018093219
-1907218862
102731047
-333525413
-1337276425
394101179
-4954349
145123499
-1523915374
-1547935692
-1303768180
2087329899
2049257261
-1262410467
-612243557
-880153990
587559054
1882685066
229747666
1443400034
-1787423222
676467070
-186866068
102839977
-351617717
-989186728
-802118734
-734130842
-1923314093
-1948552563
-694116193
424806934
-777740096
1781250199
-626197562
-248335440
-1656688303
1143766828
-670871437
1673183734
945073064
-1643100493
329146384
-1639951091
-1887646639
-1288492045
-1364152886
-58813873
1302224643
495747853
1948954740
-776226208
1801706788
715828652
-631783765
-34468737
-682397550
-237395846
-1407510215
542313246
2009079456
-198718507
839432126
1038218675
192159582
973364162
-1993622643
-1587835952
-418192099
1852637985
-972641069
-1905365647
-1877632975
-1001339358
-1669863938
-1364677484
455936760
-1825540105
988729691
1203004431
-1761580517
-1822629942
1862589697
-909744227
-839897837
-1279411983
-1118353171
-406888135
771295983
1510736480
-189975698
-1850675281
-1790249133
-568503969
-1354266685
192780911
1222929347
-1870324868
-756108542
1029942948
683835681
665594818
992756538
-525313660
-1086677644
63813418
2136790235
-2133224471
-2028291606
223134801
170455638
1980936992
1920566559
-1463035285
800705024
458797825
-1695554145
882649975
1978195515
-63926977
394895529
179875251
335025111
-1893518847
1163077942
483711058
-1336819019
514323889
-1454974151
-464652436
1487318189
-1410889710
-977524953
-1186378954
-2051408207
449759384
1587507640
1379427954
-24526798
-1500902413
1323412463
-2103410648
-1870375742
502703852
452650840
-1801933674
-1436421126
1914819189
944466576
1195258212
-280806499
-1026999046
-1277490678
-2070058724
774127613
-280830723
-1532049137
-427759144
-792346979
980867297
317261574
-1166023876
-1289464041
1341102085
-1519862539
767551398
1940909632
-877571820
803245895
-546466652
452173705
-1077171814
-609830961
1093848742
-1988042585
-693290277
436931596
-836205580
1660337014
-110489633
1477485486
1445800673
1193820698
2057531601
-851647655
-194482368
-1795972761
-221212790
33943464
123192087
-812812926
1317857639
1518783604
-565786990
354043080
881488482
532655189
919714618
246039790
1544740192
17642600
-197167514
-330707352
-1075538489
-1326860206
1164150513
-1910824434
-1326629293
800567941
999326253
60056829
-1574123222
763690178
1630383126
1179055803
1747549485
212503774
1476554442
608404894
1947106448
-484132408
-780315336
-243235475
34840748
196889801
627277080
-169939897
224837395
-1697062130
1890628634
-255632957
1052486628
1364812643
-29379487
569904216
-1490449055
1784122433
-128633806
1676560639
1951487166
461889034
748666088
1002182934
2117234747
-1825086062
1592360235
-1315077497
-2016408972
788343521
282626657
126787113
-887461129
458049590
1240286563
1560686694
1135954967
1383591247
1102435956
1160685597
-1938998785
1501483751
-2111245202
-1300912184
-977580279
919593600
1216965437
757628129
836231504
178001506
1800869265
-2057950847
567408003
-965880350
-1561772593
1754653770
-1339389188
-1575857689
-1147561400
-186961273
634393872
-1155684950
1663457452
1752105105
-414730840
1921630140
308604096
-289973132
1586957584
-2056497331
533108302
-1477593391
-1940212977
-88051286
-1714761123
-243413499
480423223
84163591
-510973022
-1815763062
-68192643
456408446
-1873863114
1653685149
994012171
1303979351
1724777096
-2043496671
1892004692
963492233
1957704596
-1513982013
-622793367
-1187599999
1648354388
-2044713379
494488458
1576945953
-1873979273
117478303
340973824
-779978741
1381069904
1038760684
-1873146327
713242910
-938158063
1891405697
-406978348
885308992
768670264
-327387172
-1710438961
490728542
-282856120
-605906086
1337710525
1862835120
1770454204
-372349406
-1462790356
-132048831
1367518520
1619715906
1844590565
-353982802
-908350463
-1241453290
729526150
1228607789
-794474065
-792460304
1005680974
-2041872175
181345313
1889417973
413025079
51717899
-1231174736
-786902203
139384906
214727539
-1479651418
62799198
658693166
-883682872
1478948337
1957955777
1295330305
-717468619
-198241773
1158785494
-1605830550
647327189
-1191993508
2101557772
451276014
74568057
1146921563
-854223292
-262211453
-259110744
-1460980335
-2131001489
1709476706
-2089621786
520039784
1257349493
1274830369
-1614889671
1010730851
1667343448
96867840
-1955247640
1286084757
-1446859879
-940221822
-1404264314
327036759
-1078466598
383725631
-966291922
600644660
1918115524
1115794680
299318799
-1541614040
506678570
-1102423828
1727275562
-1642320374
1921632110
1506857321
1280713818
-1794685627
257588259
83919013
1194353556
-1687012402
-637780748
1988460238
1616183664
1312573777
-1825558077
-1677856674
292144104
905885101
-1450583532
-1582139980
1998491486
227435683
-2079637332
-525500448
-1295844125
845015241
-1981921931
1999806142
1470664886
771314116
389947812
1712593989
-611101430
1706305973
-617444835
108427552
-1923949301
-768256525
-403696619
-1669947778
498725923
1662242555
382189561
-585049818
1573617016
-831364188
1791610510
-294391347
1297565625
-524813418
1759396952
-938674517
-945170150
-2140861188
458735424
-808613301
614365084
215890296
-1070890384
278383522
-1550650991
1074742871
776199297
-950523037
-810489249
2034820101
1846561752
491176593
-1443319933
921630915
365495628
1926168149
-239740455
1538548374
-653147892
1713747217
-1882833127
-1233361790
-1342049856
-528287564
-392169564
-1597426952
-1319712275
-1636418993
-1534362495
-1709026420
-1997163619
1612747496
-1856822879
-1235958806
-1926488514
-829799026
1559851114
-602268662
881051338
419810989
-1843648910
13836195
-774840792
-639363933
-54403957
1205170908
1720824273
1239584147
1034721791
-1483512247
1393408695
-1762300296
590075932
534777365
438056545
312293244
1963768306
-1040115590
576237146
790114697
1441758298
-1604118663
-905047604
246788384
-1959435717
-136564281
-1668856473
-157666710
-970284792
-2102104314
2029931910
-744447348
289673612
1433015092
-481200492
1307994687
1937811689
161201512
121118636
-1680536162
-1636106787
1810447802
-1775826049
1721070914
-2118689209
-1455991165
548297594
75904139
461322473
-707666746
-870737624
-156278464
224583535
279636973
-558075436
-918302630
-729357136
-575856457
115148914
19450908
208837427
922881904
332857790
-704997529
-1704364045
1435330915
354463397
-679128501
-810459802
267421069
428734692
-586214431
-2033970501
-1536081774
-1597835793
1699302743
-1970640029
-1202034700
-478002157
-594752949
-1952193837
-1373952894
1939969502
-1520115107
-559566713
1036916750
204541886
-1566330881
-748119991
-2128076190
1409833959
-612212594
-919799117
-1621491341
-1967744902
1861087654
433121777
-1502658345
-1207925789
-867045455
2009876171
1231563892
-1024816254
1127745985
-1822217758
-2081179015
1963106445
-1188262241
2076122425
428449938
-1418201293
1405429540
-1398543881
-2064381865
-3337211
1420321222
-1988297110
-363096316
-674051183
1279910773
-422793137
-1612727185
-966715313
1056461223
1943461712
-1024426698
1311566529
-870889039
1542765517
1648241719
-1402447915
-634324647
1503114718
140953412
869058957
-1859113816
14538904
-506467561
-1199237663
1875698947
217716111
2073531011
-2073583645
1195560316
-1898494820
-780856084
-1890654428
-1307959195
-1803232288
1611077625
996223318
-725560794
476619784
2141350023
1862138418
-1661266608
1159785682
-461312288
-1877805668
1301253105
-810089010
-1284558292
-49876989
-1671120343
1568276329
-922083545
679299342
1745522173
-1042941913
881198612
1562985588
-1530654613
989624879
1225982961
1879280939
1850905533
511094028
1233275627
-1213053244
-1626016990
956456881
-2079130093
-1844031211
723695481
-945344834
-1618701230
-1963548136
540292464
184634113
-101189990
-219358702
1051064525
1234412606
-586691234
-498829833
-436793077
-355763150
873705795
1655718924
-1660480728
-1233410603
-1723780329
-758120754
-44964675
1144386784
1584459522
-1313197550
-1246452658
390963598
-1869275398
1834798701
-970439965
-1615485787
1757044860
-1094119723
-409754921
2040156087
-1242914440
-1448766329
1117802479
1841669541
1092446348
-1840521941
1939481774
1204959076
803728501
-1362856138
1091793126
-47675133
-556618046
-1675126640
344749458
-2063645972
1751223753
1109261174
-118076957
1448522601
490111455
-1281874528
-1076462184
-1184078742
327580098
345013670
-1538126702
-290731643
-610596262
185520798
-658802777
-638760387
2073224609
468335114
2024347318
639970438
1899908318
-466589711
1280702458
934814600
1830023704
619177291
593551523
1254327971
1208876233
1918159009
-1574813022
-1828490061
-687462958
1346229493
-1760871484
1826711444
1545805487
69870302
168620546
-1093010456
-1856456725
997046263
-2010586858
-1475284713
1897888470
1063104634
-700453551
-522803817
-1012946316
745201447
1899974571
-1538092180
165076919
-211024022
-1675120869
1002082546
352236785
-1253108292
1465645865
-71902758
-1846659965
-889521592
1835719617
-1609620367
630652634
-341702190
-782316984
-524466392
-1269146724
-312538924
919480308
306590288
-788420067
2096448745
94758232
-637386204
-1930894057
1949196399
1480494910
-234214132
1621175706
-1596541850
1794430136
-1475472864
1044156737
1929604254
-159655303
-223319062
601063334
643547665
447803232
1918298992
2028446487
835778445
1545434709
-2130739344
-615575415
-1580794730
1808603480
684198893
-1416756532
610917001
-51668521
-960784918
70554880
218779652
1593758271
-1621104779
-415682489
471744133
1405533396
1487597542
1453301947
69717585
504796101
1236755560
-28834398
714108054
-526950790
-1073453896
-1161817888
615712723
1905623089
-1534842835
128207276
-1356648841
16784328
2088367863
-1899608442
-34278456
-1730518821
1265103787
992481896
312721158
1003230737
-799966978
1462513979
1836345551
1652552883
1906249680
257750924
-955168059
-598496898
-1539489428
-635098753
971318637
-1144615239
-195048946
-1677781757
1000603738
1750168456
350678948
910072647
1019177098
790824066
-2047016743
-2014454420
-1753894641
-1881036415
-933347250
-1149534085
1895963121
-213062470
-2128756694
880065688
929956178
-1264206068
-35786284
762620791
-874413357
1030106524
-878973441
1796573711
508832054
172383393
1721284838
-1673010802
-630942140
-2112496772
-790886696
-1908487284
-1071102735
-1613912565
981484791
828360066
-1120745027
850421566
61860412
815253373
-735693476
1452527849
-1472703299
610177550
1108639129
1288117467
-2011777230
30173060
588517494
-390591696
-1280845131
-1951030180
-1998064232
-1011289629
-1653884728
855829240
-1715592735
-1503678041
-757452388
-474753393
-670244514
1696506870
567698064
-798660251
1103264612
2117457513
488792311
-166417861
42497269
1512843082
269311262
275326215
621679975
988092263
-1397591668
1129988840
140775751
-782146264
683582091
1153281363
-1968341126
-1668954908
-417803801
779890834
1745386661
-1390130577
288271093
-334638737
1842553038
440031223
-1118450986
-223016404
-308827325
1293821456
283158781
1593598645
-1976235846
-1519109876
-1736768531
-629614568
-1417209927
-1451862128
1079629383
-1241069772
-618377417
-1113926045
-1811474429
1172197040
771533699
4476297
1800523773
-784901073
-184547995
-2146497904
-613467725
-838543167
-391104638
1188221993
551682893
-573462372
853915140
633656057
2089347036
977367563
1431534714
1770959793
1820731878
1365401509
1287747068
-1930602917
-993676766
