-1375342062
176194356
683495516
711429131
1059451410
-1692996658
-65764889
824675067
2037054243
-390604427
-221730634
37247103
743218520
-434125954
-989451686
-38555608
-166349044
79676876
-1756679962
-118463286
-2002801442
-931655035
1289866378
1374423883
809147900
-31765753
1487408001
1478753982
-1943136092
-837159907
-228119507
-890105425
-185462040
-1091274387
1466518911
703758528
1207446449
-1308265419
1846493596
1581120116
668563461
-1877137098
-1407293763
1687933002
574447756
-2055048721
-2003260842
-159537907
1326601040
-1787001586
2054101626
718744682
-1762046525
-406040029
-1618892419
-302395454
-581860602
1706255510
-1721432102
1506102337
1298244200
596738523
294762583
318479919
1173389868
1057060579
724419174
513265030
460796558
-1963931435
265594574
938241987
-1288520440
-759874307
-992511350
-1220021503
-520350767
366898180
-1180087311
237635138
1261499813
-1078930334
-1798687210
-755584240
996198859
437985295
-591018383
801700932
1276950612
-1681026688
1291819198
1070601765
-193297760
-282670127
743656741
-910193740
-322052058
-618108354
1950039194
-1249123003
-1240177805
1943608023
1149472646
1295164497
-624153742
-73322380
667261606
-1796888438
-55712530
-1232478235
1514251827
-337685968
1665589333
437689454
1164673859
1705375139
2079866815
1945323378
148935535
1759147064
-794001107
2116626285
1808017076
-1240002993
669313301
-1137190361
1240028062
-199179612
1255444766
-1198606810
1023389090
-1073819931
-581492953
-793358493
1164606924
1555113349
-1813157747
-1488907455
-692035175
-529011504
902464941
949301178
1399551013
-500475074
1352669607
303118811
2143315337
-2126215925
1770050149
489703281
962929790
1412230918
639395035
-1721143292
575012421
-1955333463
1141410191
986835204
1759664331
-85557399
-587285156
1615343938
1218996999
-596236977
388942450
358743969
-961964121
-106736440
-465412704
834529549
-144224790
2146815928
1219374037
-1410010710
1276286159
2034059220
61959139
-512262832
-292117393
-1575713232
-1892898682
-1721478345
-1503055449
-306776041
-914018651
1310697710
-1834921991
1189197082
861576151
1801152658
-763359821
930501227
1126715688
-1147066821
-89903535
-718858389
-1304113637
-58623815
-1798002913
903440256
-582141965
848537983
1759756834
1810134316
-299134674
-911478817
-1729688776
-1642098085
-607492783
828222327
-1071748226
-887836165
-1284444949
-1925033493
-190376207
-1897861423
-1242632749
1121256404
1589456983
1368796042
-1217406029
-415367945
-954644641
1703813136
-935265078
-43494471
656741639
860907551
1598985964
2070920146
-1416291779
-793614569
953706702
-2061811647
1655375049
-1812916973
-1927416960
-1158338433
-985727383
-151910087
-1614325702
-371229450
-1695790531
-1545972397
1775750746
-2130190668
949998693
-805370209
21165485
-1558927781
2072877032
907829218
-1559328531
-963608996
58457815
2046697666
-344050550
-130487196
1285726385
-2020315563
-614492756
-215515627
1162609417
1796616436
375956857
1578405113
-1673510810
411761493
486216851
-1116877389
888715625
-601633064
-1211933980
-1360388489
1006318645
-1955901151
-170754147
535251131
851250698
-1362409754
-633479813
-1418352082
-850042061
1953392649
-2059376821
-1564411671
-1622191838
1583538409
1787637936
1640273636
-1235503399
-413985548
725303076
506276010
1672746890
1081046656
1504634684
-298818736
2113307521
1501399003
-1184548305
608126371
1599908673
1991072160
667568024
-1979305824
1034846445
538450508
-24430726
1953600296
1148390378
2044693264
1734443141
44375284
216552129
1796173288
1164230295
910077125
-998932663
299843819
1287974276
-2095223328
131637508
520346340
-408482790
997775545
1367585225
-458900190
704277343
295340782
-625819485
1502228108
1723674140
910764662
587163385
-2092272648
-880100194
1092732954
-2016154642
-1135232580
-1816710981
-1577028317
-1637697014
19890820
115801619
1601175636
1978469145
-718950555
809654935
421793306
-1083314605
-1361677006
1868049231
-704643071
-1318253380
428856078
448559447
-161456278
-1659973682
-2028511678
313176874
-1937522821
-1297232300
-150833328
-2018230750
1766541910
-1297898600
984890440
1393040447
-631607924
-391801664
1754778713
57190951
-1692378669
662415476
-1954369366
1873852781
-70432265
-1105259324
1570012778
-166098155
450938126
-390650039
-710539739
310865495
253579247
-843445367
-55860135
775620515
-1954463260
199824287
982746953
1151435749
1420538014
2134271771
2036465168
-2082587639
2047846249
-1692648409
-556063496
-2142466879
-859365984
1456209642
-1037401332
14739077
1425694818
-1658975440
284060907
859593179
1424483205
-711926710
-954842913
431367128
-1193038390
-416229582
-60829651
-405602586
358929490
-399502605
2050066862
1792687046
-1431652015
126337863
-1034667618
2025121496
1743454720
-2022495871
-202870093
524516762
-510363688
1647194029
1830876273
639301742
1581402364
1549799925
1460445884
-1671287649
-138519562
1815919173
978313902
546622117
-1205294426
-269635022
693530794
1350663336
843372662
-880947433
595854257
556591426
1716418514
747699329
-696561165
-2003067255
-1782074665
48482508
1677216425
-215930548
-1346548918
-1104898035
-46950111
49470619
657860043
1047699762
-174930662
1738608012
-1372335031
720181608
-154565551
-1946040516
-1945316424
-1015074372
-1513746085
138689300
490762497
1455147780
-1022649419
1402237261
-1200649926
-2073689088
1874535705
19594677
1730451734
2138179003
599547922
-803423054
-53948513
1494987319
1048404946
670751879
1909135394
-1469638328
1004095811
-158091562
-1881583767
1748555712
388171099
-1188479387
-312797137
-663567156
2018710708
1165624612
-1520368944
1583583645
-265565093
1631985262
-852362176
-2070003894
-518954009
-1580637809
1020016701
741904116
680529101
1815662726
592317128
-4337622
844868339
1290348299
378430672
622178703
-1506147710
-2136943150
-848041936
-847972422
1208053504
1257762321
-1441478948
-2090320291
551778205
567066944
1117315414
1164388264
1960563916
1761360159
-1988437915
-1990156817
59882261
1324952573
1448871433
160893833
1518501673
-1295109834
1533710761
-1355961093
-1674975434
-87442948
-141028466
1899389270
-1236419204
-1865649574
1993505684
-1843290915
98007072
-1037160842
-967299298
795369962
1644169792
-173152234
928748106
-1570610159
1480536647
1042649188
-591826843
733526405
2008078721
-50152971
1422456737
-553140550
716724465
-2012127481
1300446213
-1203171252
567457634
456542218
-492079708
1254670111
1745237179
210425441
-1434423791
267854534
560903831
-2010892439
554881297
630910504
-1001657835
-1796455495
1541624978
1291676256
2112827115
-577597781
-232330276
1642396645
-466313279
-2080347621
-1321305594
-690989590
588499900
-81599890
-1680689238
1042743303
1770648920
-1635125546
1541160923
-1673915879
1793649274
562860499
2011887703
1715096165
-1498232379
1553270268
1904167161
1291248131
-1294186196
-550366465
1484445296
-2121612423
-1345039929
-1396394267
768980021
743704485
608765162
-664580198
-1323286086
-1645486880
-577798541
1192153260
1747527391
76758112
-904599452
-1377889965
161620905
2028671454
-1701530703
681014960
437626677
957659512
-432469415
1147502169
-651533846
1136785368
-2105028934
-1767969515
1666270957
-209071980
995081249
2020451811
-1395805991
541712087
1844346016
313748801
768515503
-290319295
-1484666844
-649061206
1732982283
1066598924
69394630
-23524769
-188476519
1868894319
-9633695
1601743210
2066610886
1023494214
-779842716
1251583455
945945530
-1830120718
-1864491800
829489509
1002057348
185635965
-1386102780
1831793652
-683573609
937657346
376957536
1943442655
-1001375372
-1994217909
1884490760
255365141
-573156184
1833258683
782354562
-796038237
-2127585543
-1543992722
-1727845086
1278222716
1533890780
-2127963746
-1722320741
-641592964
398700585
-1262904504
-2103621671
571314090
1937881873
2138443535
-1716241394
-1383296323
1206128207
-1398140577
1029402123
-1328724255
829651613
781776341
-648854832
1195804858
1655897449
2113086429
-286296731
902466728
-1679290168
1592088988
350185963
-1142540723
520324778
471775504
-574611987
1130357835
610296655
-1354235018
-1435743749
921744466
-428774663
1630054123
-281769863
-1853914279
-691185949
-1067679146
-613247564
-304796118
831841649
508003204
1854405941
-399124956
-1674757720
757236628
898222170
1740844604
754728415
-1580268140
1725956641
289936452
2054946230
-2032813204
507061319
1749940848
-1412093113
97383674
-1197555311
1918952724
-75480164
-5612162
-277216920
-2089877326
1617954400
-1387680968
1462485163
-310569932
-885050152
1718625615
1808100288
-507948171
1845939219
1882792949
-911415828
-376809979
773926496
-1822560569
-1849224731
63977005
-1435373569
413244793
510250916
-244704208
638663452
1820843698
17793918
1685240276
1370816248
-42546892
-36472203
734689824
-48144791
918690623
845135819
-1330747034
-2138238588
-1172272073
1869232088
176626051
1937616535
-34466684
-1083698147
-301267356
-2039804323
1002983353
805041304
-192659763
-38256788
2115001591
-686536103
1321293141
42188018
-1613766253
771018580
1496702388
1471667360
475861494
-994105479
-1538327999
-891312155
-1458314043
-574882047
-1857765963
802395231
780719169
568801803
1492739380
-812331122
-472133137
-1655240346
738438798
-723185206
64245882
-482412368
-1726886207
-2020332426
-359036968
1271744927
-844706622
-1587820682
-496478292
-214814562
-586398596
-139132451
-1613075477
-1912224101
-1905338856
1419438571
1902675905
1966785567
1438369151
266862646
-1676928331
-132556386
-549810660
-1423164890
-696089589
513718544
-733647130
-306432091
2146871401
2001937600
1412444829
1301389335
603700668
1248958307
-1482901421
-1902126456
1460564316
-430352021
1517355053
-1665166044
-1837118355
-1879894115
-1852129174
-1618554901
-1224770936
-1439150368
-905394524
-91595100
1748063899
-1415241384
1711450454
1658918418
-736861683
-1807095629
2039188894
-342878107
1556056613
2092112322
503645507
420148467
1415241644
171134283
1964198136
-680947929
-1065212720
-1316716003
722752225
-224329543
1168627018
-1569526685
1049599319
992733983
-1428288317
2140464701
-1675851288
1466035267
1021112179
-113715828
-1986415455
-645584267
-93030133
1810569997
946845582
931670946
1326568917
2122538665
960373377
-755143738
-2184680
-1161179894
200911634
818243230
1199762368
1673140849
40818919
-1742272350
1106784830
-1770823994
9220661
-1958102222
929538221
-1673453840
-99668858
1455915023
-386281931
1578833766
140076476
1988153356
1058164916
431922182
-2117342891
-633130748
65457562
-681729755
233014768
2020521742
972797204
168608230
2066839311
-690625297
168758124
769316815
1443227421
-1244225584
-912530257
-502138983
1689390515
1046620720
-1331202417
-976558266
1087860246
-1802151397
355656843
1845059961
143522308
-1931379045
1790650956
-408372735
1585650863
1020897391
1994573906
-192563274
-1311772151
-239121926
-1342761265
877377416
-1654313406
-1457233282
951935699
-1200067372
1875868046
-626481015
1964128680
-1576348935
-285260757
1211787183
1990690431
-934861781
-856992094
-1415903880
383018571
2093148550
563454540
-1351458404
875812332
429488230
-2123491817
1597736301
1459461776
-2082836235
-729318518
2131252884
-1210637226
1665733125
399417350
1640055039
-258999501
-895715809
1572097613
1700858906
1192781337
98438619
733928520
939282236
-1220664235
1887759217
780161284
560413027
1906192696
-1748913264
-373659907
1799594020
738220537
-1604827282
-951456097
2137819612
859557337
1470200863
-1190701815
-1034705109
-284029816
-2044693718
-1872604397
-1892126813
1465898695
-591632295
-2040854382
107468219
2111440206
359205073
-2422822
-1121008119
-1299813905
-636180639
-107670140
1931011504
964632314
-1974148578
1270521968
196625430
-124720925
-1363178193
-45992435
1992946650
-919892446
-1989740828
-2006288681
1700183813
824527194
-892479219
1658408737
-1733399938
-1992246851
-1558672503
2070902804
-485540669
225899950
-1517925348
451183863
817019862
-553802841
-912871546
-1698692944
-300689804
-1390723748
518819792
1820876681
483519628
-161881824
-129954840
-1454847689
1456958191
-1312074360
-1412535184
-736428264
-962466237
-1508433075
-440139310
561177276
-688578243
-600446602
-1731113065
-1262657369
-1692349938
-196390986
451418361
649904979
-157959395
-834520302
104473270
-718753157
-1911776521
-68867898
829472294
129524374
-113461373
-110701719
-76975729
-1272858463
1632655482
-1041398193
1336168888
1912628769
1227310357
838189870
373678267
491012456
810512647
-544793085
777487903
1509318166
-744029011
-629116106
-401673178
186165730
773469315
-1007756292
412487266
1079775642
-333276198
481625340
106046862
-811240856
-1663758649
-1208038604
1564646554
-266740906
-1767499938
794247966
872172295
-1326521581
-1008954848
-1158312434
-1672990603
113513975
-1909645903
993468893
-876524167
-1558790076
292573645
-964401460
842446260
-1699637074
-166661763
189190049
-1034670304
-1911681252
-1544647547
107335702
-966462803
431309744
1766081568
1446139251
740909580
-1727337979
770352878
369010041
-1460549943
197958839
88528941
437962626
800943775
1244947751
-2019002841
1691081701
1061075207
-1118471297
570094571
894895519
-1298535918
-449412365
1204181567
2023672367
918410872
-191052214
-1564040236
559680448
-594363153
1471166620
1814046907
-487980659
-1758666559
-1093124515
816499991
1999557248
-1040860776
783123097
1932846868
1688253980
379047068
282942593
943329303
-1358839907
581337791
-2069919451
1167676727
-362104994
1119653975
1881619842
966359786
1591715449
828424684
-1820011329
-163493885
-1053886284
749355603
419274419
-738915365
377903259
-1013273093
-1691118934
-1347824690
-1590253080
1152747398
516876905
-116259863
-657275349
532799899
402123118
456017633
-194322522
-31698439
-737192837
-521598650
492875385
-590577200
-638034603
789705719
175033342
-1561137333
1596917449
-1468917288
926933110
-346508175
1779582191
-1761030974
-1013414172
2050254637
-1032233550
34360763
-136246471
-304847190
1293962639
-632763290
-1710594384
51390948
-990956388
19622332
1738284667
2053596028
584912843
-110218756
-697374561
-1848701237
443433583
-701152800
2003974939
-1097221576
1372828671
2109508369
739846480
199860942
-508066278
1119415259
-1578290276
1106277640
-300898613
-628715996
-292819641
-634796305
254198541
-1452686950
-1958830942
838508390
-863740527
-1866021589
-1867957907
1760665284
-1557328450
-527944774
-754946695
-1215783773
1095379704
-1137506290
604797838
-1207841033
-1679792092
1487039502
1949905038
1376243297
-616225940
-1873492181
491864793
-1940321339
1764912703
-1126776804
1116062707
456952601
-1950019173
-747625007
-1203206044
-804849792
1268781710
-318639199
1300933087
584344727
220560121
-1807489851
-178354266
-1928572659
1835821719
360925961
906946860
-963985799
127448125
787225792
1337140987
-1180536217
-1229419678
-1283428873
-899514920
148485299
1737557474
879872238
-106500060
-1115414758
1426748926
-2016208445
-1846388348
1836143117
-1787174745
-271507088
-1545692988
823239368
-1357573125
-703945737
1244394488
-806414685
-1028447729
310429147
-1862329628
-664125528
97731567
-802468654
-1189975139
-24129948
1275095266
-1983662153
-22782609
1171582210
1414002162
-1156226619
-1540934143
-1613383787
1172208042
-1655692030
-1168872265
-535665228
393566241
717107192
747135063
257751371
-1552895177
1058341546
259080942
1114801840
-2007166178
-1331378490
1265000436
1800956404
217617180
-483887338
426451118
231144827
2048628366
2049739324
-1405914413
24159695
1728662063
1311315102
-340429454
1250772656
2121299354
-1480092258
-1406234606
-1493207697
1072259341
-2019826674
-280995814
1844051067
725996399
-1726288413
-651433869
1306625084
-724276077
-2062467288
1266192235
-330336993
1544085438
92701748
-474155300
1415079665
621728358
840596254
789588621
99201393
300245820
2075854961
-1692786473
-1548291553
-1795318420
811229980
1393666443
573152090
641096739
-834171988
862971667
-1361977175
-139173295
171606716
553629142
-1593207720
1522379440
105444011
-915298847
-965817786
1907045379
-1710276465
2063821507
-2115677187
1937034659
-1331349398
-799808073
120285699
-1953585097
380946587
1131097608
-1593895313
-301420862
-1115914089
-644858959
1503081662
-128193566
-1913731368
1727797315
-1777591577
-1689092267
-1262880235
-267077109
-1703329876
104523712
-1810566734
1540877683
1868722738
-681597781
-1242656391
-1832849240
108820179
1841853648
-1747557238
-1124489859
-1633542861
1557836948
-1797295216
877821326
1908155281
935502037
-1742878155
-393575256
1827896159
-1192787482
1735548887
153300328
-1461009645
-1119288617
-245344389
1301398561
909445439
885274873
81906433
-715478013
-1760744225
1529028512
-1763600999
1673579128
2075291377
-1564373974
1231212917
1618330833
1879312715
1287577152
1404435648
509473825
-1740710232
-597430181
1822882254
759509865
761108483
1205406858
-1634836844
160426997
-2134064344
-406853263
1558431577
398853125
539608711
-570297452
580264109
663458734
-2049130934
-1436326187
-615900006
-2072673278
936023722
1567620155
1592674073
291929198
2069755774
-933351436
169307591
-553467293
-486877932
-422419555
-1517334824
-711987399
98155076
-834969409
933937995
1082105935
495263681
-1307181156
1369167967
-1942846090
218391730
217970220
-179860411
930312591
1382366337
139334498
1148068374
-1610591886
2098046449
-1619891533
-210747130
-697225967
927842166
1295201240
-1746251046
1479251677
-1857418048
-395877679
-1325214313
1611869543
-1412693608
-1897251795
-69233541
1183716170
-602937872
2040490376
-981402575
561938761
-209426636
1996837461
1669463615
-616507725
551643878
-1148338979
1915631554
1322241038
1480652393
602995591
2135379805
-2061063180
-549568484
-567268775
820887151
-15485385
1573666218
1715421374
-21988989
1965756747
498484127
-1818756215
722086924
-1213403675
919767615
428008250
-1127613615
1345831135
-1642615918
-722210177
-581892954
1363785566
390295235
-726884100
-915600676
-635254474
617772202
2066568782
-1305737478
1657474444
1441634727
-98793139
-1198813140
-367577668
-420798287
-999682159
94523131
-926985603
206502830
1138319671
-1072631874
-952481981
-2095659772
-133835547
-630503345
1381142500
148061807
1151342602
-199121662
1653554302
601516309
986998634
-2105708333
383141783
1962576599
-88257575
1623436510
-1050957180
-1983400727
1304354630
-1597838573
2034422799
-2044551260
2112019963
-684081111
1368286547
-969871462
1628309538
886956243
1767135467
-320063510
90937226
77291057
-806684597
1609453014
1593036203
-718883447
69550957
2088157586
12508647
-831281354
-570708305
1963888734
270907410
-699528993
1349016315
-1343462442
-1077512396
24184556
1678519336
764211848
1167751309
-481523402
1956929951
1243108807
900226776
359640829
1638831425
2087086270
-1027832365
1938462238
1880310920
1208059079
-1271485953
694739333
-577943572
-1113051395
-73152348
-1603685665
285662343
-993817841
449281048
1628507028
998974459
961652567
-618112961
379177204
-1644872045
975173162
-681112747
2100211632
1584685992
-198997903
-1394587926
1122253451
1754176581
-1098785416
1167439150
-554426288
-1597897715
-2135532538
-145064338
1700185350
1283372125
2121124012
1778655966
635832930
-567165523
-1267577502
-1960268648
-386387076
-306457797
-1265113521
-956334620
1058590661
2117373162
1027753959
1267351482
963699000
1686463334
-786787781
159364228
198095312
-1384789364
370959755
1036677927
1397820473
-411824631
1434922016
-1693856188
-1128215606
-1157835712
-1044796072
1017342906
1994323889
-297964687
684408322
-1193783185
-1633886865
-609532650
68624875
1161323600
-1198072185
973947792
-886836551
-1929661803
1535239537
1830403587
-1936056330
-1283921335
-1513703979
714497661
-543564689
-362487031
-1534751755
789921373
-1544418113
-335599093
-688930966
-918756110
-172029146
-1190405278
-846439150
-784397214
2047956126
-507819137
349695048
-33795891
1537831728
-744209158
620680022
-1601098319
567785859
-1644306798
-1468723417
1944776079
90416053
345124210
-1205521856
382300110
-1589120659
1907578806
-1994662159
-847451936
1145949488
-1810838740
-1003212601
-1946353501
-1100835596
-1092445090
1604110660
-353832183
506009586
-1514319408
1263825873
1356240634
1509973440
1505795973
-1070033677
793800568
-1865987426
-134752568
607049917
104934148
994424079
1491799592
-1869163387
-477285056
-191315797
1405896131
1640468442
495009493
663327283
-862188601
1244145844
264691606
-40718106
-531274443
548538093
167687909
63547666
1021902568
-1398910224
1731309141
-1893219347
2026629846
-1645763665
-733920624
-2046433115
-10588780
2137266138
731444859
-1253246284
-1733058529
-87339443
1809929367
-1373812359
1821043160
876540361
1083646634
-1715149564
-1646750000
958647270
1282386845
-687477711
-1102377402
-1736142008
10306472
975906807
-1542558355
-921245423
-946509141
-1300592639
-404190607
1166948758
-936628001
-126200706
182690748
2054124628
-1930509907
-361289419
157171572
743690020
-1780401955
-586805797
-910491832
-1044903762
-698210829
1964982184
928214124
1800986139
-1875353131
-2044493785
318570465
150251534
-168420687
-521732787
832563961
-1722461484
-1138345443
1325016781
1800627226
855975385
-530085505
1705130
1248558018
-767291811
-1309984594
741794573
1176550858
-1879416472
-1241339175
1679386456
809116398
532760827
-1480413785
446390906
1822824076
1072189575
964722336
166392964
-2055760725
1222821026
-1135656246
-1063004804
-242703298
1761532408
-1695886185
1928583025
810791338
-1326198913
82250750
297596367
917081478
-1259110418
-87497497
637044212
369234849
-1346431377
-2044647477
1455709442
-1753104824
1090902674
-1877575525
1035730679
-2068928056
-1185921147
-414781471
-53662982
-1636578255
-1960254846
1774690853
1004034294
-407280291
-1101560696
1670035857
-261948308
1204153136
-300217523
1524303319
-810901371
-2113210848
1771611506
908469842
415576422
-1187646985
-310956552
-1103318421
-1569978681
-762013993
1108364018
-2134768578
-1143700538
22638206
-368557188
1710983548
-2100142088
-145954357
1152958699
1976155794
816639425
-432289151
-706089147
932395018
2077356517
-616831671
1008251123
1653366322
1277550686
-2031321091
658495924
-1387479302
2069533295
1013436451
-150625067
256711202
1605552633
-1745920585
-1752311137
-1292399724
791287308
-1632285140
-2092672753
-844793842
2019421377
1321262005
888861644
444407811
-1492251066
286031040
-1141842091
2010840259
-925399751
-1528791102
-368501895
856771545
489609274
1112874809
-824667892
-1777701709
-825016134
1997754862
-410265897
-469699448
-29492455
-1004807301
-684731952
-666198922
-785513488
701522188
1273472138
174157289
-324938070
-2131589527
1330487790
388550979
-912916135
-402041037
-102484181
-1088265543
49848774
1558020205
-430505750
371241339
-1448140854
1170284094
-795115578
-1723577065
193771739
-1369431564
973348859
1441907999
820883689
203592780
1565493340
-164266232
-1147913110
-1090897936
266953866
1593083477
899774387
956911680
-1355735454
-795362572
1112932234
-903311276
-319931721
231801319
1491795704
-936479167
744574273
-1276093402
-1517435294
37394076
1423685588
-1757870141
-1701494822
-1335124932
649570516
-368767153
1974064306
-91291582
-1892872985
696773500
655202386
-1681539491
1981245421
350690051
1572588619
1997113674
-1987327700
1298781383
116658603
1160922010
-1923264817
116340794
-197731438
148095159
1403120785
1760337919
217970437
323490344
1446013365
-802424111
-86688767
280683795
-1154758087
312233634
2082782163
2068755459
-1623222454
-1492858361
-314638170
-1212362517
-1032602886
881657810
1700475485
-195196053
263578416
-2011993856
1464612003
781580113
111255519
1500817621
-1455222209
-964880543
1643098233
662048581
-319010388
224555097
-1366805338
-533338730
-543371544
-839104465
515552305
337383746
-948119924
-56355428
635056706
1014954273
594263580
1600906205
833273810
-1144055609
2077861280
-381702472
-1141816998
-581048790
-402092429
-722339140
1984781261
1425730952
-114289830
-448582195
949009609
-856930425
-2003038760
-236491809
-851037688
-1854550627
1031781567
2139552769
-1672592356
-1636519758
951861258
905017757
1604208731
1674270210
-109937174
-864266754
-1920328169
-894198200
1512424734
1829334545
1976568594
248249112
750108807
-1833256849
1713466160
739636876
13340667
1176784794
-1353046162
761467171
-1648420264
236870790
1900292114
-417916443
-1682510628
2121049435
1994602020
1593140425
-787072076
-2071346055
-1407647716
-1390378149
1316083666
994069436
1178088924
-892705895
-847368701
2006734848
1192816608
-225642210
-2081053888
-2124130073
-1397762637
-1153313662
-1952980413
-1762651943
961329060
1655786751
