-1723083439
-644848144
269244014
-463229422
-855803981
1648444131
2121223371
-346662691
-904753731
1851225292
-769630969
-799559421
-389822758
-1678489543
-887937645
1722360593
-1050470435
737296538
-999895260
-639598776
-1302544059
-1163535561
-560970090
-1474988108
-682887742
-84734621
1725149453
404777853
366273784
-109055503
2057207389
1604981628
-674353534
492853735
-226116181
1890640913
1784676664
1763521649
650287188
2065840179
-681612619
-709492200
1212225293
309500359
1032887059
-529938637
1676907850
-1442727115
98771192
519582109
-463501596
-1563691463
-211328554
1810032040
-1652657163
1790206966
-1846750611
-1203624368
1532514054
2127553104
1479324564
-96514893
711625068
1607113338
1448957753
-377830720
1682016750
1728502989
759574950
483030319
417360299
-1246927397
2091727621
-1306988368
15539002
1238655172
-293968602
1895603814
1800757266
1382267591
1987455358
-2044603498
-444387284
-1515021284
-1990954126
-1340495717
-444762137
1648564736
-1324520747
1489685277
-608415702
700347920
-2070289745
1893777282
-2059004721
-1784316198
776040512
2003387811
-2145583809
-800201296
570715716
1586943171
1247484761
218013120
-1114869641
-1566940484
1641342103
-1400203167
1488055131
133556858
-50812557
-2115341649
-380758984
-422812243
1076076295
155904089
586956131
1875586490
990600947
-1257300040
-874630461
-258738190
-630914686
1151542052
2125159056
944627973
820065807
-1981015165
-393568674
-59294792
-1977156187
149495842
-1431084967
-1720117547
149744613
-2098155577
-724434734
219721315
-1460989396
556017414
-1578059782
1374829591
1281226996
-2123118637
-160577556
-974398710
-1787475078
740501080
-1902884112
1766224555
613357985
-966324471
-620944899
601742582
113955862
-558679564
-164509825
-376914971
-1416796492
836722525
-1235023269
1352380967
1027740968
1521516937
-1432226513
-1382354161
1077542360
-1462992934
1697211870
-127902257
-1941543168
1575700251
539695435
11245541
549992990
1501180701
-394580125
-579544364
-1447997040
-1323600510
-1516147871
313682199
1687846010
1354012120
-1316506547
-540287406
702242029
1281122025
527538629
888524490
-859863995
1923730768
979427583
1382246935
-1849265711
468374351
1388797453
1759712535
-929933383
1944258016
1520868707
1129721638
1929628188
757040905
-2109595242
180582027
2050931832
-538001036
2123446630
1321648180
389509455
1356843326
434745854
1226307238
2100051974
-1802078705
1730996601
-1341221842
1532712207
-302085526
1817511336
-1465512868
-1366175670
1505328197
1658344210
-2015700815
2099504552
-750275876
255135803
209656983
1051976721
1730629057
-44553943
-1189014383
-953661817
1445972279
968206115
-1735605070
-544263285
-1156377663
-15607621
1377147475
984616639
-262018827
-1553566193
1282143487
-68026164
486180245
859784523
831376050
-1874290299
-609875745
-962722959
1671486275
-2142900148
-1978001629
-718432932
2088249117
713287348
-522612330
361284865
1601019189
-460557976
-1849133210
-1260843272
-2108410825
-528282806
-1410055154
-1521073094
500556546
-716196129
-648847638
460850220
-489411497
-668061207
2085842957
255218396
-2003226164
260718421
-1741181358
952553353
571638278
37497687
-171607375
-887599256
908989990
-1043927597
1590615251
1780932773
1543844483
745246462
739226855
341735847
-838328678
184267333
-489965898
-52242280
1931012162
143616877
-1075281419
2096584484
548578851
-35601925
-568300583
623490688
-383914648
-112097579
161467889
-1349572691
-1416991053
-439984088
1177021999
-1013771267
-1930367407
-271831156
-621816761
-2050266666
-1356854354
1747662438
1110220860
993948085
1250528267
660446350
1454388790
-2084409483
378346605
-2070594256
1369854873
182424529
-1235697960
391568887
-1167761068
-31391193
759584445
1651455079
63543158
323612286
1612777648
-2073535094
-1159313914
-1397745718
-2009833123
1391242190
2067945235
1984766574
-1800243268
904785709
1116888585
791451393
-1776451965
1798740878
-1171011514
-1057715884
-114001700
1971089771
-187563284
379792308
44697176
-1587376973
1540860408
-1535389077
1441233442
693304816
-673508205
1505897357
1988997495
1693864364
-229191000
-645222672
-108503723
210872849
-353112138
-1227650437
1184871282
1106923215
-1196093722
-376861021
1505737327
1113052994
1018082399
1783684915
1391174989
1004294866
-1444261927
-2111738805
-129568224
1126962077
1238817904
-851216470
-1375387647
866451283
1468213690
-1489458641
531435592
-296777118
185279003
-488473188
-1540823301
-616447662
191013463
-1879114083
-1109033344
1524565105
473806440
-1725879544
1626538650
1843747250
-645967983
1004171366
2114619026
-555517742
-694892622
-2078339406
-1044895052
-1547635269
1203095006
-733519008
1174250749
-1531695827
174413866
682385568
-641195759
496490395
453662407
-1057114909
1741663090
290219602
1145201747
2119460510
1294310383
-756052256
-1426841749
-336795571
706392921
813082803
760895876
765454522
-310583171
-471940865
-729061637
316760958
-977805235
1441761509
-1533223831
864138696
-194826912
-1917025839
1219841340
753187676
-1703218532
618794019
-1553801342
-14731297
-852953808
-399361007
2040973576
-643100591
668838344
962566347
-577566301
-748218151
-1614223108
2121411039
-581372211
-1986037048
1237645064
-1045072162
1383885939
841479895
-1245850942
-829137600
-1815562484
-1922988109
1422524360
1874976900
-1327396115
1519986875
1623801848
928798875
-1055154981
-2084190968
-256839644
1286251142
-2048020511
1904710317
1123351558
-488032451
352595044
-1381278145
-84435599
597118162
-1408330636
-1114076521
-1235658039
-887986730
167733604
-2026321706
1319499957
1783689979
1407997596
2119486633
-1703783662
175303418
1615181228
-1504608051
164253994
-924222281
1324990373
1223524309
-66229979
1264926626
965279652
1180095787
-867473729
-1546877345
-128525650
-2115155372
-468031173
1282521000
64635075
428196983
1996115095
1440469362
905960237
2135389727
417919488
535919182
324029464
-259790529
621681543
444155154
-1853729945
444015990
-996356331
48761528
1665789124
-1997703532
1970500764
27295365
1420999417
-23029923
-1025301617
1700094061
2036683902
1542866060
-1130769517
-1435373131
-333691566
-890864614
-818781066
75665370
-846800371
-1771049793
1655222624
-355362383
-1910175690
895834553
-333503673
-972356913
1804142546
2076636875
-2058979672
-50644694
1260417596
-1215889272
596617331
1487159552
-1133512133
1439241425
-279232954
1177430775
935989585
-257945701
785931742
2112243845
-2043015599
-1153011723
-1669765175
1272103569
1491249460
-670463671
-1391785632
1184265818
984080427
1742734561
1221982708
-155501417
1407818231
203978669
1292031815
2033647328
-1634363016
395644994
33215806
-698204340
-1372809596
135635238
-1208535853
-790825382
-1396731910
-656307382
1201452624
-1337398508
-1868059882
-841528105
413104825
-1064375951
1477194757
276805677
255789193
1238792955
-1670409284
-1621158105
-768514143
-307362383
2058702596
-98648412
-393246595
89879853
1486906073
-1262627261
1506044584
-1574186487
-789933579
-912238483
-1817987470
-1659212929
671774630
2050985623
736345567
227440463
1455911912
-1330672184
-1786636063
24660965
-2112371537
-983468199
-2024189750
1241880762
-1028235133
-188579333
-1163833605
565592314
1604544082
-1680601346
-310672671
-1055802266
513488513
-237416496
38204194
819405435
1774029123
-1678032957
1736945170
-1182776364
-1285614034
1586230802
552619371
-896371252
2106958091
-761359323
936608061
-1900153753
-1816690707
1715033107
-1557211613
913768049
-2046497148
-843351191
-320918857
1338118119
339919538
912864809
-1113421753
-375464298
-2139924897
145464853
-1013820728
1242823938
1750317705
1823699501
33293322
1368868744
-1072658530
1645298293
-449976787
1403879366
1812389645
1790841850
-2077195949
-446842310
664498714
675004695
1421652118
2092663337
1568317937
-165373452
1984533052
1939134401
523373822
1828063567
1326237481
813657217
-398123653
-1302707842
-461720172
-1487748648
-2132578998
-1108265548
2004599549
-1294791156
1870729988
-220634238
107395422
-953480355
-1812059055
322777249
1797245856
1443960170
-200525447
473030894
-1916867248
-1000982318
1951735355
-1048483659
991392146
-1151067875
1305533405
1254661937
1973822805
-904343331
-269199228
-2115529389
-569747256
-306302960
-1338718267
1046090946
427920395
-1614021432
-83851141
770345763
-534465750
771430925
-1694004262
-1718491750
-987675322
1512683778
1455069636
-1585766257
2014808852
-722536379
1787430491
1565102004
-2090147701
180262299
-303977258
1378689607
-1360536103
-966552115
-1301724264
658515860
-1410360426
1453524684
-1242735234
-1906419779
2006353467
-1907998693
1892068472
610084029
-1827113771
534660461
-1713743525
59348906
1793783541
1736978317
-274234124
-690995654
-875426326
-1223377027
277038687
523758727
1525335345
443776994
-597312871
-929016042
-1662886356
1566840991
-2051016364
440518933
415761170
-696862530
-1241775350
58424036
-1487784665
948877975
-1429930923
38948054
-1756337620
-374806997
877087356
-1361450441
1049922839
1037628880
394093904
-505505647
187127303
2122858771
-1281920455
-2050607317
-1638552207
37335513
1675164811
990065362
-917205345
1454729159
19488542
-304320037
-48489125
-792678941
88650524
1710849127
1811014375
-810736005
509892636
1498572008
1982162479
-497790651
-907843216
135738596
872518465
1556271047
-1309363014
1176166905
-399989252
338234361
-1074985531
-997585120
-1229485049
131933479
-417473647
-1669980619
837349893
76826396
-1246111057
2084656566
-1547735034
2025312124
1826459855
1736515274
-1463711424
270329201
1126718871
-289955963
-649497858
2024499082
532321461
-493472406
1083561687
1122718687
2066427191
1368298545
166200355
-415363464
-1437036007
-1634693943
-1613806421
-184866321
-115513313
-2127642465
-276281185
-1711368621
304831717
306496800
1163058636
1907382863
-86289612
-1059226755
1712285197
-1335084406
-1226604394
1103143085
-107429630
-1112411311
-1646702549
-1661281865
-815358720
2062346355
-999416131
1210302513
-11574457
1210871660
582165522
1717154563
-771738758
840177605
2023890306
2015588208
-617307573
383620538
1340968392
-370952617
-635490443
1639723804
-420174308
2005631413
370058991
-963908999
-1444664192
2080083565
-982785698
431263865
365884250
843988555
250517450
-1949585526
991802946
726603334
-945865068
-1408894529
1784639517
-1040884475
-819520601
976450805
360742506
-217342556
-431027218
-15743689
1493181915
1854280375
-727667707
979515747
-1977529305
279330190
1629804594
1073708557
965507870
-1104532038
-227166314
1098455714
1386643709
900349136
-83245409
275061968
-264224253
556810860
-1157589824
-1897228763
-1938190524
708805752
1611737444
535154678
-721807684
674555822
1640317983
1874942338
1933623462
-1722080166
-752096218
-2125507498
-470086130
1518797668
-1495203071
-926899470
1029393573
734783373
-437334402
-259138132
-864177196
-1290197256
686403048
1929392596
1515831059
-879429396
1005940345
-1387884776
-490841734
-2104362024
1835463436
1223018282
-1733513577
-448227434
1118577430
-2078768225
1414444162
-179453964
189748439
-610388454
1694745391
-1051403409
1435150027
516318889
1053740291
-1000156607
-1506608025
-344456082
1796672681
-1686861411
-32927231
-1177903999
1919237157
-1459925192
-738305009
-406742251
1557440808
-222955253
-572742253
-333972775
-1164920154
26590551
-1702977066
-317913440
-1976779867
-1463154967
1497097555
1141444931
-2127757480
-1191261793
-317589002
-218413115
1089843820
-343074006
1178960518
448790968
-2134577760
-417983468
1982701918
485569504
-1583161957
-1879294716
-1111320989
628680981
76289017
-743437247
61065265
1800922477
-1295559258
2047358836
-1462195049
-91170919
-442926481
-64561743
533939269
1565179023
43987414
-386347593
-831382077
-163358359
238928165
2087480439
-1121250395
1825894285
320409285
72482770
-228115972
-1453289715
-846295345
-995139161
1554755343
-1306481841
572122339
-781361396
263340875
1115543024
-1367257288
-723171366
-1018155913
1681507301
-1661653260
-835095953
-700958677
811794659
-684768834
1338750894
629748098
1615197440
-1286381424
-909038774
1542483470
-1833557862
773642193
-1758292924
-1422674420
1515500151
184593570
937257393
1618279384
-332932051
-1533123721
-878618688
1370855075
-584546108
-1956766742
670208251
-1723468702
-274572903
246683083
-106336307
2099902217
-929297019
-1804668037
1046228036
1011446008
809285181
-503886470
-143152618
-54037323
-1870372869
-1162056899
-2012699927
1699900380
-235597986
242431300
1970712782
-504747693
406010254
1317647468
-947454706
45640385
1467161251
-444419455
-1928030423
1282112832
-1459974586
-1978511337
-448219109
-1404438192
-1353363815
-1408392295
-1459784223
976341519
743685460
1070380450
-2120635590
656667558
-1312122064
113208971
-94562382
2065812742
-2071178873
1189824836
1124072411
1614258388
360362556
-401547417
-822495779
635169185
-1726328360
-1315593590
1609966129
1451859294
16703477
155145940
70894761
1290746894
1845109214
227812050
254868915
-982280771
-2073201801
1082869899
-2090414115
1064074160
1740108378
-1922573359
-35391076
1584582877
1958328131
945293785
733964104
1392684445
-1341734483
-49756658
-1481293462
156076703
-1192592964
604434465
-819324102
286238496
-1996034979
-758888604
1884554594
-258400680
1466508715
279428952
-291796728
-1555144649
1067339156
-2114582140
-1427976437
401277265
1475046076
1490577544
-1283360885
-2012408299
1468264353
1922375792
1336403375
-666989243
-591825409
-1804724147
1002767265
-384483935
2111917172
-1513127678
-55196963
-430335259
-1403864473
365008219
-1372201813
1806648822
-911532506
489539427
41785065
1983507543
-1028437682
-1481052426
-1250914034
-211014943
-753680529
-1896264300
-1451369109
-1512740941
1740356335
-924288136
-275649870
-1667311770
901323822
-807497240
-1837170244
-1732828795
-1233279253
291841742
-1723245690
649025596
594555365
-1627001464
252711804
-1790757042
2003741893
-903737093
991721978
565304908
-942661573
790403822
-1808430321
61569539
-1379660698
-34374508
1743621507
1978372406
1591658872
-603452310
-176415205
1709107340
1048104601
1972440387
-1407767782
1194275275
193004300
-96628064
-354311157
1056832070
-1514111600
556881477
-1532042819
-918844268
-1399826936
-1845996792
-2142893425
1746778498
-974623395
1805170923
-691996947
1434827850
699944867
633835117
1901484570
2137239044
2028573818
-743075043
1184314159
-166118308
-209886794
1496266607
555993699
-171665532
-1272122302
-215761454
-10699125
-1535653012
-1139846335
1767168257
-791091484
-1091569616
-1136357003
-919512167
-1280242416
-1365041710
-1060552476
-286077717
-180436130
-835555544
479919288
-1153501421
1610341198
263872535
1451306342
1309393481
251936851
1515774721
-715429101
1016394102
1603549914
215320956
-855039438
-1927769078
905535371
1507753027
2014600817
2030584076
-1240682802
302546545
679731157
178941810
-1682921328
-940609557
-1177100765
-1358397518
1714837574
-1632107746
-1586553214
-1380234600
-1506239183
168466922
1473527645
519129433
-1867697436
195722717
1451581070
-1171870999
-404799997
1028384675
163347896
-1766266231
-1140891316
410945981
500779251
1745140643
624008923
1235849841
-1554046034
-1437180199
415336873
2037471489
-322134063
-1176390565
-827749547
1487809055
1968227106
-1703370888
-870170074
295626655
-523976983
-754217097
-809813168
-1267110034
1922498005
-999734873
1271827830
556137922
-1933661152
1013977269
1496651632
588381843
-1617093134
926180669
-1640405171
1910112841
-769345534
465902498
1495502235
-1991128650
-722256253
-1284508894
-493330203
2020384069
898084413
1576360484
-1498745476
-564365
-291896327
-331600940
-601404038
1933126271
1377670689
990589681
-2071362300
-1935271587
383575208
1498908133
1552219854
-887358481
-920124633
1192497173
20141283
1608441462
-100859576
1264573562
1362825638
1577020486
-861670041
2025190768
-407210733
-801372743
1445891445
1016786382
-389887414
-435633819
786778656
728852278
1760891214
1249496209
-1985296336
-1981797971
-1147600631
1670307556
-1291862988
684302445
1620288915
353744223
1993901149
-662843399
640884403
1262798988
874476713
818747762
504971941
361673207
1422737731
1865637673
149367069
1027732701
473115433
1337482868
-437788020
-1131405789
-928460017
-1315220795
-216473695
886206345
-1937123709
-1951582728
-221065966
-577664481
-225600687
-1096928789
1463674779
1949879287
-1924797144
448272211
-1662448570
2109035803
-281587332
-339153459
-980743955
-355735615
-1832372818
1587409203
1852436733
-1796204611
-1385014422
2023788593
1398569596
1998224694
-1435228335
1496072215
1544922956
1405279900
-587876905
1582119408
1168850608
838763993
-1435510163
688223442
172743439
-1089325882
711027937
-1858702985
-853438472
-490050336
-767457019
1680059148
78277734
1524891194
-228350833
1667940681
580934980
-671477323
1684840255
-762597439
303969330
739123823
340144455
-135485830
-1689790839
-1559127431
-479175706
552228800
1536678044
-1876949300
-1838759851
-532754635
1532299585
-1584130436
-959840025
-1609161171
-271142513
1242618157
1029410923
248097080
661032168
-801378106
-1361275948
196035327
1258011961
-1451447707
-1127826917
1106526291
1945780096
551498386
1491086948
-1621638781
-321477490
-512075594
-417724321
-318083859
993399310
1856607693
-700784911
2000565975
-1256271931
2069121626
2144166162
1833587327
1364059418
932603803
-723183368
1442095216
-1324709159
1353578494
566869365
179514902
-401050317
1968454355
414954909
1858968212
1106655753
-1612691646
1376432811
-579898155
-1297787031
1258056318
-1612610524
-1053169951
151887448
-1667844806
1958251068
838091377
-1578760751
-1068995492
1318218361
-421510460
-802608627
1442271472
-1522734442
1865422771
-2084832251
1848570718
1762268585
-211186173
-1135516363
-354449953
1075056519
-748492550
-436345951
-736959955
-1805632921
708526388
1922720284
-872434055
1130140357
-1787200330
2135281863
133041570
-1854118520
-610651069
2085175768
987735715
-1989688218
436607470
127569564
-1759391924
1736662151
-1343245072
594921662
1276491316
1187812200
-198146373
-616170551
-1193842707
1029705218
86699342
899285738
1916463993
599721514
1547130571
-93686022
1712992765
-1270214086
-948397498
-1782449988
-26882636
-1095875855
-1638102561
-131507358
-2028624858
795589527
1540035090
1280144214
305532824
1684744292
-967345587
879529270
673260486
386512674
-940795198
-831139553
918227407
1348040209
1957043070
1269110317
-1803311248
-808567542
1091965114
-1945507262
717161844
-714242842
1549240433
1102343
1209608555
-786837216
-1354506958
1846674736
-2109647207
1727565752
1630134838
5843715
-465311183
-8678566
-2134688587
-716317926
1613317827
-1769632833
-1357545868
-677583257
-1210875150
850600019
1588712866
-742478728
-360984727
-1035431656
1839162853
53936379
-187971570
-1730281015
-261513554
-793811580
413017208
1575146306
-494066988
-1563124850
1647672223
2058530590
-518843040
-2098408769
577703634
1971136930
-254550106
2007758704
862113773
-1091887655
-942160748
824173932
641799882
1232807935
-505621170
-270105866
-1320044041
1832968738
1752111865
1954285584
-1828749655
-1488402682
1350109654
-879757830
-1911155727
1537007433
-16805485
1311998713
-2096624339
-234578745
-568434979
-2137227687
225808320
576489535
-275897799
1013182643
2072225797
-1542937290
340258836
-472384397
-1457555072
1859039259
1047924248
527221396
-213402026
1888721579
1964229056
-992981075
2049591807
-850793834
-1398606802
752997681
-1685421255
320134754
1199030075
453817074
2093025599
243170447
797390800
-510913305
-1544292294
1205661948
480774515
455354670
-1238728457
2112216201
-1039616220
-534105517
450217947
1614052092
1703449962
176486866
1620328211
963756840
954061224
-287086886
429125647
1645995339
-1337713996
-251708077
-2092210128
484232120
-636174679
-778155742
-1534575425
-1439333963
1331843580
1466202539
-917677535
-583097178
-188795955
-1817333353
82481736
-1801698454
1022854015
449728215
-77980051
600166404
-1694737526
-276451609
-360183813
-945223810
96953743
-60935337
1039314126
-1330056183
-304407636
-412448122
-766324068
1508404585
1769294609
-41402192
384630195
-769541233
533638099
1313594667
102039268
851656583
639345152
-918876179
1233644735
-1010612588
1873771506
-197282991
147848191
-1281660008
384090600
1651942938
-886510776
-532796743
-477992238
1715585463
1788016143
-312505535
1719601771
287600840
1848476376
-444333114
2004896909
-1252873759
-841875289
1691810954
394678720
239227533
1668982704
-251882460
-887635693
-2065477996
1602752848
-1373074849
-1908628689
-1062027392
1588845376
1107195233
316889768
-1253820322
581814791
-161635057
405556630
1950607809
-62644560
1132288176
1003361380
1520503307
919540669
-404477232
-1483914777
1421868527
60994907
-670050458
-1193273166
1434977585
-1328969514
894484537
428327335
521695152
1132312398
1705956222
1785583569
-835871067
-1275220053
2078521542
1739480433
1795053101
280261582
-1462736874
1789095510
131998468
964494600
496144215
373900145
-1485186926
-464804913
-390043152
1353079720
2119133996
1509873326
681045681
172809706
-447567213
801467517
-1051166734
-1463318397
46440639
-22680110
1624001019
-1290419792
1381734626
1116156343
1484364710
-176185994
-1690955097
-1813968484
88671555
490990767
-655153734
104282255
2146007483
-1976587932
971970956
-1192220247
-82301449
357520482
-1354025641
1799100875
-160099710
-169863161
5508192
-304568182
-1678589076
-105921444
-1035351429
-1714944921
-1250225551
-2122844056
-1547549484
-254663101
-2041606309
1035078851
-803941653
1595527185
-96488796
2049348457
-1212402720
-747224371
1917095519
-413892400
-1231354896
-639770708
-2069092009
-1644604869
349406783
-818075500
1023207544
-2084256432
-223623465
467194829
1465625197
98039016
1342396656
-2012158215
314931594
660139814
-1938803343
1380322625
521664492
1432426698
980188598
-1157522223
-571348513
253620678
-1235802476
160694149
1244103295
-832499950
-1381642343
1315205860
-417573215
1666538940
868633240
1281905484
-1039197709
584909634
2098370404
1474782831
-511604127
1803317027
891443162
-1323968259
749284794
-2048101965
1089536036
-194780254
1954268563
1035365423
-1224718532
-470922445
-1816879765
-1998918128
-736978001
-1132842973
-1319233777
-1800121437
-1701732189
-535174853
1413290304
-951305767
-915343589
943695242
-885898094
7592795
-1650600072
-740380263
1098846870
1113369313
-753909950
-209077277
-736410821
393199300
278574888
-1602100093
-114738064
-1879580207
266466629
-1147149265
979255310
-1491378849
-1447698524
19707492
-2128765963
-1327509341
2056893190
509489890
1028929652
600025410
467751394
-1484830117
1762928878
1964904743
1067843500
2048055911
-1731845447
-1053858410
691342426
129715386
-725549495
-740717695
-1799408605
-861899369
863348365
-1365723878
-1070090359
565208455
90184344
-2134217559
-927043687
-139517370
-1277926012
-371591010
1407214193
1322547966
868790419
1455844586
-1498506237
1593207735
2083246998
-18350711
107171607
20038668
-831912046
-467704221
-213286250
-1662384862
-1246257249
-772572076
1864093444
1779739350
2027154451
-2100413559
-1068306354
-1991027659
-1066095648
1137436429
-1138413627
849575728
2091692090
-341570141
-1920734614
-190723184
-1817799044
425560021
-1334528149
-875955929
-1237926836
553370445
-1292373267
1241257288
1498796540
275050338
-2021215988
1579322232
1757916979
-492445963
1565416735
-1050931868
-716681780
1957802878
401639744
231179798
-774697219
-1710709407
2012328459
-364934045
-164188485
-627933818
-1503003996
422971560
-1016428195
-760310744
1043801342
515375541
1178605439
-599496468
-1155577253
1437385992
156615721
-524474316
-800581618
-572334531
-841055953
-645942859
-211905400
-1364160059
-568082982
1275982918
352825489
605343446
1658692551
-1048857861
972171477
-1717515102
1071103503
-203159694
1717992353
-1774074166
1259761320
-519817876
146405103
-511341291
-2045520374
-1535663202
30810783
-1117005220
-1863249643
-2022044215
1448479495
-897472823
904065329
80888840
-87085139
-1641879232
1710199478
383322984
-1695278510
1335000092
-1316719218
1488253885
2040193587
-1352722146
1975712793
-1138936141
-409854070
679977121
215708752
-1887243229
1691554650
-1824514030
447549228
-1633591385
1665664876
1499220896
23292488
2120921968
810166932
-75800785
-97480763
-833553322
-1570083528
1197251217
-1228107667
-247000272
1884103186
-763179785
-1353573350
-1714989211
865625908
-1279220827
-677266344
1928527555
-59663540
430878693
-840198839
1052118670
1862689577
-2035853251
865718473
1258901980
-513670275
-336320285
-1194059823
405594400
211292900
144390000
58113568
877334275
492423205
-1141731884
2061403159
-2019766662
1167812790
67817610
