-261553681
-877285714
-1089267509
1362635266
-1195388059
-411853093
840174117
7690087
-822045620
412074846
-1007701286
-821782942
1257174476
-282659777
-1114715678
86393376
976825669
1314250486
-1874037818
144163478
-1516497005
-1896144283
1688822151
1053330317
-49296238
283817480
1473739199
-529041151
-2010421532
-611053462
871657478
1457069228
1435960305
2034221274
-347345257
-1017327396
1280262190
2032169054
-1184877006
-298867571
1408086946
-138510872
-16623549
-1845922637
-1436667226
-1576752697
-1749979325
-163461418
362862316
10978400
134904157
-89179932
-1682631487
-1895263203
-444024491
623745602
969564310
2102486692
-1049575003
1362362915
-359192388
-1064173236
-1581347352
941979421
1652500334
-1334745908
1032932987
-144966663
-1153543916
1337333813
1024838241
-787016246
-664935738
383250209
1100643175
-679207104
1577932046
-1121222868
2005321864
-1113064131
1834039025
-783615837
-1952382318
1180108969
118895920
-1419291013
-1784346871
1591820674
-1948855861
1332222340
-1914196662
-555344074
-1687777338
-1871772962
1088512499
-1172008396
-128084177
1186496939
473732226
-1856959808
-1597237922
-1289172986
1001052987
1967429894
713874814
2086714162
-2104626865
695564914
-2130506420
-1221250282
1890579258
-1596282818
1283897886
-1961476887
2115534188
140589900
-1115624921
-1852091095
-893218517
-1120683723
-562602503
-1706767151
-1663999049
-1467965791
1699540554
-3027510
-1323271250
-680609064
-1258061318
-292703583
-1729249102
-909954919
446226516
-2115066503
-98410168
-173658070
-1989680236
1460320835
1621734147
-802111824
973852584
1745352749
-1533841183
1245650624
-1705258694
-1107360168
-1666122764
-190271947
1106307310
-1173393459
-1372356028
-810070717
-318191896
-1897942352
-1312083981
1690673868
1807506064
-1598910794
-333066590
-7548430
-1784079719
920536788
1823307539
1411347692
-2036840130
2097793592
-531744497
1343811869
262125774
-1067517828
-1055662710
1315272802
-2048142229
203453721
618604292
108546987
354087181
1829027353
1199846449
-821357876
-485610803
-895518192
765061339
-1294312043
-1768664480
1027420492
1868333319
1082171935
-443044128
1277486667
-863784361
1590840424
1790941138
-2022293139
-1391525970
171094818
570633060
1628586986
504439577
243467719
263890166
476558853
1185788396
1103726577
43063259
-1260665727
1057644331
-1228886553
1586532960
-115703468
-1020821460
-379392390
-90247924
102906778
1957279610
864116242
1650575913
848814796
1792600571
1639999235
417630595
958523697
1035395668
456602405
-1664928657
-1704306285
-1169013109
-593257822
155821582
1279267894
429966318
-2064798703
-517573678
-1772460283
578131251
684925380
994400833
-1514048242
-1328036128
-129738659
-1721945607
-921624272
-213000724
646027943
-839274253
1223913491
1877656742
-945760606
-1249281013
1955239255
-649977386
-1877930017
394087615
1079123983
-1792508383
103949070
-1039323337
-226362768
-427435087
-2006143275
419765380
-243978043
650617876
614413794
-1639287508
977384358
-1125576603
-1921855933
-169861146
516786536
1171746729
8057332
390549665
780214999
241823610
36259001
-1888011318
310232866
-663041303
-606641362
965097934
1496992534
1428816800
-2118775013
-1128063266
-858290289
-1808791225
1133661453
-2052732175
-828292310
1437135657
-1856616671
803878415
407339839
120008726
1681197346
1402567883
732395534
-1201221494
349006294
16298256
330987575
1575538446
-1367231083
-1735560416
129285999
-900728098
503770650
14980826
465888368
1221552331
-167267427
-205039301
-1132447183
1033145954
1306798880
1817176614
-99119017
-1827312818
1700361737
1595297383
439551723
-1764924166
24153840
1371201013
-368383668
-1283868550
-1128423494
530834039
2034156646
-862935381
-201972506
51911177
1347103779
-591610216
1366651430
-1674042817
-1634606047
-2116556257
-743674831
922029929
-84975706
-629661484
754093015
-1908231144
303287504
769254692
-2080670123
296246497
1585782544
1427304381
2090202858
-1690631072
-627913511
1983491373
1837991338
725107583
-1948568429
-304844343
1003653009
-1003912712
227400917
-89290801
1235780570
-890557673
-1986722860
39287758
-1546876271
1097591492
1149514261
-746632379
1267361895
-38521152
1406190698
-857712246
1959838661
1359390767
-726359781
243814125
1740732194
-521279147
57314402
89605661
-1623409511
907361188
-1720266724
-2004161591
-1095041355
1997855222
-2052707650
485061770
716333711
673954582
1016609157
-1693741825
-587047141
-1602979708
-599141903
-1399674823
2075194814
968580473
728170099
957042778
-1729470430
1576526376
359895652
-1257153160
1089292110
1288443718
-766211783
1061566150
-761604112
1485882828
162768117
-586710539
1661159421
94193403
1280966622
-287906601
1086103931
-1008314208
1983219059
-263602874
1247471261
1258254745
1854441116
-1016990909
-1052908784
389962391
939646243
-2120267423
-1336263021
1283002148
-76590493
405458787
1525195981
-1009636633
1151548734
-1233888476
-96528806
914908967
-717124781
1504979895
969258790
67234957
2075634032
-230614322
-851857922
-1248559827
954597189
-741474209
1971710307
454539975
-1808207269
1302801540
614653346
677317961
1733993539
-2043470942
1584107553
-510857832
931520530
-2088253235
-1268284422
-351692657
-1508513012
-870825365
1651399629
1174629959
-747230050
1150575895
-888978223
1946124696
709878161
223273159
1502838572
2137332704
-872198531
-1340347344
933533573
341260546
1448945019
568150632
766780886
148586417
2085622558
118916813
-229366394
226261486
-1417304414
-1959883995
1596734134
613421518
-434566810
-1934494714
1698265306
1446352513
-167691881
675006328
-584352116
-1905504881
98024494
-304057896
1062664860
-648686493
-2080114149
-1806619394
94563947
1011013133
-2128429886
2007774626
-1437122184
816765251
-1408991834
-229608709
1711831611
-2061735256
-871072413
-632195928
-1773817807
-552392880
-2119838239
-2137855277
57346872
-845845629
-238879802
895548563
-1890819044
-730093119
1542415148
-204660590
-2054104463
-478171642
-485344364
-1351787537
986805154
-1750970033
-1162053863
1100352357
-1642457270
-2026217124
-1905553176
-368797012
713915586
-928792394
747489007
896781855
1776410106
1030882035
170113748
955810462
762676108
-797308616
287747624
-443545675
1477934606
1748656894
-895889956
-1573423107
-1483595609
2036496153
2023768307
-562711614
1472860388
-759908106
878243448
1371005414
-1021444148
-595562972
-371446094
-1485137148
-1444913103
1320405013
-641279081
1530405591
2122690120
-1991289308
-1904118659
330716125
-1162404740
-1072688167
1529432343
1507139895
-1272792706
196450156
502063006
-1381444909
-740334688
-174185337
789318222
-1145479220
969678179
-37050544
-473997293
1844611856
1270323022
-67576922
-1873671036
1315350083
529924864
-1566432086
1777609488
-675275038
366510984
714201216
1853563254
-295945813
-430256396
-1615985578
-1582781062
-2016698308
1016124711
129625252
-2081908267
320578810
1072136176
-896938571
-520073620
1024811316
-655826857
1150525543
-1523929147
1322127751
-1947902663
692119342
-1345453642
1689670787
-1813465322
2116142942
-207568546
-1089720434
-841288407
862057129
669887065
1013841416
-1726312520
618931429
-587834577
-628445521
1239313325
443628050
-1586017012
-1311902907
662928230
-390848357
-1203301706
-38975888
1322457288
1619799004
2117472954
1042607072
-1685295974
1255377636
1626550505
-1774039370
-162760945
1280305019
722279170
562782756
-510292572
-2074119834
1718561968
-722933680
-881827284
-648750615
-650895690
-1984707715
-1104287960
-1013382260
1201141096
1491318124
1534240092
-1663997406
74834524
1667248384
1042896542
-558463226
-1219097247
1633296928
-1417422352
-1237994073
-1764067152
-811610144
-301017903
-13738937
395932769
-1387643678
1900910031
1272077567
1567053088
2016782842
765004897
1957565190
788029984
1504517904
-1269437965
1138516018
-1931530673
1221271114
289620033
-751857987
-1669672758
-1148197526
803483880
-497022132
1219211410
1691345268
-920878535
-1143063763
-1268983936
1780693139
1715547472
-1259015456
2036007030
-1943433668
1901803877
884887768
1070716119
1795384723
-680757151
-1119551358
-1017443016
-2095790578
-2039809868
1061693830
286419287
-1187314088
916537445
465080140
433894219
2077876599
-210852503
1919526081
2084520445
767703600
-884713671
-1814456230
1023979222
-214486871
-680464994
-1197499304
-1931300167
645688912
1662357710
608169806
1844469299
-358429701
-1430450500
-149329696
1058742513
653702736
1555984812
-1810329908
-974891918
-305793945
1662643205
1327003182
448282108
342406317
1528311146
1218049279
-367346732
-623639541
-1830718197
-553785378
1305809320
-1665526970
583202103
-319320045
1204783184
-140579160
1143888949
1689800144
-877079371
-829518880
-51866028
2007382712
-1605862895
2005619238
2124029249
-410818395
67672920
-426082142
-1153144680
-536622938
1869017077
952506126
-79342660
-1691615674
2106838969
-591256423
583699691
1739825939
-1565423088
694001934
-2010881652
-2092319138
-12223371
1237660725
327711691
-1287490242
704617511
1998622585
13264231
-115263781
-117151972
-730251830
1033429962
232974568
640708662
1734610373
-1876131495
455071857
-1920206156
1943304721
-1807427571
475362006
-577218326
1981002763
605516098
1495534358
-175635916
2034971812
-106148145
-213045423
688755752
632092554
-1739493034
-989638009
-209898742
-2059287419
-829427748
-35402075
-1078002300
-1140315357
614626459
-1962900798
-1219983466
1033180312
722875158
1626247589
-1556180789
34672606
104639342
-98302838
-549492307
-595870684
-2035953932
-1874438619
-261505926
-19860123
843012606
-794285593
1010478358
1950459734
2117039870
-1688947841
-2061925308
-1871943036
474873552
350982819
-1659479536
312496061
964749906
1316497167
1036284815
-1208582737
1098238265
-1617190707
762333131
-994736945
-1451535838
-1492037449
159145975
1731956092
886792167
-1610023622
-491813142
-623197085
2051469364
1078673244
-1242432566
-1578784476
1626011481
-807916545
161389575
-1310776523
501095776
1324404070
543701131
-845381369
-1929070494
-1082117896
1176668719
-1251621530
-997615594
2061569348
1807841648
520283941
2095019690
-1589033915
1037610338
1164633849
1915232982
1693763046
-149907996
733208485
-1407469779
1019057864
-1247451884
-1489931177
-1604619595
-261685439
324512773
-878624430
1036060346
1086203560
561876655
807088844
116682206
1997709007
-497106137
-1636440552
-1264607115
-22174768
-2064330737
1731033351
892910095
-401140724
1540111951
-1143116916
-288332715
-1251777424
173715972
-263948386
-1612997864
1890981114
820584120
1339261794
734862758
-153589381
-445609260
-1305013880
-1463541408
-1216583010
716904018
643617780
-1713694327
1606447912
-301844298
-814922591
-285562784
-502805119
-1453430210
1951099074
79826287
-863951502
-571757481
-1230298583
-430463707
-1778658769
516531539
2096149228
-989246046
1933130904
1163215705
-938322107
1338885330
-436738629
-1167779172
249502138
-63614019
-825634403
389083855
-929282691
-1402381540
-1549772231
-31442984
874322709
2143261998
320057033
658653635
-1534153923
777986252
-536050877
-1594972167
-596902901
-1849513541
-153439194
305861553
-810754988
-54246847
2083250805
-170441307
-1165751986
-1416314374
-67023869
-810073335
-400061833
-674644501
-1963695119
167697848
124282806
734686679
51244917
-1658778704
529341887
1284838097
-278156580
-816266816
1630827707
-1369722094
-483607855
130565503
1396481319
-1324335348
282947039
-186176896
-2063288581
853898174
-199290316
-1682542909
-1407375601
290131530
-1211047001
-2135594387
903700154
-96394044
-204777989
604604091
328989116
289912908
646922085
-621416396
1018189405
837604446
1969137483
2027927582
-902624299
-2025009304
1213021518
-1125246670
266658542
419266716
338869386
-1910647918
-235260697
1008107271
1649000220
1637471226
1526912155
1200995810
-118897180
-711288266
-301668893
-813622744
175339659
1764823763
1365460791
656059752
-613260857
242800665
227439003
965147099
1197976541
469306936
1896411832
1990280121
-1863999129
1253723840
406250824
-1062491193
-1512311209
470505302
486673335
-330440908
1618025787
1263890340
-153980665
-2010222426
-1077596991
553433745
1089844211
-1583337842
-826336898
1381492402
-494051241
161352387
701319146
193851903
29293262
-35297458
1267645103
836760777
979804828
-425206653
-68525790
2060462059
1496804814
1061866576
829311505
-1376347585
1564664736
-2126752039
841531071
258427220
1569929502
-1739946941
-741766612
1049923933
-1390791667
-1318930481
-218500968
-1261164437
-554641398
342671403
-339862710
-564389666
771899891
-1051322108
1620769933
-1678741735
-134326905
479670751
-1872236549
-640577932
169288008
-1849307607
-77358339
218521974
685120680
-2140876148
194498961
-2112038589
-1585142684
1767052163
-1022327986
-617713581
-1787471574
1598028080
1210447012
1033741412
-1271774079
2074479724
895141992
232561585
191752169
691585312
1263705488
-1344509596
-1596745151
-1514925614
7226682
1221043528
-2068457624
886161538
652662002
-1717417278
-1419811289
907104439
-1072621260
-1785457919
-139036594
339545812
369568815
-1589526924
-1154537188
-647513937
1687041228
1978466684
1727856099
-373056669
48927213
1784285283
122244332
-328385947
-223021575
-1879783797
1294904983
2018563029
-2014890344
1134527722
-1248338745
-2047650282
612357307
-633904203
-1272798084
-1839424864
-1702395682
947045211
-2012361280
-2065040876
305405841
-410466124
-2143085113
-693269104
1939411507
-2091880326
1358747473
-814763708
1946994689
-696719881
-1147642541
1605213253
-211297458
895750400
236837845
-1186389599
1019363091
1934069537
-165733603
659222194
-1248378710
1724353561
940433677
962190007
1166107094
1317154184
592217289
1721703328
1145786118
1782154726
172071068
788034600
-2078050854
-441105737
-1226715620
634826537
1586757606
1314163196
1169258635
2033712171
-860277323
2128329452
628183424
-2045574851
307006992
1838220772
918578118
192984584
1874521471
41291675
1463238787
205544480
2111887887
-308538471
-1793138020
2081564829
510633813
-210552343
237495384
1494905578
1789583027
-707980275
715975491
-1035436836
1599956953
-1621789391
-1168806316
1205413893
-1797638770
-742123101
211565137
-71357366
-2066449744
-1002647165
-1173399438
1648337843
1645718393
-595909962
-1739244732
413859714
-2014851325
901879328
-1923263024
-167265658
-61414131
-1756093423
1407222012
1090870448
1650746367
2093511679
381145904
-589061146
1116214059
-403840138
1205259835
-1654462953
-2103851691
163219532
-1658845320
898629775
-988039307
-87449064
1729736236
-275814261
-1140484166
1405824739
-436628430
-508546800
277510354
-267675872
517381337
273226232
-1472973464
724935897
1732752909
-1720779700
-598538258
-1629472213
932626356
-122345511
-1016571237
-1751352588
1160775002
-887257603
1361056695
-212836918
-966971889
2003277249
-1327767018
-688596946
-2015050097
1246401836
2097696225
395188736
185977251
303590358
-89419364
1957137462
-1185363257
118237882
958037859
-251361592
-1076451571
-564120240
1371534966
-70127122
-463544255
-1552586789
933735672
2025080461
-1967782324
1293274879
-901426701
2060493294
-1055468835
-1032665962
-1359131745
497475760
-97068219
-47741501
-779840029
-377621248
-1261831006
1485215302
411141404
-1350374394
-1299323329
-1408662255
-1573949156
-2033297758
765027899
471852572
-933000076
1183517015
943807592
1125356917
-864982026
1840539527
-861964428
1887803290
-1236139403
1032957408
317005902
-764925174
-11004722
-193531882
-1016645694
-879763687
-1410766292
-1716797998
-654996890
54445060
-1587266426
-454909207
-1009049927
-1549137852
835497324
715912913
336773512
749442854
-296336637
1057075024
-468880237
1758891163
10072398
1186015861
-752966800
-1086418356
1082618798
54731724
-511950160
-391153167
1865153195
1112623308
771702079
756263139
-463310348
1950097556
1102238736
-1029887761
1407148708
-1372898602
-184036359
-852594068
1422702022
1533860371
-395655717
1052590991
314891035
-236352248
1145732357
2050693373
127080474
531852135
-577853479
-281797727
519783223
335538634
-1185659216
-703686721
19623784
-413763356
666905851
14831945
161369060
1554867193
-1743392598
746604913
1063074861
-1831755121
-767300656
95996287
1425894481
168661349
1106982023
-378091805
-1432132245
416138916
1869917968
1344599181
-1492326800
2051175764
7511615
2000819580
-1504115417
-1360063471
-1423944171
-1404083051
-1572676743
134298366
1248326830
597501365
-2013051670
912452856
-898611875
1629926409
-1605210009
1426833422
1517498901
1525719452
910838337
-1772644047
1228891914
-395264975
-965279111
-446632153
566103191
582028114
-260885698
164088005
520076130
-1168368727
1866558387
-1121064355
1642204861
1022503821
-949148940
-381426060
-1752073905
-565441313
-1306962086
717882808
-29278221
-930492393
-1581031938
614677040
380485343
-1344762727
-454777220
88576437
1671126280
-2107909555
-1140427016
1942412192
-1899572795
1815924846
1351017574
1868789188
987865266
95002016
2004781829
1087927454
-293605418
-1448211128
-181744853
-1646421301
2055937032
-1971417576
-247951800
1907282873
1243525005
-816542232
663214116
931407265
1340841734
-1433125172
1270917227
-2126360908
278392968
31529314
76935275
-1535409772
1213149452
-1505251221
-837050085
-849677051
773479433
-1107777124
895554910
160250596
-1747183265
2088366006
-86942583
-1746759081
-1741130377
-2031062572
1089415458
-1148737211
1518172071
-378141693
-1977980950
-24870648
1645492954
-1517013737
-1234582754
-1376228767
827878511
171322812
-1031629320
377834668
556684642
-269423413
-838986628
-1077171116
-1383214679
-224234274
59943792
1845240968
498784736
-128073946
-1155212117
-811972562
-1890942169
-22902917
1985158034
1859657240
-2086823606
-818068044
-817599009
816884853
-26724573
119334968
-1078340444
-2091169911
-1955593924
-1204739115
-1210138225
1897437088
-2011109704
-314741553
1096096879
1727367743
1563593842
-793121476
-1749181193
1613734557
-610875802
530386062
-322601792
-1045865135
1082901328
-1417847695
1993262484
-325805237
-181219694
-702218537
-287784983
124012552
-2001286054
1353505104
-2002631254
-1082806527
-1491348477
-1027135074
2136472893
-1745537948
-1937535812
-381268088
364691649
1921606918
860368999
-563748882
-220547689
1200263575
-452306750
-1742121699
1747965988
-583243498
-101975348
-897257372
-1003421740
-891140473
536163425
-1455775513
-131424415
1021191651
356896807
-107084878
-1422473900
-40537008
209757101
1276104977
963911883
-355061870
437005264
1899121438
-14545283
-1674966848
-862581919
-2065858150
-687738373
-349405638
436031492
-2114748672
-1835114696
-690741030
-576609958
-610159913
-568534965
-588351383
1951645282
1134439751
-263773326
353450836
1594223900
-1765507089
1455783258
-1120219746
-165592977
-77637643
1582508957
1569143576
-162604981
-72800930
189477771
2097029328
1255309330
-723557473
1484994860
416364998
-746172621
619272051
-850998651
-1599438107
-1017303016
2135709166
1067817754
1361324593
-2108919486
2067065041
1516991412
7585084
148554929
1358783520
-700392860
603278046
1721061768
-1022377742
534755015
1188719652
1704049649
-1920347769
-1036552566
-703829880
-30521538
-18341217
2131785264
-91231902
-307268016
1265442313
-1284066798
-575934306
1114426940
440353401
-483392601
-1208154449
-147546326
1066566814
159493
1102631875
-811010175
1876831604
-355253081
-1107978184
-19520192
1717684694
2112887664
-536070066
-899323474
-1034879146
626976496
409128733
1305789238
455563856
606252517
-2007434040
-733548149
723675453
1748411651
-2098306062
1930237971
-1343112892
-2099662345
1548683888
-985816447
-627996650
-1948214615
-1795649216
-406695996
20856570
1969579201
-1863944262
1199671071
1052511014
1972283757
-412951035
115694488
-770758831
-2037259936
2147252939
-414916202
1316399749
-1379930851
-1409697744
-740640059
-163254215
1637571956
-190043137
-1589773251
1095626142
1760313421
-1652105434
-335490334
1918175289
1371370916
-1072883612
2104134157
-211205711
-747908909
1188470336
1685641323
-1061696278
1118800407
-280910788
1303287589
-1857396654
-1509112756
1580848970
1140082497
1588058489
-325047557
1862221183
976292167
-324860441
-2063012714
1515117830
-1098323161
-1693670103
-696150783
-2080743850
1603776601
146470957
1867353172
1947934119
1473083462
1672114639
-1581695521
1122000801
1703208678
35675315
-1874384018
29334871
-1782533207
1978763860
-1568378675
499719027
-1644641637
1922850653
446921614
1951547569
-46322750
-368651977
547617545
-1337303152
-260582198
-676976414
1857768611
1252386631
-1493466909
-2015387896
-1138694061
781660150
-1910932758
1322132815
-1281978014
-99920355
-630899258
-1215631122
1513901937
1062525265
769638164
819698307
901542848
626324012
-1044758522
654436130
-1361301844
-1827679355
1526384776
-1315533135
1396799865
2041006816
2034938020
1897501554
-284731311
1064989736
819584038
-1351090464
2026223756
803239067
1908903043
711989183
2034396978
-1075875580
-1154749194
1270506862
-1219159107
-2136984784
1542175979
-1167125377
1222636322
2138190490
305249440
-1199271799
-950290670
1346040936
-1711292406
1337812796
-644522627
-43583846
906202101
-399980363
-517985193
-148792704
-2114330258
280639762
-1192800867
-302202259
-1649648796
1840400201
-1351213158
1384650409
-1858272628
1641766197
1665058150
920855979
1765587845
-331678479
-979715153
945083271
288879421
-1123483799
851015099
1218825381
674704786
-406607827
1835878061
10678195
-1838720453
508600968
369564422
570942172
804787177
-1484244015
1467336302
375474233
293350825
2072604416
2112219572
1031357831
-1879362932
520787331
-1301564141
1742230298
-1867990136
365154642
1880099511
-1005615598
-870269024
-2142403519
1949222270
522242507
1834369603
-1264686956
-156489726
-1532183399
-1487666191
788143832
711178199
1104487349
-1060824796
81413360
865274129
-1723979151
1932888941
1231645294
2099723784
-1232609101
-1470535460
1690859043
922500958
-1220760416
-1951734363
-506703624
-1433866175
-1245142121
1754690559
1651173887
1499718381
-472318368
-545917361
1324083140
-1514122892
-608035675
-66424955
274897641
1086021313
1736297376
-1456089658
-1321466383
827188185
-423967723
-978523317
537202267
-382251676
-409889917
-965525112
-432395534
1064979820
-1375574891
-864957808
1613964131
38561123
1084381918
1822071991
-1454197488
551914602
68580806
470994040
-640995037
-1330809392
375729854
1443201177
-1899599899
-1927791656
101140155
-1521376115
1137734991
1314681535
1915975392
-478814952
-632667423
1565059068
-781715331
1043637049
-224275790
304124361
1945114680
413444419
-262428728
-439913758
-1185724279
822079052
-1227235415
-1611434356
-327260309
-859429941
1182978353
918587608
-632345777
518867324
1504855206
1681354536
-1271600300
-500849785
1140693257
827008242
1545156277
-639340832
-2046530898
1137230019
-1292505213
-633669648
2039254798
1240606087
-945431405
1052112757
-163481124
-1690565625
-623384903
-1512351322
-195272875
103542962
-1763936971
127587225
-1325684772
-1076129377
-913859219
594012905
893749445
-1099814702
-1965418020
83514259
-153430416
892731069
1607351370
1461438496
-2099485798
-219451126
1690652477
683196425
1175880175
-1840273001
1642404527
198944854
-502564894
-1931918911
1417445376
1452311175
-2133917759
-1580640795
511795501
891882936
-30268413
-1153708764
-810989758
-97001985
-723514140
-1601316507
767654925
488310296
-1358851277
-1252133985
-1962767597
-95078588
2097589354
-1629956008
-1805230648
595491693
-1752038401
-1841608600
-20486407
-1115427442
-730573319
-274165246
-83717748
-1786768303
-1888854331
-1879955980
918349420
-1662270727
2133423177
1122811181
873012670
-276716415
594811961
-1699491200
-1388802216
1311560965
-1699662934
2130998438
-18467214
-1392693919
-2112521244
-1629178743
-1744716642
-2069748457
68722811
-1369623617
-779370507
-1533579658
-1830024544
912168788
1561577618
1211937015
-1053092428
1581572812
1964745028
-792459799
-807306979
-1928921241
-594868354
1182341969
-2067924131
-1673464922
1838802578
1335697675
-1298873760
-315912434
-599354850
-1338907596
357946644
1467780651
2010166214
1456520395
777101887
1079409367
688447523
223359381
439263372
1277152443
-472905990
-758811070
-1139778586
-175305194
-266259792
-845338675
1871807496
-962459459
900942589
1784212264
-214445996
707411810
1810353888
1144377879
-1339962140
2104047384
1100397010
-1428575653
-2028215073
-1496885994
1016531006
694393619
273366541
2001228986
-353988817
840873055
-965592660
1038391761
-1370809525
-1260694202
45854339
1974395669
-898495745
-958493735
1731670072
1581523190
-1137518597
-526068840
1577187294
-1583647587
1106002913
1906824723
2126332370
925408045
-667214792
1798115796
-458476346
1252215115
-289093210
-753038468
48277022
-1595262240
1572806238
-1119556309
578768762
1604385565
25302998
643348517
379144595
412330175
487032765
-284267343
-1969102774
-388220269
-1173891028
-1735275452
-1318775810
-2122774468
-1667080421
-988112417
-1546363875
867998516
745731350
-512525131
-431718659
201002000
-2065841361
-1522931441
-653225236
-1873186809
2104851510
1371091828
742620293
-1796728140
686781735
817967620
908754501
2037954586
-128167709
