-1190056997
-680605133
-1724059326
-1947609142
966574315
-902993143
60845653
-885605980
-1672111915
1383863471
-1072011698
-1930095192
315830256
-1616646291
1856622244
1901904763
-807644903
872964956
1935539082
-610279613
1627001269
-489161195
-1023924840
-1678636932
1500514805
1962508204
-1637014101
1120156171
290016604
982008540
1919716104
1281200018
941483902
-206408573
1522560967
-1381331962
1798103305
838782544
1756082030
111261055
-1918693111
1898367162
-442342436
-1523213745
-2136523161
-1207076813
-1424831384
-1296460971
-79145550
371886493
-88931511
236967826
-1594706143
-79425027
1529488695
-53693188
1272832216
1573463405
288477010
-1692138862
-1875642006
1120561495
934745923
-1162666064
1221131935
1353520607
-128949856
657134756
256875638
646453921
1523563156
1921230976
-1537871764
-1260234084
-720399169
-723943375
-818627330
1954820973
-1651371429
455514832
935317869
880657343
-1838596961
1645592376
1127131584
614900993
-1134506649
-1792626984
1872792335
-2064446374
1791520532
-1755172407
-435183619
-146438439
281515697
658133026
-1514481274
1210303729
1343380566
472140939
1850120186
-1104664284
2020144593
2134848528
1397776456
-1217327619
-1648248958
1110644535
489824639
-622201022
-896024699
1436696659
2071318162
676995690
-1361662186
-1941505254
-834514853
820456012
276698673
-697450123
1763120098
561099289
-1482852999
-869998185
-1430538018
-1541583988
-1913390502
1618473297
-526539653
95685727
26040689
-1231117661
1865251933
1101629184
-1956156630
7064981
829083108
1401428612
767717034
-1262304441
-1284687
1506725340
-1149757712
1252408903
664279913
334834245
-254556618
-1965718494
-1574627912
648923397
153656220
-601781187
-1162884456
1574406227
-251119864
653082597
-1890107437
370711446
-1782098105
-672585821
2052018118
-1071781166
1311487608
-1974724140
-1051986329
1881961823
-1343174487
735035001
635824776
-44454949
8863938
1238432844
-992409764
-543492767
-1756528735
1147249427
-1862186438
-1037315078
717050246
-1827018953
436431009
1405967443
-219308623
491618967
-237354373
-413600592
-2138248119
-47083879
676508837
-800354528
-94116224
1220373378
-65826897
1603130098
1656567027
-1394456313
375895776
1108327
1946312790
-1655036892
-1243829380
673112488
1454610512
2114473515
-467138488
-826744838
-723876701
-1208823521
-907366067
1934396463
242648207
-193116862
-15680548
-592612513
23265400
1661135852
888754898
-908701480
1277080006
-1334369379
679615261
1589736018
1743062284
1133545813
-1849303938
283552614
-1980171669
57957155
-300518768
-589263807
1880303672
-534974468
-222934520
950128532
1994048476
202332366
609611325
1321153486
-2056530692
866221779
748579563
-689884275
74118873
1884508970
-866548173
1219776849
1414089720
-2083331166
-1303046427
417720946
-77494267
1735157977
-1926300926
1176946004
734082035
522494341
-1525976453
1175178968
-939552664
1154289425
1913643583
-1573340395
-659178920
-62462101
-1986509964
-2067301049
2000811503
539152412
-289553661
2056964871
-1195752524
-233261416
657020250
-1300685124
-1416584213
-2035000873
1133855340
-1951339183
900574266
1682463011
1879895548
-438435033
-1511238770
1543691315
992632859
275987533
1428953151
-837015431
-108703249
-1557459986
1591534705
818460600
-478166347
-743143670
-1992665923
-1977769000
1943558408
-535173527
279069969
1622113277
1428886627
-340216885
2043463636
-1834953003
-938667293
-1250748828
-2106987699
945239601
-755470511
205845126
285995333
-1134424105
-49710240
48156832
-628433686
1049169813
-1931552206
-158089370
-1367835915
431220377
-905822432
1493607761
-1140176881
2091858944
425186490
1373025610
122739056
-906521940
-932278260
894565025
-102061111
1273772122
1215034403
573583427
-455443356
1985581554
-1947072049
-104376532
956797064
-1117038303
1275498409
659472410
-1552904415
571252516
-2098289065
316439682
1870647456
767863015
1365409038
-1491834169
259672352
-1048774578
1722860120
1816089001
1324380362
-192014639
-1885217513
-1946960133
-5583239
1094055246
778514889
-1394500199
1291978912
1785984282
2145581068
1240250007
-701718421
1114893912
-329685916
-1311665731
738900772
-1317877874
1801726524
-1336710861
-459629096
-660835724
-1190290902
1722360952
-1681473735
-1005821425
-1131880329
-1446343016
-1998023738
1494527
-732878883
1771977630
-932612056
1368545044
-2016303982
-283389626
-1147314721
1547624742
1884605317
-528636169
1955143197
-689981915
-1843840537
-589827857
-1308584206
124536430
793710828
-2095387969
-2002323800
874256992
-1314338350
-286739206
689822064
-448280273
945210914
654236201
-648667843
-1184757513
-940236747
-528568575
-390098961
-186045420
-328761351
123666903
1128455092
1164091312
-1172899852
302304595
264459691
-1787347044
-1329451383
-1683496348
580686537
-1704946845
-1102030982
-1576813197
-982915328
-1924904804
-132398674
237239002
-1717292387
2132573824
221314355
-1726013801
-41639439
-392120645
-1337205371
1267311420
274809651
-1702068346
-2060723184
-1533639638
396531364
1927162613
2121113331
863614718
-708870924
981018509
397387782
502548554
1134503908
-1589850599
-1079742434
-1455878265
-795414228
1582938301
-418090353
-1982583222
-1070318690
1153234763
418835697
590270134
-1117732214
1896461525
-722446553
1256969521
980548452
1024402050
2096224156
-554600102
-1952813660
355580837
-526043184
29293114
-818010899
-1273219317
-234545902
250405305
203006321
1232976276
507087246
-190215342
1916594835
518004228
281864586
770368010
1204987853
-218470885
1036923116
-416708194
-943365165
1569761506
632868095
604563195
-2066522632
-1925967289
-1807520138
-91046926
-775713327
-632633364
499314608
266619435
896843031
1492174651
1440668477
-1919536806
698997713
1925189821
-366389600
1443331249
-872090958
-476072788
1006925142
-1824025707
-472623169
1319015622
-748996585
266469779
-1284765388
718794595
525646939
-2054534763
-1560325464
-2119366711
1200381983
315963472
2072846447
-260014145
667016680
-368023040
-726424257
2111125087
228631816
-1893730473
-1637468651
226213936
342749727
1549106610
-1983217575
-426324877
1767992292
-1246562675
556826176
-1309668419
-983283675
842994233
-529871503
1285319621
-1439744757
-348649012
-1157411861
-1954038657
-1585462622
474815575
2132942629
-1251143063
-777951079
-841602210
414943606
-1153271260
-1424997307
-1786500476
855323062
-1737240251
2076556011
-1166256506
1277804838
1571936365
370224190
-1837406358
1555299212
668455574
-151895770
-1916980745
1925756322
700138928
-83696957
-1573360537
2071285168
1356771435
-2057626192
327518811
645827191
1396263254
1371108747
-1631394802
-844233647
-590144727
383675573
-130573107
1495956629
1880494686
-1213053866
513408166
-1292646592
-2136354811
1706571939
351613279
-771675439
-1749461544
-1513964189
326478505
873159283
1994317709
1158708910
-1608350315
-1577488799
1440972139
-1590547977
1711127367
-663060859
1950696480
479544141
577505000
-1966357661
1397761489
-1534031139
-379537695
-1153081036
1707264113
9615035
265870661
-2109324970
-944116395
1960608993
-1259039858
-1564893726
1781677576
-1841600137
-1951119989
838280094
-501640613
-674603692
-850708583
-1184313834
-387578943
-669871932
760724497
-1854938620
1429889497
-1472330101
157600768
1756670456
2055527498
-1968547030
-1826621667
2141378868
536737238
-1773519776
1273618167
-1081165608
-1757735767
-433564429
806793581
-1910668482
2045330418
-129584977
2073515619
-1035103833
-1569064267
-314450769
136004786
119619606
-2049639458
1926186970
558248544
-88495236
-104881256
782411696
-40627183
-1780699628
232469983
1706976582
892936124
-1582055920
555811411
-1980803441
-353188192
-565734795
349991247
-59488292
1889131129
-971591102
93343290
634788261
26563055
-1067232808
2067129116
2013099657
1800429647
-424205675
-1843807884
-991992429
-825371524
-119408447
1300436040
-907395906
-375524569
-1885181011
-2104461444
-353323078
-686079939
1333122073
-1786458009
-555141392
2485153
-1392554794
1936069539
-776770876
-287517413
-1991534164
-1366858716
142012185
542006159
1882331261
-1415178357
-28206311
1460300657
-462348119
803351484
-852195019
-1306361736
-702122828
55574957
1731926891
733712017
-148198874
2037019009
129466310
-1675557354
400599986
-1786147884
2095348011
-511219905
1819851162
-822895528
-1545310127
-56616744
-1866953647
-1553776224
347214097
1711765044
1028685153
-1187598789
2066151391
1672562785
-270542193
690579205
696333207
-150528356
-1270298820
331027129
-937910403
263141895
-585740275
763047625
-1585358465
-349568872
-1078094642
-929383055
1785256124
165620565
-1834144621
-1096662775
-850433975
1980965821
-726915040
-1136944998
-1139275215
-2083502967
1362908810
-404450892
545588926
-380178028
-355880931
-732413058
156740598
-2124236010
-72676480
-1513453810
-1204944536
314703896
-392789737
1458708731
-727616472
-1365195741
-1670504280
93548591
-1613381865
532589627
745528640
386315777
-254307481
1003706123
253612887
693259138
1780401501
-589069215
-1109242574
102914070
595591513
-1115897892
-1950013048
-546513593
-1642705645
1072988898
415139944
-886428715
1902958886
1495466456
1535959641
-646506991
-1363810606
-371124083
1907551682
-268995734
1885586941
-82572810
-1868302708
1403308360
-1371197573
-1249310944
-898921467
278801688
-124354674
-326258335
898083079
726381479
-1282566992
2001865681
695908953
947454387
1493063311
-453799944
168634196
-131083841
-216913576
-925345336
-796114743
1112834854
-1041444552
-1677943091
-1899054558
-1181481357
-490894817
457434274
1503989959
-1571570961
-245147706
-167597402
-773945918
222892410
1521996275
1376549616
980520357
2036861086
1292103931
517838463
702601898
-1271605791
-1974034808
-684281674
1256482076
863391834
2108493468
1257532934
-823126538
1561063558
-1000790827
1901304300
-1834485815
981694811
1360161266
1634617374
183243234
1261936286
-1713220203
583881984
-819703381
2055355505
501542986
-2052261539
-1927862703
1965159471
2011369927
21652819
-635719001
-1969470852
660324213
1367053965
1193457993
576873111
-18452689
1127341495
1461692164
1376817905
-2060438968
-1801795794
470638453
-410743037
-1720578861
-1197843721
-731861009
-402566564
-446759651
-1718294541
-1821078366
442726649
1768716158
-2077372849
-644187144
1053479128
356538961
1124334913
-1237593022
2136142031
-2126799296
801904624
907980692
-457316199
-1614199100
-810322509
866892268
-57582031
-2121443605
670462334
1027620249
-984109982
-150483364
-1220035432
-261484070
-1766074721
553382552
1078831249
-2036248636
1599104527
-1892915070
-598369165
720236905
-700546068
-687807968
581773623
908443446
1427891469
162686115
1142124922
1934700444
-84190528
-538482012
1907153008
-980673293
-1766515491
259614384
-1626461159
-828279398
278995223
330394118
-158089551
-940619166
-1529932907
-1058933858
831267692
-2146246868
191677632
-1776276627
1778745954
632463824
-1765466018
-1287713305
361215944
481700672
-1840315937
978537413
1173664352
-577065235
-1645970953
1261363720
1668007218
-1064010648
11557228
-1867534787
-1767645060
1846835020
-1175907024
-475233535
-1979980314
1985128796
2001557426
-100630329
-272659463
-1477618969
868733808
-1712539944
17990866
616439156
-1998247216
-956018533
-2116363246
-771926886
1025507632
-967322858
-1910587368
-1612363474
750029115
1608003252
-874960270
-1283046748
-1007803266
590522696
-2071192688
-845307218
636938298
-1426922415
-1961992774
1363746601
593107835
1640530815
-948042941
664352313
-51903895
1872902006
1545606142
-409714510
-608531747
1999122641
-712434191
1198376633
-83907017
1010581352
-168714936
-238290262
-450388882
969286102
-766218356
-1825604036
1499595880
1819724085
119850516
-567290397
-2127098485
26580267
1431063483
-1820250507
-172108141
1217842218
-2047249966
1658738960
-1447326299
-596978702
-1076815784
-163831494
1863546276
-630591910
-1315568280
1197039944
1537305796
-1866957232
9166834
-1022265084
-2128754596
20715806
453157293
-603125110
105028095
419031022
-187517876
-775478926
-766004788
-2110055024
-882823697
1201350707
1489760773
2052883577
205971676
603082694
769116126
1325033742
70005358
1206734217
-2138186345
-646290397
1846996301
1582404454
1333549516
575933
629572319
55535156
-1403895797
2016919583
-1567723523
1076393564
-31340889
-1916124412
-35276567
202694335
1376892363
-669673688
-1361203072
-1589727785
752690129
-1509428723
631340715
-947233508
1168253652
-1802806789
-1539106277
828693160
1098199939
-1729625529
271690036
-13235939
674795832
-1455839272
-553615799
-291448378
1804839752
-1136676378
740631306
-2119670532
433610652
-1073210619
-1798953158
157525194
761842304
1349609058
-1038375260
1583330772
-553009222
-746576565
-578962865
-1200962956
-742702882
1716048116
1112295664
1988099109
-562985760
-369689481
345959071
1345275684
-1600232213
25633564
1466094542
-765363116
1931756144
-296184102
1282931574
-872127135
-649545087
-1206824163
1690169490
1782044456
298760798
-1280985142
-1877732656
-649621930
-1127954096
1509060735
223879814
-699157938
-1475503179
7801887
-609657886
1598300752
-1502198948
-1029437299
-1732251
-1446973225
1854837010
404182710
112785810
1890365761
1152220028
-800154923
-1947163678
272858037
534028071
-1761170190
1447741690
-1916024000
-658297891
-1577837141
1929341471
-1493919167
649712442
-1594309834
284095465
550396167
-344552322
-1447652699
776246
1828903608
-519552605
1319127404
963597153
667530356
-1115178574
-726881504
-1361522508
408324793
-2084285359
31020929
-2007326182
308205832
29911713
100039866
-1813119207
270319560
-2013107898
-955979290
-674005250
-216152981
454883270
1728333270
1162117721
-847581233
-933117673
849833489
2018328491
1191833318
774353266
-1690222053
988702558
1760369048
-1601782419
983326458
1344312052
-1075674137
-744978872
-1181446411
2118316931
-1458537132
1898868614
1651569054
992080736
-1341119871
492501439
174727187
89767706
-35855081
-457869644
850907520
-626792022
-245748247
-300127581
-315243545
1205772264
1905163609
824979165
1533537571
-376496321
1640345082
1474603413
-190695383
1904763812
-1094566538
1582444281
295195281
863649987
1547681714
-742727802
1021202004
364665467
1770446895
1192433560
824908759
-2132037492
-453667405
-1450130368
1002053672
1864937871
-278631384
-1486966439
1798925190
640616741
-1686370109
-856808227
-830057434
90152307
-526627736
141974388
1381136692
1701343181
-416761780
-938034610
367489559
163402929
-81528613
-955659727
1709157881
2144319222
1010744028
212094933
-1005631610
-601695676
773598931
-1078127249
1447022835
624775366
-892281178
634337675
-569484223
-279996386
-1027163773
1743918878
-1687469118
-328003175
1652259328
-706798885
-1792051492
-1276917341
-969094525
971971013
540233484
-1580547459
-665334813
494796037
-913362643
1213576748
896000591
1690097405
879656698
-2060155980
-959779730
-1998080612
-77488943
1801698182
1526679752
-1588214285
816058297
61800246
286412132
-466641656
-325584986
-1781716880
1166808497
-402605590
906521083
329476908
783272617
-1525246715
-120033201
794552096
968214835
-2114924361
1037873011
516906102
-451458360
-299147486
905575092
-1970735169
-1957071783
-1669025469
998463324
1336305958
-1069551760
204424003
-1015663489
-1320830232
1445818773
348068365
1826347763
727030531
1291507186
-1275525600
1266899359
347343917
619949369
-1429028955
347566584
-1663913465
-768514107
340799428
-1664595767
-522769262
-1266909697
786135858
-1015488718
-123652383
141376259
75145742
1876727794
210205968
-1510208126
-2128688915
36785384
204954996
424379113
896958259
-536430378
1026754835
578048194
1903007396
-1395902104
-13846698
46010459
1360683066
-622187147
1026875645
657821860
-1568579016
-2011401341
-1482901934
1413210717
1603656574
-820523888
315442337
1907851888
-1754355681
-1461967089
-161022233
507725467
-1593025744
766645808
-1123770936
-951259055
-91840029
284293476
1261931206
-691041822
1178878931
-409495520
990071472
-1552682535
-29207392
-2138229280
-746546345
-408667996
413428414
-356162962
-911722361
767865978
1913712522
-655685021
-1831830475
-1785729159
788126878
-924611602
845696500
-1228876786
-970753435
-1764305965
1445795245
-234308712
1103098865
472762039
-1648319089
-519748785
-1030761461
-617121126
-1621143740
-1832645790
249872267
-198572893
-1698326428
178308191
660930794
809230115
-2007481810
-584306984
-2109490923
-1881199661
-191326091
-2137984702
-997537405
-1174907296
-1172685865
-841652192
89181065
-276964567
2110708533
-2069375904
-645486356
-913885625
-707817378
1179945988
1840097720
1403862733
823317517
878448900
-1233122481
-637636016
435764501
370750066
2141418692
-1796344663
-443908390
-314205217
-1457660823
-691255303
-1595974909
623736573
-558189914
1506083053
1556904557
-498531451
957834764
726465346
1353539938
1643989338
-1813277527
-1767845237
-1620184310
850610414
-1718452579
-2085903566
2028222497
1434930660
102796781
1856657340
1953717482
-87537673
-39254122
1465910864
604772962
-1952887271
1594178021
-2131484039
1059978937
-2088390689
800046085
1306232618
1473267965
1325021467
-614755623
-373711614
-1236251624
-308507702
1679314700
1312235729
-655454980
-1817988048
1934719077
-1012904357
-1237118948
1910725441
-1039607201
-1829473445
-1952151011
1265449795
-1668250120
-1054003510
-402298931
-1748845904
-2063426359
1797513312
881123667
-875900576
-1526580906
-1965028261
354520232
-1872847897
-332265305
1786886014
819864389
1568751932
1250060567
-358154404
-931107042
998117018
1698833003
-1436781866
-1189244210
-1989022294
-1057354971
1906044641
1260790035
963877089
-2117259494
1700135820
1658304379
937439783
1302088514
826156353
589369439
-746053703
1338290895
-1471009206
-480198640
1104302927
-79695488
1436152983
-97119920
1923768192
-1637171402
186906557
-2028030716
-1502609563
-1324410681
-368022718
957561126
-765135747
-1833528815
1674322199
1828682496
813719248
570897746
-693036955
-1290565482
475853654
-1354857545
794473612
1488758115
-93735784
-1593611470
811065447
1977443912
-1629810281
486622608
-70934059
-640214847
-380334355
-498387766
1241571701
795208025
-551461326
-1817677670
1984326320
-1737196193
-363559008
417290577
-1845204997
-1541213222
1586465274
-1189190681
-502210723
-729251399
1991808168
-1426115757
707588911
1584799054
-2015903706
831615773
-1552618718
-2030834435
-1494947681
-291485904
1440303494
395996464
-540668203
-499227404
1002270921
528712077
-447192253
-70112868
1302109501
1503585643
-1017356412
446448060
-1973536995
-1913081983
633311733
-1471629795
-1005666095
-2127045408
-1287323751
1891856852
1749214577
528881443
1580679229
747017616
1807641479
-1787745820
1792915676
522857524
-1169092584
-1117136015
-484403132
-933096283
444042725
1653284031
-950175240
-1693436700
-395356946
1150272670
807981912
-102872482
-1169181129
-460568018
-774467841
-332141694
1050904525
23409297
-1687782804
2123533972
355108107
1431447009
353855971
128625089
505016089
-699867292
1773024917
1696219250
-1415040587
556428542
-961807618
284586468
203919413
910193126
-1115606642
-381231880
883957452
-1673568100
813799819
-307040953
-1650881524
-388112358
-466155979
-1290902151
386498219
-1839148983
921664554
158579415
-186414199
2139005366
-1757069044
1433409053
716441585
-1309412219
-853163680
-2136076908
167722014
2135863973
-507088712
-1748407200
1408416257
1645484356
-1471870956
717724438
990829633
-2034670203
2091042438
693468561
372945283
-886171536
-2019518444
614783493
-1256925205
540149290
-1644411167
-607085228
293080289
-1197431707
-152233330
-1907322720
475165975
-2021766119
1791003101
1736070177
2019221707
-2127863180
-2057444713
664187703
2082443337
1642896654
1937902512
133146050
-224510797
1396102496
183682472
1487704753
-296916732
1293950838
-402977485
-157833255
175849298
423565283
-1149729765
-46114041
-1704559021
861707510
1994130533
-459511720
951728929
-1444190422
1962787250
-108404281
-1520600255
-2021903134
566729960
464135174
-552342815
513572181
-306278895
976667794
1786590049
-436674874
-1482798974
-638661375
81049108
-92554247
600341823
1095489438
-559173818
464764129
-1988403298
-753671881
1978926465
1129653917
-1227272151
-883563468
1330792716
1046757029
419811784
2100072683
-116283468
-859427520
-1556468449
1770239795
-964896562
1440289593
1895196213
-170773193
-1391770245
-1114945839
714696789
646152075
1040314669
276098039
-1292530631
-655812988
1125901930
-973710410
-1775969180
1832746179
1942367184
546377454
1748155342
1472693011
-1229486760
-1781006266
-479800634
1908800885
-1586723362
732936544
1817667092
1018770807
1486140640
-546996401
1537703005
1310764492
-1845113723
-1482141115
1555527115
1276709657
2123781089
-1679444848
-1948976660
-575719924
-1869538953
-1657312057
534863834
-1585771853
-293121537
1445902144
288617628
593832203
1918852968
178035396
-1141914676
1017166550
635077663
-163687290
895141497
-1340390736
-1867774319
-1943007408
1547607118
-281950108
-186611473
-394831362
1647915763
261879419
-587425488
68817200
426114995
1098054934
-2145010341
-2108837830
221163358
-1136439811
1545175046
899038559
-795053968
-1317698057
-1628815079
896222527
-697222286
2051807067
1001508567
-1418946163
434290080
-445085210
-1176106209
2039990020
1078381003
1160012751
1727799534
-863340901
916157312
125243417
-1043657177
1424829942
-1881982870
711153191
-152664682
-1260051680
-1536173068
-2061748587
-1858638542
287512439
528275762
-2026225340
447184034
1141927399
-626749695
-594036554
302628866
-67440550
-1456895380
511383197
499253990
-701302673
-1707109551
-200489554
-901159010
135720809
-724148413
1720591545
13545147
1195530601
597823154
-1231739138
152367826
-1027219488
-1504978871
1072768440
-1298408321
867241790
-1770551657
1460844286
-934767956
1519238127
988851185
-31875637
1467411219
-453492089
-1155747691
-1505155237
2077138688
1635718971
-1493360878
1305774520
883984475
-72918893
1994380007
1593448339
1942760165
-1919198883
-1483674262
226319703
-961671743
-1276946972
918336747
670923643
723233078
-120076191
1299038745
-1666821609
1075440819
-1803546446
-1367990365
1368412602
-674782957
1233609545
-1168621534
-2113141382
822422305
1948070758
1680797237
5483083
-680037795
-1154118520
-1990092051
-2014419052
1561063424
49352480
-1562071444
-1917453057
503327293
926647432
-2137276728
-1742145136
-674291767
1932213811
-1737633484
1656803320
-1601476707
-1952795612
-1191573151
-1297851349
1465190650
1830360739
-1780651231
2005184048
-737783891
1441122094
2137035341
1375415863
1277370516
930475182
-1553038103
-291672592
-1177906592
1732417258
-802946171
1936472858
-1222455653
-544135872
-614925339
-108476583
-1582072084
1036969105
1954284004
1081342284
-442283366
942938237
1228010133
1338587870
-1122949042
-1359879216
2007639466
161962204
873105436
-1183726533
1572458777
135219144
-634676796
90477894
-539524356
-609623572
-1207487692
-1496691067
1631180216
-1880952143
608705360
-1527058167
1424671329
2019107632
995474678
1682724889
-1328335523
-746087415
-1872591300
-1116217054
-1512519354
-410554252
1080719355
-1902240021
-43922411
1695819413
-1291015791
-1258943476
-349048196
601878803
-493697823
1025011872
886332818
-1762038294
405126814
-1179685063
1542313653
-1580335488
1130319561
-799183596
958162347
191958262
-648286857
1512950157
-944265974
-1887317311
-546744361
-753592108
169310426
797865080
480895347
439211489
272436088
-1234401554
-1799023178
-1111900251
-1844169540
1978421635
1480748462
-1178643071
-381571234
-674405961
1572019729
-509729029
-690700139
-365935617
-1248050811
1265363631
-1653000704
925529564
-1033706725
1519882371
-349119031
-471931608
-1315984100
1164886814
-1805001465
-959541070
-858243064
-1443525479
-1615230876
876224013
599291355
1900483191
-606493953
329676965
-632941166
-2001625902
-1694488685
673435154
730708717
-64004905
92798936
-1625850960
-42994059
-1845451148
878923305
473874799
501344704
-230452913
1077292390
-827765274
-974855182
-1565510407
646122267
784857006
1908195975
492827747
-1321205791
-90359827
673520208
754551952
-255931900
-807257552
-675189573
-1744643444
-1169731994
1842124158
-217780905
1270123676
-1990278238
-1907490135
462592918
1673212598
78900083
1516807143
-1226918701
320102963
-733282729
-2084064864
719766166
-101850942
-485872273
-529162103
1130744087
2019035808
745660073
830870768
-1572972032
486270981
-698743008
1142634329
-382955657
756590049
809519042
1922252362
-1955712165
655582663
-867651534
1529102691
2083493580
-165701335
-338867216
1727637937
-1905271311
-1288348730
-126427721
172479298
-1393048588
1492025695
1838902566
-536890372
-1322640559
-1002812752
38111906
1679137706
-1373270448
-161286754
-854495878
-487890601
-417111089
2095029420
-1640279989
-1667264033
1148668997
-1944053325
-1408454747
1292399554
508590851
321380306
-1869852946
-1908739013
1335660475
1638400162
1194272646
-2132094575
712053830
-392703826
-2071550421
-51210580
-1838640479
-649142494
986372767
1244085226
-324237512
-1743113023
451247495
528777523
20296551
-126743012
1015869590
-771992246
1499501629
1502905600
256679146
906288742
629932418
-40051409
743068597
-1801062400
-1974191877
1383491667
1533973792
528497134
912054763
-2038090449
143647083
-1001071439
-541027107
1238236695
-861964200
-248049910
1550160801
1527384738
-2049430839
1812238546
1323425171
-1112868707
-1764351320
-1957910773
