-983104121
957335091
1171845150
761514200
527398159
1572872492
-1041521009
-1001285740
-1015614453
-831883840
-817967642
-775978381
-2117333802
1512907333
1348613022
-1197133091
394159606
-1241889426
2076962267
-552624505
-851447644
-873257868
327522186
-1340343616
-280233078
-1470676845
1932438214
-1134685943
-647615026
-1974808649
1658822013
796838123
1654632015
314543223
-2012240813
-1319568635
-1968112851
-251260606
-1554432059
-1633164956
-1164233330
574436055
-1726482543
-491013865
204203423
-231207430
1033627733
98461953
2083158745
1892334692
-1705638026
-1269087760
-911799163
955835642
-1708506813
-440783890
-162128255
-411002046
-566045351
1139791063
-933401020
-688963054
-1399679672
-1270238165
-2119037922
1402249
468314486
955643941
-328710972
-1047936957
-1587756989
1735700492
1381637900
-818225208
502647662
-1757362232
1905357300
1460804676
1419095990
-1177245513
-1171335448
681695101
-56423740
-1692953663
1582758980
1057240832
1360687943
-2072115031
-45868010
-1129394786
1121703777
-419901786
3250985
1012066326
990174529
-1653378510
1723077694
1193898259
1694378512
1952205856
-1871686756
-209412008
-1311001839
666723828
541591243
-982456007
2114878723
-904999058
-113564517
970054732
-379032119
660617576
1806258539
838791264
1582896204
-201266719
1385087911
1034905262
1918143136
2024430936
1074556050
1917042254
-1799104923
-1717360290
390293829
-1133614356
-303010961
-7015322
-74973194
-81476933
1112716457
1495897823
1114680701
-2082711639
-1295661259
19970436
-880146668
799551443
899720152
1062241522
2109764702
-1307799238
-1177048427
509163130
-1407384150
-1533586249
38741143
-864244168
1233316472
-2135559124
-2035152813
1411926628
1643072571
1126287356
-2035393555
2035327975
-1886023328
-322033732
514513371
-1142685647
-1622258546
-1144298966
-1742750776
370248777
1651465263
910999645
-1913204806
-2124368603
-1735918033
-634451906
1559575414
-1317719749
-1042031612
121647670
-344747486
-1408135337
-1469820179
291522088
818880556
-323789137
527400061
211719073
1179226475
-465484748
1235794778
133544270
-826649213
-1007382230
69128258
-293851218
1791452812
1395470074
-1764246705
33966855
-493791755
-612895674
-1436357253
-527308643
-166149210
435992382
-1247900059
-962381023
291611492
1393209649
-1771775404
2000513640
-1027935110
-1597044889
262331516
93911644
-19411052
-89486035
933890432
140848439
1372647149
744035120
-22905288
1367397613
-738978644
-2073176050
1729881779
-1561704471
2008609675
-1110577622
-1642638977
2037214460
1367965114
-116741441
616854311
-1835920750
1015397890
1040937527
-925819396
1824261414
-2025218260
1167553981
1355936280
2039585015
-1824701022
1514485264
-449345121
-623600901
-564207785
845078426
1001629000
1143266580
1157565924
1168626625
119938331
1877135745
1154961139
1944122236
-782132868
-1646532202
796133088
-928088280
445929575
-422466641
-312340068
-799301733
-736001284
461878370
-1070989867
-1541084039
1048303422
672405235
1159812691
-2055961658
324708887
-995060
1757191589
1393526460
867075487
1409566125
2006114300
853413855
-884283491
1556214625
-1578238122
-1544292786
-946936755
-421275214
382803422
-1877872038
1655615843
1414545885
-166671726
2000418652
1859935567
466017993
1152308262
477812418
-1951516989
1814788149
1969612327
766279787
-653940623
1391695153
124736612
-894995403
1705086233
866113999
-380651383
-148162349
548618178
-2021585895
1260209675
1616964579
-1652691897
-57412539
360511563
1061961535
1652286485
-817984473
1858207477
-423725166
-1291977935
141308390
1483541674
-362659794
-285920896
1999491570
587164638
244344861
2027367490
1440627765
116391426
-217392011
26362847
-1910892408
-842102556
-558074896
-1634850330
803090024
-259787178
1030840251
-503157934
-1776946199
-1654363634
1533367694
-1833151730
-1190160406
-1800252980
583124732
-1711148870
-1528169591
-226503743
368556556
1423460271
-228307239
-1278329041
1283856135
-170988992
1925072082
-794729652
-1082753133
-573340349
651367049
263647340
-186121472
1504976847
-1249333856
-1863301282
-408927263
-1625353402
961543679
1669290773
-2045713698
324796309
-1358301501
718112906
214450888
938033082
225495670
-753039135
-534644242
836608646
40087168
56091082
24937646
-391746652
644276702
1451456554
1115622734
-1682579239
-1114576111
1533159673
1985174796
2100750220
-1556528808
-305951635
-228242829
236877449
38524192
564021080
662321392
1580982273
-228054085
-1105031475
1040743844
-311085099
-517340592
620675594
-958415494
980245011
-228283374
-1841742191
1756403836
1386567104
-923164748
1636881047
1024669282
1090731991
-1215961060
-1719176798
1636927596
-1916489071
1672047702
1750142829
1144214641
914586855
-614055221
-1373977330
-464036554
1784104532
-649755726
-1329814438
-1316602877
-980997409
215109317
-651502200
-945766541
-571829416
953350200
-115270893
-74128500
1296616929
-1833725722
1238185957
-891177202
1845177008
907296205
-1192447055
-1411137009
403546386
-1751051588
1931643296
711508423
-2041167694
-2105514934
243354927
1956826536
1404826395
1593820426
-1851805353
-1652541006
761876858
-956882436
-2142511635
-1813067260
1597018792
-136531387
1767126859
669387701
3265896
-1426346462
1596095536
125691620
-14333204
-1662320358
-1454350876
1427357197
599721374
1702914931
-1775569249
-724455778
-709201892
-1269840154
42779179
152094409
-428363645
177037973
986447048
1397245084
133528559
1294314044
-1426748337
264843854
529931842
676039847
1030412185
-156830758
1422309925
199382371
-1216663519
-115172911
-141818548
1295969720
838316519
-1846014612
23594237
-1308116778
1917500823
-1656133152
-1472164142
-1061585075
1166700778
1809192694
-416902724
-791994942
-1802518196
-638551846
-262509749
231795423
479337663
-964802254
-1628844755
-1046738805
358724862
-1233326734
1762129652
6362203
-2091329307
-1354473874
1057572892
-1296766137
297730063
576222512
-1443402165
1524987040
-1864471360
37859595
1615049690
1897900097
733448197
-303838480
728838804
-617397244
441146394
-1873171969
652799676
-1663572872
-1591160565
1942195552
583409236
459175120
461279133
1055752020
-578215780
519383581
1152233070
-1518246522
696510936
2069069247
125275482
-908508505
1186654038
218553113
1973650208
-742687431
1545707439
-2031094653
-912309947
-1986773079
734696268
-1609829500
778506807
-1755560541
-1055514324
1000601664
-1624156746
1083091618
-698059805
-2001691601
1110105967
-1231778363
898284261
669412367
-699917335
2082905833
327955460
-1245999845
-301391964
-1114511117
-786708169
-1643773571
-296942465
-2033291923
376653468
-1797963776
-214746790
1210803540
-1369871169
455152393
-1949325317
1111374639
302015260
-250416441
-1973365451
-1493265821
1241140962
-1840361815
805658438
-2117406779
-1474686471
-705725936
-1562345855
-1615407247
921859654
-2092945339
-1435276244
-1505987623
1577470253
1218175917
166450091
-2055661024
-1176491177
-1561506757
-913985059
1304248232
493951156
1020389669
1226917573
-877808407
-92214077
1678207450
-451674771
-474138236
1777100560
-443403726
1162178054
-2103263849
-568298498
-599036441
2081939027
-1109269421
1526382022
1702389571
-391257016
-490693686
1244907967
1525945627
1159007982
1012784653
-1695078945
-309390341
1861728649
675999606
-2104333695
-2082898270
-1091146501
357150273
-1553197976
-1932699216
971731818
-2031630495
-1828750589
-368605539
-2040430048
-1948785519
799762162
1302884845
1907400115
-379115608
938806472
-204148575
1908579429
-713128143
1723428882
-1033699088
347269837
-2021334982
-2031914344
1237672502
-1131186506
1483723116
-1914891294
-872138707
-2049252282
413053787
-1437162243
817900890
1486778722
-1073987041
761721983
992004297
435956561
-1885811677
1655944903
-144315653
-767534433
481819196
1904324233
-455104993
-1617213117
-647330563
-1602201207
227468672
317376259
1736272713
958211494
-370894785
1584205847
218988072
2036757017
1950110529
-1284965876
-945334818
-1253646082
940220010
-1775138069
-657914823
-312099564
-209297142
2108251802
-300148693
-1283360832
-1021828713
382500481
-1106000233
1843757911
-347009891
873303920
-1341895569
-1376973412
-1948846351
633174463
-628761090
-593994105
-1563308244
-1300041802
-851003518
-2074943672
1345991255
-2024180177
-1852497155
-1000075893
-1305471005
65393530
2015594316
1365630716
-1434728229
745015424
1746261112
-490776308
-2134206884
342964266
-997662389
667574517
2019296068
-1224335101
-944140762
-1271396356
-638888664
1077742875
-1627733742
-1565075467
-1628651380
-1007657938
772181780
-1693260788
1223992397
453839878
1277699780
507486657
-1567455134
-1483283683
2139181088
1664601652
1162924995
1962025349
-1148742243
463463330
371551656
412933132
-721261953
1524359983
900644342
-847223397
680845929
-837716251
-1755594506
329607902
510840375
-207900676
-111861177
496739369
-1618324981
218490203
-370633963
512770457
1667778725
-470321570
-174665845
505181562
-72415240
-254642726
-973600890
-209207064
1063017209
224624989
-1666081142
-137369928
-560675655
790710457
435386105
-2038257512
1953980598
-10581565
44186753
-1751928204
-253823891
-457604008
-759733802
1243306011
355075635
-868210016
1538704801
-1215231710
1986858308
-630156906
-1197133129
-1830904056
-770765028
145843655
803876750
215476634
-519946747
2069260377
-1824861972
-93053544
1859087601
989935695
-1521318944
-287503975
-1782289271
-1569788918
-1877343499
-1371392725
1040360837
-1278787822
-2094273883
1016876606
-1960016835
512382998
-576085748
-1485862719
-918189696
-981046479
1984595165
962712717
-1102965596
1259256942
-2068146279
-463204990
2013346526
-1790851442
-1359145219
-1719957009
-1086570541
1690601992
-807749189
-567563465
480019310
1245005904
665486189
-44739408
-1092486924
1375219547
-96508986
-1638110002
-854492332
925153635
-1028385526
-1480471424
-1757179197
1837286631
1936846271
207765721
1361149832
-1275942667
-177825372
1383170803
1135058452
-2071213653
-1071125022
1129466383
-1113491371
-1032752902
-452703103
-1579492351
482678859
-1625952339
-470725859
61325258
-1986498598
1168132777
-1305374504
-535529850
-140187166
1537800310
1252401042
-1634967928
-2027259764
-2033814786
776895575
1415849155
-154880793
-1632984685
1539205913
177105003
-1349917774
1990454
1569141150
-1014729509
1985278843
372810005
1023251899
736507321
-1637300248
-385679019
-140178750
1659029847
-39033260
-1684688366
-853818824
-1129491108
-291186787
-875488093
-1863674933
-816315997
-1991584965
-881086174
-1974013822
-1414972062
1730643861
-2115065302
864310582
1713222286
-771419249
1189398754
-334106560
982223742
204768615
1319783738
-111645069
-1258164530
1865708225
-300044684
-1308155060
-1630939771
-1230995969
1977931750
-1522597784
-1793351814
-754754346
271773181
-832237515
1785661939
-945146850
-1749622907
1374513132
-377394034
691100904
-116701402
-599079746
-1937219484
-311433515
1317298481
203311181
-372951702
300444581
-2134828644
-2042492835
1259330075
-1321531378
154170955
-1799330357
1446386003
192777678
1057808785
-596287811
846615166
-1239661821
-547153675
-1758048230
-232058895
523682490
-841825224
1563417148
-1724964969
596759237
705886358
1458625764
651694544
242238160
371534924
1570029166
-2145643
-1255003978
-20619686
921596485
-1083191073
-826601968
-78743926
-1816595816
1225926729
1301603087
1211507120
-2065096371
1167327475
-1664169333
-676090318
-1098365898
2106980778
-1208741029
458861770
-1589800830
-1554632635
1332277990
664951178
-887064203
-1797161903
2034226426
334172448
-204163493
1447768048
-596421412
1851479643
1653355449
-2094693635
782119839
-134730771
496657350
-1384969100
873193401
-638794126
2114429465
-1595150831
-57581101
-1642210639
2102042274
1106744886
-1371028769
1789725728
2067334110
1516649489
-12697745
375799725
1839189062
419658237
1238096965
1802032827
755432200
-154293719
-2121453530
1643845226
-1708413959
-1556878985
-493586701
-678019301
-1862881591
846652582
-31505927
-1709303758
1734680951
476500914
1501976967
-450956259
607895047
1484474234
-1840143424
1125740693
-1313550478
-1528320605
1587750067
1200846628
1323565534
-2095468868
-1731630168
-1407565338
378176015
-885208414
821756348
-354850669
-20373476
-1406085338
-1774080592
-1457047108
-1849333403
605504748
817209597
-744037292
1462889924
1098206869
-2137660885
-1465567886
2029593602
-64522720
-1865643934
-1940066732
1296933260
38073485
-1388143551
572257958
-983983771
634912707
-816795155
85126916
619894366
121244339
1641451629
-1607669827
743941253
1664181180
-598377931
367345626
72113626
-169880239
370010880
871231582
-1103589816
-228053800
14343906
-489109554
1079894739
-1926575147
-191760739
-199599629
-1590536179
1373087559
-1471083214
954574813
-1752540210
-376022702
211227323
1187759147
114742819
1718298909
680476792
-1678051446
1250315654
436874493
-204277210
414001531
-1462265265
-843584814
-2057834345
638423384
-413147798
-521594191
1300584831
-791022696
-244535734
1263103939
-171683701
-2021396655
-1517898723
-957641876
-930302537
-992272386
1927814721
-287146322
-1557062432
1905334146
1694347254
-140018224
-1413373288
745829484
2034258771
-944461254
-1299793351
1934661756
-1105172610
-1175972189
-183350980
422822758
1335574039
-1227855507
704029643
-625633835
312900596
-1204371121
1696087699
-1040957262
1260671251
961527860
-1366808097
2057233573
1003404236
-1204297630
-1910330910
-2033719845
-877180090
-788695074
1712226387
1336031242
1155274027
-776139249
586070847
1845028529
707383967
142272417
-2090722022
-580887132
-1672587155
-1330713428
1317564950
2132096455
-79831421
-299479788
603416247
-965440999
1233177248
-282032334
-737299545
1295390964
629600843
1195619507
791458502
-1856981614
-6780922
530465216
307081605
905301459
130820035
-1423281569
-655780748
-996603844
1508685463
-1337304552
-864116712
1455767107
1420888493
746138075
1114209026
-2049943863
693274748
1830352929
-964444900
-23870233
1471102524
882009936
1967890501
-1385713940
2096565909
90033763
-662854112
1845166502
246088089
-1142700086
-1639823575
-746392607
-55518476
-1499641202
446627592
207666732
-492015518
398045624
-33863127
822381282
1039364960
1863538163
796878988
-725556632
-779640282
748789104
-2145650215
1353848755
-137456685
891397641
-2140748105
-1592690420
-1988258838
-224596568
1231702877
1954826519
1570980093
-486040342
1951061864
661832720
1327489703
-559523842
-679651601
1131656536
1937287870
1887812051
1199118548
-258121424
-2063510071
-213131918
2106533468
-866859325
-501555536
1447991719
791085058
1262517865
1409104306
-262188313
592040839
714389545
-1402123622
828868461
-513638579
1145183872
1109363253
1476360613
732559077
568959328
714804990
786078926
1864162534
-132944517
2105011483
-981751846
1397777920
-699952192
-619765364
-1034128744
-1689659056
629876005
1063353505
1624506644
652034549
1571604135
-329367635
482828605
2135762402
-956825202
-200711688
265830088
1798198773
1234621429
-561204999
-779202220
1513106249
-1705163383
-1052885052
1680279759
1922745799
1848837265
1029298625
478747671
-581296125
-301248723
-1630376802
730848740
-477754299
496741602
1081843078
1136425956
650407652
-1157219243
1914371474
-157709273
-438023718
-978020010
301175167
-1560310595
-572166763
317497120
-2057985887
-550553187
109699851
1601735390
-1779957992
161537223
-1781832944
726680177
1124026176
1471544493
1616932587
1724498800
-760564115
879561935
-1407066586
-592249232
1415946456
-787675996
-992283227
571974276
-2099793709
1488519360
1511742457
1067031815
570254660
-1808117198
-1371308299
-647278184
-290094256
-414080978
-1854325118
778489445
994537302
1120272363
-1078202193
1018003628
-448683746
-395106610
-1926491380
-688902785
1531881298
252058312
2014068023
-1590218041
-1869451732
-1809185541
-1304024905
855594122
-1777812112
-472053085
-2053643768
-285238672
-327605859
348082227
2067429110
858849666
-1172065186
1638697662
-619399634
234423861
-645040058
-1290615912
-1398680559
-1545319769
436878269
-864079299
1037895883
1684987176
571291444
117723248
31652
1479271163
-1104618849
-978678617
-2013851755
2138483548
1228504612
676282022
-968497890
-218927419
2042489360
-244596119
1093379414
1321614956
-1457788406
1182326086
-1056904637
-1161107440
2059296650
2000736595
-2084153237
1971376629
903710603
-2135637244
-1769849429
1091179309
-1265014914
-1577036520
1524156742
298667032
957977986
1356897974
-764989120
1228800813
-186331182
-1024335917
-384083731
88574457
2060851070
1593415638
1497812164
1242738279
-2009316770
-513219971
-1329256584
949926978
-1727252413
481115905
-1820642231
355111672
350048110
-1364974216
1173709462
-1930243168
-1041597371
451415674
1480679095
-1349096642
-1211479997
-1410084601
-1903696887
767753541
-1606761424
-1518110041
-811000759
685699676
-2139231854
1869088211
1936662565
-1098961051
211165026
-747269485
386886928
1255323834
511301123
2039088488
-1863490475
1863239097
22048367
-467390357
1897736047
1351223426
-214310733
484567733
71787926
1524510207
1648743837
1958590977
797175453
1867700772
-1034541134
-1907690864
-288743685
-1236949897
1693712229
-759598772
1374910758
-529082158
-388104570
1398297648
-1489108953
911933544
-930533640
1927369958
184625002
1192064773
1547020455
-364074575
-601789482
-813657959
-1730993480
1585942669
-117708259
-1051979018
-1342118911
-1251612525
440698452
1598228440
-365443398
986283426
-437880635
-1324995802
165954421
-377492933
1151357956
374897015
-668879029
1744974765
1326569535
1263510231
958880087
2119140465
-1954338854
2144495049
311071592
-1714509609
-904777413
1265833616
528593393
-457690655
1517052385
-757803350
1921851204
843407982
-1710754117
-1179762532
933010943
-1778496870
-2060354121
-731608075
1630090950
-1656507036
1836539032
-1838781044
1293143346
1691864210
-1236897524
-283232245
1453559816
-487418159
1244143101
1053229233
1761523885
-677530593
-1052550617
1323879506
1546341849
-1427833747
566727658
1006373027
-1924342389
-1189092225
100761185
-1091250764
1152344636
-210645737
1732713394
41608124
410961751
2078122065
-2115397465
-1063589604
1158529255
-752131760
1110494589
990573726
-1836717422
27562522
-2041743364
-773120003
-1358536251
-1265200192
-1435729209
-1820301655
852840240
-673684286
1273425397
587179210
-711191691
-1635556944
-869323553
291177093
-1494414565
-18551788
-992604869
157568895
-1932714552
1168710543
-1861321879
-1799679329
2146077871
-509813439
532199436
1495618071
1238217798
-697817746
275960541
1516132259
887600444
931600222
1739947707
1800860947
-1540474710
-1613543549
-152988923
-1349055225
-684539000
727481313
-1902916052
36201465
-610841246
191008426
-1462129277
-1217462911
1823018570
1161320232
-147100071
1792248275
285587472
-1762542369
54299721
342402955
1673432752
1178425586
1211453647
905706924
363861003
-655603259
545081374
-2037354010
-1141097766
1504779491
-418926799
-1622212841
218125535
-255266014
1997549344
298840083
1291792476
-1110424827
-24675916
1165394600
-1572136760
674684257
-86729923
213202652
222473920
1289558082
1534662050
598822520
1043254075
-207731698
-1468852040
-1944043319
1497293314
489344747
-1139119145
-694016347
2059704158
-220808610
115989675
-58170708
44465426
-987281612
1752188743
371722703
286075531
221576100
-1195275393
1573638166
1590502485
-1364891723
175178614
-162431587
-1656535343
1179798493
732188533
-2101661729
-1568626651
1256850922
-966358274
-239277258
-486660749
1932486693
-766427360
-372031326
-1730212020
-415408460
-2061392371
-134738999
-1387419289
-1986721984
438703081
1087802686
703820173
1476599511
987273444
-1162844923
37380567
-573314542
2058956938
1765355862
891527708
-1365574790
-1228205479
1019663777
609442980
1162247207
-1824655469
-544166446
-88561120
-1265902934
822438486
915943893
-936130338
-1103756244
1185772009
-1132868260
-1358163144
-189035562
1557999704
990703583
-148215475
-268082061
753747266
564566244
-651951629
-1313533868
1073809904
-1455299456
1399641835
-1866241164
2087647914
-905552867
-842522538
1178563547
1865802053
1591480188
-712993944
2139534406
-989752064
-1606829571
-279357349
331822343
-1692703855
-816220130
-1513886811
758454058
1909421945
-1295724223
1509318252
1348222425
-2003710048
-1661920847
1749068345
-1080514047
230857757
-1716424474
1253510124
-1136235468
-1449454508
265543688
741513711
887378129
-1295443387
1704156337
-536311378
-2056082847
-1932443869
-790580233
871094342
-1341530556
-508297948
2082513321
-931902852
1698338700
1120680599
488478679
-184485904
8635432
1034578490
1523579543
341562769
1397276740
-1441735475
1065866246
65467219
1786008560
1265309666
338642061
-1502387937
-23369985
1264797175
2131571557
426569483
-1371762895
1641419718
-2132540580
-1375388469
-1679303532
295079642
-692039720
62639206
1357678630
1853413733
-1987578340
759696428
2128636095
-1322006704
-1097208118
533040102
825184813
236370068
-1563182168
-850276017
1646183072
93471944
56192422
-347177021
-2037087672
-1100510214
-1849063649
678545206
934615356
37437633
743849567
1526353511
-2091303011
-1685667950
-774773659
1123748948
-626545669
414369618
911504361
-486095632
-216865802
818718509
-2097378145
566893842
-3083480
469759397
2058247869
-1935771215
1524444226
1644963053
-1697166661
1292836430
1391614068
-1131509640
1919236441
82656945
1374550290
1466867660
780988390
-1792608297
-1024229516
-1337738597
-1528109890
1314939946
61906717
-1553446381
289298451
-1634910478
-1634591202
2078307188
2058794224
-1615017205
248170428
-1887520797
-1379434885
-1859063592
1225024848
-1677015682
-604549766
133482359
1051517294
-1713650257
-144530921
-961151691
-61867703
2107161797
2079559143
-1595419836
-275767210
-1293496640
-1998882264
2054004907
1163360814
1307999595
1911328330
1987448957
1191448248
-1218563152
-1908114768
1292865357
-1545560953
767668775
1217571767
-896427040
-848450176
-122998545
-513791754
-444731612
-15412801
-1191949631
-44063545
171421537
1595548858
1651115330
-718241786
387850926
1832812711
691571351
-2123905512
-1703177051
-574159845
-245340098
-1990302417
-1114610854
600100339
-1874827492
762586827
-1609734264
-2050878601
-1118023471
1114320003
-321901555
1118303419
-918931885
1131934981
115779736
1275245384
-860550214
803089754
738685856
-1795150084
-910381736
129159790
1527160727
887016750
1164485132
1038116559
815707999
1312894485
-339464489
873611445
1986563580
624776297
1427083183
200815681
-162278005
1111761738
-1550095981
-2002510327
-1549946509
1248351841
1444989407
-422112812
543274969
341465157
-708229407
70005153
-1749739943
-689923297
1312822699
-1351913234
1191366130
1609193360
-1436669654
-533805002
-1856292287
2094323153
-560943497
-307716934
869816305
-346446564
1278900845
-1006477180
-27558287
-1054972598
608582778
-373903704
385908968
-1941633348
2083031738
-1027971123
1139632741
-68836225
-722592959
-1971547413
1843743067
-2109121365
1088667320
-1610807723
-1451770293
-1638937845
388689962
-457827078
-1408351806
-1277228542
1181158944
-2011825177
-256682618
517496236
903647466
-636998641
-1249962740
1728703811
-1340288449
-539456434
-648554196
-1070059837
1357789704
-473636949
-512957673
-975181615
986309752
287472605
-1447279992
1090252504
-1673194145
693230608
-1957401799
-1121453195
-1941041984
1091705832
-652923496
1680624916
-1836511072
1315086021
800786106
-1986795301
2022948896
-1388222647
591068047
766093254
-1094581298
-109518058
-1323011241
-1772719598
-733401289
93859548
-1591622315
-1625469729
1694705600
-279112046
-1459130943
639114768
658285749
2022135298
-59957758
-1130214795
1604246690
-998187637
-1748296676
-1651731924
829830113
1337925410
2009703782
-1568157884
-73613196
-1854036071
1578584193
757758626
-1083656428
-340621277
1358326405
2144279336
2087458186
-870231017
-1459524740
96994067
-1160503748
-1535527180
-190308845
1531379620
873232650
1656415909
-505379186
975036162
-1087173286
-1763346939
-1750067972
-1553534882
-903419535
2073643940
-1043214676
-311238056
-1177695484
-1395277621
202447583
-1421106272
1641094414
-957469507
-533190978
1978804704
1187806948
1076191295
334238861
1635205849
-889902970
629593435
1925212705
-1485974580
-1914519497
-1883465888
124678799
-1086903526
-778603186
-2096290004
-55277786
-1852815314
1517188174
-560144468
1579971486
-1445904998
175441972
650288804
-626562672
-1698819712
203685136
2096608683
-1886308567
1088077875
833886167
1776772985
1858319642
120210717
-962480266
732067173
-917594158
-547697182
1302393642
-1220574936
826757103
-1444971579
-142292466
1115244262
771163633
1738168138
1286682613
-211291281
267762992
-1279305187
-472300678
-1031595327
-1456817649
-876367054
-1018734252
-236055855
1451968370
1387964716
1862240494
82359946
-368879763
666091266
-1024428490
1734006037
-780469443
432275168
-1235151691
135319899
-1079581061
715034442
-2112454689
-593218105
-75402866
-130091385
1854833835
1953710160
-416493727
23703612
-1335840666
-2068403530
-841586091
-571606698
664860868
1391801099
1430166649
1826485805
-516140744
2030610548
973551352
111187686
-1074216571
383811632
689867986
823320088
1799868819
-831899943
1808004303
1327787441
1437818502
231211498
-1040320849
-1783267813
2023369996
662869377
-1339451483
-482696294
-126694154
2146108005
-489850362
1091372535
-920608246
-424808375
1196606525
177466978
911222294
-873875375
1810957058
1373556628
-712198072
-450026538
1949924043
-652923852
1611894205
-1864576154
-176055166
1049886587
-1769171113
