1854509066
-397790188
1641170503
-1957719517
8376509
1483423463
1551831147
-885879492
1399734117
-2047463555
157116035
1779932434
1689484968
-30212586
1580330444
1603374645
-1654575054
2111611637
-348506010
-510243066
1698362621
-660518062
88508724
-978964523
779005395
1916561812
-934186490
-727805909
259112976
-366668609
1903210490
1618578787
82272940
-1954649301
382528030
625051263
-516933767
-1818301322
-821807526
-879195848
1921234088
-44106053
-1321891699
-526320554
-143121775
900600579
-365858827
-166323390
216412594
-1578033925
1143916243
-482863399
-1822331656
-643542553
-1557645234
-451350654
-565244867
-1109040426
-84819817
269769858
-684135662
-2111134185
1667468109
638473358
-1517115459
1153360875
216650787
1253641121
704851589
-85935493
-1163940416
568097295
77935916
1591725324
-116075802
-525942566
-2083165508
-578735504
-667097643
-1817313468
1431134086
-2036869441
1846067697
-188650075
28731751
173327431
-1408187486
1597034878
2077231181
1285457856
398535291
-871457075
-2080796935
16655299
401078686
-480093534
2007438341
-1214036099
-829031843
-1870261518
-968495319
1575533727
-1053113052
-1337786454
-1567275335
1037910168
-318901097
1005494535
1421570417
1071922438
-1059723529
923463460
-2035732363
-1966795927
-469847607
-503222572
-35125870
-2135494631
-1535497287
-1514520655
-201250359
-1637721990
-2140393285
2119006068
-444667890
2058414189
-189496206
-1608622457
-2023595956
1456927497
-1252395307
-1080729128
671348397
-1937114486
-1217351920
-240726544
586478359
538063753
710918311
128034627
333255929
-1407940755
906522337
-1532808247
-222879930
1490405921
1049870947
-71235123
1484497089
529471238
-1546562278
616871940
1987673211
-143226581
-1420003234
-1888396576
814741145
-459357509
543889747
872198950
-1284093605
469956534
1954285459
1743425982
2021197401
1664905188
-145718775
-2112705335
534104078
-2001095675
1559703071
-729402888
-698222694
-903947699
-328409829
-1467241957
313633475
1828300302
-1430666298
1564279288
-1782587844
-647270729
-608696242
633130078
-2090233814
-1978269188
-1659188627
364188025
-1675526429
-273156778
-266663479
-1289535642
-1420128264
2092440238
-1667101026
2023362569
-377281675
-458814380
1008679065
-61114338
-1387538585
-524745675
-726575097
-1942359154
1788379037
-1683393971
-1926630098
1297203971
-1105046093
412943962
-1712117253
1990192830
2143200588
1085153489
-398003747
1199973031
1789753502
-1122312427
-1162800145
1957148581
2139621682
-808765722
1036192604
259882544
2124347628
475583767
-1737256450
1556291107
-1475045559
-534137981
-2028359352
-1397088298
-1056983320
-1144415679
-1265795738
1936454252
1722275659
-1447165930
-1325998430
-2016050328
850634462
-2100101589
729091337
1551645574
-1724964553
-459846913
1766826574
194344136
-1143026274
262697118
1963746797
1642511822
1906958800
1875882515
668153747
1863745130
1027427584
-1157409766
-1573143620
495571315
-274338018
-1519960806
-1925796194
-1738168359
-893353894
-89972655
981401925
-787052294
2017586411
-543971248
-2078464770
-668761037
1828923659
633296042
-834066183
1548101560
-244858554
-78709016
1688112681
-133525336
661039860
433404607
1298068847
-824711077
-382658300
-1825634940
-1179710474
-1217207554
686512378
-512001825
847993312
152114018
-1096287174
1154446527
770234145
1512908816
-32124538
1243968653
-1605408085
-1162254944
1968534212
-1839660125
-1820674101
1599009354
1383295748
1224770815
-1670390318
1439549117
-649054014
-655408589
-247656969
-825599953
1351594087
710210976
-1300096132
929255349
-574782699
1678722019
-47224306
-840244524
-143856220
-904603506
1742397041
1584701783
-1409952794
-584508902
1927329116
1410452578
-858665934
2139269404
360735905
-2053928250
-1379934432
905846455
1115941521
-364147049
738066320
-115753391
-285069411
1505296380
-111968527
-1282535799
-1414308288
1503183173
278397375
19041640
928535836
-710057918
-367609779
-291703850
-182151325
218384594
-1511661628
110935118
-416522376
2126711994
1564921707
1981538517
-1731282987
-1243556681
312677928
1365836839
1378729518
1558007509
-33592250
1056864820
1782936790
1908911617
-234521224
-69409846
-1420573086
217943773
1213320989
877089170
1934270347
1261622739
-1430042940
657072704
-1573960872
986765932
1868436723
156569606
14171516
1858892770
1563166756
1665409353
-1246914820
586660595
513838095
-407211882
-1591398123
-657615624
1906759982
-299040809
1122986587
2097306677
585439358
-1322579263
-1587121627
-1895417487
-383287422
1104448656
-921375192
1364918985
1670555788
1430711542
-263268767
-1251429439
1902947135
1660094544
1428269880
-862399845
960543055
709822234
680487394
-332245269
-417774710
-2037794651
-1957043450
385148267
449375004
1326212358
-321235037
1879799051
1610269454
-286045615
1304133680
-1814318772
-834230769
-613140217
-1389731324
1706601934
269395063
1420690380
-1854630152
-1294680281
-944320888
215135837
1666247498
-1808298763
1545133814
-901134400
-1887865405
-1472548554
589924777
-1450787908
-754151908
-1855948586
886928064
-836507765
513557918
-109209207
-1263005223
-1885844018
1613383175
241692890
1716454799
668648896
-1345832268
-974544764
-55534781
-1061953106
-1686951940
-2099700736
-565932257
1117997222
390223065
439090015
1789544536
1163163502
1030269645
-303847591
243799474
-253092681
135376898
1779446437
1047735881
-265911150
1678868403
-954796918
1984985741
-387266781
-386833205
-2127578955
-2113246834
1642966675
-1889994037
-2132502451
259544697
-718895029
1953364208
-661794748
202916449
-1384688290
96668564
813967600
-737941949
-2031808954
1745903572
1146733273
915824963
-1570509358
24561010
135421140
-792197316
-1272383649
1622706941
1515284304
-107342985
349252677
1138849839
1359313135
1111770041
-1379785580
-460748139
-964822952
1718787970
1865350912
1953781877
2119241547
151121812
-1519920103
-2062991893
21314293
328051122
2060015806
-46221228
-1093464699
1527403689
1862581203
-162163728
2131293438
-439113581
-1831810255
-295252030
837032782
-129634470
597588958
-225354821
2127475616
-932288133
1693184381
-809298665
-2128262930
1339472652
-1350336248
-1024809723
313123289
1345037567
-107238725
773203341
736431548
-188772696
547897171
1373417646
-639488258
-68312196
-33807240
531578310
1102419623
2020247834
2103340151
-1131450058
705709365
-1076104817
799847731
-227458491
-1559337808
1105235413
114295389
1937152836
296407036
-851041123
1525188322
-1283303437
538131309
1086574926
233312677
479348259
-1279405408
359313228
-1843785362
1193675932
-153460856
1801418109
-325884895
-1812784064
-104444217
-644626936
628319538
1434718064
1137452350
-815909281
1216540504
-1721492563
2112633575
-1220783233
1750418816
1734179202
-269103391
-1661327754
2144999172
-195303774
-585840436
53411109
-2121329892
737322572
-1972782250
-55084217
57851796
429368310
1434909718
-221169743
1522632383
127638569
1124525208
-1342412325
1839280299
-1476300886
-1273196360
118254494
1114520469
-1193999142
-297685453
1964512063
1470220191
1690590047
389624186
1753688491
-75626049
398702082
-1832385590
-410353404
1260026362
-1196425510
-66978184
1763733340
-1001901870
-1301231190
-2095396975
497004991
-1336268803
323852423
1603232674
719256438
1449415255
1312835262
1853264083
-1800424054
1161805592
38321651
2064858938
-2134461817
-3064759
627333517
631618157
362142337
2079534195
1041079377
-953329575
2051412827
-1120238694
223288397
160809297
456190278
467279721
1723779318
2145920361
-1372734584
-1402540370
-1855656044
986313477
-318869122
-1569547257
-1360748066
-669523284
1180957667
1159311325
1936810720
-1442485215
270739026
754802066
997735972
1746270388
29785353
-2047840266
-241128175
465987285
-378385681
656541950
-1825837427
689091305
-571739176
-1442305865
-1476414230
158128480
1799761670
-1778962569
286477822
2071414279
-558373390
192073558
-507205229
203842714
1916517196
-1709694756
-250813950
1276257949
1978826305
-1916285189
-1260246247
653890155
69406203
-1364029889
915360581
1762111374
1633055085
1264145219
1353122541
-695573423
-55105712
1052114022
1622935067
2093029524
1908863592
1188586175
2121034849
1181888990
-739334645
1687094861
-1730561286
-229393224
-1835026717
-1838036621
1905585454
1833228088
301437938
202928034
-896000261
1008382171
-1806627882
-1263676585
-1436697103
429732760
-1255128498
967575368
-541105059
-1837323727
-1313211908
312268505
-582696279
734721995
1185887852
-327329323
724384514
1175991489
-2081260972
-837120167
-2029710533
1358677172
-1708382691
-307743725
-381591311
768621030
477608609
-701347924
325850094
-1778804280
1046217782
-526584446
-1642347822
-1905076527
1240232427
-554838886
1133059568
282629008
1930566929
349483733
72232053
385123076
-1612757764
-1793499296
-839272497
-1305609685
314065675
-336123791
820218187
830047960
-1236714780
-1446641617
173301248
128622537
1022364420
584875249
-1948338965
-156777992
968245622
1083517099
-688661669
1530040113
-1200678686
-283847772
1049811855
-2047163932
-783695415
-485040532
-828034660
583797308
-228033522
-1377849587
-1015584108
1662265455
-1810807625
1522845056
1375343076
654301271
974461940
-725802142
1431933182
-1119722942
-1017698463
-1167852825
-566106825
512025861
1462580360
-285026034
369971185
867675479
-1008246871
1859632918
-1435802372
-1085198757
-496704836
-1222713552
-419423431
-1104449666
-596094794
1722740853
-2007972992
1852441475
-683818741
-982364646
407833027
-555754277
329887604
1056331233
-1758436237
-921857223
-1363176462
-504514094
1161991714
675671654
-1538558191
-350635733
1783899497
990890577
-219543951
-1059490668
-279843061
1840883817
-488706687
2094911894
-450283942
-1216052689
-1561233778
-697065138
-1425025063
-1408192250
461617148
-2000880035
877298210
1913716557
-258420270
-129100254
-56420087
-738904401
-473759877
573624619
-113268990
679395257
-684031542
-1231679769
1403814079
625419948
-1746229954
-1833801567
-185434339
627677588
-850237305
-1297109079
-256085184
-1208110184
1072334664
-1115972909
991770876
-1507645036
1503325470
-1144039643
-524678282
608381924
-471477023
-1722617909
1060306955
-1222274686
-1525737431
628801870
-1528968337
-121298861
1827304211
1223453701
-645581543
-340818243
996393029
-1625556533
-1876828962
-747447684
-1971293906
564734705
-1180223780
-1906069322
197772946
-821027210
1565122969
2116297548
-1174172347
1606404469
-1722631573
168122226
1678467894
383513054
48518169
1709332865
2029570223
1578606696
-380718142
1387029003
274104794
829439430
1424455677
550361136
-539882362
-413085928
-1608855999
151692591
38153771
-811072092
-1781802361
2077863231
1590812203
-1657596475
1214346541
-358841953
-503508902
-227899101
-1287232739
-1227382804
453059520
-2126675933
1802660910
-488713550
-1268581987
-2061822303
-1929120823
713983812
1969813676
1674633180
-95946801
-1159451441
1373077676
-1505710671
1309186490
-1848315731
-1694330341
1515132684
1708692994
-169645066
-1058296252
529494427
-1818997311
-1813375395
-1743834244
1732850371
-1380497767
-493252040
-1460356696
-910300201
-693156651
-75029024
1305096961
760632711
-901487666
1251538490
-125184741
-70246762
1337970831
996333205
-710472158
-588418609
2112948924
1910489527
-1942025625
-1329436871
1439420335
2116112434
1368231450
-1932798839
-950594589
1246740475
439297881
-1044500265
222801557
-2065014468
-456786839
-743276651
-467166296
-673088408
-416892350
1849849532
345307080
85984656
-1786288304
-914074553
322050770
-1012092683
-763224457
1860835044
-1097698189
183450845
593098328
-1928393239
168169231
85984426
370186450
-88476540
1440734435
599077159
1925140171
185142326
1626420077
1510087205
-1349614544
2048977538
-709420790
-1200444090
181602361
168685025
240928993
-15340008
-913797647
504598008
2138902783
231203685
1171599605
1856240396
1757966019
-1132689976
-1581645189
887996597
-1234432644
-734887037
1104208534
1100242897
216992592
-500306544
1530407351
-503049285
-1795577761
277357045
1389422199
1109407421
1942373415
1109624668
-486755437
-804324926
-1042658007
1776741858
-1269536202
-1260625072
-93583667
-1894930130
-1918815106
-1847998028
616843650
-1751730234
2079704120
-1354875778
-1673944791
-944862307
1566421486
-1478520529
1028943283
-1097578513
1534412836
1461913392
-1518212600
-2144040879
-274972963
-1933592826
146160938
197199107
-1801835676
1826373828
867957146
-332552056
-374101944
-1112248896
-1796100358
-1125062024
-1650755161
-41240183
1847357939
-2064743532
1553674671
1869936152
-1694466472
407949083
1493375330
1255309124
-2140277
159804763
-5676648
-2094157445
-1156773089
-2032206966
1883037770
-869165137
-2084275778
1587213526
1387257357
1517814925
1081920077
602935482
1413724123
-1383888140
1048603469
-2050706798
-1341761255
1551632804
-1515698556
-1728430479
-1541484076
1434172982
-1138488612
2101831474
391548238
1504056139
1768075402
169920972
1025567929
1310760456
-1564697742
1514105323
37440066
2124021441
716373961
758768571
85698640
1620154611
1387162876
1486776070
-469462771
843994744
1767940816
1648938880
-1829180892
-727586315
-1148447543
-309236127
238207180
242828438
-1137328176
-911845068
913068550
-1944964355
577517071
573198831
-1820667102
481908087
-937884385
-514745278
-2085699962
544401264
1962924645
-1654238157
1801824434
-1507587543
-983496264
673389034
1953882494
1106871975
720067143
-840161591
-1998821978
774126318
-352109126
-1562632257
1671029896
1423091311
-1524378218
-1793378082
-835461589
-1529722434
-1451201819
-464749014
-1524949629
-1313157753
1901280277
-1371122253
-913763598
2016421058
967886112
1728614117
1081725714
-35119579
-712710675
-835480803
-327107151
-286058278
-1512994059
-1670804608
1603408156
-980496270
-1902330839
540774408
-2101613152
583365656
494286355
298988511
1483574605
-477463287
-1168445125
1470235375
43234301
53082179
390020043
1920058553
-725771372
1207318396
2079213942
83990630
1944969352
90905941
2105040276
-117490149
2112828067
1589475535
139916177
1088758161
-1858286073
-1992285187
-452949624
438761956
-1056243597
-1368401413
1847324970
99095210
-151241021
-2062419938
-1742910748
-844852666
-1311535427
1189191276
-1709895871
-973581954
775768330
-1073093810
287033996
-515696565
-791447679
1046679172
-783585607
-543992848
-1626123349
-1152118952
1524719492
775789134
2085464451
-879189482
372415706
-1726443915
2146706045
1866455226
-1345474696
1589246590
541179081
-2126644501
-1245955118
831206039
-1487080744
740815144
-1718591691
777524574
-839493858
-799166656
-2029503697
1734163827
-1118918630
1112297991
-959163602
-1240516536
-1078222701
1019733062
1051959398
-1893870022
-1435301853
-1895301389
-975011848
1624500197
1909966841
-1630422879
-1794646192
-182125389
1258096601
-1324574663
-711046450
-1681918282
1708103527
1688698602
-460537177
-828995656
1536567205
1888337246
142440973
834071439
1501370554
79415341
1421796494
1867936692
1324015605
-611958890
123581881
-2017413098
-1213838832
-1172488596
-1695762682
-741834452
984096184
-1316936627
-598108169
-1667973303
1275454028
851267354
-646177670
-831184077
1392234213
-40863838
1342131601
-1022415883
-789043818
250717600
739938356
1391312371
2078965492
677113575
-1920285067
-1937074369
-1052915240
-256215589
-40247579
1753888043
1342964579
1601264419
-184191434
1029177119
-192484543
1620547228
1518038817
1222232748
-1669253070
-364844144
1013818505
1926171872
-239595322
-50959321
292297184
249646299
-1170944921
-395362275
1128746442
1471196066
-1910816612
1082303156
-1724738817
629183795
1555635851
6769644
1178112885
-522850600
1693394112
-1427916558
1641177533
1419335360
1733634348
-1202321451
1922284717
291850443
-284803217
1051810431
1826974014
-439272284
420642649
-1896221470
871417528
856166676
-2039992402
380144241
-949092084
-620144491
1759402281
1827696337
-130513536
1138383654
1848051139
1265343952
-979133039
-1713053347
-1156599756
-1301623147
-1866247148
-1727062846
182101945
-2108226023
-1350825827
-1057406631
837053464
-126526251
-915581659
-628972416
-730577439
1161096125
-487380506
344028411
-1161322763
-1741024148
1220690825
146104397
777772876
-1311139681
1330864003
-1850820279
-1569533454
770258151
1319293628
870904807
1057609297
670216858
-1828690319
-1057977765
-365141578
-1741576950
1896193882
-396779677
344888589
1519601145
-209267954
1355674080
-786109713
1752376651
146124710
416150952
-541441570
-1840865283
-571336287
-601217638
58050255
1393840726
-1708096505
2113331954
-740916248
-72091301
-1683282224
-2146535971
-1409116279
-223971449
688240517
-161873073
1160009616
-1776488261
1851885607
-1907127276
845145305
465645939
240791632
1874872613
-191892733
-1270819526
1405166744
1002699068
-912209799
314564703
-1653546950
1214444458
323795632
158253289
1207338230
-1584262040
325954221
801827527
-1688529608
-481241749
1833649610
-338656437
-62673799
-885315269
59117240
-522792999
1362254308
1623583430
1438347975
-868721701
-1658355395
-751700367
-536907932
-2071787017
-897718786
141508719
1695321059
-486833020
1910097090
1105886294
-1294783617
1275248953
-1549426970
-120247825
-736265314
-1197241305
-719479699
-64939187
-1047690664
762924521
-1500207068
476432416
1150226746
-2139061991
1168943622
242680394
-1473273786
-210466043
1441629153
970579890
308958526
845540258
314356793
-1916932776
-2070496479
-1586562880
1903281003
854458282
-544412171
-266561410
2002902805
-1802685419
939146951
-1199329535
1887389621
699004894
-443706384
-1974258848
-842042225
536487985
609421721
1656627170
-372960812
1370529658
-1089825152
-401100437
-507953920
781042675
-205670149
783264306
-510549117
-1471026307
-980127683
-1423733833
1331128227
231844020
-399899177
-801833996
39645088
-1420208835
-710513790
-1434138158
1255080728
873360737
-370593509
1318405342
-714089811
1808961759
1180653294
-999433156
570492388
1561672957
200114230
593836251
734743376
121541600
653019620
389433065
1224861423
-500251363
-2066953825
282583689
162581203
-1494029425
1607956748
-388621373
-943995388
1854501994
735580494
-513325636
-1855015516
-1566743664
715987664
1667646758
1836917844
1119947042
1641690433
-704720391
-1672348714
1210448986
1856527328
-730881950
1165372659
861499288
-313546247
1125229820
-354455137
409547194
-178625618
1276307517
1701219674
1866920112
-1171699974
-1069114062
397848536
-41643698
377317619
1347645294
1442700771
-455233436
-1653857458
1503935551
-1027570560
481272075
1852167720
-670127325
45128273
-859669439
893420035
1684429178
-1131744455
1792742840
1858305550
-395670148
1426303557
2075585002
-1102983512
-186145684
1408550345
412113264
497344550
-20664307
1569749450
492488084
1059170772
1984493397
1250602139
1053516324
586054970
-395555232
860070346
1664929929
-1141897825
-1883211353
1580724028
-204941289
1488468946
-927920015
2140676246
-2066427995
983192103
1455067785
-919819042
335711328
1866652864
-720329424
80814690
641788380
1114880525
-935941291
-1826902824
-1730920597
-646479979
-1098044157
1232361926
-589277518
685272821
-1492532710
288472867
1266857848
589510441
-696880063
-91822018
304438465
-314702326
670092314
2087234783
10430235
106999319
-1137705544
-2075208021
-164061129
-1623006089
1201465421
404207820
1291903930
300014398
-927081177
-677700143
222806357
1234090991
1109615069
-52187182
-758158317
1980483137
2082628037
1339309783
-1550234895
613816102
1719370408
1047562617
-631849293
-1693033464
-405368648
878144457
499118325
1687352917
1811166658
-864642959
-408944513
1990349629
1894215583
1574846489
-1417208099
1313110970
-2100594192
572345100
1661498159
863445200
1266818825
519375130
1567807037
1581754390
-1806588883
-1866630209
944815054
-1571095436
-1057438468
-1396597116
-34808519
924526381
-1975356887
-1251126875
-2065794756
389477663
-1467332753
-342045965
1484340492
-1172296631
4058309
1928835323
187312812
-906422898
2054608591
-1321188248
-896790398
673865400
1972050584
-1675543643
647194150
-1897490242
204163198
1149973702
316318333
1718670921
-259095955
1415373224
1746231046
-1102041484
1401766223
555700822
1430379635
-1930287149
144604611
257032622
-644498309
1876578231
-2035142644
-883390396
849085678
-1281523281
1981766475
30808453
583516169
-1043618992
-1937041424
-815714529
-1524642293
-1949116359
-1676586642
-918813024
1876802567
-1055690159
-95474898
-597371555
186823676
-1274273198
-109428539
135976596
126016034
-1426445173
-928041624
1260623828
1800973190
-608066079
341132959
-1175574627
-220778024
-1381106410
-2095327688
1164446274
-2031411069
-1109699507
988946302
154278166
-144167170
18706125
-223835222
841068487
-1090435998
-1337903355
1810782618
-2049127420
1751074875
768745679
760581312
2491238
747875490
123530232
-802007204
-1269337204
23135627
-1682076928
-2117438483
1742344328
-1968881318
-727829987
1973166564
257488249
316036796
254399109
-288638565
1111923576
-1136952396
-1756068371
1682049924
-1052501321
-996525580
-1908363700
-1259012443
-1571235353
-927992722
1332727268
-1149820349
-1947512870
423997993
1171938178
411182813
1934736234
573915736
33167107
1056666204
-1881410152
-1449914969
1753653786
-1741601913
-39468553
-341235496
660365649
-1610475332
-426557109
-996574066
-1358829235
-1249423908
-640718228
-1139927447
-1413448619
-654891641
1295953264
-1094322350
361258005
-368987767
-2032786168
256242455
572650398
640634515
1877604906
-1091668679
-1380377168
-1946245331
277601776
753417988
-1965028549
-2132053525
-1086538305
1171682016
-520384989
895901406
-272427605
-817004313
-1763521469
89778253
489260314
32753847
1268293301
-1252066651
-1795192409
1042941064
-1599790769
1467983789
389055560
1046925696
1828337263
-1248503555
-597463886
-514725563
-1397357829
-298633808
-686303493
1633738964
-977099101
48541528
-2412671
-1988067183
-1551715223
647195186
1832603914
2071136670
-1599197342
-664341350
2060048684
-834864017
-1636036675
631505344
-1714037009
-562088802
-1351576572
-1556604004
-1195905104
-382308869
-1830231390
-654704609
-991529401
272991975
-654262364
1953897898
1455878252
1756435425
-587769149
-626924861
1720882774
835197025
319060386
-1102588666
904616100
-337708828
769622611
-1750490280
-1138206592
570358344
-464639457
133474147
-1708179967
-583146919
673762438
-604468675
1210192081
932613547
983477892
-61407126
427783951
-933982551
-2056998379
-782315260
1171095158
1790061038
-1843577349
-1791779784
717575102
2036941779
-118465090
-1828252428
-344421310
753734472
154623476
759144926
-1135680030
-1895059993
596601026
-1313629817
272998698
-82591418
-539302238
-237007392
1455937971
-2037641844
-739137690
1752259308
-1928757047
-380668602
222041980
-2065109833
-129704370
-1782991237
-2139749006
-861212538
2043984861
129900797
194624444
-1645157041
19111474
-712843775
1589408437
-138068117
1007333576
-2102354703
-1246667037
569480073
1119963075
1515174273
-1109860481
61865189
858266640
-821481728
366317875
2001744570
2118755786
-667751184
1345931557
-1223425803
-1264895777
141844696
1389902899
-745662422
1746978803
1514752343
-493824384
-385259317
-246451837
-462018948
2067466031
-550601321
-1834402995
1709366101
-1789262738
-142636721
1372495855
1116034245
-883438666
1402674095
2036912846
-1689302630
247587408
650162588
-803611079
1856989151
796072474
638686361
1137573837
-2023259283
1125015179
1673248127
-660871398
-1585538616
787140083
1776529005
-1122518394
-500252889
1641128711
-1375897604
1171719793
622610644
569553565
1402232247
1830943386
-400242506
779911603
1636027850
481335744
-857100757
-1886308427
-1382309896
-1273446516
-719085541
-1960709890
-1277898798
-914612051
436790346
-707906145
-1629805019
1230219588
-924686356
1149081696
-83655245
-1071129213
2089827710
-901398013
-636629210
-2082725744
-2038979629
1049586895
-1064529855
-1943206482
-1637750164
-711912372
750514776
1633685406
-1854617843
-111256246
892640258
-1893367229
-1981681524
674724392
-344032756
1452485252
611652331
95686482
1448256432
-416726923
-872124247
202988555
-392507898
-1841248327
1580844372
1776528236
-131071303
945099297
1718500706
25645483
2034339326
-2104473448
-877815999
653113760
-194488382
1595743811
-2086551123
1266108037
-1929765854
440275428
644451136
110300669
-294439136
1665982847
1685206863
-896946601
33879954
-1983179713
-1198191629
-1691826925
2076290397
1574354585
-348705436
-1966028380
817817315
-555424591
1480284814
-499167113
1675705
1708465917
2121948893
881588787
525267613
1116235048
1433423195
1265537858
974694566
56566584
-1172711171
-1538709616
-299290691
1554054386
132013625
-52883822
1326028363
420668284
-1961332260
1260270474
-718251468
-1171889852
-510129895
255335944
544514307
-1351139296
-543781148
-1678999885
2021670757
-251990601
239499904
595805257
-652852261
-1885912546
162347863
-1226801948
1932196011
-1559458619
-1357935095
612665214
-366636777
611912596
1361415878
-1197516362
-1250757167
1887055952
-1261626144
1055645139
622093485
-1387112381
-179936357
-1898664695
-1152657512
1589631516
862952519
447982075
959669960
1687981587
221404561
-133021823
-1356064204
959132752
-895087595
686311338
-1612456378
-496345715
1250967606
1630789380
1148817359
-182797831
1764046129
1764010010
-314485957
-1432292769
-1619552912
-1497808067
1947904773
852062087
1093154844
1649802887
-1905458836
-1980320804
769369077
1556611612
1291229543
-1985402033
1040477029
714636467
971315925
517576058
-1276201519
617059412
-1183961608
1837985287
-1410692558
1111433059
-1181623772
-1382090926
-566776092
-1010210340
1914149811
539544396
204419773
-1235711265
1098016059
698291875
