-1972577060
1136465336
-1101382420
1005566987
-1956739253
-104940991
-1502334051
-286551077
-489375669
-1392804311
-1842536431
584397288
-337434672
-1185418468
685012406
2116586818
579339068
-16087792
-1315818106
-458025387
1358097449
-949351492
-990309272
2105272190
-814309531
-1970307254
1764369366
1722149602
20940861
-871250870
1677189311
-1611789957
1221182462
-300039446
1022413997
-738936973
95771064
1335639396
1561851178
732131764
-499144123
523901367
1704201568
1660158143
630545545
-918613351
-1878786561
610833597
-912242182
-999685205
749866851
-840888621
1529425762
835273966
-87223819
1332415418
-631429661
1744357749
-1486804784
-932215922
-733796293
848754012
-1623188824
-361098523
867051593
-1772331272
413355239
1476608291
100432080
139587407
-1185952488
577263627
-574779527
-1369172534
396823688
-103767911
392389406
-666303704
-23776726
1835604240
179628613
77275062
1878533819
-279119794
-351568406
-2039992132
-584532187
-276655514
-2000870271
-24583878
-1811830488
-551980432
1538394426
287023572
1985347127
-126894694
-901536890
-172420086
1686347935
873608067
-731360551
396850347
1609287406
2072731592
-2112458063
95795595
31349138
1290522846
1224092375
1992185459
220923584
463366177
824803301
1667030360
1448423574
-1750526163
-1218025465
-698290736
513153411
95133292
739698693
2134648769
178975462
754131184
-940606336
-1689250469
-1105022475
1595056515
-1901309061
-2342841
-1598435616
1524481275
-727049699
-308550112
-1685040587
2091136465
1276601012
-1809448926
-2115447675
-731765516
-1631066371
1830392352
317019208
1904337883
176368290
-1186237253
-375323139
-401996839
993804803
-1144385840
-2058059115
-974985548
-1053245127
-757157326
-1239156719
897895543
1292441431
1031507864
-217235351
1327000199
546626034
1593865689
1415971504
-685678605
2007090403
1261424726
1924678260
862657296
-1553698230
-1546610506
768475498
-647625659
269881046
-1609486376
966973258
497812003
-914715068
-292924923
956081144
675326648
2012685349
-184509851
-2049261596
-2053982684
1670448355
1609976244
-1862447438
-829847956
958968581
-1761197003
-507733988
-1153247090
147217585
1293712102
1082297111
-2116947244
-300937870
1143944180
-424227020
361948269
-968181701
1851778673
-1055913911
-105272775
1037262252
-1046373053
-616353712
1005472995
-636628333
1919817055
137636750
2135182388
-1197806923
1827801911
1180236535
99412902
-780137523
229403505
1597190352
1978217528
738618580
-2113709352
-656831594
-738607232
-1246198398
1242384791
-1413096674
1566023686
474509844
-302283356
-608594947
-1784481074
110251856
-1367932807
1120777513
-265738698
1788465861
1326922761
-1477909536
-345153022
647144279
-802778383
-668933688
-1862501195
-705219078
812011502
-1959083689
-213583326
-2119552323
62408847
-1597014924
749899585
-279271926
-1480921301
-472854178
1474627398
690192940
784338964
1199868364
365422063
1323513104
995470860
701141078
751917853
-682600881
773566967
-454789101
570710950
1402777963
1545101778
356211330
-105188503
1304965208
-530001181
-938790995
-2131024734
2077846078
-800470222
212403339
426371198
-917906819
-1488402889
2106307494
1461003505
1884292081
573837524
-1902836739
965127111
-695073674
492580996
764629547
639604473
812604590
-2060973611
1456613319
1507628609
733540353
-769623533
470967566
1905852912
1788510437
-1431349179
-1767317313
586139391
1240018271
404296029
-804478394
-633962397
-281104440
-1325968470
-1257498084
-855617116
-1820235820
1424915857
695401581
559634096
1509257168
-1430338693
-1302289926
433372396
854802986
-831700719
1999180608
578607499
-2145078474
1079011750
2040078810
350605603
-1494138065
-1567716363
1897411619
-710105987
-254866309
-1873519349
514369311
1724233388
146657842
1945419398
-730731878
-607969184
-712641824
-964545537
1217248145
165438587
699220874
1468382148
1115955409
-370910748
-793766161
-713163062
-881324578
399728283
1965880591
-1156772895
-322908139
-1487329266
160810736
1617564201
-976573932
944424106
484539039
1343213252
-1965342375
905355956
1927635828
670540236
1761395241
-223236008
1957550746
-2126741881
303881650
-1433540350
2090984399
1040198361
-174389645
-967056404
-1934239129
-1675591174
-1487696165
807286775
-827495787
-638472600
1475055152
1966000319
128801517
-1542615267
1325117362
1841516777
1566698020
-409486332
1089884160
1585429950
-469318374
-1235690071
-242774855
211431421
636082458
1359694896
-1913378203
553498092
1859290720
56502664
1676047510
-401206608
608892635
-1814861088
1315339338
-71293218
-547250893
-1561295527
1185765523
-2004890031
-1588256756
1753264636
-1084666503
-1881848003
721237388
-165479187
-1199375073
77166212
-890817765
592286689
546440995
-1259758264
2017809769
-611121203
179419723
1285575616
-1522793292
-74615329
1588378717
216194383
973642058
-1231107151
-520041395
774318546
-936287155
-1762354500
728367773
-477620167
1638334646
758198026
1748448256
360894040
129708187
218291503
1135565377
-1332659713
1230097076
-1962034311
-1729484957
-1362948281
452230171
370883174
1358702344
1136121902
-289775021
-322547626
-830926314
225569126
-1853832822
1091710081
173357207
1000558697
-687711454
-1346067158
1415128544
-275575088
-349230995
-650324716
-152509707
-372623643
2097053112
672242741
-300778709
94223734
1913772426
-1639254103
2062395151
782439660
2065622061
1204053225
-930037370
-429202021
-1954847891
-1904884676
-1518507211
717125466
-1165089121
-1220317588
-1247182814
2068947030
-1869336859
-892505667
-1938865253
-626766557
-782657617
-658429414
217704022
1038874131
-478542972
212838545
-512636199
-728853045
1639223553
1419681281
259927068
-1774324462
-501507038
984661266
-773322132
1750818796
-1129787456
396216164
897876625
87627751
-1941812390
1786886666
826995506
1397757876
1120264471
520998201
1625134200
-1932133384
779857931
77413180
1678861810
310912356
-39739719
173736619
-2022926664
-197236733
668301784
-842721317
2137050066
-1607935022
-1254376615
749517208
209250522
465674901
-325239383
1369103633
-1744290081
280278760
1419140915
-998578925
-1453111924
-1853024109
-1130997208
-1998776198
1233666697
387443235
-921316222
306547683
2023785248
-43822155
525855813
-1659669850
338234403
-280477932
-1468447737
1121454851
1880876045
-959758074
499438515
1521719706
1331780455
-1869462558
-780238455
-2067650528
1516435309
-1905146010
1540343656
973667151
336585457
1374538183
-343742385
737211422
675088766
-1330139640
-1443005919
-429305806
-1337376577
1542697871
565397416
2039578003
1183851553
212194036
1649856219
-763365981
-323189065
1565463580
-1231233181
2041008971
2125832030
-1212042874
-390259365
-1212540810
-1443867871
-138175260
355560535
1795217090
-912244258
477903085
-221083993
-702697611
567965993
1159945329
-728742691
1366515373
1752559984
1043657389
-806856309
1763001819
1754544478
-1530016544
-1138326192
-1517737615
-2021723260
-2096400099
-979007722
217748954
-1657992650
-1148046749
905464980
-1878319190
-1433616973
1895382506
-1168693478
-1066798314
-1713508216
823085503
-987428723
-1022335322
607802933
1089314963
-769848145
-1012366040
-652253168
1055540942
116970147
-847396120
-475511703
132535530
1482975920
-676900323
-1285301266
-1753799937
2099043396
-1189164379
-157937327
2067667353
1264748604
1164777717
259567399
-2102641711
-541529246
-557651894
939218963
44809883
595690806
-1510933468
500159779
1367032155
-23599375
520629492
-981309831
-542409794
-51302714
-1716519917
-1120667091
1894347975
1218540394
431878902
8809842
-1353935064
500032471
2122793376
-1247200265
2004956883
-382034101
-1861660585
293028239
1889360847
-275805802
-1180878694
209482259
-2131302833
190816149
-524986031
516205446
-2026938369
-424505351
1516468806
1388512890
219877025
982031437
1431909075
-1431091021
-428991528
2144142902
-1292138531
-171090423
1618208324
162237691
977138944
-709035118
-1346252850
1837219655
25711883
1196282112
370679108
552412462
-1473356370
-1788941242
314096423
1325631085
1832297074
691417985
732232643
-1831677707
2056934120
1232541974
732996224
-887462998
1762011173
126742039
1365889144
-502808217
1404581229
2090039018
-222648759
-1210257339
94212141
281191980
-1306349781
1896286493
1133380398
97821138
162752836
193968970
-625786616
1798665873
-1227063494
758958259
2030848468
893787519
1573488394
-1352876536
-137037788
2097592314
-2065933800
661678922
1604643127
768484808
502028934
-254484335
-1147653015
962746751
346307016
1938420489
-1358453272
303501095
2094863480
997035581
-2021822292
-858863331
-898697370
436491671
1039043496
873740090
316416499
-143893977
101723709
-264213453
1774033310
496953507
-601612305
151291202
2016207583
-403524690
537775962
-1594644474
382726963
-1742741923
321741926
1041529511
-555110280
639347446
-862109255
-112231875
-635268742
-1187393030
1883351405
-335424654
132264909
-480393883
-1612613374
1834131813
-1018430756
48653363
-444977002
-1839024431
-344060862
1906500134
1517336915
-1152559762
1507016024
1992812486
-480010456
896694166
-723663346
-1412944215
-1015369286
2011795500
-2082878210
-2006704652
123420829
-1283070791
2058625214
-1116198111
-962107714
985916887
1806873205
-1874197758
-1637738204
696854994
-695097936
1972420356
637070551
387378571
918620534
745843384
-951072737
136920991
412913305
-1031316081
255455985
976959945
-1858613426
1920806117
-1299236186
1300950148
451869696
-1266861504
-1950147346
1073602804
731185504
409838040
1489972739
833705222
622164928
1693814106
278998561
185570773
1207045025
-1052299544
89162292
1979063375
-1519919222
1885333604
1818624979
-1240575976
1585678106
1787634414
1002200173
1916081326
-1019845792
1105762986
-282173503
2146141389
-1310570390
-1872289082
-726918765
-326270956
1376068635
1312892347
-257523044
1823534823
1693957697
-30644782
-1488121663
-1025843049
-1152391705
2119352809
-954755448
-1310332992
1168613350
1768555126
-1177934393
1866946802
-376427838
1997337292
-641209955
-334016621
143715250
-441038179
-1117443162
2073664771
478124288
532818879
-1204291479
-1992030719
595604883
-136103886
-1905649899
153121356
-741297718
-993754014
117852269
-902827379
-848476790
-1889408600
-1956249345
-1386364812
-1428695142
2016705814
-1568402789
987733280
-333576659
1961438835
-632555261
97726915
350135488
-550251644
-1908097569
-2000791931
-523713754
-844029043
493987827
-1886231639
1729860064
1844340503
674376083
724627694
911194034
718659570
-1383218603
-2123192521
-2105021326
824913277
-1662007288
1771505773
753921314
1018376484
690113253
-1576119900
-1123148479
-1470679255
-896104188
-402859140
8218973
-1437898841
217883921
1424596169
1590312685
-549665836
-1777101761
167752566
-1886999203
-1123339386
347436923
1684346790
626459753
-354916616
917754853
698801435
-1158052947
-1988325171
1431985787
1616750299
-1000280195
687750228
581324567
-701288176
1864572658
-38091764
1605070491
-1013181137
1207555908
650194027
377443434
220671069
-937064353
-960928037
982943513
1953903629
-1838760273
-573685500
688288870
-1509320467
758931007
1303413840
-1311083416
-1622963198
-329123071
221120939
-69645304
-140196335
-1888820625
658490762
1207689903
1535614273
-1005868462
-836890577
-525525184
331632893
829249760
773500458
368451656
116633631
1141013004
703880482
976831348
-726434486
-2146978278
726657237
106016835
-1012779626
1633598833
1648299100
1997822459
1576934771
-1962173004
1585292211
613068000
288208838
1552536594
-795741831
-1005692253
-1607070888
-1599098659
1887763699
753990169
176511600
1982586969
-1078703018
-86938068
-440454979
1712467158
1536065349
611076118
1822485370
-961950207
1679855000
1624479947
1826889676
-1996433034
-1687048610
-2100435530
745964397
-1142052712
638069541
-2115816280
-1716175985
-798996571
-1982749832
1704616717
215201274
-1099742716
-1018329944
-791135136
1484025975
-506699807
562084303
1416954848
1459376753
-472700677
1814419473
-1070307965
-544244520
-1941159748
-2063774939
1536623147
-1825524664
1648750473
-514505197
-1279522025
510314858
-919376549
-1944486850
-1543724901
-528637030
-1378238066
-952703323
-2091784173
-864103990
-309703688
1293949285
1009913109
1433912741
-984331459
-721228414
1184866789
982129910
-1214778270
235438822
2011829037
-1513841333
972746655
1141169832
-933944595
-1109801515
-43561352
1250666898
667459248
580066194
-356823282
-424422691
1325974783
-873819219
-1033797454
-2077484226
-301265382
241549348
1080958394
-1679897563
1627540453
-1562074453
1666690712
1635983171
536368416
651184592
-164738521
1717508685
-948260901
-1447846817
1503004488
979690240
-146608344
957019911
503215021
1308807012
1562032145
-2000846787
-824564748
-1901218221
1371972044
-1870834081
523677943
1386300476
583165229
1517943837
-582568350
231364644
-515109029
279095060
-512448891
646687981
-1394398266
963400891
-542210198
-984788261
2017204568
-706098814
872934698
432782675
989265642
-549331401
-1479490180
-987535131
325915385
1265811372
-954939250
-1679663733
-1310840167
-15268713
-916413673
137957682
1551090601
-1110721096
-1192809043
-34050438
1093533255
-2094734271
1777485139
-1197276230
-1558038138
-1794127247
-818931370
-1414291898
-1296414882
-598117759
791085656
-157559309
-1205965853
-1962348604
-249088340
-450802469
1122212794
547108361
-172822555
568895325
-1514492472
1681390403
1556796841
543785063
1735685163
-893284501
-183123510
1165417974
-8785811
-320614747
1589129622
-1640240674
437720822
-1922133599
-719259538
-1387990330
1676268995
1032994884
156632981
1747515766
313414229
-798004602
61169481
-555200939
-675507477
-1802728547
-2058650345
-463928532
-585431310
507665243
1239538539
625095984
-733175108
1683050964
444421734
1716745022
-583499152
-36093629
982354420
-1607089048
1056196673
-1860818387
-32801508
-1463283025
588884450
1926475206
-1835585894
1366359570
31646009
968540820
1191761578
-393454649
1758524498
-1531736238
267645478
-275061304
-1436940138
-758149098
686254803
1832836752
-1303562948
-70358603
-1827180297
1635298598
1132235006
-862843034
-1210918354
-1472023206
-820693232
1492983461
-1729160835
-1562644402
-1608966323
1996526937
141763751
-1224406729
1827415475
-347322824
1014684351
2104230501
1763380497
1499967338
1909571582
29271680
-2119644930
-1926293652
-128113962
-274970093
-1853195507
-1123347401
358284870
-467426994
-1849061570
-2131304288
1375481199
1415687687
1145482166
-1127472127
-1774861208
-911013374
-1064343630
-628027367
1896784461
1584992625
-85721671
-974128848
376148126
-342314563
-1515623151
-489829249
1739424709
-1034887034
811056755
409405645
630903032
-363659544
-1682219007
1186012509
-1740280511
-102257408
224119927
2134397703
1244498394
-779169362
-1706495583
-208624732
939598270
-432940389
2142505484
737289135
860769404
-1326745475
-1261445632
385868328
1703373389
836262809
1757388717
1514300091
1863679337
-661080951
135976611
-674425311
-1390001003
1096973631
-218100089
588805318
-1247220992
-184496567
907492611
59809708
482697551
756859990
-1451224322
-1326273650
2001187830
-1192183304
-1883788019
445708872
993653449
-1186014805
-1622911192
-650557834
1618771410
-2114958315
-1280485472
-637713062
1339411300
-2121103729
-802163376
-121044222
-185599120
1723629027
-1207816942
-1564451671
1749797910
-1805794985
-402208140
-737198755
915784575
1813365226
-337782868
-512851742
1950589673
-1944991267
-948463416
626630870
-1943177469
810838132
-570456535
-368078827
-1623795334
-887007747
1918368305
1983604830
-1085130797
980751377
-1682536901
-1865953738
-898550917
-518009319
-1921244469
-617992436
-141398244
1032797715
191082246
648101277
-1437704911
1187748246
903115620
716460185
222946268
233294611
-590505053
1744275334
-1827739146
-1889174691
-977609730
1408424421
1815617896
-1190023318
-925780577
1481143442
1927193272
-437846437
278531665
-1978070672
51195366
785294265
-1053028487
-43322044
-807000967
753529345
-1202159546
356736993
1785106644
748808546
1087377191
1785641605
-494809395
1616049860
-2093924739
-1159184253
-2097763969
-1438179572
583788689
-1868145119
217580127
-401532258
65310408
-628350525
1204835725
-645978846
1215358997
-610395320
55095148
1669629323
2037015214
-1919201869
1997596532
-404417963
-631599870
-1291774194
-286247866
358495757
-2037343767
1401631370
6450432
364722198
581858333
-1683015445
-1145599022
-2146775639
1160713448
363152162
-569358895
1626355485
-730918369
-679111877
-2081698806
-218469016
1138464590
-1742903431
447220186
-140237851
326843956
295394238
-1013517187
-1051221417
809990769
-1068106448
1247854563
-500843731
-1207661443
-621448166
-1819013942
-1694539257
1269903324
1920165903
-1396546552
-669800840
394688655
2045936212
-1365732568
147592973
1242797005
715207295
-2142781895
16633998
344481778
-722364069
1804417761
1569045891
-402845769
-525681138
-822835016
1961544185
1437879460
250966397
701496019
-2063003771
1446546626
919176175
538568350
-1384825463
1275891603
-1018810128
-449221650
-76037707
-1783482810
1858790775
147008085
-1133284143
524954406
-1420573621
-922781768
-561786952
21105748
586124449
-1987777505
156953767
-1364324939
-530921718
-1580247348
2066208951
-1907997139
1244028043
-2052558706
-1965950553
-1815143412
-661783539
12115798
-228684833
-1070103352
-1585122825
1693277962
-299795279
2083458029
-1245293031
-1178262631
-1884609311
-425667248
790606795
509331535
-495409305
1033899658
2046529621
710041705
881129587
2458532
883127185
2145418475
-902508368
-1060812017
1007113935
1552890801
-872935220
-2004960042
-1840079368
-2085768252
1755273528
1010313494
-2055930123
-1364241681
302832172
-1969552979
1296563025
-375783279
-1093427219
1109158704
-1738551268
498276787
449371986
-1958123229
-1507786733
402102876
784270979
-785573533
2057427965
-1260582876
-321219068
1142600422
-277762729
2090725894
661456369
-242467929
1238722355
-332523142
876755851
-1318966821
497287516
1142921411
303125234
1692361832
-1981095490
-243033467
-1987460812
-1451207017
-601556988
1114011290
-209579386
-1736242425
-699043966
-248494043
173918416
249659876
-838788267
1429229798
974397038
1474213465
-1676672823
1948958159
144290100
-1319499965
-2108513286
1579524312
2081118643
-1272711386
1224538813
-752143345
1696117434
516585316
-1893520960
797227506
2131825951
906113707
-1419612177
-1890414848
-1008858177
-164263249
933422105
1805336717
-1117617214
-1256637159
310700243
439663829
661011747
-877534274
-52987236
1686630484
-1045872785
540328979
530758721
945841236
-1456253236
1323409888
2049205635
2130621127
514841916
412780852
483522550
-1296178346
-169454557
819577752
-112271829
2013857209
2086965766
-2114622329
495114513
2086640969
-344487787
967006493
1004494744
855421395
802940650
262620941
581489814
-878863954
945822739
415270616
302167790
1646448911
407207373
1737200955
-87281682
-426347877
583440274
-1084270616
2035065849
1909007677
117761494
-1451953799
-1668929179
-1938844871
-1358921332
2116313249
670960038
-1699234175
-849313810
166682276
1210691755
-168901049
888867454
-1279839992
-1682919800
-431689261
645428039
-1240374644
-744837292
1632048277
341625192
-1803905191
-58028716
998350717
410497490
1701179511
563470680
-30215286
-1619883952
1998238338
1750775141
1110952353
338758855
-700898404
-336904813
-659176545
-2059853633
484103333
-2092844232
95779505
244996385
-271464023
-1234375098
303996642
-82417598
-1613941350
2110241009
-962724875
198681631
1835121982
-158017132
1361475444
-1491915542
207517034
444718805
1480285192
399013829
-1011412880
975354374
-750549493
-743947828
786362069
-1616276530
-1156954789
1950953305
1794639687
1563739912
-225703823
-965698686
-923543091
189212138
1668949169
-644195354
-722214336
-1365447318
1153585155
726826153
907689465
1389497052
-1055154271
27277500
533887179
930387935
-1318838222
1710338657
-2119846605
-244797318
666327832
1525428206
70034382
959514497
-36217595
1132257488
333774346
-1979589315
822546900
-1396543790
-1797818336
1538931787
1477314966
-148381793
1733713473
-314990396
185268970
-1450341755
636244239
-213488226
1497077393
-2082134405
-1441409714
1687934033
-332038080
-378391451
400009947
1006375613
-747274056
-1238349419
-890298660
-1081201846
333923604
-1963655531
1383648568
1738308432
2119778145
-1728346589
884835657
1077662649
1391819891
-1008455556
-207862320
-541526043
1074889462
-518889763
1711506473
824485581
355766211
16231238
324743871
758420074
1632945012
579029120
-1511769407
-1640896169
1245779257
-824648095
-2010555115
-1944824139
1949769453
-1008572849
1390980748
1718787150
1493243492
-1417360382
1134306136
1356868348
384403462
-1955113331
-1422205510
-1646174901
2123867808
188358046
942945279
-350865315
79709305
1386745604
2034278828
14014222
-1765488220
1348814961
-1212934152
2121458519
421182356
-466433663
-1027579526
218350071
1357621749
842842618
-523399902
-1022405553
17208505
1242103893
1945736301
774468749
1111039856
301941885
36679892
446205965
1505240540
-673350954
56300677
1322255355
446989764
184951680
-801113516
-1893654468
-483249656
263678428
901857524
129954958
2143609589
505262158
-368573087
-1102099475
1068955610
370971716
2120609952
-1694139848
-1246470693
-1261064585
1898065066
-1981161452
1910280196
-878406800
-252955483
-507819760
1266418849
-574891954
1739519061
-989493238
-329344052
-905502779
1597106897
1440413136
1975640902
246575978
513623161
-78334455
-1878572150
1928817965
131145767
1809311318
-1615631841
-288033499
1037005732
-564388941
1699317037
-144795757
763052892
-2116955613
-10083245
-1516456160
-689495723
-628247924
946262711
-1111023767
177743709
-997731617
-1473724834
1899477949
-2101223293
-729000837
-2143682372
-687114716
-674048569
-1939012397
-1434559346
-767327581
-1057967596
354018381
553747688
1083808447
125710702
-545212563
1321091465
1868426558
-1347137689
-126745038
-1379728266
-1948400076
1794861271
-154391104
1553056965
-281136323
-1169668917
202598462
-1004391751
581314566
-1299433283
-525865215
-1362454257
1816651538
176610309
-465986839
-3866729
-929975621
-1690632561
-1691703541
139158277
-792065419
1647302350
411662736
-878766584
702281818
700619504
1281595100
1006411676
1599877858
2136734035
-2051923214
146713244
1075320561
-2069879753
-1874684650
1057479322
-418660842
1458005171
671383987
460626418
363640081
1522034925
776969855
-1445776100
-1488251242
1054654853
-1589418788
1894897474
-115143088
1195065937
-342624639
-2122892270
-1277884376
-1708443057
-1037162407
-122410284
-2120544314
1320072919
-1755916374
-525791554
-1124719529
-1238284784
1049095546
1583104135
-571046768
1682697380
-477121491
1012061497
2095986419
1374044855
144532338
164038219
-930262447
-501748716
338691680
-1923840274
-1352938865
-1246961751
-1349836837
210000551
561825196
23212597
312914236
-1641610979
1675869442
1511544895
-2117695695
755305268
-1578897717
-1399647415
-46206752
408644953
-1316559898
-617710011
598426962
823796511
1386155483
1987308872
-599991537
-1288636405
1280819484
1559270525
-1072736764
1654622635
1901334413
509291099
-1059491923
297457389
1132611398
-1791690470
-148923025
174846125
920787351
-874114206
880818501
1951440783
970436172
1713086533
906432671
1189090062
-2105137359
405434991
-1997505146
1581444565
-1085253672
1403477660
807562755
883901261
-985221735
227149129
1277427137
-1240573322
238404570
642122670
-926775823
-642037254
-1451720561
-2104377366
-585283731
-1283014273
1390843140
-1152301952
-625011936
-1558342596
-630305063
-1752244478
-520121180
615831759
-781802162
1540519435
-245619924
-1867009460
10866369
-1446786447
571620515
794826392
-1339217293
-250406981
876875541
1508189688
2130936466
-1033451568
881964110
-1166088220
-337450381
365178353
2123891648
-265780959
-1108361954
1658092777
393223849
403126030
-66945009
1371958403
-682026379
-974269379
-647582149
-1834991045
-379097760
1557742149
-57888944
-975359689
1202454879
683437269
1464696641
1064060279
-1258352320
297714188
-985478655
735465035
1505309711
-814619640
597589902
1370717189
1214724795
-1917296707
857285680
1458611440
1630258170
1986034951
1883136258
1424975232
139176553
1460894721
215193777
1334546378
210809078
74109847
1049396355
885235254
-1358950015
1577207129
1476271515
-1133961870
-1525100095
1031199378
1224758906
1545159081
-207093148
-1062199655
-1481414455
-1962075404
-796963718
2010262118
-1150960811
1985223952
658272531
235689319
-354180006
-1341985199
-1625907418
593600404
-1467315197
772518359
-275725388
-1446696767
-2079509711
1729380606
775829548
850807090
1953440379
-2014181350
1790538513
153952116
10061173
-1833272732
767729369
-1620990102
2051798581
-472755922
796277528
-33247579
-1706033902
-1185609122
619326429
1411594745
234768559
1087461913
-780018852
694300748
-913251785
-1511095362
1781551564
-1060544847
-1733434903
492424725
-890673262
-30266956
-1823840297
-509966649
1592882591
1021280247
-121774871
777931025
-305321963
1879695869
-371605464
297171892
-1500948688
662934341
2103084089
886782512
-869463453
-2008659814
1816805670
-963175120
-1096414783
1677518761
-835305884
1807914567
-710762082
-1599001644
195336465
1835848413
-1798210442
1810777157
-800617860
1673222755
1160427277
-265896124
-1572859158
-412558387
1936954070
-1321380147
546966679
-1520509375
1533045400
1794470493
1430776570
-1083356916
-422654642
1929998860
243575373
501085909
-875830450
-1242425632
-1394166964
382846996
146375086
2051775583
383170364
758638788
-1238986781
276453221
-1412839378
688340310
-132799574
1811541560
-1043451516
