832929275
1920816354
-1660040077
207986840
2045318966
675611904
-32578817
605019328
728290852
-1252784343
1216481218
-1228347144
251784804
-53251980
-748218391
-1876899485
1277644920
21877926
-316582722
-464564091
877734860
94976488
952622926
-1916920809
1532234998
236983225
982501963
1484065566
1494555710
1675262245
380298804
-611352263
-1536868255
-1440216521
-1106990158
208800571
-2094716526
527317163
-956766139
48052473
493914305
-2065307673
-2085220065
-109854620
-391186658
-897673172
917987407
1897348569
810373600
1592561928
-1646190558
266347959
-724922814
-95764721
546031813
-1012221134
183454157
-351258422
1383126063
1434198118
347577052
-1801150738
-281646019
-1012935762
2146100573
-1679963184
243619614
-980472265
1406515156
-1822128616
-647576080
62502863
-329911131
799353524
626911659
392061954
-1129722990
-1429437936
-762613186
-250409881
1282819969
211825795
-832087049
10009655
-310217598
856003084
-25186521
1802543390
-1527750127
1711317309
-865004027
-493963947
-812808809
-803165834
1882746066
-1480296720
711475510
-1309758378
-1505054658
307183732
661689030
-1757052305
500362762
882579116
499527449
801279800
1598823405
352583612
-961114746
-621199289
514259132
1970091894
663857061
486722495
747264964
992400620
497316183
1537663494
2050922106
-821054139
420760840
-1091483973
-1178940330
-26558508
-1924726729
1423148263
156591355
213636966
1580657718
-1783549327
788987034
1735527642
1103859502
-1029146921
742487704
980018935
390762854
-447756005
1330845295
-1985227911
-1921654076
1186797818
1684521681
1316492653
-969954157
1077532515
-1262954734
-722287426
-1262150778
1179292199
815670982
-2116570354
-1232255492
-437774612
1731794857
-1782101558
-593907067
926110055
-425921089
591050104
-854965596
-1748215607
-941234756
2118054482
1399752150
-1803001734
-1511908955
117149208
901429458
-37126140
285682614
2063807266
-1091111661
-1636399535
-358104186
1924747444
2117293203
-759149543
2046552424
1761178773
-810283560
-591054443
-1177506795
-1998444062
66374707
-654642312
1675230343
2037281055
-61683641
1448174367
-655629273
-978967154
1143039176
92376582
-770803415
870245316
1860522884
-1825705858
129119543
336348536
-2052159833
1755402140
-662662580
230131358
-1102482886
-900450700
-1163980318
1596188596
-1954258452
422613639
-1762061744
-2119802534
1179510549
252584825
1753683564
1217166632
2017305335
-816205306
-808426633
1767335867
-244780730
-310099401
390994234
-624062447
-780585238
-352930608
639969388
498493462
252827906
-1457943540
1981729622
-1556538754
-1661984724
1489487755
-1776458567
-1961866795
1645186051
981404555
2110122223
-1672336173
-440313112
688818006
-940296881
-139617291
-363967995
1051283195
1108539861
-1225661368
-1801072241
-1319625664
1960188162
-1262455929
235823434
1125231318
1499505153
-1650151064
1778278738
-1031789618
852347147
1388288562
-1367475433
1055738955
27689483
-2097549677
351137449
-751408263
-1555848828
998837423
1678768181
-1807475779
-189356110
1757398652
-688813618
-24020178
768711151
-974796468
-1759388303
-1492029629
-1350005160
1399155371
-542596285
1568141260
661507504
-280433046
1774374940
-203911898
-894193789
1241356795
-1866510264
-1863670359
-2077387634
-370923265
1873650315
-1839792539
-461659298
-660900067
640458597
1249489678
-131912906
-1771343083
29880472
1010741556
-2029006539
134459156
-751371033
1064186550
-1172837448
-769514935
-1833415649
1126296440
1742778365
1659629495
1089513306
980606547
-249227768
990594637
-899319422
1543179597
1462539977
-1371361741
2132685844
-289048311
879569022
-1386784922
1450228774
-906353792
958799190
1866022278
-457628758
-952432143
1786234967
1181299950
1308439284
1031948822
1817578624
923415813
293635705
715187864
-1007535567
722236371
-1084865319
-1350508861
320528075
-239720745
1045016862
-1773892227
-2083100013
-1481179882
2118589766
-1668775052
-798502693
573613687
1308819710
2125222038
-986020253
-2098201522
-1842005840
1180299462
-1440382468
196583222
-1650806593
499830732
1967858542
-2093605341
-1286602479
230987916
-304733029
1162803894
1698413773
892814202
1177680099
989798099
510098021
-1979115443
643776202
429561712
-1718429738
1379178226
1978345432
648718511
-1489240274
-1104708669
1813707456
1653641007
-1609732274
1351701240
-498396220
159548063
1499008241
-1346154659
-1701640361
1170066835
-716914708
-1331013563
162974467
1075973786
667754679
-1366850883
1099368588
1394013839
-653854165
-736466427
1179713366
1876891695
609264525
-835445957
2032179203
227515628
-810518838
1541441625
-945975712
-1811025152
1991108356
1891612257
460772737
-772683580
1288108877
-1308157226
-1931634134
-348460735
-713281103
1094114414
1203996528
1706020359
1728646777
1075178244
-391761505
-1347225027
-1853891666
-1421663533
2112605022
883585785
-1973199652
-220664095
-462190319
-671749935
1564572439
-1367073096
322852478
1780836018
-125948606
1933960027
825934514
1424726511
-626122610
-400283784
998852133
-1637611619
-1932204735
-343230759
809256732
1693893405
-1596808264
-799872736
1676247118
-945260039
1166646702
1183761331
93892042
-1673598732
-603717698
1955579636
653632535
2056195675
1181140774
-1754211659
-1804978788
868986273
-486096947
1793986027
-1272542654
1258289194
-2017403257
-1110696543
-1167798953
172715878
470252438
1438447406
513758645
1278301218
657076595
1791863210
524200995
-2103494886
1417044943
306018973
-1447619590
1131642578
1546302164
1650790905
1919121931
361100965
1058528943
-1739591350
-739906112
516012830
1735253842
857319979
-4978560
-50260090
601633910
-1539078149
-1829247144
-1521407811
1863889375
-1504796463
441752279
-649307827
-313504797
2133950892
-291032776
630721211
523872300
-637539858
-87310650
-1870462944
-1481017668
-1651619317
-385873796
428301817
293918513
1279392125
1408480491
-213101766
909004362
1457149947
1848649568
1458618280
1942884265
537808361
276851013
-500602008
2050924506
-1399005167
-677132857
1733469138
552800915
-1977169261
1629223865
-935439990
1794926909
-233679078
1754409399
260365265
1680332210
-1541807536
-2124687218
1102081304
-1602755256
691586195
207341531
-453022506
-355018738
-625896984
1611686129
-1393278310
-1459574699
354673967
-1990462464
196458083
-41449870
-866702696
-1515117710
933528111
364760257
1422073173
1292902808
-591402799
-193155093
-1288311663
1776788613
-1329830393
-1938870420
1417886624
-256461766
1129106379
16583247
1713795447
1199224579
189751529
1416215612
-2005529763
-1748541409
311809233
-797456716
-1834162462
1679582374
102243502
-987706726
736737040
1407654567
1959759287
1123497460
294918368
1876715152
-579286844
-1261532685
-1231422737
-868640046
-665826525
1788050736
518999153
-1774113340
1187428524
-2045936072
1390749541
-2144179768
1835479826
1305958986
-846403062
-649495636
888885883
-1149957026
-475073647
541557586
1553830739
1934162025
1159985171
1423477394
270814557
143333087
-1814356028
-1591245218
1516013578
277402745
969303401
2001651238
439173134
-1348687304
2089412615
-531270274
573633071
-742870616
-1839062052
1381045246
-1260617889
-1672496791
-1434433901
-347338903
-1322795507
-1575182869
1666912946
-989811695
505236663
318761592
-1369045418
1015711609
-872646205
1395132023
965196066
1730511164
15815823
-46632210
-289168011
-1943189972
2064923590
1667816520
823840986
-888325699
-358384395
-740490152
636094404
603167140
-1417750179
-687683427
2068029562
-501172293
1293288458
-405550905
-785516208
13987367
293104932
128741753
-997251561
242364859
944107140
1380085584
-635338538
1854563999
-1104859766
-429863388
1700008377
-1312433364
1583203885
632309901
1840579145
866422042
-1753115822
1295420329
1689489373
-656991011
1190242402
-1851821285
-932564656
-685730997
113299478
1510965590
502850547
-136553087
-817978220
-1972430822
-1174219835
42836743
-1097624385
1863464254
-949890335
-1953801678
914844362
798537648
-967486409
-2043756854
1880172558
1646227642
815390078
-668987669
-18331106
-1701149306
338764905
246919728
-1573073641
-1732909853
-831370472
-299356403
-600015045
-115288759
-830672943
780636796
-1520338495
1240850202
-1868495889
-1827328549
-1007758618
-717187286
922263065
-159199468
-927081145
-457765503
227556279
-1445538050
-238057358
919921759
1833772450
-51457534
-1908754759
-1545448576
1200155674
1040217857
1598659658
-648963168
-665571844
1525756021
-1792705668
-1350455744
-1379786956
1648006101
-1148104085
161287594
851542640
-611030210
1512656326
-986175181
52365845
-1459407537
1822823654
-540886592
2006471798
1366572884
-1207942365
1192485514
-2086275261
486456741
-2109627805
1888557605
1310084671
-898398640
1234631411
-1142153283
-117833419
1146835445
-854684519
1131708579
536769836
589145841
1805419753
1086157319
1835113689
-385297729
2109736663
-786365689
-1200759724
1301648794
-1598515315
649456360
-735841266
365388901
-924515201
266172322
614737666
2050254031
-1998448965
-35430239
1296502827
-162625614
227583877
444694986
-1821779147
842622396
1905256994
-1732918597
-1577528201
252625488
-432931084
-814174633
452887583
1596840110
-1044503609
684162689
908904622
-1890592944
1546982761
-581132250
-1598511961
735980951
704738943
1906176897
-214387838
1454215079
809979798
318262425
-1732150809
-1509239666
-1910309768
844363790
-1636170472
-1523248469
-900130112
-255440875
-141128274
171089485
318655920
1398828481
-1504833145
1403309722
-306779326
1782325891
2050693374
-1390891855
-1734613380
434824692
-1360585891
-544149229
-1093432568
2104808401
1564685967
-1998064834
767680003
-1637853627
264777241
-1922142310
27113493
-938723218
-1239227061
-1911142503
-1217073983
138009882
32622770
1623629848
-1199893763
-2009227824
-445982000
-93781493
472105733
-1658350057
1980323854
-1323998886
1967283563
-1986568462
64824817
582823429
-1082740878
-2045673815
1761968524
-1340877939
-1093728099
1423282382
-1081892555
1316309654
16618882
1218472574
355024251
1282515144
-418901021
-1699365145
-651020969
2108594935
-1120521218
1480656907
-1940405856
2050938243
-1904985309
970307523
1444867012
899680000
-2052801657
-841812731
537607092
277367064
-608864936
1877961065
-2072391392
-1195078736
1643689233
1232462568
2054708196
434673225
512082702
-1090269721
623814593
1655913384
1903704163
1042729843
1940434767
-1408261191
789531880
-817436722
1748658738
969330608
-1322552680
1797207338
2090191500
411221105
1538904603
517918388
-331440718
720815922
-2138932064
321423315
-242269151
-1894303651
549938928
-1597518927
-1656982350
-830203718
997163456
-1772785414
-998932723
417969357
911901510
-2073066014
564248923
106656380
1714370062
1859344493
-1231862465
684973301
-1161862899
1071202026
-2146322426
1095699150
1949932790
902161599
-920636900
-593313171
1611836108
-1638064276
-879525439
-1333133143
689250231
1096716233
-1565135619
1888470449
-1918928357
106206098
-284123439
1189039148
-284822553
-1583199451
1732391854
1421741729
1452189226
1615181705
609032490
-338280679
1154732523
-1114688334
-415255311
-893479677
12673593
174052354
1036224249
-426338986
-1860174976
-1768662253
440384249
-279136004
-1745802210
190507699
-1374757605
655758702
1057329717
-997354961
-1878088208
-1690997861
-1301345598
1208767188
583799203
-1104559858
83770862
-1867163726
-486721935
-1831147697
505158820
-683514461
-1675784616
-2023975544
-1673190557
842975115
1025026062
361166955
-1519028652
-1346815264
624587572
-1045570477
-63821154
327786604
-1319396405
-140651095
2110607609
-734366383
-1246517018
379128712
1648858497
857888846
-2128489823
478382244
957057228
-767942848
1314440017
1493775975
216786494
671105258
1701361660
1367729756
1183804315
-545089800
400995339
404360656
-1811278371
213105728
-1700348866
1105008566
671930183
599886667
619334879
-70750005
940710585
-1720286956
-1119649990
2047128058
-2139183034
-1022883825
2072023627
-1007383295
1427357443
22015852
2080033465
921657171
210270241
244290204
920575491
-1403547840
1693304638
-1161857773
-994812680
198645586
1692511223
-648653232
-473116308
-363928582
-1597282111
949944858
1469743912
1068230508
614716153
1315201291
-1233512414
-207681594
1600786488
-1137734318
-1686535187
560155511
-1365879572
-825495629
-614860174
1066395614
-1025411036
-712922926
632412640
2024412721
1439789226
1303825073
-269565984
1040503456
635965270
-609474953
-1488503283
-1497699911
525503137
1494397555
-1548820061
1383200782
-36851848
-1568486305
-673807755
22757396
-1420047534
2108611560
-1670509276
-1160676787
-1817795708
-138471059
-2038678387
1883308969
381226451
-35881721
-51120509
1828326953
207683146
-36890167
804667326
1533196230
-851173810
-505124536
1470823186
519646096
-1262599953
1320045405
1485432803
-2030816999
1480738944
1105444393
1787859928
-514666989
1802195305
-307981735
1870214094
-1877877193
745879098
1222746026
-1127114737
-330775192
1353761028
1922514351
823177155
1532796952
1559829988
-651164463
431771557
-2088004118
-1737137441
-2040259689
1402482682
-318229863
-515227403
-362179544
-269331009
502720791
2022519408
-1148281331
-894411999
-803330823
-838092164
-1315008454
-821802190
1362857489
-1299281412
184487758
333907161
1761043036
2036964762
1686295577
-1730062071
1536756254
631744800
-1060907425
-829663180
1294879307
87057414
-256974885
2143585026
-2012694231
707693387
1896270726
1477628478
25909554
838053000
1346762008
-1802909168
326925886
904203841
-1582785330
1166281841
1286496481
-1344386690
1033061230
2090147546
-1408039919
1831561369
825508488
1507088190
-1552527092
1527095130
-412080899
-508222405
493063544
1385885760
672957381
136258699
308907979
-228961503
-259691796
1370210752
1061377516
-1144835851
-1921676579
-1474936272
1839260186
-510637843
1941551586
-1907980755
-962166259
-1895607606
211585514
1110303865
2130109530
-1483214227
6223501
-1036985864
712941595
-1816538967
-1249939635
1078952103
1618875086
1015213408
-2131705313
-1444281908
1756936317
-884703539
-445208023
1595766639
796877343
-1695682019
-948566325
-2088177400
431812158
1586159941
1927479011
-216952967
-897357863
977932815
181900365
-2093487042
-351162485
688706164
-1979618392
-201310238
1529352940
-660650447
-121779105
-1651377228
1275360822
1336899988
1168579815
1221249722
46461995
1805798806
533159749
-1270075930
-780527562
516067630
-220761645
2085234567
522196688
1916263395
1579882562
-1798002174
-1740068827
-1611137629
442896610
1539096001
1119185142
683612115
-1323910624
-1009675670
-1212357184
-163073113
-535360432
-29298860
710063134
1404922290
962390957
-1012287690
-1473429909
-1829114176
49223325
1546023713
-1341512277
1841666531
-1975241672
1602295983
1539071403
-1001277493
-827996405
-333414532
-105027738
112475995
1602816024
-2024588843
-1448260183
-208553096
-1704202719
-1281178449
-406632454
194739747
-1478171355
1964327643
-1762973770
626356425
91748906
-688703626
376042361
2146964953
1772912445
638186405
-123317055
-193425513
-32871497
-54875262
-1688749099
-368459729
1733754049
-1364105647
-399942173
1292293901
-1008969191
-937542154
101478760
1432936299
-1845476587
-1828806229
-2126033708
-1578228693
-2094397464
1135316973
285559661
1479769318
1211650851
398261175
1862638706
896325700
-640972929
1453445362
-549101436
-127166579
397522393
1968131115
-597444287
1366724480
-1811058819
1164024198
-1740329166
-1470053789
950073510
-281874702
2036470246
-91674789
859545413
-854747747
-1299728802
-767618307
1105148417
384865962
1722464171
-1129573084
1544557439
-1582956767
1130470870
-1810014204
-1524513310
-328929497
75337471
-1349251969
527944341
-181868434
950202056
1596247991
1524154951
545984494
-742256653
-1272646173
744470839
897668820
2000084041
632010342
-981013583
2066923194
-765421891
986461469
1568394967
1582247193
2012290001
-1520581384
1017405860
1196196347
-29014983
-1754447924
-1036383698
315745780
571362749
600541030
-547454166
-1263172782
-189895069
81429474
911449525
864034451
1361638860
-1527041218
1204214609
1370309143
-173498146
-15426007
-676453331
-904531690
-1432026205
1020577313
2000887208
425661907
-304468624
-2000035652
780068120
-165404911
617868105
-1652329404
-581946682
405373126
-1962914685
1171270025
-1478350531
-76936178
-397193813
1848010483
-1444260668
1368216162
-910176858
294848726
391683879
-1299937271
40382745
1181403914
-1255392323
1726912974
-575973366
-575653959
1339871143
1673226738
-1252472377
1693003642
636967509
2039572580
-828294394
842817183
-1987927474
-2097677777
302436941
1465922506
-1447613905
-444832717
-1461530988
-1637209146
886239732
-617730793
-330533848
-718895469
2140244086
-1104467331
-1484299311
-980567614
290795828
1992469879
702398519
-43109373
-778689963
1765442106
1395443073
2041988604
-654762259
-105400559
-508512450
70468699
-692129409
1316511380
688343176
-2108147922
-1772975422
833274137
-1070734746
435137137
13879464
1476505961
11758706
1119974376
-942069349
1458370742
-1431602245
57573935
159576073
-396882484
292228076
1901201679
-962692574
-650081401
-1426774355
1750638354
172020192
-6743420
696261960
1974673496
-2094286521
-1710964197
-1042138992
1481927339
-356469010
-2076060532
1698628350
-779729199
-1887836483
618326647
1581027612
-405597406
1511559927
120037777
1956277285
742851417
-1724524166
-821161323
-612760851
249891246
920772933
-443469193
1229112574
945339683
-339581893
-1522036001
-1710601213
632279326
-1024880346
1603876309
-653576342
-1401228745
1303022077
-1235588936
-113533372
1935613011
1061225065
340056692
2059287406
-98714127
-1854553467
-1724948237
-1191725066
1168850115
-1782443547
1475879379
1170454454
1045475200
2114997978
52171354
266046533
-263266056
-2057816589
87163558
-952454640
675672168
1194958277
-483481560
275479491
-452582641
1587587823
-1162192045
1365807085
899922689
-1431650216
-1103594353
-832168734
-839850182
-1095520326
-173296524
614459107
-1306648331
-353964444
-157187276
326603900
896698942
-567750085
419615575
-1291789011
1561534918
1290279681
1112441774
1489993292
-806821898
-89633831
1067326593
1253382697
1965232454
1914280202
-802937846
693855602
-321617458
429616643
-1462319577
-2071378215
788483612
-464334946
-2047818934
111660275
-296981176
-489808216
-1424106829
-284811677
1240025158
1841561249
1321673697
1755957303
-422120837
-1710005057
1531382597
-1872032111
-1986275438
1661408056
-1458313672
1995645834
-1493044593
1329530049
-2106895825
70019154
1519968803
-641299375
-2097687763
-1475142501
-1789628862
872820010
260924792
718741559
-887794958
-492015847
-89065841
-1977242881
-1535941530
-1483132165
-311821990
-1652809993
1342005323
1099647875
-937653853
-1781311313
-1668022176
-267887045
136172229
1476731371
-2100616628
-890023736
-342119006
323201670
-1231742805
-909785487
1502325210
1477782418
573143401
-2103086622
-1109068232
-960227132
945421651
-304726228
111926384
1079411727
614286571
-761882097
-1551055865
1361418126
1530959483
1870877820
-214962030
1784170918
-1716590228
-1233850028
1984851746
-300765333
1187828439
1520457590
-1272715522
861770050
1800283996
-2082393864
761282962
-2132793912
1390634546
1270119091
1970757032
-1161816334
-831897217
198051844
1834762709
-1365625483
372103146
-744751407
966296117
-1161265560
1459123053
767004618
1871170906
441472806
-25042577
1483894513
-712321919
-1625414791
820164625
-1717252005
528745222
-1226728972
1382423752
-841487049
790870297
2117106335
-191307733
1780831503
1706098098
-2016703527
-2079456499
249794382
-1906910271
624689530
-348260146
1941754113
1406000810
415085111
-1352189202
-598422815
1169973744
-120799414
1537999330
-1553017967
1352640559
1777570386
-166578390
-2116685277
-1850020529
98588023
-1496845149
-1973646112
1856563190
228018641
761275673
-312360888
1358917182
1107927050
-1897915872
1084662359
-784584280
-1196509375
-72340701
-1809975799
606914127
-1556617679
51294653
503649056
1651730784
-1739246958
331740999
-667089372
-1779615031
1778621119
752543665
1657220267
601218608
1380177304
-1242325611
-1011297830
667924262
-1281184599
1267866505
-802320597
313996444
-1242934133
3196596
-738691728
-2087002219
719742858
504592035
1531986455
-258399971
-912628089
-545706403
1119036590
-1677724807
2045043744
956814004
-1711089495
1058665119
226999821
-1509133859
-1331554461
987201512
-265287476
-1396707261
1164486242
1715072259
-2069982848
1667837591
1456702943
1448206892
-1413735914
-885850837
841679748
1258386334
1366471593
471691392
-340740745
-1983538618
1960303399
-1277727971
1787011479
-1814953032
2076785716
-389648222
956896516
973434214
1742224974
-2008017380
-1433604124
1995177742
-1048657871
-723934311
-122394268
1080580212
2035918204
-769148161
1535807485
921912913
734796436
252778521
-308409864
1928155787
-600263993
-1357595150
1327225395
1618781093
-2144615244
-1634392730
1464544549
52748152
1386522859
-830521099
-410357218
1928201507
-1973305648
1497197018
-835828525
2026533439
2112707524
675514971
245820186
-566524073
-1419245435
1216551266
1331260145
3645334
1391374549
-1712669875
1491434692
642469826
255961433
67017729
-1100882449
-535093143
-214192188
1154733637
-156448896
-1945487527
1777748276
-913671092
1820757314
756917332
1298866907
-1660480109
-1576490762
-746896124
574118114
1147512301
1147909603
1029600300
287819657
-1783787045
-1959583599
-1655965664
1584908946
99546145
301829840
-252582794
-1243214113
1030174869
1654998015
1370972926
2137217625
-1412165574
-28572278
-1614047250
-1922994668
1777930892
60965812
-910027423
823813808
-1865572323
-1083077994
1623101954
490946306
-938616224
-294748314
-1155999996
1653692658
-1371355964
752283132
1753028949
1167405222
-1056775420
-1247499630
1780232722
552246751
107866301
-530166837
1925343804
199313315
771444288
-1101332234
1289932204
-1966723556
-2015568215
1300170899
-2096088764
1025601216
-1129082064
923437845
423401575
-842422607
-597274690
1052564969
-844495446
2061539173
1070552259
-177573194
788579019
1726149001
-17925562
-68946202
1152924641
-1305515486
-509900739
-5150875
1865451989
-1408795147
-996851682
1904483497
415049744
1833862953
1434381237
-504425743
1471730037
-59635414
-1087929032
-1809517872
1992669329
-349153585
-1315779432
-1804624404
-1428386031
-761203010
-1188327
-519224317
-234876812
1781819919
-1893851612
-1537522641
9569281
1503082799
1261604443
1324834410
1369565690
-1648465146
1844240366
-2080114349
1599916048
354536028
1041815340
960790577
-280442598
-662004360
465425500
1687362872
1634640897
-1557941238
-1046506034
-796830709
1832779263
266465098
239109932
-1089912702
2048474120
-1708480416
-420924907
1666022828
1330149255
2114951430
861774827
-1094584041
-1495627187
265169515
-232596244
1660433998
-336173626
1421495898
-1195139969
334349986
915286381
1604011675
-358277424
1600387373
1065921665
-1576862055
-1326342242
1353975571
1485663992
1636752196
-2144881069
1443053579
1693066676
1166746936
1228595028
-672204003
-725068300
1566601502
1981990554
-1744810067
-597904371
-1799050670
2038179713
-1867261257
-1524549288
-1373658170
263673312
1004672091
1388717422
405623589
-1283603367
102300060
664100498
937826875
666442737
-2025845148
1338434926
-1655192941
490453218
1458305995
1207717890
-2019553439
-1179410257
-44609896
201621465
-1276900958
1317946745
1565137415
1332217725
-1288869247
-1576752495
-946699572
-1269697748
-1916155908
1609350734
-1035176361
-26220341
-698521657
1147534623
-44625318
-1986014438
630578288
1430565347
1178239111
921734184
1468453059
-1719638153
-391558498
-1596048631
2138940783
-1793106032
1643408038
-1056286521
-188824343
-580771125
-981886086
-2126868331
-731262576
697269762
-1970819706
-1503072438
-118484463
-1175289631
-1582505006
-2107435507
2019213324
-39759432
-870343360
907895884
-564847369
1371335314
-198062575
-1749398287
1472753986
658969477
633605549
43338455
303454652
11349579
968178851
681846906
-102758604
-1829001455
194512621
309890798
-2096147357
26680975
1707591289
-1319694318
264295945
328573272
-1182103068
209199109
603736405
1755545714
1065763720
718975447
-1155857271
-301686999
-1934924616
1566010243
-1886237218
201083423
-786994870
-1541495523
-523125596
1978854312
1838552917
918202183
-1958475603
89272660
-376408261
156425449
243461099
897939148
1923401705
-863769568
1001716312
1880459745
1360196445
-773068170
-1273588715
1739856866
1155352424
1707679828
2082297302
-377719763
-1221232972
821890996
-1263031428
1106524168
2127177225
-1381191142
-266311421
548428721
-1811314229
1859264964
-1663529571
-1490054989
816961479
799220256
366449951
1992082810
743477550
1173568381
488962972
1665239593
-237115168
300899845
-736897201
1192849067
-1447966226
2029797354
-998003523
-76239352
1793344090
-262149408
-1088954085
-219563271
-1073523168
1509043402
1435070188
1975157181
287604345
815194039
-1806909202
843805485
-1460119202
-1493156593
2113918774
899132686
-538227382
1214689289
1001593498
-2142317658
1472603460
-205071520
694256206
855535761
938338588
906872389
-200085551
-1351488812
-1500350988
-777624426
560850185
1553034290
-1307600126
-648352176
757856428
-709277762
-407060845
212843074
842444002
-334973519
-1633464494
-201027581
-110588888
-926943107
-1252751927
-1641765594
-1857507209
-793559263
513489448
1455208875
-288024411
1398331583
290378309
1756497848
-640520182
424578411
1079544804
667679368
-983683995
664481861
-380852425
1842208930
-1981143551
1940831945
1309488551
1060965710
-23654893
1366597989
-654012203
-287105724
-1890228378
1844502859
-2015248933
1273189030
1770710329
-1759877240
-1767817002
-667599823
477385831
573675861
-665770840
-741991506
1666872008
-973871699
-861455622
-425345107
-1338877737
