-197935028
-1107259336
310227400
1068357131
230342280
-1899194455
1051578738
111872732
-1816120528
714233624
-2052404074
-1676354652
-11123271
-762141045
87746292
-37773733
-837170904
-843578380
-439327496
-1110972680
-1961722665
1458716322
-628374501
912155139
-615508617
-639834630
-1585539704
-35765145
56644184
1875996518
661577475
-1271241588
-642080024
-601798772
200615430
-1090891611
-1593696136
-113032510
869108012
-1832782266
197582918
360915138
1909885907
-2047627464
779870647
-1954998374
-1984006149
-1331312752
1676090595
-1938122267
-2079688076
1075958014
-391809705
-1466643393
2016468280
-1598728350
-72051435
-474718731
959579157
-1929327964
-1332677665
-777668356
967970703
392868292
-476672332
768851236
810502659
506100527
1060574107
257587853
-1844460785
-574652844
1350600094
1231462233
-1853702863
-438435209
-409232103
-1036940125
-1948724818
186998469
-1919326156
-881506642
1677717172
-644905049
-1738805331
2100474977
1560187842
-373580454
1071506394
576184819
1385951303
-2093330497
970561006
1165703906
1612236937
1897671535
2047852922
1706815272
-493402936
2037326866
980609591
-802752591
2114850466
-1252397071
-679194110
1006857735
847601849
458819784
377211687
1063267150
1512238226
17458656
1420028641
1483203191
1903409856
-1691204771
-303538143
1855990192
280062273
-1837856044
-466849138
1485514522
1622305831
1994633504
-975442483
359322814
1594569850
490675574
-796328703
861933504
1558208860
-70750795
-393364843
-418453803
-1723310226
1127754754
-791644104
-23798798
-1659037070
1473235348
-231341271
1563757893
-385571534
806351563
1497196724
-1964410520
-1853752417
125276295
2113208059
172479188
-296926404
1696664247
389068281
991663763
-1941623364
626565168
300283076
670980665
37839338
-1952454721
-1190033647
-2074966764
724045512
1027591809
-573546755
-1785468766
153554171
-724850831
446443274
-1170936765
1225994853
-905109438
472457319
-1602863057
-134824941
150613870
-1368249997
605178793
-1711148454
1926451086
1767229572
-1049310604
-274764996
-409363476
-2047007005
-607498874
1973391119
1894883926
828631067
-272985349
377832288
-478085580
-1460197005
-1571034804
-1086857196
1176637660
1755739576
1243419072
654103248
-1742050523
-2044088001
-1455008223
1272812698
246791226
535511593
-1635138125
-3877440
-1917822544
657848552
1260768609
-1578630152
1232712921
691698946
-962814151
1640009416
44585306
2037924372
-784982758
1865059879
-469888774
-296597222
-408339796
1819586404
2083842237
1851273709
-1364915569
-1652061113
-1220979919
-833593076
1673587414
1493749877
-840363002
-308789858
232686774
2143342872
1707221220
-734278729
-1333816454
1775205055
609665913
-1804196134
658286266
715635074
-1172748080
1549836478
1470714827
43433833
1583534569
78547029
-1681552775
-1324430067
951982469
1253039369
484638963
1682137216
-1430764736
380990024
-102700282
-1558253975
-1761146907
-929740990
-1559269234
-1804039821
-269167875
-1699342607
-1523607768
-470672408
754492841
485844057
-216296660
-1873930344
-9907535
1949009681
-1779518502
-1567244289
1167386588
356875265
-180134190
123171494
-209430399
-1004241300
-946811191
97948105
1717353821
-1561350864
1159301497
-2105739975
1682685351
-2038153140
-1183399719
-461896316
1140716898
-998960477
-941878386
141157714
1299016945
2127725567
401760417
-1246147311
526874096
-1912604840
333423217
126942420
-1697447616
-1855164076
2130511082
-1068898184
-1279409564
693639953
119253750
-1945533944
1372042251
-1373065950
1263261491
1880082018
-1293299219
-244644136
-501126169
-1916342246
906894297
1103132098
-1716783568
-1520372579
196883983
1641705846
-603473793
1911369625
-1686160694
-1148203120
-405772217
-1030561636
-639725279
1866642426
1796575984
-1337762053
-838017777
360628589
1157357073
922822645
-317891376
19615288
1832228574
-335074537
457262958
1948623168
-1540340513
1223555297
1247019162
-1294763193
-226741277
-1247627351
295056831
-444698512
-1395775181
-371326273
-414893996
-1270032894
-1421166583
-1727588399
-79877775
-55228308
1506666818
1934751377
610912933
-1584001656
-489084333
313349780
-214759418
-1981163741
-755189895
1140823933
962563976
1772595645
2117137716
-2088759462
884541842
-185341044
786918645
1475107661
-631060786
-341516345
-1360895723
1110414958
1854732096
-763555296
928853001
537631471
-600064358
-995985775
-402727212
1991422337
-193283635
587284827
-575417668
272782071
-2134193693
-457852085
723657280
-2097815512
-1558104053
1267242558
-952615608
-1796049896
1672251125
-432175640
-225178466
1509635161
721716576
1076633808
1031035036
1668268975
-1280281104
-828944994
-724736217
1290582770
1095196740
-2001223528
-650836773
1660963896
-2095325369
-743289494
2095672711
-2082245582
-442105658
-1074065115
1920583643
-1102422570
2113079875
-30230391
-1160894368
-1905992642
-2037631224
-291805561
985157543
122822351
1120060286
68615936
1024825285
903414686
1298192831
-1434920493
1780335870
-1167545330
-274451608
-2079251946
-33444417
41629629
1180730548
871916962
-1816662575
-693188192
846529734
-570025772
-1945823028
-1316537492
1755424581
-490401134
-2018500663
-1257430217
1350425389
1097155724
497737307
832900959
-1139023132
333067204
-1509817666
-1060889430
654383499
776598863
-806959791
-1730852178
-53692009
1927852892
-1487396031
922038899
460060831
-1835467147
-2061987706
-312474794
592678007
-378966267
754472211
-1664619985
1327754620
-527672551
-1706292919
-1987557706
748612145
-1242651542
-605428308
772559650
808083466
-127999333
260037080
1476796946
1401236872
780561854
1656725173
545068721
-1391414907
-2096493284
-822265879
629750548
-1335727152
2034257461
-1934649202
973281509
-403270916
1749534725
1997168420
-909772730
-602557579
371707529
1877138633
-493049617
1099738067
1581931136
1753340839
-120637032
-990406030
1850091894
-668542803
-1932901986
-95055806
769415677
-468147071
599695584
1571036378
-1149433795
1248501684
161667562
1973356499
702197423
-1352858057
-303207851
783403859
-2058596571
1622277645
535938413
1592632296
-2059753459
297295169
1648350484
498092438
-1630209547
-915907814
-2013256475
-1881889230
-1492246191
-117596018
1111825308
-318235407
178980988
-398627853
1072424628
-1720436933
1480046076
-1135690756
2133720145
295029445
1766357770
-235555358
112088928
1108864222
-1430190512
1130543841
719049212
2082096903
-1624023308
1608048869
-1372306925
481272009
-955970603
1333183109
-175489975
-572869949
807987987
-1029187024
-550919909
-1659070718
1595964884
1114889381
-1697294265
-1056347499
1692380229
1346684584
-614801813
-1316162465
1700414943
135500274
1998489836
-2033031890
-1322073621
41338216
-976378855
-161512180
-965344185
-1274194800
-594423921
-31137323
-121099670
-1066171840
-101499682
256496393
1428333732
-6899049
-1521634196
-812357917
1082400682
-669476815
93750425
-1917154134
-940113326
264276118
-294666460
1810567238
324764570
-16858126
-345544500
296893205
-1481728786
-713389045
-569934022
-2075709953
1633115306
785442414
1850079517
-7583545
1335385308
-414693908
-734911337
1407070884
-405052849
-208611516
1202653143
980572176
-1368823868
-336567007
1843439622
750711262
1115789698
766773062
1441552999
-797709934
1239811345
-1934552825
1309311929
-903008532
-1675820735
-582880518
15362527
1786532550
605196913
1824719854
-1202783294
-462390497
-1749725427
1180591388
1322627958
-1616837514
-2065790888
-751471204
-1505298789
1664115804
1905113963
-1561753318
1675729157
8528196
1467715196
-1955801655
654927263
1421341597
-2004296093
-1608528489
1926943115
-860396510
-1093492646
-3254623
-2036056690
-2118485136
2021366788
442734312
1986488747
-914139432
-1060552272
-1184741563
-242483443
242464374
-1371463458
-459619942
1695962153
-1639524222
1816707841
1048002122
105107235
456996325
-425595258
-339086102
-190805391
1886319631
-1439066604
-1047522248
230694846
-1074585593
1499461653
-1294482101
1795013904
903284419
-35343755
824618508
1631971372
247611065
1777979050
-173955356
1848546360
1507407541
-714274317
890806
-624398942
70868461
-1745429021
1036824591
1037992001
-561563310
-1353511648
1836740252
185047993
1807219240
281983080
1459366876
1144986146
415590872
1177829333
721624085
1458629867
-929808636
-1245875103
-614990709
1975456764
-2092814372
674815403
-31989777
201646874
1167218095
-1609099270
-2071146986
-1988183664
-377244219
-1679716734
1640245994
-238874614
-2054749333
787224038
-2001725275
-1364983613
1501949774
2015832830
1019234619
-597774878
-247490548
1896929753
229765911
82848289
-542969848
-1575055099
1998445834
1262340016
-938922883
1322935565
-1454983808
-919015080
230658517
915572802
-1709627148
738521570
-915328709
790756030
-160273499
-660124232
-1275696274
38123173
-1411831159
1899074253
-937866024
-211690322
-2061494398
-404897094
-29681953
-808540959
673744079
1233435433
-692548998
251467682
-881933372
-1922547594
1605355526
1044370157
1316043453
1807781522
161732697
772038626
1268672080
152540203
1369912087
1208867972
-58377791
410663945
-126364092
1477049789
-725183814
-2077595461
-242433254
1575333285
-184699845
704808562
1153299485
-1143551485
-1614742321
1617286956
-164814740
-43727085
-1086632960
-928588524
1806098520
1494366857
217172747
243238696
1243154234
-135949611
1179716823
533529628
305415808
-1926267223
-220743389
-830775427
-702779895
835831991
-77318401
-1096069862
-865346125
556903359
-1064433027
-1361131873
-1409024975
2133648072
-2025137753
631201665
426624801
-703006291
850021555
433812257
-819277731
1716036059
108215669
1600491819
-276284272
-1777660073
-65017324
1104399424
1300928268
-36331002
1633558272
1806880468
-1130197285
1619549992
-1877767133
-925181352
961016083
-809369819
-1825195690
-1359801190
815363182
-1069509748
751324694
286377836
1475684889
-1499985576
-1756651401
-1859225980
-2140756020
425200500
1662041944
-1106972766
168115994
1867450752
1166502871
-195643145
304993802
1731225301
-1729251833
292192709
36254949
-440396346
-1659883296
813660482
-1417093807
285614889
1900343671
-136007742
-510542178
-1775176171
-608514706
-758979052
1286429535
1425360876
-1780904787
-861311189
-1286654916
-626583397
1208418897
1909786624
-599421946
1765221152
468730084
355584439
-1907762932
-554396084
-1028301362
-1987601920
-1458145364
-609544758
-1622575092
-1202537024
1519153708
1655785311
205518367
1958769135
-1882361398
-402886542
979054406
2120330947
-740610799
-460199985
700445678
1269070094
1150216046
1962368935
-1242257047
-96049693
1758516738
516901851
2081025246
-1577503616
-652182088
702474361
-1514802816
1436328551
-2097389926
1083155590
-351597054
-536945203
432570464
-1797917443
-1442501302
-599311816
431535178
478401559
-21948828
910494563
-1002659793
-1414696755
-1150566471
-1911109020
783869652
-1725246822
-572055168
-79959792
-314965631
145323397
914701171
1868953502
-125657391
191701598
-210681402
-1752956791
580950730
621774663
1525294420
-875741509
206627884
-930982794
1739647771
71209447
-114564339
2073026872
314607338
542135606
-837208923
676502840
-1248055976
1155562533
-1105014682
-321138175
601641208
-324593235
-894637488
1707505856
1618067146
877245859
-157735294
-117757874
1587121651
1032066145
1697706515
1186357102
921949872
1931695270
790369570
1613934418
-103127928
1543145402
1852166699
963414628
-1607215167
1137059797
1608787612
-2037531838
248703508
-1335488319
-780533593
-1578448887
624478883
-1507074370
-756646310
-2057517611
311215402
-1854548059
2137033196
1701208200
-905271179
346866255
174024536
775625419
1045209105
1782403127
652609327
1588333138
-806587066
-661914275
-1615842646
1668125795
323185476
1550617197
352183550
1247669912
701442715
194278688
1940547060
296511458
-1992986640
1175589602
-838731336
-432161327
1128755693
38285749
-761120272
-945159661
50410105
-595041452
-1914803184
1928647738
-1181733079
140793499
1608673516
1609102274
-684710667
1618010917
-496768626
-2079560111
1298389806
263957302
-1252307639
1907551808
368781743
1222539227
3812622
235400538
-1548308910
799650640
-1515761667
1178783714
963437990
638690721
1210897726
-288150566
1654364894
-1717545069
-138500334
-546062206
-1752440053
-429375548
-1345549532
-1057562082
-690088051
-174973424
1156867109
898063868
-1045003321
-1704810186
1704884375
-1505420619
-1776633327
-281349445
1528222439
836040882
2006631410
-824138483
374607553
-621824270
-2141150834
461996012
634202016
343138313
2004077661
-1762150651
-1379591005
1312490347
463843613
1135285983
-1416856153
-483213590
1081562377
1761940474
1269183889
842947709
-2103993781
-1854134219
465446379
946735170
-811804754
81601136
1765107634
1885659845
127121303
257903729
1156662637
1217885058
2049479221
-1288008949
-631815551
882917288
1003468535
1807539324
187810755
1031833887
1285839166
1355733271
1776168271
1300199884
1107104851
-156427742
-1612805737
381304595
-1070581093
-1047090431
1307971006
-207890019
854680585
1586423955
1301876518
379299162
726986707
-1689029925
-1762771385
-1492263479
-501387928
-963832605
-1540867390
1673634422
247603360
273467100
131847349
903626692
2128418101
1884565129
-1318547631
-283525140
1101165937
1706770910
2110666920
-1432942523
1726617641
1484451812
-1113347381
-557185339
208632297
-1954614305
663751188
-695159865
-42232464
-748734799
-1293347649
-1232606194
1953451870
-1123851648
1429100479
1734829833
-2116261589
1853459606
-264086321
909135192
1430663003
1836259721
-1816123962
-70241394
-1350412561
409550747
-891516625
1873968440
1766178334
597478243
522732568
2010541086
1760560196
-667219284
1753273642
-442474552
207891739
1412170140
1892381945
-318699197
-840187096
715935256
-269041763
-1678403803
1493511543
-1156096665
-680205439
-955245107
-455791479
1919735829
1160341882
-454574097
956215949
795240473
-1847399909
-1841013937
1847823054
-962511559
-1473625017
1540472268
679707757
1857090477
-625596154
-1671256417
-1873341361
-785923838
-1754591076
-259254300
-1277320616
-403043519
-1313018665
-437928870
-907610664
1549913680
1187589289
499410278
740455749
533230487
-204151563
1427105117
-34198229
-1501298714
-700173651
1696975362
-1437937057
-509690987
2145200668
-523322547
2144940922
-1901152020
880404352
-194739602
995675525
355785925
-1133341477
1973615889
-1196001295
911297904
1111587082
-427917086
-76194871
-1206555690
-814717930
-1426164910
1640737322
-1080444192
1577061577
-322758245
-114309646
780163353
1030697860
-70654718
1428280502
1743974545
-158294448
1265876827
-179770630
-659209980
1958494770
419765202
-1514518629
1540597820
651767234
-32518169
1991529104
-1677243213
-58521346
431159482
125719249
1197461115
-1536737701
-2019725176
901320598
-648240542
-1641864931
-1081894795
-1904488252
-711034031
2091754727
1803647627
-1805880668
486237684
-471041387
-1007777790
1949860053
105282207
901621321
-1950844991
-1249866621
-1379514001
-1245977917
632228132
-517590567
-2140969808
-392862218
-1316835584
-949976908
72002942
-1322132777
-1160485149
-1350452072
-833272146
-732060553
1440039071
1096067047
474108398
410893908
-539469303
-1138307505
-1108550870
-1154429461
1461867262
671646340
-2056612303
-671663727
-127042138
-1591573713
-173649256
306534530
-1437970692
-427001051
315836894
805310522
-1695034483
-1525755684
776252368
-1332382973
1019751551
-303204070
168234286
99103695
-1411295019
1098957038
1716493455
811467591
778751728
406602467
-1112587903
-1144116701
1648142936
-502039693
-751433228
-1458637637
1093497276
-1087459142
-1852470825
-1263156258
728217911
1692017003
1243025667
-1064904990
-570350380
-1849381113
-2145068200
1464804092
-1482649772
1950512971
1483972389
1404292049
1436113198
2006651113
1540103629
1999114572
-2051136554
162684795
1263180454
536069810
344816961
1003893428
820272164
-1992186126
-662749271
1198138584
-245261514
-405923263
1516349837
1288596589
1593607407
-297516826
-1675529733
1601541426
-71552407
-2032117934
-1555538671
-1729604528
984398565
-372521101
-2026761024
1823861711
2105787447
1243118409
1554991571
1950536011
1263744352
-1819917128
-305438417
-95515674
853667708
-1432981856
-1394003620
2116353408
-2107854626
740215594
1924109380
1962838821
-460355975
986633061
243716409
-1336551225
469397377
-986797040
2113151804
-382661588
1947866961
784933817
1076944763
499632937
862439823
414121478
-181469157
1070491920
-618527603
1771249746
-1844111560
1765930854
1998671346
-1046187141
2102914601
-1558696487
-1374474855
1665371897
-365406968
-1477354128
-743476552
-989888205
-1563433360
-736500988
-2128992444
-1943647987
-247479416
923520238
1575409044
2129319109
-1606382528
7907329
-463993788
183212543
-1182591014
116303802
1069550683
-1778246883
558215596
397122998
-1969836624
-722145836
-629547485
23295075
-316078711
-1960110340
1242754059
-1243143942
-1811952764
689491878
1792398860
2079604908
1886517434
-636811405
-2121844617
2051331355
-459784928
1719154723
2078039874
444191755
808970033
1666342508
-144658351
83000921
-461233719
306129932
-1194265097
558740011
720284756
123258657
-1534964293
-378426264
105345319
-1603622216
-1786593442
-104206998
1181523501
-322732893
-1887584228
-1741540110
-173071418
1022225550
122627634
-1761556132
-65421845
-332402604
1943228576
-1575911917
1608444821
1674637710
472614704
2077633862
1554282591
-14892947
-2036738378
-1081567013
-607421335
-1876795447
-477631080
1592059556
543028864
1569390201
-142558064
-1265423408
-1741069189
-1428770332
85778352
-874923101
1000340967
722585048
-111275098
-2120667799
449869030
737064346
301349697
-1389474393
954098003
828252733
-1850033869
1357213332
-1979467222
293558839
340599320
1550699463
1816527143
727270961
722373303
930280752
-1311767380
-378220771
587396742
-1301449396
-284468249
-1854991987
-375477645
790308500
831717683
741012035
-976263199
-1809650634
852143807
-1397823484
254792688
-1485913593
125624685
255135409
-948728063
-1543350345
-409229828
-205465705
1308541048
-1446794427
-60910488
-923866363
-1417405757
319706805
-507863664
1508445982
-944727141
-733903616
1222020889
-156162063
1570540682
134464076
-1511427694
1167303878
-1725069396
1593252701
723395800
2026041018
-670202695
-1236582326
1172954812
1495444622
1083650626
-180183437
184119266
-1604128837
1884823354
161129906
1085502187
368615113
-556959560
1830202576
931908054
-41832224
805855226
-1099945670
742854051
-1493627233
1379081388
1290153459
1091753017
1929849899
549498730
-623811124
155316361
-856051573
1822722179
-1606353709
1858736370
2042478131
-1165465856
-1107809016
1116889063
-52580130
315794404
-764714410
-679933234
-1556323168
-1280348748
1758931393
-2047880405
1012226619
-411846599
628776923
829296125
2137672880
1238951043
882922108
-738675352
796658713
1090282801
-474035791
-2065207149
7713206
-1140923664
-407426060
1628943827
382632260
-1932352191
-1735839331
-1976734968
1515719573
360792958
-54994024
580036679
842229341
-282271202
1955635544
-1562476359
608275785
-1701740489
-92009973
761591234
454049877
-485549756
-2121915121
204503140
864416606
512597800
-278227548
1590140134
748987126
-635957134
1872700897
505930928
1088725623
1293692642
2096567532
545833593
-14305446
1611700780
-1759472539
705182883
-364505655
1998279419
1693460770
2106905061
1330909809
309258808
1060430625
-797014998
206085533
-994778997
864264378
626208184
1770380160
-801113567
1519833364
1984464020
-1070174767
-970356048
1975740889
1857581093
1415529117
-483852873
-1311046611
-732261097
-2076246952
1025842954
-421636901
-433046654
-2068625612
-2039289971
-496864303
2126902090
890089397
-1599221185
566142670
1942002376
-649671035
491912570
-1338006695
-1545491543
-1994924668
1308662904
-1342669836
-1324813802
-93320669
-1646559975
-392647535
863506965
-1355015950
-1863539230
-1036912059
-1728151762
-20173194
844845129
2035292731
335202897
-1953705664
-1367358673
2037339114
1435003383
1669691706
-688139859
1912509066
167731334
-832552893
-451542510
1810667971
-1856150279
-68974594
-974020308
1502040487
2089185728
-889214745
-451000889
-76587550
1589960164
2032139942
-660764558
-1563331536
1322214510
-2070944345
-1641679992
641345038
1981660681
-1866891798
-1604948114
309334452
-1631932186
-519223529
1543352089
-1223971263
1229765343
-1799427627
-573742894
-1773983944
1425848798
1400160859
403253053
466877227
729036416
-2033385402
708681366
1734037941
446903540
-1753976915
-1827933634
-1240908628
-1768443863
1270366066
433768054
1303009431
1974412072
1245534426
1141209705
717652062
1795998909
-1424155552
-617675153
-2075490240
-2067441315
1162909637
1760426639
337523720
-556023997
860916075
1532715334
208067715
272079067
-1587428125
-1905882490
2018146348
-1250838172
-278213436
1131152129
873331497
1827157968
816362942
-1280427098
-1767554438
1111903214
442935022
-1221417621
-1250296209
-70624822
289180531
-932297395
-309178277
-1420374189
-1618032320
-1705442156
446107526
-419383234
-1320021709
-1573961381
-674961049
-627495894
1169398887
1151165263
-2961134
467467013
1081567941
-1349945161
-1031048721
-1882702931
-672966943
-93642829
1753127340
1732354266
304550659
-1620951096
-905261708
237746234
2073977730
859920283
-1773240736
136869853
-414438824
-355966212
2073268525
-197280301
-1446897677
-1281778394
-1128321745
38774291
1838290249
-1337875644
-1719990650
-447751523
-324814034
-1002390729
2020382606
-112246301
-2070320407
-1751432554
-14549605
-812535963
-1693066236
1565755894
698576102
1654225562
40645475
-2054184854
789802945
-1021632490
1162999703
-279850163
817325330
1797738728
-1043630477
-1093474754
-1469779458
-2133060540
1845522400
-1862711445
-1847043356
64216929
-1104143891
-1168587758
-607979636
580110244
1993921066
-1126530747
-1243597152
631780094
-493285323
1256537325
2077418586
2133961361
1570008469
1977228048
-753686402
-2053524583
-108996922
-130383018
-271257717
960615049
53295508
-1643130168
193966892
-1652745100
-577485652
1484121563
-491792908
-1220085074
1017318511
-2018132307
1912473163
640681139
-1543198455
-93467762
1137728674
-1608248250
-641654334
1276744129
-135649043
-583338019
-91276909
-98385790
-1836670126
-671652036
597553404
1086451787
-1097763810
-1234297249
1553191188
-1466592686
-137672968
1678328476
298800097
-147205034
1657265496
1748661769
332725737
-929792869
-2053745607
246431002
-1702036215
-1875639757
-1547988724
-1748395378
851140740
-1034852994
-298710544
508364172
255540830
-822571789
866213152
-938074615
-684303893
-674026977
691235756
-188759188
1813520290
1179544301
-1735136404
-1786351245
244582966
-728499416
-956128207
-151451817
-553335577
743643710
-1020277700
-1244898002
-1544904940
-354498234
656226291
-1366799472
-1901779691
-554543804
1740001489
-1442117251
-68357561
1908261291
1618741150
-1320549251
-665841561
-420489438
901854688
260413193
-498829277
-24388981
1858544272
2107064617
-796293394
1404383296
-1043259887
22562654
-708149741
-444895329
574712157
597220289
-821993715
-1638552888
1396759681
201209195
-231032556
-2069631323
1670774859
1184905751
877673467
-562413782
-798519488
-911892986
255403065
-580348963
-1745776173
-1146642910
1693242436
2594968
-1309439532
1553250406
231026469
-397789554
1427202342
-866384260
705923144
-711972469
1036521397
-1558110553
-1770767212
-1082776193
540159142
-263020829
1184516283
1415860284
1223155407
788252233
-1139969838
883168126
-1509367704
-1605648200
317377827
173181740
1731627523
-1076655951
258003010
-1491790883
-1255204679
-1046117501
1620908637
-659964515
-1088773211
1066417063
-1301041704
-154818833
1202549910
174054765
-1150527207
1397720086
-1370834945
78141911
-497260129
1109710480
328054834
-1470868540
1518337113
-1283680030
206510029
1834171216
1080524597
-1277009253
1839120244
1753430906
-1169999882
720455826
511865536
-1130766840
-597695414
111541617
-992722826
-1785165401
-465254629
-2003569033
1083916795
-2138554795
-1558923483
-1933469576
-1611899385
-955632637
-539426104
-1951682263
-603454823
-1358872715
1568029983
2050015386
-767227350
-462282387
-1552398256
-148318462
-2019016667
351740935
-572247771
-411628862
-1878312811
-1291474330
605269979
1923992228
279736096
-1442146672
1384604218
-2077257629
623763763
1565305238
-858123547
-1958103185
-1129932930
-657309192
-187653645
945781744
1438569123
-2022040506
-1087937859
-1307089397
1276497705
-766707190
2004288249
64857445
-643083082
-1391963419
-1214755065
-349036315
603358333
-1858046985
-1517328502
1130446525
-118056204
-1233473148
1518091323
-72177495
-1943955254
1216777940
-1634246663
587829369
148899608
-261685159
-148927965
1235630285
528763606
-1786041321
-57845462
1852884511
1839152016
-819442624
-2035799455
1295096839
1652224344
-159606754
-93316329
513526457
-811598338
886921013
-931232025
1716670673
-220691074
-1309637976
1656723277
-27708078
1718086073
1100257499
-478365572
653245932
-328925848
-1811970215
-1495726225
2111915389
-1768951219
264752888
-530707138
-1523681575
-337873238
-1558624709
21519282
1456009166
-1552173578
562634231
-1490493669
909611106
-1850134322
890440760
-295110304
-241567138
-524771287
-1392262812
-426984874
98960655
-2058201136
-1691153503
-1745893035
-1767757493
-1573987316
1764904052
1903088649
1544300978
-1072062816
-231070550
154703493
1405844277
630068985
-169051526
740216989
71512540
1476503971
-2119287317
594590836
697267651
-761261313
2091814771
-1746019757
964084837
391596339
2078747872
1375282620
-2124971492
2070612321
-1313060741
1763837886
-1432444952
-275282918
-559927702
-258368885
668752239
-1202856683
-276734890
1484788295
-1437053116
-1140035045
-1441796275
778002210
106332523
394272069
-1068397592
-1897571160
1599270428
-667228566
-1563876176
-113171881
-1651386169
-1700800558
-857062723
-1632876175
-675349160
-982848978
1491448992
669137940
-701090885
-399033396
-799553662
-69934713
909395874
2044004102
1027501708
-1475396650
299305093
-1436283909
-467665783
1227606688
-893397526
-79797887
598823882
-238172370
-2003031066
-821370535
836022346
-1645638200
-821300253
-1777491036
-1346867183
1612302403
-409625182
-1052754538
-647004708
478424542
-1462483837
1495447401
-825015811
1504308303
-737385212
1053912467
-1508295296
-793965033
169338503
2113622330
-1836797041
1700098590
1885502807
538393575
-46201577
-810211205
45852908
200166010
1911005866
1593133202
1062457966
1132229469
1310111911
64066659
462311287
