-1985525930
-894578529
550819438
-1369012509
1276968135
840459262
1208848410
-1750485926
1396138184
-2083249789
1056972356
-2066130722
-188668253
285911259
855794693
-1739045346
-1994326355
-1821091474
-52459265
676010100
1742467787
-1851240820
1265439613
650162229
1329760054
1005808357
106234072
-136811446
1137222530
-942659778
-1984004068
-1216808449
-318470181
729815138
-1980419350
-167522790
592532114
-35430314
1707677855
-174154961
-170534441
-407273777
1566541749
1634556210
628678088
-163957528
466606441
447525454
1649923754
-1565757425
-1167283298
-431625996
-2031754379
579629120
2001001729
-1385002186
1512873109
-1624138378
-1015699604
1721206612
-637481233
234340445
-1281786737
769947031
-1164352735
1106678347
-1019901747
1086139229
991360270
1636685937
-306053021
1891691381
-93397095
-1950646707
1795660495
-861681748
1981071535
1049912163
-1823547281
323225511
-404113013
9424939
679751271
-2119259917
1940451124
618710604
910005448
2086882394
-511897782
-283664373
163443437
-665246600
1810029827
1056551677
786626088
1447803277
-1766258065
-1574704636
-1918771554
-2081450349
1285415427
-1192719752
2140221039
1209807763
314541140
1177000099
742106905
301576500
2051784226
-1176203405
2145073437
-48875116
-839337320
861101930
1491126755
1445993050
-1846536751
-1270748967
-275254310
868150283
-923135074
-597531316
1048847587
1259821725
459210374
38696008
872857327
-1532337335
1053881101
-647905485
2092179174
949623717
722508601
839280787
-1414025782
233526769
1361288785
1694284411
-1174052836
54310576
-887371545
-188037055
941180798
-1788801158
752496921
706213748
-152298855
2143556368
-1557538030
1669571596
1439553344
22918832
-1975410217
1858425827
709223125
-2006330197
-1082824640
718810468
1596607723
-60890060
400217667
-2133154431
-686417875
1509415545
-2027542920
1046911210
-561992323
-1244493577
1397213144
-944421765
-113844897
1885670666
-358885432
-450506507
672666520
-1222499133
-1878476714
99902960
-587161326
-1278378755
-1837480255
1281030160
-839630846
-1317122894
1878750782
624182903
875181644
1205850506
1619546873
1372371834
-506545627
1579450805
-573656743
1561601174
6520058
-1189476615
-474739320
-518097500
1675853968
1209620238
-1378132174
-1508832436
-1167287701
-1804632791
2026759563
326967479
-1351399052
2073094358
1712730007
805268616
1923858901
-1355655670
-1311972187
1007163659
807228199
-1535139208
1376456988
53316527
-2038199089
-2040912861
1169030009
782217137
762496165
453858612
-199965289
175683610
-336862251
629270797
994074161
1510182123
73768458
-1176199523
423790245
-2082515051
51345096
-147364875
963703034
-1049959762
-1200277223
530095899
1369291300
1012515042
1408222571
-1183469538
-404306810
2097180455
1622825400
698024042
1388426935
184804916
-1672366105
-1838861475
318939784
736907059
-1758146958
209472537
-688416699
-1226715212
410306376
-356852581
-694965701
-1378508571
-1157848845
1785762316
-548920198
-775363072
-11094531
1146139223
1792212188
-1928989180
-2009540976
777150203
-617234619
439880871
-1048192932
-1127108319
1333295659
-1114073462
1123926204
-1096940815
487616344
-1524069202
-1211896549
1301477920
2029685998
-1184918746
1953815956
1360996301
773190316
1747046158
-1795455528
586437005
-733280401
-1956075589
66078804
-984959036
164619002
-1155930317
491388819
-1763578570
-308080647
290188767
1204533728
1887376349
73525826
283962750
1512049455
1934725884
-953148066
-1817288867
-2076370628
-1264280972
599394120
1953835460
-1044724236
584386389
-189529228
-626906957
813079572
250117559
-2825710
1334709710
-1904778736
1587268555
-513142893
231656341
1153201973
-1987319252
-762826644
-1601437737
-792502511
-1166135942
-1111280359
59445608
-967827694
553745705
998582884
166917393
-1666493844
686531478
-221558298
491965895
-1068296128
-1177351333
1636110030
393600032
306855930
836140515
558453472
1933734146
-620537862
-1173768384
-2049853504
-1433872483
-426016138
553050939
-1561534352
-612210022
-856476515
907171756
-744734953
-1072674668
-2140060672
-520151028
1008368388
1305238471
-199301587
-430428600
819180273
-1477007098
-1282308451
-1835318057
757669771
1047796210
2130810575
-938480114
443406897
1454585448
-1573143372
794170546
438488060
-811695813
-1341390003
1626149327
575932671
-1341428701
1402532242
-1312996409
1348082639
579868404
-266425451
448496301
2036729157
-1986441710
467173863
1298073043
-915999614
-1505919965
-1763077318
286756513
205847347
-1428126970
150692935
981134504
-346275307
-74993660
-1974234638
-121753866
500728251
1073495877
630194603
2055214763
1850262414
-355589499
407581718
2100272844
-155209963
187694855
-1998545427
-1011700394
-11212937
-239036727
-1197266139
-1902231146
891305277
551883000
-631877553
1938994103
839891035
597349798
-1227076031
-1620846180
-2071609744
551481529
605195253
14558448
280811852
1899245606
503261872
-1116270982
163766707
-1364168353
-1895745434
-414686539
615879264
-242429430
-1561910180
-912571489
-1694054580
1656469490
-387622385
1883304913
539946287
1858266178
-1281284524
-884687153
-258448057
-1941502480
-1558033728
224629409
1794564439
1318682486
1153426249
-2056577374
1458174962
-462400569
1329824300
845908887
-1275424520
-386175360
1875355154
-37478142
251042401
-1056326818
2089086574
-1111200840
1369937209
-2111586064
2014556712
-1658799695
1981526763
1839772301
1071504511
135397151
-1418044735
1767255431
1440166954
-320440127
1122025386
275912096
-1638895423
-1538678920
525045310
810632380
2031862363
-1159773926
-1604389121
-412286504
-2021675145
-1288252795
-718366494
-1964739782
283077919
-1713811721
-1237643251
-1167687702
214832458
1854224541
-1124913952
693359712
-994812031
1255247465
929240889
347078270
126271430
950651688
-2137267724
-881601344
2038697904
-1750973997
-436055376
960666801
1859331546
272984868
-1889803816
-576281440
1817706366
-1922041748
-1755498783
-888060781
880762972
-1092960349
-2064800560
740653692
-1471542048
-766585664
646408959
-762079830
-1647377789
2079417419
424984095
-1673550462
-1627499920
114959151
-249176704
550739822
-1276870037
117467092
1969010832
1719234580
1967691758
-1044889491
-307304288
260598730
-1786957420
1807358606
1080492782
-4926902
1742688955
-1203449856
651855583
1158109602
704890211
-1114428200
-61215605
-1160907667
-2042743204
349913798
1815385983
1914062663
-197431392
413081002
1287827901
794132861
-468036355
-797201044
1409495815
-152531708
-1996126473
521926924
-1770219428
-1655518804
1275711467
583266039
1056116675
-70203499
2097397623
-62429540
-43049914
-650660639
1883314201
-1065932993
-365169087
-781094229
1914237718
-1370028019
641018844
-965704394
-1870152036
-1374847633
1093617109
1534481257
1275755050
-89249886
1237283970
171534715
-1899571921
-519686521
-1956476650
-534727958
2042893297
-123029833
423870242
1805901744
1976753840
-940172326
-924312993
-701470535
-1358930166
-1868325831
-1458873174
1224075151
-2007806047
378286480
172480591
838055254
1616372218
-1510845656
418554505
-1513290497
132751016
-536429275
-701896119
1099427000
-772234327
-467543780
-106203338
-1733356894
117040399
533896168
988124405
1603596486
-1886891038
1352461502
2115301033
1240654920
-1044967612
1297017213
-26861891
-1559397411
-1309473834
-747266998
1614411488
1227536762
760520026
2096035420
2065155153
968768333
1848143514
-484432877
29955164
-1183154192
-1501564025
-566981041
483310883
1253423580
101306788
1614486783
-1206440287
-1199315429
-360498524
456953592
484069356
349116993
1527403858
2009004807
1677683897
1859272092
-793522000
1003998793
280360741
2095686058
272893283
321838009
1848779186
1810902475
-1945220787
862605578
453678479
1721176631
1610832251
-140204874
12896539
1267807793
-1759379902
772460886
317831852
21681532
-2029302364
902984244
-552266869
611909902
-827445257
110925086
-1045629117
-1420560637
-300676408
-162310788
-1924070629
-318077484
-1450002948
215848100
1799569888
724299464
138813240
-18521235
-1858725913
-727123031
-285851774
1738731778
850815825
-958121029
867452712
-2040065288
1977191568
-1940612119
-977001504
-323110239
-1899846870
817679937
-954874576
246541218
-460610884
-1674759006
2061746959
1027737538
-262534078
1462583988
-566015284
78414853
-1792540779
784632599
-439650769
1378507513
-263298764
-437589026
1698197725
-668086194
275060806
778735166
-447672320
1787910572
-707090209
-1397379710
1469825063
378257601
1056222850
735926594
148499818
2046546584
201259750
804628179
688867793
-739299279
-2004394755
1225197057
474781173
-898821043
669013041
1584639227
-791949336
1489445512
-704302096
1303596942
-144315311
-2092985427
1990097770
-961112682
21528027
-1711975611
579691929
526845104
-1554780464
721150577
-1521355391
-1378922188
-1427033856
2072908793
1729036985
281234018
-1548220441
128447908
-98301399
412997082
120410382
1061518025
-1802713324
-534860207
-227348815
1984478245
-1045243816
802740609
255408289
-924589841
22935028
-935458463
131864428
-275774166
137591499
1717722262
1888759226
-1805930183
637421223
-1185467863
457618425
1961932472
1912880256
1890780281
-955979204
1381664392
-968957700
-1412989070
-1577696160
-1902947284
195091769
1801864702
578204784
560962131
-1410700854
19405499
-186337462
-672869195
892003840
-2043584529
-1523513470
1126269729
-399630486
329917112
-268690811
1438239191
1643646366
667886983
1428933633
-41073902
693765688
1726258639
1336269700
1983895017
1087941922
-961898248
293740643
325625431
315237653
1753103513
-1949198371
-1472761192
101205088
-1588439578
-79318657
-578686538
-1391799832
1381821543
-237666871
-332396702
-67498385
419351531
-2026593519
-1709776633
-192279016
-1958397509
-926270297
-1614786532
879994410
-1347073775
-602666951
-140708423
1164440340
-703364406
1581548921
133501805
799521456
-1831742373
397470716
970265934
-482857269
-1158088191
-208790683
-848287408
-1824336923
704763964
-1832261182
-1723566118
600215604
-647595907
-1514113995
-1309552234
-1751374097
1509530909
1113806294
-1502812536
-735009848
1016012945
-1788679977
1145461346
-1518568775
158241756
-481823255
-1956754923
1206280195
1605161028
-999393825
1020401323
-1154671501
-31428536
-1296545392
-8681133
560194022
1248879568
1540951040
2050335933
-1816075248
1459295142
361390785
-1567836248
1287010680
289916964
1275752599
1254393016
935938246
-1080342737
-1254338982
1031312268
-736278976
274980195
-2049135072
-859308273
-1830189678
-121616753
1220218010
406803726
794600397
1806182755
1544164542
-1261937909
-436613711
2020874856
1960843686
772852816
1854776879
-1192338897
-148190537
-1235851962
1907134760
-1275804979
-286816762
-1986539513
696542843
1028102278
681831670
554649136
-2115514050
480784839
1365286693
2094332924
1830412106
-786060711
1395277704
13936782
373589244
-123398700
-497342508
-1188905075
-135456454
1385555281
-1850053089
896741365
-1067053644
110785635
-539811641
-2059617236
-127047828
-2013793978
-1071063918
-2093924525
-182731913
1277170777
-979558122
1885631455
641709060
2027576009
-1968502949
-1828712601
-109157987
-2068203378
1716862654
-352499777
-2125407059
-1914243685
872182807
910759236
-914621631
1729571409
-1626175714
507102841
958865170
1007226676
1409364490
126990546
-779919421
1566249952
-471791750
901008080
1061459302
-1707642563
1795680921
-1368433843
423757636
1551018737
-515611268
252504600
-810761507
76297238
-938638899
-1568297532
-1985618131
1036528428
-180025426
-320425283
-891342799
-627809967
-358332713
1183405979
1284845224
1574576303
1355402752
1541290682
349771806
2046912053
996193414
-1719603958
-519140571
1233224329
675306056
-246186462
1290806245
-769239492
-1343372846
-1984023141
1654840535
-219112129
2027284669
-316600933
446183373
1340800405
-1305820587
709477040
-1350864075
1052036425
-1916618628
278564062
-77181027
1830732706
1811207885
-1464150534
-1939986055
-1203435114
-1620442108
778862905
-152933596
-514499205
1803414940
-424306685
-1570661596
-454607356
-1672443463
272068621
-587560270
1303859306
1850954568
126459558
910387320
-84511255
1781245028
1342197071
-1138181220
1081099373
58053371
397067153
-980251907
-1160522099
-1282739279
-1395639797
211694779
-1750784328
-1624938749
821971658
1243593212
-972265043
-1528916817
857576157
-1509588243
-1625547728
-1388152493
607541543
-1067065593
410892282
-774116780
1255689846
-173161069
-1090501648
694596609
-1128940844
-1310942609
914568088
-628951561
1580444701
321977106
896223688
1175937478
699791825
-261695540
980841119
1296449492
1434923563
1105681746
530499769
-1229758847
-190200718
1682928250
722221470
-1307095156
-1780417394
632933954
186088826
1107204020
840279005
-897193450
-346532333
-1604733790
-1994171577
1915049042
1642350838
1567431941
1197015695
-2062735612
-1534965516
1073651455
-137903892
578922231
1223361228
-1282424641
-1256095016
734940908
-1066090199
-1672804498
-1516175066
1524419370
-234546226
-1572583345
-746412710
1614915897
1813112335
-1123391455
-1271472332
-386023447
-149024638
-276091705
1374404494
-2103471207
515273206
-1859123926
1184164967
-44025163
247311268
774171486
-1703525826
1267435136
-736781148
1411958019
-1012484444
473658387
1302861986
-1923553811
-314159092
-110417500
2092422609
1029675271
-579123483
1994785803
880657951
428331891
636986346
-1260685182
-1465495639
-139037194
889843640
-701968724
-75163536
-982794093
-1571764320
200668888
-1760732851
-1795826571
189950910
-28114810
-368579550
-299393007
-1363764662
-396888791
-1528854190
1869934987
-235779027
-31384786
166652018
1854434137
840574679
807265596
-1950107584
-1300486362
-695617713
701043133
864330195
-1072049416
274385547
1447345821
30919444
270824596
361330433
-1682082478
1082821740
451968800
-547968131
2065920795
303189438
-2118836470
2051299125
-184962677
822722199
-11804631
404979482
1643017032
-196289116
-842919391
861787248
-1092003568
797541220
376540938
-483811168
1819755261
1128358941
-175323053
-873457076
1094484489
-1382695661
-496747036
-82085980
43654611
772022519
-1721121918
721637879
-700763486
1153374110
1180186744
-402444659
1191947178
-1446738702
-634612366
1949319347
-932586098
-1551955155
-1945668437
14727446
-1082604250
-1210131389
1004304458
1703425620
-1936658815
-1867927905
742863625
932326096
-1574287315
-1953969902
-1808566504
2015120325
-1149671755
-78161400
1266757440
-1342153315
-811664278
-1180529156
497690186
-1715605117
-2031056538
544217389
-1930272608
-2000033738
449677261
-1535694703
1578232885
-808268256
-2048616362
172158474
-1714337118
149316775
1728082697
74791895
-1375741551
1951788226
-1683185590
299033420
2076040542
-1694759218
1316896277
-970274107
-729148934
123747233
1858950538
-1799098664
-1273174509
-1671331105
2037351596
1963836105
1494860913
-1059956084
1540161637
-971922366
-868151389
184959970
-2001390899
299587139
-481053734
653900133
283670955
1526314839
-192711916
-1967459788
2090912059
-2103957752
1062817660
-263518560
129709873
-658223469
716027920
261376514
-876563971
-1048887073
1659132804
1603005896
-500406191
1934894507
1247266149
-1201520175
-231562017
-1890720761
503261570
453387771
1211310695
-1079476219
1545273735
158695673
506338288
-1257627729
-128229143
949866601
1145281877
-121967813
1924997897
-986896859
-1028073469
-809354115
445208467
-639293736
1148682239
946000284
1739886888
352771540
1169650990
958068488
143784508
1015511587
-691847984
-785851221
-760720320
-1825879845
-1295249587
-572356002
1639269634
-1801092938
-288719308
-382457954
-1446144428
162575073
1488254592
-1148286337
-816886804
1610413332
69575452
-1849998880
323269514
1779308770
2065527720
1286246111
-886713505
569738322
-1607840899
-643628657
299358893
-1804042323
-820863762
1669442792
-341804886
-1578300263
42530001
-986372609
-507691606
69507686
1284389437
-779304330
-223516036
-698537049
1548854932
-1474770379
205443603
1520877828
-70665789
-1049653159
-229330584
-1598808754
-1053708600
435595116
1936302495
300627668
-917818252
-661740330
2017200232
1593502196
1459383922
-1586288748
-651777368
1367392500
400458375
210245159
-677558953
564323602
2077308442
1013467086
-1352707925
19893465
-1142136841
-1743188746
1467044214
85228470
-1821363633
529091313
1359961291
-1206491446
1205969155
-1573249306
1087484392
-942058752
-326080479
1658469384
510037583
348668002
362313390
-109283062
-2016239563
930854568
-1219968603
-744144686
1482406688
1612973842
1156956991
-1125000596
257405643
2004178807
1440623221
-807945151
39026764
434162332
-64192830
-349610360
1453659512
1992776137
1770568749
-504282885
-2101575034
856175513
-1839649914
-1760880690
-1246801423
571847698
-587072785
-806464548
901988003
1205422580
-244884834
-241403357
728475727
23059797
-689036832
-220660110
-1484821986
533564269
1752383584
1861719392
664991629
-105854034
-294486103
-135712384
-1254300779
398086680
1545165032
201269202
-1475791349
-597671222
881517302
-1621166213
1740780361
-548893989
-1100604266
563695800
1989900814
1186951786
-1527769350
-1467975920
-222913630
540851187
-61356916
1098615497
1434882621
374007012
1503752170
-580532836
-410404439
994663279
455352113
1339086507
1796746790
1589362082
1818453885
477923762
1417590157
1130722740
330593456
1816472957
1316787895
1620199328
-909817485
1357737369
985465631
-975068169
386497402
1145017166
-1404373307
2012468210
1501556747
-2041749044
-2138525099
-1162521914
1249467584
391446947
-1742589048
1559619644
-935358326
-1488670856
1191464906
767449216
-1225144071
238952949
1188582685
1471200568
-282421317
34986753
1428051260
-823338024
-1696064414
-2082875343
452886275
1001590068
1303877226
1630426749
462170637
-1667921322
167875449
-2029609674
-1547994978
397488785
1252277736
1630209079
-1342917693
1214521046
-880963710
727492954
1816053176
-2021026235
-115381110
-1325758162
-5474679
-861390842
-1300501758
907210470
1078873851
2146987610
-277329366
336031635
1688552876
-453607700
1094278726
1402528917
-659514760
1016384621
1424258212
1368660303
-1183611874
-1034412705
1136391133
1236213785
-1200253917
-1309606865
-1406190502
-1213037958
59438325
1619166345
854166810
-1995915114
1650452052
-2030554648
157544625
2072105957
-854254611
1456571243
-1657112941
415213861
-202317241
568559855
1355103378
194758033
1375940066
-587354791
-2038821723
354782035
-1579616099
-966766029
-710700310
1557909814
-1237479080
13176954
-1404604435
-491011681
-2016493095
465679029
803515178
1424635069
-1793921293
-1222886327
-515356208
-983827969
-1139894556
-1286106613
1733168583
-1187724090
1548276223
-2008180713
1027580148
-1025789861
-1660634742
1346689247
-1545293637
1950322467
258988265
344787334
-1267024443
-1749780207
-572257029
-1016135826
1794352130
-1770566309
1113421251
-1834095857
-985260303
192617328
-315924917
660663306
277597726
854566696
1408057028
-1194765699
1314684396
573537341
-296010511
691741081
1838069908
464995577
879480518
863151984
1300357997
2125420593
-1503763636
-720683501
446065773
-1934904719
1296905671
-310867492
968674287
-908734856
1751559961
220514567
1749835446
116855014
1913715048
-278132601
-388015055
420592435
1195420158
1834308119
234974464
-90072605
477472113
-1956108402
1951573430
511500791
-1923112445
-603070601
261679584
1591800230
-1738675125
-556550432
1565915974
1673390156
-1004252652
1960553586
-1407665808
84887971
772364164
1897363649
1160009067
-264298448
1629493888
-926271515
1047559629
1165251327
-880637873
-612198327
-374225163
-2105269615
-2041132675
-1433886014
-632695913
-1605762795
677709825
-203984925
-1141702281
-207078954
549516193
-580100465
385064564
279387125
-514021227
-398811186
1356917191
1934597207
378592362
128658404
-356883060
439984864
-1828686551
410940575
581581954
160790240
620490424
963012849
-1321222130
234553037
-1913965953
1040489917
-1815788923
868271923
-2088057522
862040053
2007159210
-1656224537
1479765885
-1599065116
-372009611
2143946370
1630651220
1501480392
1904989974
-1777940211
-760928851
-1398665309
42595385
-1040473095
-709608232
-430385070
174899850
-1916518319
-2107708994
968454110
-653383814
-550023374
-267112632
-2036789999
1586030659
1425257338
833924097
991096908
-1904413142
766120638
554732025
-69312616
127253251
1186595202
-713422612
1509937146
-1937102342
486096547
1593050788
-934096886
285644943
-319901160
1712728475
892307398
-2056477726
775037657
104239587
759685539
-1739217360
-79898594
637744202
-1710903067
-2004320099
1124506060
-1464646727
-126588625
366722355
1468908588
-1583657764
324418397
529091882
-215981347
-1284184057
-1263686767
-1962317975
-1054374133
-1907022505
-1778256757
1809730380
-443200287
291182360
-734671810
-619517016
-1423358916
-1848500634
-382902881
-1999976949
600191136
-1223041514
1408863167
1667328583
172971119
-480249898
-1525951972
175928881
-97338537
1398142866
676812339
-2124740186
690567180
-1395650279
1215888985
1322907342
1124862263
870290432
2101977546
324285092
288053677
163985862
-220551678
2029734325
-443543580
-816991688
1963892043
716954919
-1169776478
-2032070122
-989545833
1551789053
-327689994
1216088055
-1717096817
366275736
-34614421
207485801
-921058837
1378482816
-721253253
-1347585444
-1496891133
-1618043804
1036044866
840603839
-2036233050
-342890913
-1620620429
-1152047509
-1424923606
-464651140
-920817265
353754944
357579972
-1079887492
-1195910573
818411917
-1061701095
1656389078
1350999153
-388843851
-1774740460
376171262
226368387
995678734
-958646790
-2126103
545564476
-1455543796
2019345082
241157073
1939757536
2124504990
-1773524343
-1909110731
1901324789
-2080692265
-756281938
-235973853
558392122
-956752943
627255450
123873465
-742589736
-902442291
1820681531
-665062680
369193687
-648187233
-262591087
281535099
-1497186093
2120245832
-1134898304
1492376663
839969774
172753636
-1005575704
-1825753340
-1928309240
-612658490
1327196914
204295276
937026605
-246309151
-1153390675
639034337
206617167
-2050185623
2128903384
-766396316
434863668
-984623943
-692700927
-811491549
-606448207
1864562039
1521688526
1537937987
-942533608
-1413806347
448960154
569320416
-346535186
-619770150
-284162493
979705169
586363361
-1957489407
-2059368895
259542704
-715417096
1504536736
-554720005
-627780968
-469868532
-1055353940
-2134908587
-405386704
1157501558
31891580
1627433357
420992360
12369417
1820366252
-1296764089
-824915070
-788457918
-1371059133
1122156773
-700581932
-1857459010
-433519592
600123420
-1478533429
-233690133
-2116986255
-1996509756
-848376013
1258080514
1519355628
-896857362
-535051340
85942580
-2073492830
-1627345093
792549535
1721005603
1888288136
1919652971
-1178379798
-1109033581
-1195424231
-770033868
-140792455
778188897
1503102769
-782841516
-1148346977
153224371
-1478754244
-72879895
-1105147933
-2138333328
-1475535985
1619896576
-1354910714
554895602
11110165
-674031765
-896379068
1218740474
-838290642
902261718
715458522
-2110861852
-1809589293
-2126701540
-1943755576
1395540763
897843197
-1420815914
-156437032
-2126693682
-1458738361
-269968075
774014942
-456788253
2026354129
519717137
-935753408
2134711596
1548443240
651865153
-386962760
772489944
1617715939
1895724076
-1493743528
448740139
-2058650929
-248617824
-627745074
210378097
-227682226
891386082
241570025
1235301935
1612026683
-1399533051
-1504624293
-2010032228
202580626
-1178845569
1303577792
-112050865
283805711
-1535432967
-691081249
606074680
-1230171628
561968229
-348944850
-1358196780
-275589169
-296664235
50826395
1758683548
-1519561829
-838240117
-661437303
-1532571714
1790885799
-1934980404
32756504
83908111
282597589
1119032825
352802985
167519295
1041886180
-600634529
226786464
-2120173491
1922191568
2015073101
-216501909
1710369853
-1477134216
-223153178
-1852656445
-855627000
2056155265
1381994809
-1747578830
-1918254892
1168441722
-1516610930
-2017813036
-808355227
-187053248
-1928709886
1904530785
1265600466
1073775524
1657754454
-1387141782
-694757765
1032616778
-115459325
1410981090
-1705159110
2073218259
-474458479
-1796445984
-655958568
1318967870
1523588392
-1575671134
1322607298
-1838105461
129824615
-1860113964
-1890027525
1772063137
-1916020365
1754081042
524372052
2009830513
-793318829
-1166028117
-669024293
-576648358
-669004677
-1652741208
1136580752
-945448753
-1861395546
-554824948
564411998
1874717238
2099704808
-1079435428
1319419465
-280346349
-663448061
-53093279
1906291939
2065199717
-1291027208
-274193621
1929965572
-1922303920
-1853097759
148891225
646363065
-213714437
381854462
971525784
699593340
-1559663173
265568012
556147561
-1068640091
307870064
-1685660195
834501670
136571680
1887204655
-2101865179
-49087162
-724557472
-1571867615
-1135779695
768419295
-1466006893
609515434
1604386845
1566470508
-748511721
2133668044
1722673062
1852395984
-1252485332
-740396082
-632122434
2077967770
1650374633
642531864
-1339304001
917278346
-2076131468
-1887662495
1879439650
-16364460
-257073299
-456925429
-403461103
1768488867
872520874
-953208115
-553663175
-1047938720
-1935866071
2106919826
6796517
-1958970829
-433259198
-1645100128
-1583734968
-769227191
814509596
-296644356
-1659492839
593211736
-2051485855
1020058381
687683429
1823860447
2100574773
1329710719
1257403808
1424388786
-2076712093
-1329587350
-1593832196
1362415029
1218011865
-1437931086
-1981019651
852947687
460881494
1625657264
-68450995
-905215838
2146593633
169346833
1480341708
-1059182048
-328024964
-1267688450
1645859307
-419218111
-1710658151
-246975875
-519727814
-876658550
1202766797
308968982
-424925378
-291771023
1055192131
-543240263
-920744312
-1006892329
110806642
-11641377
-1882143998
-877401131
-658397806
-1987597586
1445027467
-1914399046
-1605315253
-1092162079
1448297158
1236523092
2040970671
-329866968
1427851311
-899954833
268206698
-1961911348
-1116648850
1169194138
-534816456
2015303894
930424303
1944257072
902058902
574312689
153975474
-1758150506
1826787260
504728142
1441744991
-876680511
-1765079863
719504071
-426068067
1470476026
-1972085184
818042950
-1429560157
2068262885
-1008428365
-1422109848
-1898332402
1534233022
1594450365
-1450756004
-1652993291
2108909542
971719988
-1629519343
180555578
612560542
-1606983265
-1791415408
-1418699486
-554238703
1105072614
-2043286619
1115102504
1368722327
121416264
533792453
-755704563
-1669453257
842231440
-1512318165
-246490317
-1837243538
870856587
-176911549
-1510053077
-52558034
1980332980
-1907201460
1810272140
1971167785
-1016287439
