704052110
398025497
-1101434388
1519406326
-29122741
1530107437
-1954549756
-796205326
1006982522
-1518137495
1277233015
1661369774
-1916743903
883734828
-1764420329
1393719253
611444907
-933623551
-1822479272
-429716748
655594475
1856453467
-1710212369
1773987916
-1624383904
-1796401535
-272219466
-1596738839
-1840801862
-227579705
-410333742
-1136014605
-638755684
-1145522690
-1654521578
-1701774781
249039267
-855717843
-619843414
-330246599
198761127
1467160448
-1918887193
-101651764
986823232
-2078458496
-1410519675
-1154350367
-580614772
1309468548
412449016
-995941919
-1402189778
546569319
412530198
645137029
-1728072551
336652666
2139226620
-1376768269
-806593395
-1344517444
-289721294
1544226318
-1047630367
292315720
332722957
823542281
1138816899
586421006
-177264043
1564595261
-1746994499
-34975035
1010026534
1075653181
1577962681
-1153284320
1223156763
-2076233690
1284344902
1256948287
2135274664
-1061444550
-1147883556
-1447751064
-910821689
-446591056
403173341
388323574
843426774
-366479163
-1087368931
528735376
-610315841
-1293213162
916673444
946965150
1738340697
1475210033
-1466922574
-750838791
1383784205
1589126760
-755623165
-1627877151
1074293180
1327757289
-2144372653
-401082317
363836384
855216651
1021821731
-1270811173
-821427472
1150935786
1797828029
948550791
-1254502135
-2144467147
1747507062
1609395868
1504267466
735745605
451750195
1087314541
-447319169
1272126322
-1861945811
187942314
-725341824
2015056034
-186587912
1221409814
-1741032229
-1601638878
314631360
1398183292
779238960
24257464
1043706582
-128014621
930167772
1034030840
-285821846
447468288
473754458
837665494
278210714
875032043
1355857125
1767486588
1101133483
1325017109
-567421600
-144137890
476814485
-60803975
-451736966
371868298
-506592828
188161554
-1527382771
-130981564
1172714013
171409548
1753806279
1627267281
-1156037314
-1309665218
263153675
1910673811
-101321206
331668822
1887256345
-1422597802
7908964
1021845077
-2080679573
-83641112
-1326838983
-240759362
-97659294
951498478
889330884
1169454857
-109110750
424527861
1953687308
1555861214
847031225
1200634823
730654385
979505791
805392774
1068277759
1730190824
-1649628539
-1480978472
198215647
-1971491388
-932330290
766111189
1347959137
1001275318
1393646005
-651516772
-677144693
353944407
-946253692
1361484974
815717895
1118585956
1720071974
707452297
-52231694
-132555512
-714653408
968217493
1429916660
895223905
1677115842
1494356036
-1567162480
-1686775491
1632081305
1163552883
1867326396
751720739
-1445253337
-1137240810
-568213324
126604186
549403349
1807333909
-1957157110
1150751141
1414336040
-1313310864
-586214399
-1071593076
-1038854605
-899258200
80922396
1084737249
1478342988
-521521567
-775791375
334171841
994664450
1301913155
-1439726782
774079578
-27748018
646649122
-1568875955
1133826478
1114705415
2124212062
1316001634
1597872278
-740608101
1193507723
259407030
-1888800760
1403325947
-1486447789
-828147081
1383428508
736960727
-852498789
570527008
791370571
673812491
690672868
1121824013
230787450
-2013161640
-889657101
1006134098
1939852598
-1450729130
434305716
-1416308793
914055873
-1844636247
-1841644709
199650407
-704672691
984110707
-82978868
-311674406
-1222732537
-635920119
-704750275
-5291697
-2059304874
-1472543256
-1574288360
1456564111
338487652
855436265
356926757
-1935110833
366335709
820957876
967728360
1006786757
-1446410507
1567574130
-1620008633
-916290435
1417115568
-582039866
-1753395856
1867958124
-337825955
-1412797699
-42915847
1654172229
-519599774
-834552445
69052232
2095504907
1792379711
1815936152
222591028
-368777242
581240268
1082187332
-198030612
-1712769478
-816740667
843578760
-1489040873
-619777290
1517444744
-1031182635
603447356
694298409
927776284
-1950943295
924430180
1989280730
381366645
-2116712968
-87499010
-1862376424
1604057589
1216086384
1289593857
-1003299761
208407862
-1553594912
451553111
-634197283
-858997754
1075416946
-871223687
-1660936732
1762543026
1390855863
-2011026858
1157382753
-1229333625
1787041754
164483193
-1604915075
62511253
-1829238504
-572743062
-2099836637
-764989002
900039791
-594737325
1497757906
1873764814
-530151275
-1545806874
-909388877
905336403
1005352235
1525718142
-1477927187
-678682609
1767663154
-289370748
1353210680
2059824164
-477015363
-926579181
-1217092432
-1270216367
-254483736
534069471
247462891
-233767565
-109367032
-67610798
1727269965
-411177139
1977412131
-972928265
-892501094
949348491
233734562
1431716123
266686156
2089137155
1567255621
1472812209
-1647292378
-1238868930
879728214
1128112758
54256264
1486392887
752126241
-1130400939
268353029
-1641094046
-880610398
648030476
-361033294
1844141551
-633959808
1646317838
-551033152
-697792945
473264954
1559789995
2011504845
-1705307914
1464315551
-404691603
1327411062
-1047990941
-191482237
605395141
1979237680
911152989
1114751663
1121533415
-1643632808
1266526078
-611555047
115174129
1404496775
2093344757
-1724871340
-1749494190
-676907477
-1116835450
531813193
-2073467543
-1066742189
1639814357
-570160857
-241827476
-872441143
-808807452
-836551529
-1390520693
-957457307
543846362
1669295924
1757733204
1592408480
687165190
-1856266694
-2086539687
497348455
-957497566
1430196604
1137995791
-1082868943
-144484389
-1817762405
164613880
229003859
1233027472
-1496382092
452204548
1462139538
-1640274854
-1011546406
68169012
1758730233
859194188
1204592261
205773953
1787085805
2076952571
1162288969
-1481506565
-2083307138
-554433984
-607340406
-1647242700
1970299647
-1452859332
1797416943
-1691695650
237253848
1057432220
-1143942571
4302770
1194754457
880415005
1386952710
-379729005
-271383725
-1634438318
911538218
57671155
-1016146397
-1192488540
483874684
-884140427
158990350
1944535706
-633307583
880365780
-167697900
1964853339
-882908810
1976946690
-795826561
1327530608
407079752
1258336148
-638844805
-401377331
-61016375
1801078620
1195430123
754318609
-1385467168
1101563223
-878246791
-894960884
431308928
729514441
-1136902417
-109864574
418897947
872722854
557459397
-1127689682
353059417
2101631796
340552698
-621760503
-692400123
1653027053
-882603737
1344192203
1947368775
-93833559
479638992
-240423247
915233816
-1960225540
879524605
833253505
1148609009
-193511716
-1982934264
-1799598645
1889752261
466849159
-898440775
338346352
-1984097486
1193948835
-707683953
-1185704856
96971762
-1580875610
-1000086944
-1520565569
-623904617
757586295
576853284
494071008
-1848922249
1065497429
-1176575732
1215322389
806625508
-1226454024
-1526534695
60098893
-172813408
-520289803
-1750085780
-2010568416
1446802575
361176166
-450486632
-923445232
644271534
1544693961
1404291903
866751506
356497475
-2049289432
1127021468
1684654156
-67584426
-1450959750
-2075980580
-523369442
-568565921
1238963017
-739079948
-402612634
348269632
-385551724
-1468389970
528795904
-1118556555
-917812490
-1713757949
1943296139
1055329929
-250865145
2147258032
28034162
1665773003
-1536166911
-1986237693
-1530420438
-502782143
-1048927322
1242203893
-1152964936
1323920349
1036870753
-1773362819
1847287158
-1842483730
1313872555
621036066
119749397
-1974923303
42675888
894445778
2031136229
1278626312
-1108218575
280258290
-1405926317
-198820831
-2097704277
1749185974
-1710676301
-615572101
1690789049
1190911409
-130062016
-999341875
1058700726
1610564527
-1495860640
-1907908824
2116824742
-1212617022
1152626987
-717251034
-445113514
961354650
-30457810
-1295874717
-520391487
1979953434
-1566437269
1023039276
-1536887372
685910567
1550862500
1133707382
-1271560779
-837171006
-1689680680
-244575214
411936289
-1447205288
774767117
-691108579
1988234644
-1936493224
-1967898032
2132743356
1435768204
-435288058
1832283386
526214921
-2121212336
-1195642738
2050944820
1531638600
2145668366
-1608298916
956309692
1158955869
-1868871613
-1524163414
-1994723096
-99993982
1898108511
1444845146
-944447509
-308266188
-1215823192
-1025604859
-518141866
-1648380818
-355029923
945930579
21642466
265289241
-1502370785
348103308
-294683028
-942291774
-315573364
-806098065
307908160
-1845255027
195013421
2045087298
283779225
1312899945
-502074735
-547982806
-2001833112
1137531524
1678382777
1194843068
1178357076
1551000321
1857610422
495209171
397289730
-99821080
-1859154287
-780607069
1545654421
295522142
-391909270
-401233650
-148640392
1947186453
414850019
-1704114634
306008154
25468933
-1666378818
-289278638
-351652486
931164507
152990148
-856236603
863635748
-1741710671
1365125352
666506092
1733455994
-1070698112
476693932
-1791174345
384080503
1144407506
-1342910268
294975739
-287826639
939044923
-658360328
-1422179195
678421341
1452100361
-1984896690
1690866673
-1057886696
1785023162
475778151
391370045
304279268
-1174689362
1095788073
-605486824
626195952
-827335907
-1193020770
-776337152
-561450853
-6014646
-86298341
-1490546037
707662907
1381540600
-2136629596
1590989827
-176926439
-1051919331
-1776289138
1959732792
1959590336
92177877
1843917158
-202498158
610716279
89014681
-494595567
-1246933915
-653402870
-376581200
1531539764
13588617
-63925040
592681189
-317808939
-374096344
-931608854
-368188551
437899842
874270169
-1382505784
-1537698981
-1011060687
1312465902
1306468081
1989639574
-1846259928
831463177
924839426
-1148496118
-1952358881
1017654261
917979127
1279137374
-82013853
980023986
640799657
1090453812
1364605372
-445386543
1067850903
-1141516130
861940178
-105222910
1716748520
-1973954351
-1918218804
-658460693
-1779895376
583041048
-1551984327
2135424570
-1725665422
417026315
-223121613
-83472387
-1013902107
1470825472
693758145
893919536
977400315
-678569024
-1214276227
428226455
683914526
-1964633731
24236662
1177645518
1650446524
-1891070973
1139422039
1334047646
2020594437
1887655470
-1200916024
2034779025
1428682227
1240500379
-858347757
-763613753
1261185930
-1734239582
-1012419573
96370698
632498785
-1724232061
844290857
-1999375584
-1087422880
-2045661986
2116673783
1031853409
-1515396662
413320040
715325104
62540424
1217618557
1807620828
-313437400
973812941
-2089543816
227022894
-1770455575
305535794
1230563998
2019540230
-551073634
-421617379
-204784967
-1148421268
-1453751627
681206566
-992454208
1061753023
-1438420161
-562934478
-2081871012
-559113237
1819313433
1155186112
-2036947032
475161306
361304401
-1883633022
-1191360968
-1078723798
70740929
-847627729
1621988701
1748027937
-1270966784
194774935
-226983514
-2097606691
193903739
638484983
-1170599512
-238947889
1363272158
-1427120498
-1666344446
-1534379926
1227709624
1502695280
-2105365093
2014753814
-631567523
1994453913
563760685
272399723
-24681970
1207579716
-1043848953
-800684901
-1695565993
-556915843
770419726
-416209874
294548152
970633205
1827790596
-111826187
2073624967
-805256683
-795906804
-807464648
1559082516
-1711892907
-712459667
-1615311567
1784542477
-1261115187
-1285266794
-1599669570
-2069670620
-636303861
196188769
2033994321
93623534
976033063
735834779
1349610282
-954627314
896806677
-870695228
1902372040
564884626
-78964934
715039762
1543082908
1696679324
415836481
537531579
-713343745
-933371835
1567117358
562412404
967831142
1701860797
1953962674
-1442243788
-1896703020
-569076298
-173588287
-813963459
157200783
-1434111998
596012641
-1244735652
29854998
-1334506374
-851941435
-2112422802
1744441681
-1944961758
-559490406
-2039785178
1409731082
1331777162
-1194561377
-990067954
860246684
1733474934
-402262149
165433291
-1162808343
-1209376575
-1045581366
-1486564700
339586449
-471127427
-1175313032
226504261
-410247585
-2030617761
1343945554
-1203142977
-631242745
-46705318
-2021407782
1259954130
-626251250
530731657
1606268250
-1709583505
223760393
975690065
1271314235
710118519
700182281
-275796282
-2007675242
-1761697335
-1651237291
-535737523
2032025611
-553849477
1179727705
-1044540029
233962193
-284910490
1205897439
1460594525
400367886
-1603948057
1809156476
-560873072
2102968681
-1312979996
317799756
1759170867
1212945884
311915277
-1530019103
237317025
-1838490674
-718642332
1233206136
2101208228
-1449617056
-1638483714
-964001171
1880122063
1202349063
-469705462
1988978672
2037978666
476445786
1629523730
1502307065
-2110098156
-147434708
228427393
882962040
1917477733
-1258632227
-1835653020
606012881
-1637062702
1725419501
-1707780748
341537927
-227585131
1984202705
-1190620076
1946807606
-1398063027
1912261897
-971498474
2040208326
835127330
-1674860174
-887717117
1396582109
-962946004
-978585640
-820636261
301225109
997580053
-789448241
1754143194
-1964128657
241818108
-873072958
-1889893700
1918992518
-1414751844
-1500170164
-1459300349
-1216204793
168677805
1966602182
1498240567
2102682848
1609904266
309334304
-1697150226
-1220398409
1774787859
122654452
-397545139
1838378269
791089364
1989370840
1904497358
1823535875
1061482598
2075124979
576254019
-980632212
-2140862955
-107882030
-1903118566
619685220
1354531522
1052783996
384501473
-301394640
1657186571
-1967665981
74304268
-240379706
1643972264
1411096028
531819766
40403327
-1718657001
-169247438
-284401115
-312078070
54276731
-57918602
1206147794
601022371
-350949439
-677275398
34821287
-1340771963
-1274586876
-69494209
658380234
-1341771875
-491283662
382341580
-118893542
830158719
-288550417
-2049805503
773131447
-475220323
546165945
-949402709
688377799
-173587275
-3968436
-1425949928
-134839177
-1016794741
1134919239
-27432082
1396599104
-1484981800
1613550863
-684785544
-1699523477
-1578805374
1979496946
731934017
-185960234
876650764
-1388498033
-1803674971
266744568
1021701199
-1550562698
97381156
-968678879
309831786
941755915
1337075705
-951643642
901358326
1883079599
-286938262
-952731523
-1650086786
-1695620064
1260379233
677219204
-1648259027
302369568
-8106180
948319111
1471173321
-1267712684
1194008544
1248091618
1780739296
1348577391
-1827907308
588673955
1878258752
-349748849
-1469448949
1903163541
-445585237
175728102
1148814146
-1683974535
659757003
-1645223523
214359948
-265676650
-1591784349
-784776972
-925342102
-985916556
-2016756537
924028845
1379672736
-441158429
-66392947
1409755818
-107188220
-1318086590
1834317189
1825212372
184741785
-276530435
241101797
-1723852737
-1370609445
-1598309033
220680648
-663902069
1011838044
1330256745
-1365914151
1038017421
-1169437809
-757962135
-7562933
869980973
234109411
892577327
1316575500
1106164625
-2137642221
166449909
1341478457
986582138
-1031322948
-685721762
-1572058669
967517422
350480687
552317625
1039642547
1680913687
-387851896
-1114229882
1602737339
359631467
-831193857
-1740074440
693310542
1705112076
957753213
931484732
-472450815
349724016
-2040493710
-907601095
-1707199342
-1179046588
-130815259
909624473
1077519128
-474495347
2018968524
-2007270072
1988742524
801461776
259425693
-353186372
-143024345
1371530740
-502093276
1245897268
996295420
-502617691
1018583959
1612944195
-1168417912
-1878744070
183519719
-1499008369
-2101736840
-842986599
-482901672
-265920554
-1892385973
1639387546
1382700627
-744658382
849798472
-1370165654
221231738
-335871587
500316337
935090417
1097879293
211139766
1950083895
-1414738953
530434091
-59230524
1272551345
-1056817725
1607759435
1107741179
-156605176
-512414203
-1689516115
-925881858
-250910602
330509813
-1136011269
946774693
313751279
-1011530053
119038164
897056511
773200350
900456977
-1431527526
1222007962
431266580
-349300442
-925137781
516189953
-606118915
1960086981
965656334
1229715333
2061036564
-498716234
1133083471
-892504768
-1670409576
-1304453020
1162011917
-1073458858
1882799999
562294463
174425010
1852509054
1374230443
2100303203
-606092381
1746348736
-1795878821
-1999087367
1516454105
157087360
590695908
-1654041379
-621435216
990329786
479082911
1228704769
1410283775
-1913675122
-1051622619
1986700304
1290820200
-1501014017
1662091449
1617145558
-1583832080
-1062203401
1399169797
2138580446
291463633
1379246990
886435849
2122546268
1305905550
2097205131
1259256144
-426546355
-929137336
-584460502
2078081380
1819630556
-1839058864
329387807
1703363715
1455789063
-795311875
1202427098
-132278126
-827192958
1277221822
1216263693
1234655313
-1000538405
1570667378
1365232746
1195625935
1877593822
-1764304138
223383985
-2055827424
335579706
1603087359
-256626711
-944797618
339430244
-912398550
1995280877
722063756
1807377595
-256194223
745781289
-776214351
877317356
-1353133536
-1823468123
-332996892
-10719849
-2123950105
213334339
1503232915
-440649678
1602127025
-1230223548
1674033576
870327597
-811085676
212076304
1262840830
-1529773737
-1932112566
-1910208202
743953681
128200063
17520384
1923787184
-647557643
-1456491426
2030009966
-957418900
2122651785
-945202508
-529809369
959947271
-2028021524
-301167184
-52536015
1627249371
1463726638
1009865620
1470900440
-1106756037
-334513590
474391193
1061707710
-729974787
-1899251372
-1587494385
-1168483273
1117093432
288188398
321526216
-997606445
163088718
-568090368
-221834314
1533987387
1682376748
-870745433
-488377389
2057192768
-1019865904
-1963820435
1257097792
899993137
392178955
-1374070597
-1444551759
1194826860
-2111687801
1441990539
1515281415
589645111
1540947212
-219221919
-323176642
1709878480
492039678
1384684923
1130734728
1048409282
-678073302
1528709703
-1373941830
-1776387207
998385857
-2117937388
2072503527
-1944305384
-1112766813
74038284
-1021564342
-1315551862
-1585864479
1714755425
-1426041752
-120605737
-290343555
579822279
-1644464010
-978260296
-848955277
1229708321
-394968841
251449964
171053820
-242168450
265013417
850902988
-1468017903
-1777737658
376553377
-2121546595
1037553453
1510993840
1340554933
-1512671963
816972375
-2141778313
-1679692519
-792573184
-85613473
-2020953140
-299934644
-74015437
-603471257
726352781
715570740
-628718207
1593596837
528442807
854415751
972572413
536217190
-1541480167
-912039827
482609632
157049173
-540807862
-685437597
-629014372
-154020612
1386950621
-505009566
-840086992
1242917259
697948370
-353606080
-1914559042
1980085464
-207318449
-1597039531
-1261221030
349578407
1716074383
972649056
2080079396
-2015876822
-872904935
-1688866644
-699552872
-447872054
1095517237
2035873902
-998822876
-1546306008
-2013693029
1087487089
-1536362246
-816640674
1800789869
289382388
-1388975321
-248699511
608333416
1441013714
1479628772
1228784011
-121841067
1671932387
2100993580
-1768299763
1367105988
1651115682
-2080409202
-617804094
1964380412
113064207
2078813764
463341811
-9462227
-1215039274
-1169300861
-1037806026
1963414759
-2007291215
-307447532
-1490123648
520799439
1971845898
1497661730
-1036681122
-962779249
-166035741
812912470
-1743160705
910799374
-1037107462
692622368
-685170315
1605190881
-1816768217
1266385751
1807496124
338046976
890233865
-2119245563
794209786
-787481156
-540647199
1600194427
668604808
-839091984
1448740797
336476842
-526467279
1421501046
1158818264
1686609077
-2069446088
856525277
-243177920
1407997889
330917791
-2080162472
-1661039431
-1893002993
-464187994
235488504
-435270943
-1379993267
-162883695
1654447389
-170391660
-2118316504
-1111666258
-540384214
327323793
1702584613
-1603366506
-1307725961
-436502947
795178929
2146211506
967719819
-143232409
36575350
1051750145
1890691978
320836460
-239068689
481223703
-2127410196
-1756435428
-1588263362
1033679976
-24212369
2067828734
-567171011
1483119814
-1312709298
1496296080
1777718738
-396233176
-1585128525
2062605489
-663876730
-1245516884
-1529079447
-2113237949
-1666536104
-399405858
161991637
-2096100852
956956879
1411858490
-2080293338
686731740
1797207118
1448237551
96854731
-299210507
540149675
1607850725
1258897445
-1845944666
-692590079
-1625842687
-814975874
1812149049
-1243569979
-1020302937
-1395292872
227076366
1398656023
1210962816
888139081
134956039
-1439835046
-1600539524
1065557734
-1432814809
-794276602
-923814118
1866656894
-439984011
1100101820
-1126213146
-1870066455
1164010278
417307290
129316931
-1599721759
1818300410
439800016
1780128618
-1536405584
-1113443355
714159219
-1152477262
-797226709
-1057422094
-1599284591
-1283638767
1895025374
1782183268
1320211076
-467826206
-1211878776
492442910
-609847925
-2105056536
335935433
837395780
847223702
-864130158
-652632295
-953040351
-812988064
914336640
-459642884
191383370
968076227
-2072803771
773991027
704336388
1006597191
-1354883474
-26667083
153617890
-1835406597
-1731959613
735334943
-601458766
-557758072
480008140
-1807642520
2137973401
1395405698
-637323370
-32686056
641371005
-1201250303
-65228361
674487098
1168438946
190171248
1680492942
-1572444848
-117943401
149123236
-1902477105
-1007336570
-1912978605
-975168464
-1144814530
-126622677
498883738
-621902602
-1206558534
1865083228
1355158181
1723983617
-1043594116
-128595199
-761011711
-23530094
-1410756448
1820599293
-750655561
-1295348360
1942339301
-121233759
-231323988
1153087652
483248
969847904
1669463882
300144380
-374786986
1573762249
1016405344
-1509359505
-1040471654
-361838671
-36872122
1248064585
-945211788
294248111
1450492229
-1041094201
-254057708
920963532
834108469
153736686
1710930981
-483597445
-1738572186
-895944040
1331967574
-2025125946
1201496003
125686479
1158858261
1185106634
-687519180
-2071383971
-639357027
1375019621
1500017476
82878115
17584947
-156764371
-476443644
2046779049
1270512043
1654345891
-877081810
-1733128074
-618109647
-1437527896
-1585154676
-488759902
142813765
29061679
1457064090
320682281
479859975
1717550899
887057258
195725441
1832918708
2132406763
-1726101049
1164528109
168867696
-237193924
-74449507
925502483
101771333
1435269231
-23942505
181062348
-609087125
-1664382429
-1192103926
259753275
1699465417
-109547899
-1542007535
-613572320
829856955
-687938371
-1705192712
-1127895186
1628028694
1722765227
-1102372387
-2029230566
-937829272
207058386
-2130465900
-1596660939
1282909059
-1382888300
-151795509
1914408252
-955203268
-621296993
1274096750
-2008931154
1518228592
313179559
632267084
1438833375
-600302009
-13189291
-1289585158
-620920308
-1215040836
-820583042
-1020857609
-1877005650
2116889948
1079720344
-1560111343
-145374701
281554509
596018025
2014565894
-2021226967
444736401
1080693504
-305650323
1809277596
777888396
983545321
868623318
-2134340828
-1455368765
1351699355
-1770518992
899475223
8536806
1258335541
1208285035
-1918557627
460156176
1392106601
-275886499
-2115340540
-50800820
-2075873864
577748457
-437025399
1585130331
1107976671
1167057758
-1288778631
-188381005
-1783176560
1572919068
322148031
988102603
744789605
-737762435
-1832684897
-1724940907
144506897
261342705
-746355189
677227340
1411882200
1370103402
-1442425803
-1079409041
994293312
1771106555
2117322853
1313092876
-1488905463
1991695803
-1230595572
343136833
-2059996327
-14617873
24337944
1264021247
-170449861
2125872487
255777161
1409868561
-263195062
1124694824
1171155267
198298204
588575657
-851913653
-1768516826
1403460200
-41733835
446021156
-512158629
-379274210
199522046
-1958384475
-1926954768
428471763
530054130
-1238600188
-1969174361
-1933315707
106866906
1233030300
699348234
94626659
-248244598
963998480
-1522682685
-1934453614
-1409500332
1900056245
1662748713
-1813293522
-1360725059
527481905
-1642159330
-1832607602
399774323
-1791341985
-1093380073
-1853037876
688980861
-1323221130
-2111233925
-498710909
-513339724
-2143138711
1213470257
-1231787046
888821105
1470960271
1711796852
2046517697
-472602745
929734534
263497193
1977572986
-1623348365
219497301
-1077813774
-1381434277
1349572050
43328720
-1369699516
2104098513
-982064109
-1327024064
-923615818
10150824
-1559245204
-183862206
1512073564
-783694712
1207264529
-1870028561
1570826452
1050102978
-846328669
1574272317
8212703
-1545156788
-1213575706
84342436
-1863784141
1290963210
1465855159
-35307772
-1129030002
239483727
-1078298052
-1569223483
1576632846
-239809886
1026397788
-533221056
-1124914753
-1820852796
224285809
393032029
1897530997
-620496655
332724028
915326076
1406698204
-361156250
603551769
-2063442536
28639181
-2059168477
1363250547
-1418583383
-2064449054
-501355790
1586766969
-898697654
463545420
983346855
-1526840815
813660060
-736959261
1389620648
-1692369139
-112944023
-2094883458
1256187823
-109341796
1850427787
-2138489212
-95389746
1865786882
-374043249
-1805738301
-957118029
240734347
-1588305516
-1632734080
-847569107
1361744572
-1333717895
473648078
2134878702
-1690492468
-573848521
-1286992349
-987251310
-742732718
-1971549814
770043687
-1060479521
-1845500609
1781742038
-1917463857
1785818446
-308352499
-1414012087
1702461610
1358299082
1715198008
521430844
517355642
1875416503
1237509613
1120065246
-578847738
1947435829
931500545
-2142079469
-196992466
1946552229
-939245788
-358643559
1514473279
1597692267
1524223573
-1831318164
-801902968
-1525339659
-1449005928
-1202992020
-750884563
1377527292
118097895
1202018876
-1877092806
1476867594
1606950757
184677996
-1879912453
-1179221189
-684596519
-1283790887
888904330
-727612345
-1780361895
1217608531
-2094372952
691410623
1837066053
816580737
1773896656
-2101811050
-593872009
-1182949119
1817755785
-1437518366
-1076360264
-154006061
1431875580
1609309924
1303896181
-895516938
-1937930811
-487531963
2133102513
-1436053165
-545214195
613369762
-1673808067
346722010
1760920536
-771316150
-1722964441
-460583702
-807502949
-958761914
1198385520
-1413968650
737541905
1908914585
221474816
-1183710363
1499768142
464339912
314735070
1671653560
-1347659245
1639814556
657049243
-767969039
-1271860380
746164005
2009052943
-402455245
641469528
-681635326
-1010608569
-986023003
1642281263
2049385952
-2108654147
-1057846884
-1642796887
2015584576
1710590153
-168002567
-1719564651
-855467396
1798064984
-1610661426
1465627559
1816208651
-992002085
1818572103
558081678
1644764931
1329537153
-1696395577
-60880314
-309620001
-188981337
-1059559855
-1914704470
1042510210
-1774505073
1273784105
1414699084
-769677189
1976576336
1901042106
2016630921
807524490
-172068083
708175802
-188047657
382955619
1129342313
-1314242933
-1151403424
-1836372047
-2118789063
-837848092
-877540652
966350429
1939562107
263737520
917814139
781255695
-437745273
1077601846
414407561
1212779508
440576900
297898361
-535992395
-1178943294
-1210790627
-455192351
-1840015093
-461144840
-474690957
1284198426
744623361
1209658218
-884421804
223202875
3185353
563696636
1368361645
1277084203
-171791899
-1256623955
-1755242179
-1106321088
-1994039809
230133463
-1780136053
282192936
251931642
1966735540
81216281
-1061722612
1363749956
-340090076
-889261350
-799729167
-1497383315
2068675500
1909042912
-1417014686
-922398211
-1620790590
-1402671271
549906252
1954375809
-603754937
1382543036
586319400
1002120423
-1847242668
87604030
-1307518882
1814297611
-1562862024
-1725142133
994241512
-1045144943
1625641921
-1087804750
1074692662
1560826868
-608459078
-57798816
-1957353135
-1235767585
-24592715
-594742704
1983988547
1932911291
754492682
1129560065
854695861
953932425
-2061979361
-1352121942
336759768
181047537
2101212393
-67929749
-769819512
183687577
-448303695
1315974596
-1092176209
-1501566022
164363547
1722265674
817011175
1445429745
-1035964829
-1605555305
-1786613405
599499602
19008490
-450632574
534966030
2112317891
1123453169
1420548751
-964381452
2009160070
783958947
-166495319
-242642719
695410199
1549935448
