603696293
661434742
623991359
721044467
-1415389740
1962988311
-1104407614
657451185
-2107449343
-1966387693
-2129133021
-2128381593
-133063348
866891993
-1327959582
-116552670
1119380185
-1597791189
467433146
1790278128
-1308384042
-438785846
-468092598
1504839095
538738364
-1512235920
818445047
2014125122
-832343084
-921001470
67220496
-1428487780
-839371780
1450772741
27029554
1216774049
1081239722
-2112933806
-461550355
1318644177
1357631025
198369285
1379352231
1641941607
1891376451
-1390948677
2092793792
825314473
-1706325834
-1847769605
-1121792522
2051192961
-1754737781
1726814708
-616261109
2104988493
1138508587
113633384
-1022947931
1005828595
-1061096974
544592616
-760149132
-703199177
-1916647951
-1540741055
-179991143
-897359536
-1963749393
1418441014
1101661766
-2088686153
1288967857
-1991863186
-1572886879
2065261122
-1133374853
563611056
42971117
-2087754639
1271094486
2091594829
-133614869
1112432648
-1435314030
1546792156
-1043275395
1290723805
-1110583794
591307308
-1467361651
1400556531
124581814
1797902710
872970284
1710487238
-974628148
1503262162
-1202792451
1318261736
429852779
547815148
1732523476
-1552308788
-1047137591
872906487
1200588953
585834721
-1980562756
-817232928
890712434
30312930
-86181505
-1464971321
-752468703
2121999724
-204395851
225780906
760862634
-1897394992
-1593027923
246716259
-1585457608
981449770
515116262
-198566444
-1413907648
-900338254
1816309462
1818414175
-842802970
-1215343023
1385138919
707098268
746157472
883955575
468312001
93431621
-1447618792
-2072053205
-2007173170
-1222532235
1594349399
-2055682205
345521402
-1158877935
-48568289
-55553643
1348355258
1852569734
-414734185
598541197
-1106634672
-1848309324
-7671507
-1012725631
669662540
-1154126807
951237047
175989090
-433765803
736721554
-937722405
618888052
-1596730327
-1136055955
2025128881
954801184
1513660129
210110723
1413114022
1756411400
750681977
-401411435
-538732381
674593628
468306320
1237112021
898929517
519291243
-1762548373
-450931817
-1544477618
-1971615364
327338559
-1382601016
1828843509
996295391
930945199
-562060130
243399834
-1077536194
-443426413
1537688337
-155576219
-1629066696
-1295997702
1589369993
121750032
91889968
-1643301518
-969632808
307460042
1403400289
-1465341050
-1489226903
31232094
1627609141
929891719
495797178
1599013524
1380181463
254922639
-1923836665
-222445865
-1409337850
-1603448894
1799761991
2100461335
540152108
335917783
559670107
-1481232144
-178244434
-949355306
980671621
-59548148
-130769531
1229111842
-948369130
-1544800571
-1606195187
1585900730
86387563
330572557
2003392797
-1849617989
-183509991
1756822929
1181901911
-2146034903
-1632572825
-1156162276
-93207616
-1184478738
2029506556
-414740423
1774941330
384685089
2039163865
-2052903140
-275239599
-430267508
266762376
-1321113662
1829380379
-224331672
-154177131
-821270441
1678386244
405861482
163044413
1621396439
564790818
-1144303102
-458840219
-1706545930
-75353052
-1168913439
-276916531
-1716829372
1977481769
-1864107844
-265818747
-876007796
1392178190
-414605488
1837484959
-75672451
1926595721
-263731547
376910629
1079342220
-2008718028
1520567957
1068427341
1322964504
-926243860
-1200759665
271360235
-1614957362
1100783964
933103768
-2116733146
1142984526
-1684937516
1937258131
1229902702
-1325974514
428923231
-1159366719
-1860091475
474474623
531023891
-678276982
929686972
1666868845
-991714390
-1512350083
-1636433128
-1429967957
-588351151
1641011860
-963818539
-1224235026
-1590715712
-1302103108
761391826
945870073
430626186
897416597
624590125
750068986
-1670034507
-1507143818
-29511943
-243420365
89637261
-166350925
1854828334
1801902813
-1897433931
-1396361439
1298329312
-1269589944
-1200828290
642488538
-1859133516
1490245702
831558523
2016549437
-458971762
1176164810
54344276
-1294072008
1489792911
-143194677
-710163494
1201284809
930311230
809165166
1399857756
-1272679487
-1355903740
-73925021
-506794440
1549278666
-1520988963
-924643954
-1395970636
495457964
20328012
784103402
-484162034
-1784762421
162194575
883892650
-817272367
106630131
859724820
1733671840
-1298065303
-481466024
-222521813
-2126952734
699958009
1941931991
-1212576772
279031466
-964171156
13021058
902335674
1388027006
626412234
261167963
705612568
-50009456
1255925708
1893256286
409783804
19093607
-1406628175
75630788
1191295090
-2090900035
63676754
67898246
-209281821
1798797227
-1995882892
1272883231
992956293
-1239569405
1321802589
1256711830
111242261
951385852
1705042601
363387835
124355268
-653744364
-802870179
906052016
778149998
-1098724558
-1211538628
-1744989014
704357905
420869898
2085104473
-840714247
1402282876
979300805
-451731987
2130077509
-752768698
-272966944
-1260261782
1562900505
-1277966847
-1515736749
1080446159
1786326949
-1438899536
-1987860234
598415678
-1622593345
-1747357067
-249433568
1257946315
1671939627
-1869928050
-34482287
-711869546
-2029286117
-1492897918
366958225
-819997669
-136199176
-579207018
618829144
-630505528
-142229150
-895487354
161864624
9365711
-1282779275
1204129905
1543500248
1451600189
1528801102
2129281556
1333463467
-884873397
184821965
235385403
-1661037055
-2068700428
1545071259
-2097698701
-1892371371
-553105209
1553288814
-126793212
-609612632
-1599939074
576898443
333772317
1496402852
-749446706
-1708830324
2092773713
-1056859389
313933824
1660144995
1123963970
-40256463
-201666368
1443316382
-1532628581
2129111344
2139709876
1019530988
-2117720253
684646331
-455166896
1648483807
1449676494
-1507476818
-1897144984
1479260915
839237943
-924549724
1338216966
-301482034
1176281548
-1631127839
1460596093
-44981559
-481172375
-1706304654
1019217085
290564526
636551912
-1593097838
1510595305
-555957053
-357755433
-1676681904
-1962243290
46978567
-1567734676
-747314323
-317867082
639609019
741457845
-1773881718
1025158724
-930128605
1479654675
-2135768446
-1310555776
-429962099
1106125800
-812832236
-262637586
272935314
876995215
778644165
-2071504901
2097307803
-1503912308
148331268
-439076527
-3933018
-1501318140
-1139071346
-535800981
-1933863862
740210799
-659346156
1992335723
994247416
-1679362933
-1749653734
1192980267
838922883
-672167533
-1981532895
-1398201455
311851233
2097100208
-2088518392
-1384719321
-949858765
619047856
-1290716754
-90264086
-1020076286
1348973045
1602101468
970104673
277921483
-696124241
-676117662
-1043025935
14630589
-1318062259
-430814337
-141066129
-349623104
-1088065232
-2069480059
1634234614
-2092171591
-2109775455
1418256061
977094651
-1265373684
1290024709
-2063784313
239908510
721405794
536700239
2124225990
-2068165054
1821078187
1104603061
-33828742
-1785480353
1816950630
1724426661
-251513427
-1058645610
1008468255
-1202124038
2069377427
2022798597
322840633
42398570
1398347244
1944767708
1898873581
1994205507
925189293
-2020594896
532038290
1624760150
1851316446
1712989711
787505438
-1572819405
856259013
1024548307
1831117548
397700246
-500450236
-439825221
195719359
281647904
178435711
-1596654665
361811462
-1148889271
-784160319
1711353986
-1797722271
-617084523
-1053170016
1730210038
65353059
-289783035
-2115940514
-1154664549
982945689
1284865488
791157906
1443026304
-173110325
-332679854
1055180806
-1592853170
1940690305
-55834300
495927779
-1215929447
1086400968
-321789907
-1903766517
-2036146055
64619317
-1269875432
-1857529914
-988176807
225870378
-1868940153
740270495
-708517362
774100311
-1243550553
1076447120
-2053521365
1517594244
-513411900
271066460
229856146
1161842572
666615806
-1375452356
-1933424306
187816876
-1636098243
939459261
281597344
2087672061
-1452435870
-117262872
1744332375
1990606399
1039321278
-852360029
-150493596
324135127
-1880377145
-281164714
1236051629
1742567194
2028850952
-1035065904
-1873788895
-141393205
-534061991
-1581884052
-1311964404
1180336098
1184533328
-109565585
-2107816020
-1083128945
-490408713
1259264692
1728132099
679442301
-514503490
-1890598006
-1747006738
1887567194
378984371
178794716
296441974
-429160809
-798121232
-220245613
1733218149
-566696852
1535094099
-1492864969
786885660
-536816610
-128288652
161096412
-245813085
-1945744508
1772893395
1150440763
-553644543
218401223
1650916689
-1129623266
938528462
-417009560
219665889
-1069635327
1209865990
445311111
-1004379777
-216585994
409734431
1549949025
674071392
662057417
-485195684
-853447398
-837001366
712057443
-465395613
1182186684
867331558
-1720618125
229186061
-1687616385
-256338317
-1775736502
1296477565
-239204534
-849050051
-1208909818
-1431924365
2031243385
-1792887441
-340986382
997406690
-94118176
-369700891
-1345447891
1838696383
376306704
-1079151322
-940624504
195682331
441762776
1783989137
-872981580
-1391167373
1828921358
-1339661611
-386121059
-2013662650
344341647
660341158
2009926160
1003859944
1306376067
1541962413
1287171491
-1555381098
-882372123
40277183
-1880272171
-702770743
-897113022
-1934126511
-1543776909
-1551669809
-1198482496
745145387
-488819139
638840726
-1109736607
112104284
1871564745
-292971573
-336192119
-1602554259
-852724312
1060187939
1848152509
1456113113
-1966480954
531771895
1900491437
-1041292357
-285797354
-1244987114
1045946483
-757306679
-572028818
1685886934
2050247453
696408192
317089455
627074924
-1476650648
-487856479
1881936168
1622396797
-188991538
-265730085
-2129414853
222956532
1150129091
-480986167
411484737
55487509
1154336570
830221854
577661610
1758455506
-2143782802
-836168418
-1722182807
-961978275
-1328516642
316883791
193451406
1289565438
-1393314152
1638047856
175142452
-806200026
-1327098182
1475280298
1072068764
583843523
-1865283531
-1465091835
308883098
1122271189
-1191721004
1871062045
-1052579025
-855151040
918488700
-1580211692
-1760707721
-399994652
1172285109
-254562102
1213221317
527381994
-1122349464
1074647371
979586828
-168291744
-297676566
-1306623095
1458714240
-1697626360
434287928
678381898
812636028
1675320940
-135897980
-17505181
-1375573595
1204983862
1348701424
1582728230
-1208477872
-1281550914
2057725080
-162146792
-1828204000
-484066333
1620441302
-2015695385
-960999949
-2100503011
1782457792
-993904486
-1132378625
1239484114
1286099445
-1833308407
1205432375
-1989447447
-124376423
1096792976
765838067
978454173
-312632419
1235650303
-1583025969
-476448365
-1571452861
1888985300
-994296110
179521581
-231274527
-654199125
364452051
-1519991776
-540071196
-1847898379
-1049819113
-326799805
1452903447
1497742056
-180359105
-1055835222
-459525595
-1451707466
313439840
-1333487629
-916355748
883824385
-1863666061
962541791
276127155
-358058355
-835671313
-999024860
9858318
-1528402122
1119087284
1927127168
-1273132609
20970277
-849010389
1362786065
-1221550768
-1798687938
-307632982
942035427
-1787872385
-38718500
244109084
-184036662
522397065
-377546560
-700187424
-1366989454
769605035
-1857928122
577115634
-1837073484
-434393371
-1787533863
-1006353080
160938794
-150582016
1537668008
-1587428738
321253381
-2018873134
-552531047
-211299916
1170004253
956552385
1181085565
1568628150
-931651255
-1950075515
-199585659
2103939166
-1837753872
-1228162255
1303633397
-936178378
1284049632
2094034547
975096599
-2146717087
1594698590
1152466458
-1582415759
-839449670
1610389629
-726312744
-882217927
-2116836291
756800691
-842997943
-1105189368
996835749
1219419304
-594267597
928405966
1072993879
1708080465
-1933876977
-231035386
-1709152898
-1585801411
2133294280
-336209622
1437635958
1879051054
1170461378
-722773401
1434405997
1624902635
1509250077
-1502639724
-246926521
779776340
504540474
1304048224
-497728830
425470135
-305671811
-427086133
424197851
-552659359
1195376468
760853719
-1778318225
472382582
-1424129928
-1455535234
-617018076
206011140
334932594
-867001626
-732770935
856194390
-1148984479
-1656648749
451334523
-455628666
874688250
-915051940
1032239819
481992533
-720500785
-1678180383
-1613330915
-718852290
-957577005
-855910341
-1879393774
-747128120
425274140
1882793525
1821893801
-1333037796
-1458332693
679738171
58854114
-352959786
-36606231
-609040815
1644228260
286086175
-428232525
1196379718
-25669921
5950459
2133368216
1527749416
-1366194699
-707524385
2112979105
628065018
653666901
1272144518
1848704721
1611255204
-1870555799
-779128572
-1230875987
1875584042
-53906254
-522768102
2022587389
-1744290015
2134624560
-881092148
512927700
-2111567779
1527970054
256145201
-1410444082
1560912879
-414787746
-287859063
-366217319
864654414
2058077834
-1529426028
-1766022219
-1645711917
1105156203
-1511401695
-724992897
1155583338
1353978134
-2085632284
-712969621
1648461446
2009345971
-1494526323
-760999792
1349270613
1861067176
535544341
-799236503
-1920476619
754418679
-1435190950
-592635431
1283301221
-574368028
-75680531
-1470640785
-1408323073
-914995237
-599374805
-550861077
247164197
-1037879921
617097354
-663703039
1679089274
-785886618
-1736093132
1545984860
-1062983980
58886419
297275865
-627122203
-1675972049
1670055812
1892225985
-1560261564
-516326684
-1866492929
-297142240
893169830
-2029204455
-1982295929
-980378451
-1765937984
1123891067
1420906628
-1698370699
-1316440044
-1911705046
1353557154
2046575339
-589698445
1890192629
1704050937
588958532
540100802
2129148871
-2005933715
1759792385
-155854336
106045536
2090946647
1848335564
-48494457
2104806471
1844884324
1269231752
938873745
-674402818
1302708925
1088663971
2010879230
-176464521
1798884968
-1270374227
-1000530093
815922119
-400116243
1987305006
-494585851
836524569
-1778371012
-1782993741
-1074253320
349166564
-427183667
2081751082
1289268289
1292519520
-1863919863
-1771032977
-1532053197
757792565
-781203224
-1273391834
502002073
-434224011
-115495462
311249099
1082587199
-181610548
-940128021
1631723782
-758304329
1695632118
-1715437279
1145747011
942781529
-748172432
801110824
546317442
-1530088309
-1612426382
867707184
-2106218645
162459969
17200667
-371297002
-988716124
-1100946233
1640053486
-949131071
-434638489
1931328958
-2013217668
1276049614
-1638040498
-774478749
-1403093405
-204581521
-240612239
-771157993
720416374
-405052016
-809513806
1497248026
-1959803587
745033787
90006102
-2017217894
-1129236065
-74729412
1665640920
-2092181268
-148030499
1050185223
-2055705351
-1348124648
1227926466
1124506586
825812507
-719995237
-1724137960
-602591202
-1733679921
2084188263
1948321118
-1056732654
-1986615380
-722899410
813683127
-1487868758
1306738530
1622734047
-1653597148
53509044
-893219058
-1499070096
19230965
-1938077891
-902840881
-1001511714
-1364095620
1445800242
-1251332712
1582208113
-144268028
136272201
-663401657
1561442884
-270237439
1484643105
1530711030
-238630396
433778824
1520642728
-701568111
2025283063
-448840960
1574423228
-81559383
518742080
2103020058
-1909876204
-2122319482
1766573152
48922366
510202465
-84568446
1333318912
737699526
-1567042128
-1640467052
76618221
-153697745
1073622545
1944273707
-2140005789
1475482765
700932989
-1062951876
-1530101875
1679109631
1629948916
1947250078
1996053324
-1032035100
470923750
-834536299
1645647671
777941645
1891478739
756761771
416075746
1977214771
-1277532107
-307009850
1266753635
-542021333
1181766813
-998021769
-1831230959
-785370280
-1397305573
-1332819313
1067689103
1161004768
-1557050654
1614041592
345432584
1810695201
1498048812
987622849
-1537133637
465379046
-89248933
1453619066
1260030650
-2050743851
-1592614048
225223361
-1510395667
-2017757908
-1456421280
524813596
1931122269
-1886380884
497370516
-516012279
-709546321
525508820
-2088005264
-1118842284
-850648339
-660613294
1025731335
-1278963289
-121250932
-2132197706
15968173
-470903449
2094180010
-1824857752
-2048718115
-1129205315
-1742668138
-880282660
-1729471907
10381810
1538339989
845586947
-711913312
-2021671681
1785889763
-776552444
1368936810
-1390368924
493867255
-1707716053
-1135737671
-737710536
24287499
-1966989279
-449037341
-936245375
744936923
-1154496675
-494451461
851456965
1009965484
428998874
1468993657
-1725096736
174221199
-124842486
-1097937639
-1971089896
-533427226
-1149468406
1312808451
-267052690
-1584400089
678614038
-1120694485
-689062346
1666837728
348030014
32058362
683861226
-555228934
339452762
1725717550
2008400954
1627688257
-1685842630
656534270
1429111654
595918115
514321442
-119055232
1519824336
1827847607
1437243509
-1047792305
-1743860788
-1768134655
477552559
1632639080
581186746
-156365964
-1197027688
1828855636
-431395241
638008503
2073828022
-1998712692
824487247
-1197683541
1043900162
1262999576
-85112042
261122989
-1941037089
1583212152
491406583
-1106723560
735502919
1859934664
1186011244
561553165
511287879
598152478
-1184526160
1672260214
503088300
1305700918
154163603
2095198023
-1385979906
326121809
1030450060
-694472442
599922861
-2116703399
-1889491692
-1994971251
42224778
-1791759799
-1880611535
2106624014
-1704148616
-592806965
-939967664
-220505512
-1880831134
-626515422
-273022889
1761697368
-2082661009
-1561499831
-70849286
121406945
-1047938444
-259377572
1915552078
1584973487
-972556118
-1865341129
2099663259
1972537512
750029984
46227548
-497939339
1410806885
-1662857357
655504153
-1893839347
-2002672143
-754600901
-770058774
-1884597052
960792528
-1955716920
-1602559717
-1714099455
856742466
-1496736371
538603953
-2088232381
-1176032568
1137152220
-627370357
-10978439
-542752793
486177107
599190467
1705621649
1102200107
1366154134
1855293529
-1997073586
-772045970
-524232899
-270491118
302777694
-446901926
-870279408
824478621
1922977195
144468011
-1417867151
322433272
-2098528527
-2869063
-49953255
1396209169
-1895996528
-37659467
-610041337
-1637868624
996133538
1102798898
-1426113868
1725009555
-597454256
1477975911
-1544185974
750240986
-802225311
-1446429517
-1235629929
-1644720731
664064531
-1723043104
-1813928579
-2122844421
-2052958162
1557677995
-952088659
-1276072467
118414421
474145412
-921463852
-914637573
981957278
-1665594479
362571412
320490677
-1904704923
1094162168
1367365751
-1741534555
28204381
756662365
-1135653600
-200992148
-1758112793
2050177705
611729859
1149089066
-595541338
1309997069
-1662251306
1689705251
1616352594
109571654
-1602481912
1619016606
42801869
339303202
-1805783694
1630779152
-1788180877
-1874309822
-1425480436
-1516626054
52343477
1310487840
-1541117087
1756437262
-2133919511
-1964342701
1717499014
-736490216
-683855270
1472893202
-1089524152
1158949148
1269053094
646540278
-250406748
-1268640710
-1414698167
883271171
463712635
211663066
-1300809612
-411709208
-905238651
-1652346748
-1009944797
142955397
1234618502
-1075451889
-2093863826
1980343470
1123884736
-1550753283
1466312222
-1859523026
-888933976
1216953125
-1912189822
116349966
-491184676
-701344366
-1228161661
-1856725993
-1655932845
120147371
1883899126
-800108140
-1211617066
-970416749
1374160433
924221788
-255301714
-1851583790
-981112096
1553283598
1663691422
-555910604
2013768473
1730739358
1236487443
-1130584591
-668532051
801089808
305844121
-13946354
-947591232
2137060228
1744751249
-1915966718
-526723429
543925617
-1240625120
585759387
1302955712
-1836110027
-1628112534
1050492706
1052630334
-99725876
-2050944256
-587108163
1214394439
1482672351
-1194025834
151812372
-555241473
2047773953
1084051449
-671047369
1419577494
202024500
500245311
317487551
688165272
2108743345
-1275004353
-1853972173
-1787978109
1021773288
-1189053629
1843727532
1836696729
1124541381
-1066796292
180729530
156248567
607394868
33600438
-858204023
-1060228633
-212433177
2015542220
931860799
-735700367
1806221142
-1579192483
1099964328
-1672388809
1235579143
-111263425
-1984622059
-1111100030
1889281039
1812801331
264966272
1731900823
207850967
1422726490
393356532
-2043116209
-136730077
-1096401688
1696441899
1090197478
1029562448
687145494
2132945016
-100837614
-160319268
-274997923
-1892214553
45795671
1467017003
-1714054176
-623614302
-504329831
-1944474744
470201129
477552278
1933419506
-1381314199
-207381480
-883155627
61598662
-1947415049
-1959958249
754006845
363306771
63947468
-1767568494
-516057382
1753049869
-123705091
-639042394
474309000
-790911511
-999151525
-1049084649
1878381148
172806649
-1451434250
1313923207
-1763237051
-361841160
-854516510
1850709989
643742829
-687155545
-441591747
114880291
532558308
1969847704
-1527849617
-1091816917
-1657669760
-1266452151
599490483
860564755
87879422
1649529459
395398615
1650539406
1793864812
-810700124
1128189759
692542374
-951006005
-751364085
-1742828241
-152422489
848501487
198341266
-2027754424
-248358050
-103924054
867860018
-2029544877
-1453455229
-1860189655
-685445503
1325765693
-608215437
-1053148771
-632438897
1874004066
990431521
-1013991139
61226995
243833101
-881005746
571688138
-1524488160
-1743142081
636909560
1574870835
-2073144580
1235643823
554675983
2096896507
444722099
-930618350
-822578834
1902791865
414459079
1834730140
-1543167992
-1133914593
294505579
99849669
-1813005726
260279133
-13676015
876098128
1432875072
-357058105
-845606591
362547592
203823779
724393653
-978520660
-425198132
-729788430
566393258
-1013068671
81951566
-4192394
2068634807
703715070
789109015
-513146869
124591905
-159157687
-1668331954
1922129428
617322049
-901519233
1776011192
-1804979025
1420916907
-198066419
-1695217278
-1646334423
-1569812590
355800639
1386613054
338642868
924719722
44690966
-861676501
-606677929
-1771845425
-2121702307
-1370286663
-261866715
-1226576219
-106938370
-1616997813
1456055473
-272083329
-1739432559
472492606
-918418496
-1378527676
-1706045131
-1723592407
-982620864
346622479
-996552285
-2035948186
-1744252039
1173936471
-192757633
727626705
-1665443710
-1891653040
758506481
-976587825
-1081426955
1754359696
-1928813196
-1056194671
-417490971
326024180
379611629
-457519974
120766736
12462275
-2028644609
-2140346242
1612283473
-1883383276
1810602397
615546347
-969850025
1997790573
121766368
710272493
-1969364325
1666752173
388892698
1201506669
-809997681
1439813419
1680510762
-1251469574
932454931
-1059972322
-1023412207
-452079413
611473452
-1751887554
2111920837
-1102170364
1500969719
-1146167125
2011428933
-1944481224
144386523
-1129918194
-1028441619
-1425399249
284833533
2096601341
1236587019
1031468264
-513225736
1700230820
-50998863
1803987425
-1777523251
-1588187488
-227358772
1494787477
665492504
-638692050
47857013
366967109
-4069499
-780171900
-922082426
1922532091
-792011903
-1691735170
-964819600
957417931
-186415309
1005306749
-68348596
-1597679013
-895749715
-798706548
297035055
-1526552666
-29039266
-1256249149
1486545345
-1007766532
-1986298165
717260784
1849811472
-1826847156
-1961725314
-368740237
846094497
-277762139
882196030
-1627223448
1485058504
-1898191622
-1229932161
1042411787
743295801
-1692405467
-1412450020
704179800
-541036322
974603054
-2030978493
-1516907278
-1038755094
-2126406452
-2060662608
-1382955963
1150396717
216311083
-1465183203
155157230
1876572074
374039535
434628856
-687662247
-80631706
2102651000
-1476984746
-1988878677
1045771906
1469686119
-304325849
-391728669
-1265228149
-1888540575
1084890283
1108724027
1294002193
1187153426
192747556
879441364
-1231274890
-1439485323
-1429731891
151546257
-1399621881
-950971055
1793626890
234689858
-658757040
-1301148922
-1241464352
-28900091
2052642475
-1124290167
499272614
-32973080
-268472806
-657358420
511769340
-1424250925
-1121730218
950663330
-994299652
171520676
1379084839
1012389314
-996210257
-600056421
-317716746
986689675
-956705853
-137215495
1569774496
2134403815
1479462778
1489746403
1871719308
302580660
-558405404
-1995644789
-1621663489
-1345155713
-1752800945
378106000
-1895803474
-1528017518
-773940226
-678222683
1225674900
1947486000
2038268442
-1851556239
-1623683834
108443422
-1737281051
415274934
560832259
968049509
2029120821
2096849332
297289936
-1935744170
-972981473
1250424527
52663748
1240318926
-1080397583
366404207
893734496
1088465851
-965175706
-2111798489
1223891362
63284446
489871636
71428888
1041751962
-355210030
1645904680
-673389929
1004814653
736588364
-1890932394
-677187315
-51496584
622879395
124519434
902664223
-1249821816
900696979
-1656707101
-582750962
1554080392
-446655171
-1924247199
-1592730529
-1386641845
-1526769551
-214616100
1154606014
1461012843
-1614424784
2058132407
-269320673
1447392418
752127340
1979548630
1159003685
-1818348712
-1215346671
1684495948
1094496967
-987495044
-86736824
-2124318631
962802224
1245018774
1034290425
-1654161005
-212013337
-670234083
-1271034734
556699234
2123332400
1477942533
384844039
1208176048
1279139505
976329884
82872345
-588683807
743940695
-1415210346
-2077389863
-752931583
2096789114
-303765914
1166296943
489173052
-1500342466
1319347150
-1385292777
280247954
784782141
-1148766535
-1449840020
1222634186
1738627170
1596921928
1131883497
1587984551
1354345239
1095592234
-1681725269
2016307545
1407478690
956683568
-2119801477
-837412042
1884261836
622763039
1762522636
23802025
1547167427
-369568824
-618242176
-795790742
-2133904063
386021206
562534192
881402095
867698668
-844883994
1720068524
-1244141279
-1745934848
-405257636
-1601860096
1343418451
1666211370
-708448652
-1425675975
806677359
-799088713
-178910441
46925351
441218418
332890605
-1781564433
-886405789
666442009
890609081
-1853809603
1834977683
-1874673188
2109300105
-1584882967
678061036
1667418139
1384687483
-652049446
-336526088
-875230057
192021943
803277448
-2080033383
-344271069
-852807400
-1578341938
1511382093
-1728025446
-497343983
1011412228
1364775602
-1670279149
651807694
-968100275
-1094840500
838361939
-1282546279
-1842702804
1715808134
231037571
-1357683073
438405213
1033530870
1087780642
1826330419
1197451746
1987129573
-818069956
1948376625
-1059505061
-966468339
-1796661797
-1608603098
733711002
-830273372
16856510
-309059954
1922941558
-163796327
-252627128
1030121118
-1660610593
-1801649635
1987727547
44814949
2074051891
864612964
-154183771
-1967185363
-410417
1806816940
-417028454
27304999
-441835545
-384626050
2087952930
446236742
-667693414
-1216224717
733812981
383454826
1233265984
-380948551
-2062224539
-535858495
437140230
-413962346
695526939
-712459158
986002877
1860749869
-1325720571
1720898138
-622885138
498603328
-669709426
1831631491
507930161
-463904330
895871760
-1598609614
-182051650
1139876253
-1019512698
973846200
-2145323452
-1750128015
1432029318
-1205270196
-1887442183
398792606
-2112090003
2023461168
-1409591566
-989736637
-479944741
-955563759
-1232645452
181943096
-462455454
105872563
1597276426
-311209902
-1953834375
1765732301
1659856408
-623235611
-25570634
1147891505
-369779792
1162531721
-2079184324
-1571272657
1450800867
-1575314655
-783089807
1673241147
-111021349
534228249
-892836876
-1421748531
865989864
-1068043026
131797198
-1705778296
-1839252008
-1542563342
1139452390
-657433954
352492682
1674788945
604259514
112751986
2041591237
-1055812018
-420600244
-221696642
-1290275515
-1425018414
-2091062183
1309835126
1666939927
1310294567
-1531603504
18693293
-679993306
1336859136
-721215871
1431441080
-929509100
2104153532
-637689323
-883257008
1994454606
-1957092885
-160679362
-815815044
817797722
1313875472
-267776978
76966127
1273198450
1874352040
-1347798708
-1128308562
250198358
1984379243
1155376933
1683086837
899844190
987007697
1931006624
1665637979
324645326
1305766871
-1819860362
-1155850188
-281345683
1231649026
396127456
-1228060618
-189063080
-1448205404
-598956911
1743600990
-307294957
688179805
2145181926
-1511547116
1121616096
758273508
1002452315
1905293709
1399772756
