426377403
273686779
1034828811
954556274
1287034209
-725721383
-1332372341
980042478
-1459928915
-1217508496
-1715576284
1516028068
-879189514
132458799
1631897719
1356916173
-917169928
-490719567
69000904
-1350367352
-770113580
-123143559
671775643
-102770779
-1096416933
462820830
-1900919140
-923241793
-227078261
1548866372
-1147732801
208714639
852147801
-1944132724
1751405223
1107793791
2075264688
1994849997
1830492491
-125968259
18462137
1491491907
348686551
1360666642
2086997085
1518482823
-1649617457
-280729678
2073318151
489146624
1800631418
-241771947
1968858542
804556697
1818340989
276085574
170949650
566204852
2064019141
-855435718
-1247301051
-1826142371
1212180394
91968675
-1456728724
1439027138
1306392401
713118790
40188102
820136931
-1821610415
1772868363
-1214474515
656095365
-310207336
889668627
-1672330404
518169451
254593167
-1152884209
-1146310607
410220488
-117541764
-639298865
-302478286
-630546961
1521522216
1453289497
1043987733
1504043596
-1854331711
1517816252
757119483
1958074263
1756569857
700036323
-1547384259
-1236326331
1648130958
1830976686
44690539
939199298
1918991780
1683130366
-186390127
-435302435
243505136
1927481488
-602515268
-85609212
-1742488641
1695844173
-592537924
-1461485648
1574347352
-668655137
-497093078
1806795938
321627813
-1974170233
-1076991060
562370895
368383256
816116525
-1310705033
-682516456
-1796532789
1506080952
-1289001707
-1901878339
-1886350103
-8352865
-680401304
1414379027
869518668
-1478803264
1164179182
-612891147
-1185261209
1708154224
-956571067
-1002512264
251850342
81911250
-2105331470
2132513122
1797596563
593562732
2014980701
-770287909
-1531316229
-1158643977
1437004575
-914924444
-1591881647
1852345462
362924928
-292032247
-1312336111
356814985
1887973947
198470866
1968987368
676368386
890826627
1337096574
1379960658
2125730488
756501578
39236211
1951376261
-554678629
-613156416
580898799
103793549
1110753288
1906208025
-2098409084
918915511
-623940770
749319059
1945557954
790054451
1571914705
2082210487
-1115767499
43109108
877437821
66095326
-870756719
-1788077605
-458735426
-1647885834
1214587436
-1860873965
-1967051586
-625552250
564606635
-2023065154
-448141489
1542503150
-881614592
19406033
-2114200582
1420311795
-1897766509
753254971
-1609114537
531692923
1528813759
1747435084
-1683133538
2136088724
707497599
-1107955372
657567614
-1709748806
2089763176
1814846858
1537219117
1413026393
2097377498
1688516400
669131199
1187670160
1519769202
-811183373
-422274885
1416717879
1480164034
-1275324777
-1241351189
55400483
-353398460
-588886061
1994279284
621596072
791848843
-921135751
1850815781
-2057676706
-1572949062
777131738
202952211
-336657368
-1217290694
1562443111
702605669
-1761227918
-593960281
1715979419
-1030691221
-858027079
1154171914
1229302808
-903831563
1671118416
1336741965
133277712
247111394
1322154336
1039181547
1076458470
1513513463
-865698513
-1295239450
-930305260
-263270671
-1577954907
272164862
-900330418
-542760740
-1327843316
1214178079
1591954152
-622205019
-1228606185
1020587546
-442625420
-1182864146
1372174117
462524056
218046639
-1387916767
-683828026
1960241226
26122652
1518894023
2073894781
-1807627675
-564987407
-1859477990
-83499321
1018667085
1968327602
-2144665896
-272382116
2054568336
-622886628
124436569
1612182196
994286869
-173532733
-989115933
-1715135796
-1578411116
1041528318
-1265786563
156470825
723129672
63929474
-1818932862
2024575005
1031743203
376469068
-1141261514
-1529056952
1629991362
-930331452
166644126
-910218143
1233482594
-1860086241
-1732409013
72583990
-37281775
1352924164
1443662840
-307423247
-1823525656
-1691940750
1817150869
-1052942692
695301368
-1435052832
1843637923
-1246674202
-1553037886
1874532261
-1394640958
-534286810
824729324
-157930598
-856595833
1112611232
931234098
570338813
-166521965
1163835655
-234608486
393909912
227733984
1638811971
126741995
774975009
-2142771362
-1773582476
-963671201
1320912612
-907536706
1738314805
1245165719
-1527686241
1806998156
-1296775388
333140430
-1066764116
758751619
-840059230
-899924399
-1857350811
-1643938788
1236023255
-1485583826
-2022460477
69103464
-2019206408
1742497579
-795634616
1782604063
765896652
1386350842
-1071211490
-422006537
-704176533
-1935699798
-1319741568
-1674325190
-199163831
-1834812577
-1337486759
1319469202
-1699699342
1981368389
1423210794
-913993945
485810710
-1598142015
-28482512
66636011
-1775124408
853267945
-52907835
-62893260
1979617794
-127464906
-1146335994
1491041162
-1093361812
-620652936
635558325
-477037118
-1344015011
1020281609
-531593631
268572491
-544729055
-646502843
-1947857980
-1193608249
554606204
1788820793
-1213568917
-1509851427
-81921809
326130585
-30391396
-260307123
-2077562567
1839572727
-1444013453
-265806012
-2075169248
1519522098
890936142
-1629932048
398337905
-2050128340
-1100426390
-1465293225
1463383620
-577060673
-1297673522
865032036
-458891900
1637939952
772647527
-1914074814
-2059180371
982773093
356051060
-840915987
429002455
2014827028
1604056867
797416198
1889632244
1825988157
703627644
-155600154
1506581077
-158013543
-1325317506
1629745908
1759875698
275458259
2053890695
-35131077
-1780504854
-1958913737
-2082945288
-1877155018
-162549048
1536396201
133019672
-1856311314
-2064834553
1863551191
489324856
-423903418
1171324504
-1098803022
1680666392
1720427157
499728929
1451224857
181129353
1015820917
-1275957303
1351331799
1582226771
-144542246
2133473074
1513209295
-352082088
1356326502
1225900934
291817845
147716601
1698096634
-1904295113
2105627264
-1521202248
-1316980336
363228224
-1943826211
-212916707
-1916641977
893255856
851343590
1569499102
-38681153
-1048537240
-1725804845
296191289
1059087014
-1933431518
554990960
-1400690012
-383355245
1295270326
-754867184
-275454551
1094064146
2030077336
2062421953
-199477238
-2114392065
-115188827
-765979712
2129312043
-1675949801
716190494
1728247087
-159503951
-1069906741
-2116944396
1792564741
70622565
475875671
-1045280955
1501137733
848617310
1405811987
1703652902
-201807246
1679258719
-1757748471
-791885661
-1111090623
-364454019
-97882937
-1284984061
509903504
1507724549
-634743435
-737489073
-47057001
553519003
1665096233
-129468139
-154952612
-300524634
-2108824711
-1017925271
-1053525908
1399180523
-783600559
979240748
2107602119
-635551112
832991751
-888455280
1275573275
595659971
763828652
-1740143909
-1418610123
1677126161
-1188514140
-590540438
-450685260
-1233556196
1076031097
216122616
-819624193
-1546016273
-670698005
982835744
-1568291976
197807381
396411723
222952991
-191534095
324108530
566727176
1457913055
1257949022
665404783
1892060042
851405616
1741703884
-1143267875
1981131070
1690548568
-1463739502
-2066859758
497034225
-430499379
2033123525
1498249176
910361698
-1165162432
1732343792
-469961336
-11818735
280214749
1568989444
1250752241
234378589
-1156771887
-2118388339
972186493
596254157
607359244
1693777702
961227926
-1248279123
1347606599
1545044271
781666117
-61972004
1950765384
-902411844
-137028580
-1908812572
606210148
-633528880
1520079190
1959032907
-1327678651
189822154
842142524
1481148200
-1441877523
766048031
852836041
-594862600
-1993923590
337359945
907350672
-1892293710
-1080676821
-1675934722
1528416733
1058648088
-318071774
-2113059163
1130546714
633652047
516360811
898824453
-330225036
-1030987087
554706109
-266678465
-1924264514
2010312418
541721726
1258048254
336029333
374392609
-592546932
-2000781076
1380783555
1203211744
1373509434
2050818407
1439281896
-814964075
-148191336
325458036
929627991
-2037324590
916035319
1334352115
-1594350787
-849800045
-1149284949
1373021972
1638537480
2015060950
511860242
-819579383
1609362181
1739328881
-671509291
-917558020
-1633507509
2079065375
1666124141
-1240307901
-1617220137
839521499
42144489
41157586
1264205048
1730673521
-2140977939
-484001807
1896308717
-1726324655
-691685123
-498263762
-1894014004
-485248858
1817782267
632361620
-1338296668
2021079462
664705006
-35587812
-303606555
-1240263637
1386848772
-1583025309
1855400192
248821122
-107965223
-1321817955
747405642
905263491
1279653625
349203145
1487110181
1658304993
-1607914077
1372082213
-22369695
1671775939
-30127152
-1950421020
-1849493537
1079465107
76107123
196130334
-48379273
1503310612
360792833
-2144075000
-1435963621
1929535930
-276549326
-669152924
-241758916
-945629899
1880664329
-295198662
-2018170772
-928808370
1309039634
-2100266040
-1704716220
803062263
1649881322
-1452375626
1301748359
-1300405604
-894002172
-474403698
-1482235001
2047376063
-244891479
444084842
-1629826873
309940419
-1006428608
1223811822
-645914143
997092359
180014543
-1580404616
-792634454
-568188106
-1710451775
-1935075178
-722585197
-1021559844
-1187755543
62218168
34001233
-962236611
-1943968314
2042745894
2070072512
-1825707935
416325384
-1498018765
1601691140
39128947
-507839917
-248196174
1330696689
1901213260
1373912130
-339166039
1115219116
-1453131191
-416347986
-1183021244
-1238025070
-1579323548
893202991
-1803709172
1075883864
-724473726
1518796258
9821016
-1227082382
839217417
716988268
-30537469
-1312247880
-741258315
1093628223
1616892767
686089031
1864436396
70757660
-190079384
-1170944091
1493767375
-1015961384
-1536953284
684049192
-905663406
-289973406
34897866
1286918551
1987955342
-1763103229
-1487831350
164860177
1859544341
744513000
1823989484
1172390189
-1676120058
-1251511843
1572174419
-301154206
-890031709
2040383579
-2026625212
936768425
-1845380320
-1711832636
-1967550694
-1582594976
331324093
5982956
-1841758083
638326897
-1790043370
32754651
-1426870061
1455450291
-1568824391
-2073903408
848765173
255187344
1387532025
1012921225
1485871398
1666677223
-1568536319
70173377
1770516544
-843215822
2017905707
1710798330
-882699729
854195691
543346322
1640261500
274135459
-1983221461
-59820827
-1934893412
513937665
840875156
33103486
-949621695
332869274
-1309866639
94183090
-1721087068
-1252024290
-1709516773
-800032918
1680902998
256768338
836035230
-1821710094
193331847
1845664256
-1494927973
-2049103087
-856205692
1908285231
1756508015
-1490197671
84825217
1414345620
-224496236
-996922177
-974314600
196899656
858038343
-1356200851
-472116463
683300538
1703902315
-255971370
2045741283
-1086826266
920258477
1693282315
-1488989061
1664863430
1766886119
-1365240244
746908091
232920585
-2143390007
612126178
-1367062459
1319319810
-745871690
710061867
1138725624
1847129571
1826614763
-10981386
-256468038
2034230058
1259803366
1650705681
544728952
-1584710822
-815293180
1939097887
-1436094870
-25472530
-1065772948
1729789102
-1743807333
-1007557750
877311020
-1133595769
-1571629400
478066035
-251634016
561578824
305137351
1804744769
815055898
657524528
-1842612725
539697619
-771583041
-1101689543
880113125
7287426
-1368543569
-1270251412
-185819667
-252798568
805643624
1260692592
-986078750
1649716483
1027417963
-1847855517
2020377583
1832904773
-1010448096
1800324844
-345037009
287729326
-2054306826
-1438457456
-1809349005
1472941261
2104399054
1311462725
985666370
1310512419
588356761
-1774538172
1399357728
-862325734
-864803009
922407203
188842259
400148277
1365933250
-1078888670
894054754
348013447
954228899
-109417532
1951286688
1988024169
177709956
1735709601
557853416
911143782
-1190417650
-957684614
-497374103
1211084410
1881871380
-1925691762
-753279964
-843384452
-855190792
-2002471125
-1479326732
-1582688809
-1700235699
1856880775
-843996466
-1799339136
-1892192322
-829187376
425245258
-505554397
883918637
1873447552
-675680158
2056208799
-1746346978
154357750
-1108686472
-894534219
-1714153130
-1030587326
1113226909
1474642171
-942424385
1609023296
-606850032
1279834902
-1958369906
360940263
-1114663932
422024743
-874634585
-171284510
862572965
867555205
-290952385
-570722464
1249728605
-1345742931
1922441155
-666427864
149859154
-1734949514
1975656696
-1712175889
-265733837
998729864
-1171713182
606214637
-1221646284
-1187965170
2145137898
-2103287891
860577366
-1556114774
-740726598
650204452
-458929685
-281558871
-156309
-1166439675
-165007783
1148547447
942993762
1658010195
490207517
-1963349163
-1252116106
-185864137
1370612499
2009492552
1301138902
1756144403
48718323
-1377822892
-1917468374
-198998826
758787614
1742471402
276293111
1677207185
2146984091
-1335439714
-1689762233
-37371574
-693375653
530882076
-1538461304
428914704
1701903812
989341532
-1563278156
-1790335153
-1594298516
-1008906731
-1342631758
-777939611
-1460143323
-61417874
-407485701
1603803253
-1692940231
-1556729605
-242092927
1399162234
90796022
-746614297
-2029124917
284195998
-973752980
664520556
-2122672284
-1457559861
431125876
1445757835
1686192502
-1421100926
-871329035
-1167127303
-736787023
-601485844
1103487842
-664499368
1711540336
548893742
564846470
1555456678
-1488472546
975008769
1304173699
2092978682
2111737302
-1570524800
-1597255401
194070892
-1353846199
-38324924
-344986847
1615801173
-861887260
-2107854163
679311715
142142648
78040882
1720999810
254438793
-1471821569
-152912258
-1825886020
-2097481110
-1005093655
185808316
1696764062
-399502707
316718274
-1527350872
1574232585
-624899347
2042649045
-940606673
9331981
-163535360
-1339765985
82363406
1542934723
1387334389
-2133652156
1684474297
-2044381607
-1520669379
-1838740026
293046909
-1594424979
-373430195
-124578444
-431712024
1656760735
1835029409
-1715018208
1390213480
41740641
-1362357501
-1170309228
6354481
1074957840
-750049523
-117194811
-929936028
-574868152
1841250795
1819103817
972184941
-1594520717
-767695771
-1252482298
-1385417812
205152163
1793247004
704890923
-1841405609
-1056235359
579408915
776443748
-776815971
2014549830
1981822065
1849776713
879780879
-313363960
-1923533180
-1384196586
1494667835
83195351
-1682567159
-558458207
-979984487
-460888023
-69975894
440519816
-995664725
810157651
-60778297
455859881
1426570847
258448923
951724152
788524758
1395117751
-531817590
-484009262
-222119479
-38599765
-1976131579
1809482089
-83666347
-328572851
1460008606
54285334
1021069278
-719518674
169572775
787556602
224479243
-24130304
593444232
-458331966
462309305
-620040580
-1573808942
-1145306324
1637240626
-296835962
936853907
-356063288
-1666120290
991847309
1298589675
458999555
158889913
-39572680
58889695
190734177
-2049960506
1474551614
-343837587
1867635465
-1687610173
-695154027
-2024081953
1116406150
-1769480483
-988434226
283514212
1689076171
-1628397787
969019839
-418087973
174053496
-1273367420
-1927969950
-1577411086
-1573349797
-1926371348
-1421064708
-504158353
-1565652168
1078084048
-606177663
-1271052339
-1967449908
2109979349
1507164982
-178605046
-1057345009
1419183049
1878115992
-1737788993
-56702278
1143855316
-422286212
-1475166352
1427618568
-1157786644
1399
1112649253
-796025921
-1800932722
683961471
-1569112007
1797021297
1123943082
441508561
2082414961
-1193826817
-1022334242
2054260245
-987935664
-677534882
-2097184281
-517241664
1951805608
-877364579
-781129388
-1396853574
1685860212
1198158886
733454203
1841393728
1052016613
1924234819
-820593487
981589258
769315258
-2144156956
-749318220
-1856110160
-777240364
-1310763617
-60486292
-261337784
-25858551
466566647
-2059876397
584873300
-481767112
-1181720096
-1026891728
-721498661
595564700
-870640510
1915562122
78020565
-912742043
2109361469
1401350235
-1089584693
246322564
1100073709
-728696700
-1782745409
737581766
-1639143570
-1423758719
-1285171384
-2008547548
589504354
2060742365
1318062337
-473145768
1141805617
-892178712
-730871772
-856769357
569310801
1915522470
-526481551
-458722515
-1244299834
874087433
1761978964
-760723267
400262892
-92402589
1311751494
1690389739
1378284916
376328469
1103777906
634668963
1278681003
1137382028
362305692
-935341494
1234664450
699840622
-1901118914
1813016086
1842911946
1957544463
-1177099533
48966554
-294094786
-472823255
143103257
-1606240352
-1905300794
547983820
-1467594320
1024450874
-1364774534
-1835940205
751488136
-2008814309
1861609188
-1537378280
-1150749029
-1984148958
-728835062
-421826391
736668343
-1176208585
-1183342678
-723458757
1510897760
1705790042
-55593529
-1463603042
349243635
-1035626247
1486734180
248876530
-1906984178
-2021760639
-985845105
-1612478887
-1164898257
-1480540618
-105672032
-117963283
885903515
1124862279
-1650116414
910969844
-886568576
198666780
-367729486
1027156562
-801683107
1660904435
-1005425209
-4700098
-1862943071
-1478149718
-315048911
313154616
1839733906
-452969763
1866175109
435327290
-496735632
-1131524557
1556736888
-1312388307
1964253401
1980910837
-619581462
1318436510
-709871249
1361314784
-528496346
-1277030479
943461559
-436277957
1864422248
-108073899
-387032508
-847644630
1336472734
-305441351
-1874512108
165933380
2108693363
-82932482
1890950713
-1914347421
-627430776
-1931061459
-528781381
-1354633284
721146884
1724976234
1242212796
-1906266066
1853040974
491578985
1660946397
1378078430
-468524263
904479265
-26102560
789417987
1642833312
-1497511744
-1167658354
1111073534
1831781682
-76106786
-1018700837
1636770733
-568701199
1030004980
1636083015
-1006576384
-141141546
2146543631
-3801210
1140236491
577233911
985967040
-1192329117
-2074883875
-547504116
838273110
1330591200
1262237010
-1222617297
-766492594
535807906
1710906405
-1449835806
-1900145654
1206700683
-1535230455
-564919466
-596164927
-1124783448
1242977400
-1682352662
-6167881
-1491480754
1635831051
385544177
-2110380371
1471208831
-175856116
-847928904
761837209
-381666159
1512538185
1384916422
-361751654
-310820591
-1634846166
-435347355
1966284581
-1165385244
1776527366
-1854205087
698199428
1990466479
-8258127
-822523377
-29561983
568682104
-716128935
-145948272
2073719646
-1444912755
68304786
-2054008489
-354816761
-1050240604
830023854
188258279
1050375562
1758498115
1217355602
-573411359
1113098694
156980065
461199429
-964595395
1033398370
-412645299
-1420178549
2022064855
2092179201
-977296177
1821845170
1174519853
-1749961037
-1916132468
572870763
1736193895
205599662
-1173330
1538494811
1888748438
-111322051
179773380
-572017101
-91945152
-591561993
-928005146
723304189
-1471231204
-345731020
179815964
-1987268679
-128498407
-2106743107
554558975
-1779542488
-1463514203
-1292091454
-1902440287
415832294
380107051
-1087174128
-494462551
776872894
146375644
-1652402046
-369270078
765953337
-586527311
381881272
965350710
1117983096
1912713393
-1716919545
148820437
-1800921533
1047022447
1718249647
-11011301
-1388024735
-2038902314
-1356862125
-1182138991
-1198665175
489072168
-670677339
45103731
660306777
-1790542268
1022575968
1582135442
942854693
-1639605977
320673403
417857404
1425106323
-1210038092
-431422565
-1731608359
-100769531
-1475292233
1111574216
-1555090409
-983340777
-1434717145
-1138236061
919980105
836104619
691041707
1579664983
251990092
-1867030207
-1209812897
-2107345009
-415494869
-811362933
-852681769
857495207
-1214367036
260742464
1558091363
-453504795
47334059
-1244939472
-1816593260
-1061310870
2134800717
1754597016
-610353921
307010724
78481752
-399754057
1481643072
-416584698
1627910490
1408931744
-739771071
1984378107
578107304
-1652638126
-1207868996
-804268009
1023539328
-2115689979
417353470
1092324751
-736742798
-1103602490
-344771860
623867883
517567739
-2027920059
1773954379
-63820295
5821810
-448746515
460620091
-244813820
1260178983
263353653
1723486980
-1364493242
-233083960
1746535733
1856855572
-62146918
1893035270
1554673788
404504392
-95840395
808663161
1163208224
-1891602582
-1950738921
2007026881
-1080064235
-1592448518
684392956
-801763603
426385090
-1351648207
-1171325031
-2069161185
-610643759
1155121218
1493179460
-491881617
1666224198
613746914
-73192077
-80910065
-261983277
-1203289846
-635080920
628915120
1936800617
-2012937221
-30337620
1867606820
1516935954
-690851454
1263322746
1063569221
1489690365
-307854723
-823841666
-1130575340
-1093354278
900768157
1138695039
1712367652
23357032
676891756
241432280
-1287257287
273199435
-1133723502
562122606
1979736875
-1939445726
1148451155
206564573
437573904
-1231611687
1582989659
384153076
842150041
2104882235
1492933821
-744936349
347100092
-1469934902
1285132089
-1101762638
-1753234285
439005906
-1873673539
-1927218315
1484542339
860439483
2090521134
1106547902
-302749792
-1145417057
-780731289
559618770
-60250288
-2075612132
727303041
-1558171874
-2002936018
1211320170
-1019659180
-1395201941
441700656
-1084895569
431739454
-917699248
-224893429
1474353297
-86785246
786059752
-354209067
-1704745203
-1698179149
-934005563
-1638075156
-994934906
131652594
-730294492
2129848342
-44961759
816290805
1025678433
176888553
-2101307825
-1216911127
1708055725
-1140906643
494811818
1638230617
-1222895875
-1246157313
-1438099963
1500331951
-1504670139
-886495113
-386837571
-1567115781
-474249755
688348045
-1934023339
154703347
-330460829
-1128679304
1516436290
-1335046598
-1724273829
-679870249
-2018691326
-27623964
-820230221
-1136445740
2089675378
1992860474
-331033326
-1906576505
166164577
-1363381575
-1903074926
-742047849
2022582879
-1377396128
873682611
-1188310489
-407842853
512423211
-1045462893
-428615186
138656364
-1372491046
1062917211
-908741465
-1389450386
286734326
-306664964
1040464044
183731921
-1807533547
66477339
-1405389603
378330925
-292430756
-502560439
-1079964986
-945770728
-1270919099
-1035643529
1246594816
924111803
447790753
410419880
-1612162089
-1646781277
-2017952544
-326290968
-868851155
562824404
680645264
-454388356
932512925
-2098697948
-1248521437
568852826
1851422947
359911365
-798158860
-222818597
1823845242
-1363143390
-1885133172
864667566
2100216198
1308922351
-874025184
1757350928
-23898892
1223429755
1708052318
2053548089
1160236767
-1862396088
-971442840
289262873
-458652619
-1150253348
1529642784
-1165762492
-1958512486
-2069407527
1553453478
220649257
-615388277
-1904862645
-45521634
1887277450
1894716358
-1516795071
-954562378
-299309272
721792233
1426408862
-1166810394
-1391764291
2085370713
1847754032
461582842
-1915571154
-1319753115
1078603009
2012090573
-1852978176
-602527574
-494778899
1281737686
-1686339061
889153208
1679471220
-180596120
401509742
-458646539
1041777617
-262442955
-1511947325
414578113
-1799824309
1577188115
257785234
837899483
-278959414
-1732964094
1486032394
-1835893502
185306028
1746797165
515146221
-801563937
1768547033
-27351888
-1062233652
-1472412639
-1446542572
-1611020070
747385716
1277777385
-1828456812
-1811555661
-1350068568
1379423593
-750601005
289139712
-1001694961
-1871890745
-992587355
483766277
-1122366097
1391767110
1022103947
1313942346
-289721829
96825255
1495371592
-1084679262
-7138646
-2138898483
312553141
-176333720
2078970089
-2138473313
-923985711
-1403598068
1211500818
2048098097
157080860
912682957
-345389763
618232870
868439076
-642257209
-1721912298
77350479
-1242065057
-2025093840
-148285745
-1862101096
-128638405
-2117331234
-1803806120
-1806973917
-1712033677
-1386606580
1149603789
1272445877
-1247892060
259792732
-767281104
-626475695
-577484257
2010319903
-431433896
-1425907422
-1519941376
-532796204
1919386152
-1954423651
-1683399809
301089262
699325442
596124902
-1036509818
-857949990
-1282328706
-317795469
-119208062
-1681286336
-1615688106
1024454895
-1809946243
-1167937912
260670629
837093984
-40238228
-830306401
1932585808
782234763
-790884667
-1933666566
715814340
228712854
1311558997
-860393254
-475359519
-2116309777
894939471
-1259416110
-518997707
1869381996
1806463655
-472432762
732841581
-134070860
527148448
1019803060
-550358521
-810468644
458073763
-272306312
825621324
1378834772
2020339539
-1565653813
2126797437
146307076
-255711011
1176843340
494996812
-1935623759
1912442772
264110403
337409677
1140538534
-1129940036
-1962136094
1630864685
-1828575089
1880695717
1935431117
1936954978
542586535
-847254789
-1795347237
-1194375388
1912739861
1012061020
-686332386
951609563
-679190893
-2029723093
-1838250208
2092010841
-1867461807
1203867555
-834327697
1205394953
-747755496
-794193105
-146572196
-413978008
-1972629839
1377804535
1021763839
246258101
-699252090
1101720766
1424894589
56708068
-665223030
1174308330
-777666420
1290876375
-1832457898
-1106124572
606835255
-1562929968
-1749980780
2066227618
1996148446
-1980934880
1393214624
1835596673
-1282692223
391915556
1616651627
-645449129
-1345079235
-356022927
423647651
-1860286264
-499676651
1667763022
1302600464
-2010036264
1279704309
-812125598
1953958721
-976516158
178754036
1124501678
285099367
-311717369
589802969
2025056188
547596928
-1478572855
-2059682848
-1170908648
623594423
-976904360
-2054162243
-120183809
1776981770
-1453520883
1994910177
-835738794
-30201299
27456343
-240401157
-468780323
903704493
599368722
879119297
-1372734300
1627220568
-372368097
576593903
2124826557
-2020715812
1442551856
1587663760
-681325262
-477631570
-990964253
-108119685
-1436995527
1301983021
212556562
21674528
-1354156634
-184665082
-654381208
-349196156
1939715744
1267704793
641921336
1757877129
-1502426473
-1288470499
756208265
2136469363
-338289547
-95817408
68834165
418476967
898227987
1094773777
-518500942
972200116
-258075410
1295219042
1024075121
1247257239
-316006630
1229638632
1247605606
-1226374342
-1684289675
1686130790
-1807827929
-1746181826
1622161952
-777118710
1157318842
297846521
1501471275
1456299287
1274377320
324484546
-347906673
-1810320957
1401357271
-1070769813
303430752
1724025186
1763596631
-899057650
765689666
-1823607869
932354683
-555697652
1588168988
731546329
1646009068
-465111470
-1434028020
-1030085987
-1494736775
-1867305250
-2030200422
1840384819
1856625
-514307711
378400303
808857931
-1567656396
2013925606
-525520953
-1165961015
-272489721
891470290
-937422875
1243491752
-1107572952
-2099402579
935583943
-39975141
-1692595166
1702859584
850206171
-2095302411
1442469986
971905727
448890737
-1095624887
1814443017
383977994
-2144614991
-737537963
1346152195
-2080807889
1064421070
-25657189
-2076318633
-240791757
718687355
1401627984
2107102912
1443129106
-1186898786
254988538
1248027261
411188483
-260929213
1690388052
575893605
436799231
1694188498
791633268
-283044291
-55065724
-1750159484
-876751057
2032234573
-1382328938
-1055414509
507871932
711393328
-1199153914
-950212175
1286707606
1050256620
-1168650506
1694933818
1634301351
80576578
-1124855141
-1634221140
1495074210
1951554886
-768825788
1830869462
1773773744
1929014321
-1945202533
-736533169
-1266470322
-1812961419
701506091
2082984873
1588044660
-417171951
1830472482
-498098969
-396276230
1539858214
66455895
1719677739
-585190089
-1042226486
-2073775475
754366899
-714299669
938167324
-535421191
915388166
-1748380834
-1193308008
2090924033
474297961
-1369881656
196645036
1205186374
-51835752
1725649651
-553038453
-65871388
-520997966
782961695
-917559232
-1503253512
-902860172
-519131
-146768379
1944596578
-207568215
-296517410
-713542188
-311764789
1138502369
1093157572
533992254
1954353641
1769602913
1226704090
-1343954308
-348682239
-2142257575
-1276139831
-1305685565
-1787156563
-419431588
1865200971
-1193702436
511338207
970526220
-1343257396
1735190515
754883109
1365473300
-637021618
916472494
-2086479314
-207866277
1320423052
1878774913
-2058863220
1575383413
-1878935710
-295921344
1352100538
1585660253
881812331
825793781
-57948575
-971671455
1441883115
-1122319885
-745750058
664971613
212082927
-909355989
2129595879
920771883
763728819
-1623982659
-1307593257
1555802969
2021753667
1381429458
383215270
132557340
1152542564
2103597736
-1785436524
-1094293115
502470067
225473517
-469892888
1734503922
-923034353
-400702895
-350459411
-1381114426
1877340980
1597529942
-1510187203
-290466212
-409118552
-1558423446
-1144649663
-743990216
