-1645809443
-1086223328
-666421200
758751099
-93416272
1317053317
-2017350776
-1477979073
1979378272
298123169
650790780
-279639635
-1191682104
1345897144
1802908530
903055205
51090945
-318308041
-679480057
457600927
162722019
516322535
-106531536
-698005633
-1141695796
788508511
-1508592734
2084516012
123830431
-1765834821
-2113483660
599762978
-24376817
1593671562
-1157155839
-591405497
720212509
1000995596
845761811
-145949636
-913120289
-1783256932
1750383933
-914560394
-1718861950
-2036800661
1225204615
-1246729076
1787014033
2114411886
-785902256
1908057681
-258959754
-203916135
-1788508816
-1772921307
2095418433
-1543776435
1145895324
-21327736
293405864
-1814789106
-1984417266
-3594001
347508046
-1362284424
-2023086235
-1793854501
1898304583
2124559219
-1193049399
1065557542
-1310107941
838733477
1329853522
-200157793
888584330
1289229096
1065356202
2022629081
-1490614704
2026642812
-1484163344
1349530688
-106075606
-1549951809
1082248159
-1571224980
-230223144
243751195
451821359
-1726835271
1998279651
-182669953
1348791867
-710013674
556745185
-845666160
43163363
-846338531
1421889271
-776025886
1677859251
-210520476
-1039291490
-297908126
-2114158012
1872733714
1800433578
-1981797609
-1704177182
-439058508
169791368
-447576823
1529010286
1642883409
1601626567
1793239936
58353542
1507302075
-764299047
-493533839
-196244510
-1214274264
-93858535
-1781895371
1457387776
-727769088
-967036144
1699997052
-1614017789
298241783
-451708429
1221487488
1776943832
1959171422
-1550774672
-1385242499
1942249626
679594678
1930169769
2022094943
342556727
-2053389178
-1207274368
-972371011
-962798509
123906414
-93260011
-1063079162
523410284
1194058107
1580878988
-2039078663
-1295889602
1435940795
-831458541
122744922
-919015832
-211877612
338866210
755882210
-624115634
-1145906095
1379225860
-1446838410
1786073921
362536829
-289902697
657118620
88403165
440223348
-1035452593
-1418265558
-1110391630
-1079118154
-1787713920
811736383
227281190
-850498434
1120413660
758182263
1708379802
65529107
-1448976327
849470553
363351242
-1427940771
2029657239
1674447892
1374817913
1639719866
1965640801
938829931
-621283508
-1027911662
1997362163
1650171116
-996850698
2135297320
61768540
1308203623
-1911756651
668643379
153204068
1310452638
-599133861
-1619184724
1412848336
1917622585
-1808610960
890060393
-2099022364
-27076356
-1397781481
-1039333397
629819944
2122447931
660718607
-821973517
88982639
-1653321332
638467387
1057673050
-64364780
-1855590978
-543175548
534282274
-731478394
-1697738742
1152659966
-33297721
1689633287
-1567025784
-820872887
692073179
-1123736400
579481572
1132231737
488533201
570870456
-993045679
4418489
1400422168
-1158256907
1488588732
-685669652
-96075669
-362601311
440092997
-732346220
-791124121
135225697
-889912342
-901971273
362749789
-1820097661
-1510951291
-179879809
1185666665
2097246343
-445425416
-1407738270
834312387
291137504
-196632155
1312106626
-1383363244
-1258207749
-1133894108
-1498808491
1799579532
2010084224
193614640
-1029561720
-998202766
-1248656169
630091745
-93223392
-1088366340
1138806253
897064992
721671650
-1013788768
-200446409
-253093290
284855029
-1689844950
-1931699978
-110689178
1944336325
865718480
1923489213
191671261
-1857933783
-1548776573
1654945072
235801960
-1698700345
-227798393
1461245453
2028068741
1666300087
-902513339
-1976756624
558011517
-1440283546
1942270047
-851714734
1580730257
448105660
893972485
-39065518
322062707
-991769727
1081787270
1075014072
-935313417
-776886788
918830634
304399030
-1444672246
-970884387
-1897660098
-197779984
1985114338
425044572
-1052603537
-397824451
-787899529
-85263199
-1870878373
-694905425
-1283514063
1154648678
1607195493
-622937904
829163234
-10482726
-1171340088
-487194066
876157174
11776456
-1329530898
-250357222
1249706472
-662311688
-573393918
-574892373
27317239
-656554027
-901355581
-142153719
1071053337
-106908081
1690504603
1019118823
-1227111376
175439874
-1146637072
-958424239
1001783931
39725207
1553845432
55921063
-1205771186
-1056114070
-1804795053
1798808552
-1632399867
-1454172307
1351405460
98240820
-1771562442
-1463536565
-149096672
1405144459
877591077
1955422672
447718907
-2126365734
-2049185412
-1859319673
1122298719
1851470904
1259137339
-1740866908
-226447408
864676460
-1467419156
-1222229980
-861833108
386762930
-566792933
-1850572494
-28341369
707115710
-236726779
772092620
1963018871
261186817
-158793329
-616568410
-1758800725
1269500970
-1827031687
-894208178
649873410
1197846767
105666259
1672197520
1070805593
978658316
861030319
-442358757
1830357094
421074571
1287318551
1246379108
143766980
-1926075834
-1303541183
1119133642
1614453326
-977369430
1000634881
-1091271686
-1156872017
-2045987395
-687384706
1887764884
-1712285127
1673383265
1906912552
-882759410
-1301484554
1516153049
390777065
-89914920
-1023174404
712128140
445690010
967301057
-1249540603
-571990519
-1738577480
-592020840
-1908944322
4801099
1854408791
-1042525162
-2119171745
-575429571
-1539688106
-1097697285
-1551879429
1968400768
-1739572269
656806518
-157353192
-1029764246
299662817
-1547839287
320581634
-528944558
-2119708552
-223125460
-60210852
582549770
-1966446932
-487555342
1704389751
700765356
-461827038
157228010
1315922406
-1056588647
717455039
1820069895
1122775121
-394809666
-2036910175
1862532675
1324648585
461159449
-1306071214
-1598339649
-130306339
-539702917
-1256965830
683700782
-393957973
257003663
1722651222
971689588
-657056455
-1847907046
-344350937
1437400457
1266816197
1272560260
-916204308
386776483
-1802266406
-1822636650
309199378
1137129876
125049572
1151440516
2081253867
129993840
582016519
-1994025170
-393123938
2098420594
-1729014485
327309730
190631006
320186911
-844312997
975504101
-140874530
-2026484564
104791887
1137384947
-693595644
368221340
1105217351
-288679165
-285327140
1443517357
-1912620519
-808517874
-116879921
-9654028
1036667021
1779173266
1554870036
1072712774
-1131701784
-1301657966
-352009627
1680489434
-1471518010
616266466
-2085651978
-1730187220
1976272172
1313908896
-1891621726
-1680512477
1581491677
405943813
2141668711
-143282315
-1565400340
-1791586211
2143890964
503947594
-27170926
1366269267
-74821312
-1920296673
984258881
1227324530
-1124450434
1583116269
1459157497
-1171694360
-2129345586
-335096950
1385978841
-358913140
1377030997
-110883250
-549373448
24845601
-842775472
140536
-1269478795
-434284324
519733318
-1629655341
-765813300
1378371363
-1453087363
359271444
1115479915
1553254551
-1178416210
-950804858
400657284
-1868441260
1903255547
833808488
375729700
1904501879
1173670944
-303286891
587530116
792873952
-336929559
659927781
-699043425
1657776184
850500579
-1187670061
1448837892
1131513141
-79261610
1495025247
1009249005
-841376228
203725681
941737269
1206940303
1789058695
2091312071
1115568143
626331571
1846455144
-269843462
445053527
1984140421
979318861
-259002187
-2138030065
-825882453
1361800421
-1084732961
-1764925195
-1674248295
1791827650
-1918235892
1162359265
268992547
-170744993
-573845705
-2136338318
-686337709
-1486291355
73079726
-719878935
-2101493636
155463721
611345997
-284582316
1063400590
-169908103
-1992242450
-316773138
-2074139988
-2126044776
-1205787617
-1316208955
1774139387
-281319546
-1277854954
-1233550691
-374223683
-1617375357
-1722613023
-1070238444
-2090142563
-1680153642
1573524193
963378182
209961036
74647498
422630520
-1036954574
1646560332
-1629808647
-153184255
426276125
-1785972470
1442532044
-632093440
-1026470090
-316323790
-2115037887
-1337747046
-1053145030
92887870
715986927
-1497551545
774019545
-1176830128
1590843463
2043570885
215053978
-1980419518
-720287205
806057295
952113403
-1805767430
-674665116
176827662
-327999269
451673858
1733592127
-1040595248
-389946596
-253833385
1289921848
359639799
1934659460
958256768
-980505141
179228595
267145443
-259955230
2145966375
1515061875
1103547259
-471494574
-439517387
1601492120
-1451188837
-1184479252
1698316247
2049843051
1103677068
-1998650078
1832132212
1338659665
944838577
1591036695
-1275768396
1438320189
976622569
-1080648403
-1312699512
-336300699
-201662152
2076686812
-466764436
1131998776
-736087899
-1658048827
-929981200
-545434994
-832094107
-280323578
-1373934476
-1697305567
1262509112
1292053711
-1331344334
1665663803
-1661566958
-546094283
-915040384
-396825424
689963262
1692017990
-628288938
371491599
-84516801
1155548509
-1603540210
-1635205356
414559416
467898294
1165923435
-32677024
-851044723
-973037756
-437273635
1044049771
377002249
632941505
715972609
1333349817
-1454776639
-1768209145
-2093003922
-1066487477
-13843462
1934176158
-1208780882
459953752
-1013966009
1699804821
484777098
-2098324932
-974546826
-2063104363
-1423544438
-1339744592
1959396780
504522290
-2086840389
407170108
1746740943
1259822980
-1214670414
1270466537
-705040605
1841606390
-1043120175
584462393
210627895
-919811235
2142290632
-1161251493
1861816578
-2138170548
447264350
-770006886
-1734528952
-716166234
-1802830223
-1590878441
1958145346
1770339187
1002033211
-1336810569
1833689981
1373122807
1578828758
1970762846
-1630257407
-4436992
386824705
774936156
-339467850
875899263
104765988
-1419669977
779844355
-1042092966
1458318481
-1051384246
-680970824
-2090360960
-2119756532
614904221
1519968301
2130191677
561623437
2039315638
-1448070485
977029071
-1717247677
-1024892257
-137095158
398901048
-295241764
-1472759607
1917000858
-1566097323
1781014787
-527366593
-588421306
-1440356049
-2062878678
-1807336930
-332357386
1356373648
529029257
-1983294140
912289333
-600297767
-710301339
1018575686
120217364
1575243282
-538629483
-1978818905
-1234273971
-886915261
1154745665
-629523385
1108590762
-485015807
-1271782163
-974530023
1358061991
1442251595
739515573
707460377
-631020970
5498006
-180380455
-472151428
-56623742
449348645
-950584196
-2063349720
35195927
-384826466
961715112
-92508058
-980344640
-2128010790
-2100813419
2012597461
71973330
-1932668676
-14820565
-715060063
1463954792
-1702520380
-1593098812
-690206219
2122789838
1898602533
1529729589
1700065965
106968098
1981570324
2114915342
1092323408
-1684359368
1021010338
-1122381535
467594045
1292543166
-1014450356
1189246273
-1405835997
-1973014880
1144402322
2047618635
1161225910
-1637183827
1142703301
-616348566
-803722081
1104968314
555365925
712213141
-283656269
1891725702
-1736394453
-1311331492
1078035559
22890910
22580770
284095972
-1911108221
1599184259
1834743291
71161648
-1813699050
-487390775
-537718942
-1329095775
1584088745
1338123265
-420450036
1014535359
1052486071
1127561242
1322030418
1921572665
1884255068
-1730127868
1895033603
-1723333334
-1556897717
-1194215019
-811294859
-1249247075
1801826309
1122033328
-988383779
1132683859
1981038151
-738319452
-59228192
-176512829
1472937923
-1685958703
267635561
-1701784735
-1025845741
-464253808
-392013379
-1153147357
650309354
-2102172076
-1721175093
1383354688
-1084415348
-1848001524
894775240
-388792006
1210156415
111067340
982006779
438737695
612000130
741962667
1296515797
-1885816566
1424361918
540946926
950369348
-450479376
-253411781
828983141
481132616
-371857512
-1163406699
-1546149611
-768299323
-1619748373
1381010414
-1287289321
1675411611
1057488493
1589930534
-1023051073
-411773453
124855563
-259469239
-236998145
1949079003
1946151702
1668759625
-802377459
-1373555947
-1522237041
-45834772
-1232860861
-1074435540
-948137051
-1807405817
1300384839
1285737671
1540215163
984989420
-1179148693
667151937
-1000873171
-2107260128
-1274901674
-1904458376
-616298476
-1574621359
-1531903773
1478219748
-1030166967
85226118
-923036599
-1595276820
1375555176
1931732888
218985851
-597430156
1761408918
-1527547168
-888294192
-336552006
336492484
991590193
532987622
-992644254
-2134246348
1961537032
969093828
-1454130226
-1766554053
-733909246
-1902283202
-561464141
368816201
-30670195
2099358877
-802223896
146423590
1917623266
-1180437634
-2047260799
1310589822
810022450
1020725754
1227601436
88854431
-1840049889
-60439033
228260986
-1738111616
-1183072147
-924582883
613164369
1525317892
180224761
2096348444
-1956982689
-639704448
-962374423
-1880748436
-1199050302
-1536000646
-2025295580
-655589275
-1591430522
11694004
-310823420
1097025265
598886016
2120524904
1952031050
-1827555216
2110311257
-101660716
-284289198
-457615653
-1402698515
1994813176
-1136367225
841598763
-455472427
1566013341
329404440
-544056581
-613991614
1932125337
-1070249237
-1741680532
-2057304308
1123334737
474684881
-1593758648
-44864758
690986879
-1512481797
924177001
1215703715
-1632287179
705541805
1755791451
-345628763
2031411490
1778910001
1855295040
-1976421547
774842642
-2057688051
1803950580
-1715448634
-446712133
670663031
-1931804559
1617690734
2101064885
-468706039
1784564083
-296932107
637218250
-1412150096
-1576949410
742437200
-969770128
-1485358870
-1480721057
-792168434
-707422062
-1231341008
-1800673838
-1268050958
2060934294
-1898606160
237052643
966756801
-2024611173
1355184446
-1405839497
-271883429
323854594
-2037530996
1086658124
1118199824
537195824
672226713
322788702
2025346604
1487021969
-1896952217
1142023052
-505734701
945564639
1011284464
-1415881605
1525906708
-1061248605
824183386
1689982650
61979959
1614928124
236423785
-354117593
-1889865383
-1713905762
-1680701388
117054608
799166011
-1781605859
440446747
1562368669
28463958
-1280758421
1285721336
293876460
-1091357391
-275759969
-1433241965
-648467075
1847400695
-317800713
508739419
-1172444849
-218499773
2014048800
-308594605
1780277835
-1121702850
-1932448588
-1354028470
-1813106335
-447991060
2088211715
-721141937
1780165360
-966731326
-1800142827
1460014946
-504168597
1637550715
483605743
1911112814
1534476856
-1960374485
1310281749
1280608630
1513716443
909293204
-1076206768
1706342671
-1904401325
197716407
667708849
832896782
-1195655484
1834518190
696047573
-2058690175
-1026238635
-749890376
-1664769943
-139107102
-1157223845
788604309
1456588016
-74596471
-1940765769
917862420
1140388547
-363114398
1611022715
-1080479767
-290012071
260295904
1795595475
237352644
1501695688
-968107471
-1851450078
769268382
177013643
833324467
876632427
1603599701
163523205
-368226139
-1341166606
-958043781
1455847494
457556769
-1602044894
198418538
-2027092852
259832394
-791870799
1428174235
255141131
-1717508671
-1867125759
269028151
2081812592
2123442268
-435553079
-2088172562
659451299
380555289
-485384972
1459650056
-1184500916
1430706512
1823698121
2088889273
47479705
258978088
2122598475
1725897912
473296957
1406937931
-1303798558
4787474
2140648123
1878761181
-1852246726
1897745722
-2082478877
-1748345175
1032445802
-1130801307
-1253952099
1010106525
-534933159
1809671700
1521366501
-752605064
1733422940
-1540513806
-1134593515
57526721
1628166436
-453399329
-1552413846
-649849606
-1151409961
1646266444
34729408
1552516117
1551290491
811836617
-1229144672
-856376793
1254728091
-899697445
707308156
258353755
-1350644956
1823386898
-636464840
-679691736
-1268577905
1438045019
1166490348
-1617571130
-628226748
-1713377390
-1528101912
322475485
1230076733
1293611355
789671672
-1548539521
73386986
-1478648014
-1238505240
1068257112
1586631764
1161929407
898449482
-1277510876
714356100
-216562066
-1779526282
-399057824
-1908445659
-256673729
-718485807
-1055715516
1322412648
524477914
-1084498606
-506369809
1707077159
467092966
665992514
1454215908
-1917092531
-1589402982
-1228038334
1736731061
-1069701516
-609240685
-564128366
-1645587715
-1288711217
-1835219736
-1068392049
-1468236142
-687225271
-1790623365
220667261
-77035781
229187310
-1711126895
1128758918
1307125023
-473064822
-1997127003
-893078781
-986846401
-123018353
-840552072
668836089
1510947622
178986555
-98066580
-1379727131
-548476002
-729050374
1998261778
-2088677188
-986099418
615455496
-519074303
2056092460
75603425
-401067174
-2098880023
-1181495512
1752157392
-315172418
1368702695
-351603805
522554435
-153839552
1159200282
-839482470
421714828
120283856
1736168309
1416650328
1586122742
752495393
-468722218
121649141
1412445429
1228164819
-1789057961
339553823
-1551959138
1603748819
1773294820
648897820
2045685081
-1035720958
-1457727474
429125903
1987335636
-1997467372
-37827043
1813876601
1747556410
-232761926
-1243657877
-1805585150
-121904220
-796258045
1058232815
1420800889
842398415
-1010391297
1488174616
-805241831
699253519
1831803301
180112604
-2100313586
-762605948
-237872906
2054122767
-2091253450
1740592522
648868193
1089023480
-2033767125
-192179339
-1623016343
-965552864
1821904001
1289009790
1183872900
1092679021
1327662156
1616868087
423978310
-1957469328
-486533148
-464053818
1418943679
-397436166
-528604949
639185424
-387585248
-1616680459
629867407
-1059471821
297233316
-729353104
-1802771700
1618981882
-1782236755
844260859
-1858430348
-1504182261
-1018011348
-1819483084
-2006712910
1261489316
-1120243386
593467042
-1772443956
1431699334
93082932
714135489
309515111
1929585456
1803507562
-1629953187
941627024
-2106708144
185774842
379754019
278258360
-86907786
-154511557
962597492
509095936
756395786
1711391141
2126798460
-1623604553
1243366784
-159903233
-1162850429
-988162528
1470199241
877051067
-776841598
1384853368
-31271412
1386643360
400425465
581623094
-1714008938
-805536599
1924745471
1527588500
-1586715890
-756834515
-599067750
806055758
646813932
-226185409
1781970000
388371369
-2132924117
80852823
1703462654
484016310
-1539770564
-1889558479
1201416423
1937116375
-255060162
-840751372
-475808241
-1686219646
-1488018068
-1979412073
-2079328311
604512068
2008277206
2106574208
76533903
-1630007031
-1259815596
-801332115
-1106956015
816884634
-1618730826
-1079651433
-1900932464
382821478
1931558720
1354912020
392491627
-2027236732
-1583428779
1620605820
-205493511
-1248249608
334818417
-1138266161
-652016230
1170665780
-1124126372
1877860758
309434888
-1955825182
381088156
-62664377
1079496434
968633824
-919743958
-282147603
-222851125
1394861963
861888873
-726767864
37325790
-1670441920
-2081685933
-436621391
1165890213
-1644692448
-1572962571
755170306
-1517362853
1933525522
717310493
1713092532
-702040624
-1456676851
-102836144
469138696
1232386683
363733911
752144385
-992948501
-381476907
-1936167288
-1944047360
-394538668
-762218780
1173405715
616317744
277718000
-1187864299
-1657517562
-2099954563
-595901695
-1055954609
-130116016
-718614004
-1795878269
-557835708
1395523780
-76666701
-220301424
586720777
1567590683
-1767253846
282797060
2027369192
-1087946433
142211203
552794212
802038133
96132038
2143642455
477601787
1407180766
-1634197828
-821514687
962939718
460594823
-123126107
-1806270192
539634833
645085654
1803904449
-315079113
760650465
-1748112054
1871440785
1943365128
645005076
912565202
1476198554
-160005855
-1102123193
1302526300
2013975144
1373462054
-973398921
1582907819
34237397
423722672
-1978796438
1319577709
614192522
2135723908
1524836815
2036842124
-787137850
-244242425
-1216586588
599820484
418715230
1839828209
-929575721
-1350933643
1507568644
559114817
1916777776
-1545318471
818696651
-507987856
133209197
-93487687
-629453334
-1960492823
-793578834
824518716
-1217049409
-43289161
-681139949
-2128341632
-600198377
-340619137
-1236963421
1389154637
657543340
-460116815
-41196177
319616070
1291794158
640078074
-1031633162
-459600767
-1354647546
50469884
-1339975989
600963930
-290074089
-933722047
1665383540
1015274628
-804287802
1711537004
-596036203
606849632
-822214916
773428401
-1362135730
-1182329967
888810218
777547398
1072780768
-99371568
-1779716531
827738010
-1058652010
662385148
-1818291982
-619100410
2042720226
-1479668364
-558019716
-2079502398
-201281595
1155896489
-1062430619
288790361
-2123612044
-427379986
2042548546
-1469418528
1983889208
-2126908526
1519508554
-1905093340
931019157
-1770389457
1791684120
-91349726
1741803182
-1155846076
1654498224
705121211
410616551
1810103809
-1273218881
1724625320
-422696500
1601664098
-581018074
543170218
1947306545
758114943
-2124385095
912834310
717824153
-879124447
458567747
1787894832
-317185061
740429720
322954957
-735644474
413315074
1032456395
-1689382881
-1921638465
1891515253
1626728847
-540362361
-1994199324
-2058241449
-279410884
-1880165928
530826366
1175065648
-1280664195
-1199672907
-103690160
-1263677492
858379880
-229637105
1083451335
1352997219
-1929920562
1792373483
-1708675729
2138670841
-2027798061
-1280377752
1589214121
610483975
-1113298240
1016239104
1731249819
-231774885
-1584946153
277836813
-178230937
287699516
674931943
-650460273
-207121762
609441745
1723118946
1071273004
1586250742
-520316478
1582372780
-1032930185
1011980603
2118826783
-1816679947
-1194438028
1882655363
-1666931071
-1880812087
420923996
-936567387
-1577257874
-1447681882
315850140
1604270827
1288385537
-1065422386
-1584226781
1337563398
-1329686070
1332765023
310630877
1351447618
1488074994
857384096
962540154
-2048588550
-1219941725
-276960356
-814019213
163309901
-719632474
1661912053
-1864056755
-1536690671
-1631496115
-753052431
-21029601
-2100714745
-795222382
-1385445160
-530660526
211453520
537779840
1521579906
1439971496
1667470112
1823426769
59614763
2064649855
-1525936208
-587142184
1044770953
-1429366955
378369657
1565658785
-1663455456
-1741361010
-1687701858
-250209707
-239800620
-303209355
-936081495
985855459
-1562194496
1701144704
-646986630
29816797
1632129349
1504033751
2121662843
-338586977
1080953188
2052680215
-887500264
347610805
1022367056
1041020498
-2092732050
1358063486
1360092478
306262618
185975362
943775244
-244836992
-1659533762
2119096884
1120441934
744939217
52669461
709463091
1494184561
1072109554
1696637945
-228022733
-385539966
-1391577995
1207231574
235656733
1978388055
506539224
2008353380
1287219719
1757263791
-1594467372
374771441
1344757668
-1059392872
707222775
-764116124
1468102398
-342024687
1168752752
-449537283
-1561248670
589616879
-2060539863
547161185
-1387774566
193926916
1352049179
2108675925
2063326817
134144636
1560826844
-1280763191
-1130004461
-1060509814
1217252220
738764568
657518756
1205662788
-1057650286
1642162318
135156946
173500108
-1561225071
1786496554
257687966
-1934951505
-1556069025
301019300
-1873807113
-1417699695
743394600
-331145807
141557176
-1921965816
277058670
-892341372
-1012763947
-2101937208
-1050887324
-1020483432
-1928234544
237272577
-1219681412
-141419604
-562232207
821169924
1117010494
1987667983
808439221
-1499044308
-739107493
787659293
1721134598
41999611
-102175742
1173776393
-826868052
-231456893
1974557041
917000924
1270546563
1288945415
1598903502
-2138975300
-593200658
-288757023
-612574666
718715249
1164083211
-1093938267
1174814998
-915531227
-1459052761
37272710
1476697018
-1439695509
925881972
1937309432
33815587
1685398146
-1681974535
1358234774
-975392228
-1483315495
-1044081207
-244876474
29087375
606965973
1055396215
-790878309
366524436
173114066
-1466807608
-1562445446
-1371800374
1664359016
1567365290
-931838209
-352940694
-1775747089
1620287333
-1112190559
544447896
-2072319420
-1626012912
963541395
-2005768836
-1393419572
-283685563
60212077
1609130129
-747563592
-771393000
190354443
-1881266756
1534155402
990306372
1038468789
1817848992
1089741016
-2137429849
-1444707968
777393200
-880255664
374556912
-627807245
1224359557
1715311355
-1980156522
807218156
1630328305
-1508117307
-1871626485
-1718006588
-1655533741
1799265085
854183473
678753457
-341262932
657773208
-1777372148
-857600916
1156877042
-367278853
-1952218951
1602600211
1890347556
-1489894151
2104530335
1189439567
1417549470
-1380271015
381265635
1172864697
-463162194
605979421
-502063071
-1237919623
-1347950746
898900671
1415389272
-477006800
861269939
-428095043
496042276
-692207593
1230514350
1027306328
881040691
1836700008
-1922927311
-1257011305
-1092548111
-1821233668
-1946979667
575600530
2042476678
613944373
1017414971
732060140
-1671155199
-306107107
895881456
-406729824
-976887083
1130935503
1362457717
-1334994688
-2140624509
1106945301
664770773
-1045302533
1611799704
1703534162
-1271125352
890647710
-83051558
1248512674
1266339857
-1992524579
-973963074
53155647
1708978420
1731895442
-1750367716
352395302
-1454644437
872528068
-1157193947
1347678713
-1025208087
901370156
-1891801708
-106494425
1200548862
1867217653
-535582941
239279433
-1337408915
-1750513725
341209664
-2119705649
896583739
-888704777
-846896640
-1553462053
1943530121
1380986672
-2136180397
449621868
1680621541
1963427348
1310981497
481898943
-760075812
330926159
-11598924
1661828849
-1753908269
1631213531
-1647794625
-1855405335
-949634282
-1750112638
-906292098
-738588556
-1032991695
-540165472
2132472438
-1069935184
-1027038850
-1255064531
-1288389762
-1757664594
-1680228609
242044411
-1834935242
-1543928237
-202791059
582432571
-2112849992
1473631614
294880912
1175396677
-1733489650
718860399
-2068665135
2010426775
-1747555869
-167998874
-2005684211
-1560254434
787493756
850573194
303449515
1930140084
1927894760
498363660
-2094388752
153370346
700462966
1786077068
-404576111
-756865274
-442795417
-494083141
1606523529
-1835630769
-531207452
-1086737088
-1315705555
563302023
1121659185
-1390360609
1489438333
723821752
-1567352541
-1983543592
1656724155
-1428716749
1440826319
-113498483
-598751423
927908053
370516099
-948114330
317949583
1941597836
-1253345030
-1647734536
-1739075165
-1983741927
1738431690
1208229988
1780613773
1953283350
-447981535
-1712784131
1362250818
-1769849285
354902448
-552343507
66411439
-2072446244
-941935642
-1395509864
-1274644975
-953537867
-1810168479
1480756353
-509302653
1642495978
219010209
1348787053
-594354984
268795208
1049049854
549675525
-1692145750
-65180464
-1325008165
143127872
850453427
1776663158
-1051673316
1499390401
-2117505445
-1281509594
404533716
1538986109
-1722639983
-1595013113
-1129248701
1227182496
1338156765
-1881455102
87388671
863695281
-1510678602
-54226555
1737041264
-140641037
1358044944
-2066669949
2036536193
-715401970
-1128275911
-1562641217
-850180973
192216303
722527973
-1038245814
-2025287499
536559339
2060440711
935784010
-1380112622
-387346134
-1943191839
-1380331012
1205835946
959142978
-849339426
818388475
473258564
1904150562
266376863
-1667383871
1770975651
1694102321
1909629395
2064481134
-1124777481
-1263388746
-1663640757
-1813783096
1169861526
1333060474
1607308493
-1705844094
-464391445
1471514027
1434523175
1564317889
70787758
-1387383038
-873894777
617406427
-329392811
2020966440
-133342455
30068321
391107018
-1178484139
111755410
-1902181025
-869972131
1449657914
855508699
1319531490
1178006779
-1034005216
2025287376
-1958392135
1527748512
434634833
83512858
1589264512
-1893008374
-1550550346
1654690298
-408545830
-1305514066
-1457542975
-1213064360
1168861693
1704512751
-752039283
-746141669
-1547823246
-863267187
-1748802494
1726954939
-537759459
872011355
1476905150
2139572499
1058572155
-559238348
-450942351
1311631227
2087714347
-1806634449
-657893752
-1144238826
-1618659921
-588523759
1782087245
1213627496
-1945055885
1701910531
-1118719283
-343588054
-1245789683
1333123204
-1878591814
108179553
-1001215035
-1099440224
958794387
373249964
133357912
-507019934
604329729
-2089290274
700220153
-987376762
-148203132
894978764
-1772179048
322073970
-409127090
612449383
1201370725
-1761701017
156260974
59086604
577838743
214639859
-986759887
-971899110
1922502505
-933574998
-1323808828
-1096161339
-1121626524
-392741099
1807344670
-1338203351
1408137699
2010504937
-1878119396
1500700577
-1517859372
-1526386565
1885394413
214312538
594596027
-1748915597
-778239313
259600162
-325823236
-1762240065
-78195878
60890501
-427656615
-628508981
-371267619
735902490
132758456
1810242030
1944857734
324666138
-1027500759
-1573879001
-1756718682
395875121
