950783465
184240931
465542585
1777902292
1156581745
616094067
-455963815
299643266
16386668
-578212214
1565230702
-104544241
990741773
453567324
-998570580
-49664853
1407950287
-1014648979
1813984835
1502824137
-1194442383
449215108
1667972484
-1038718479
1064466754
-522824290
135164106
-661456428
800931742
-439251163
-325277801
-205997152
-180709192
-1712105887
-1238955011
-1738381163
1886319512
-1307205074
-706278082
76436952
418322279
-574861585
1037260982
345589127
-2051858198
-1881167934
1779498233
-1960004339
895308876
1043975925
-1011803336
-913097546
1282787103
790477239
-1924281624
-1774529403
1881679524
-619334894
773788580
55972421
1763778122
686987800
-431283886
-1928678179
402465396
-271298724
1036195461
1588400360
-1013800065
1984365988
-131063518
1852650117
1971186947
1327000028
176862533
-271333270
49624408
1732433484
607130213
-54907841
1531945307
863765773
1676179125
1397365801
-1693302671
1121449401
-74275635
-1958282844
1308771531
-1782056351
-380657783
648782229
-588514325
-1328996413
-984367055
-1362808417
-1061008537
-1483447108
-1909421350
-2002497868
615691757
869692667
-1665342197
121880815
-804901754
681302775
-1560833374
1214019745
-1352191970
1157225762
412753144
-1211346775
397018947
206273118
1792051267
1576411657
-625210323
333265328
-51610820
-455672651
-1104455938
1280950579
-1137656575
519412140
-1844950966
-1946916786
322710843
-1072801204
-1829324840
-730973911
678009475
1655662818
1935461290
15013212
-403956991
1025363584
704232250
706998761
-1396323498
1947570707
-938540282
-802791828
-718202949
-2004601676
854248526
-739193968
-34409622
1065230142
-1001747172
1493320901
1989059132
-1096493792
-419879804
-2000973521
347732115
-1539506061
-1585711315
-412946463
1509635449
781232974
1272369167
-517282998
-1052255479
858471001
262572413
-1860845585
-2045892339
-1455293280
927908454
-1695092134
-1333191192
-327850839
704062423
-1871826863
920199606
-79413561
1926822595
2110261579
2103033777
-1068795728
-1826215418
1517455903
89067990
-1274917299
450803879
-1737758722
495698631
-1353977903
-1636138915
-1979947357
-2024093197
-885721843
1503707220
-596906552
956712435
1757688321
1920964656
-1133051429
1493637431
-1976844107
-370036910
357438449
-1082184479
773870666
-490697639
-1473946373
1767538160
1542072651
1647730923
-670386121
1603360929
-1809569976
1444564404
119156968
1472751121
-866973787
610165422
1317091144
1479634982
1942459823
1870061475
1833676989
-1453719632
198990831
-205096721
-1309321397
2076391626
-36678973
1459856522
-1016259510
-1628399226
-1031445463
-1640549563
-555777448
575766216
1837291742
1916058196
-344448368
-2143054990
-636943705
-646868724
-1415982853
917147073
1208268781
287794924
118494278
1098637046
747009167
1929098721
-1833704267
-2140980936
1867133939
406164677
-215423401
-2087776328
-1306896290
874491433
-789081477
-889031402
-1867959419
-187932845
-811858846
297532419
-584973212
1749959561
1315462453
-1864925658
-1603568051
1020768144
-728435911
684387651
1378037059
-933764753
-2000175040
1581027994
620383112
810870904
1258275682
116613261
227662964
-1456633464
1030244845
944257668
226304135
-186735731
946033561
2106152724
1458484930
-1323575224
-1084652032
-265346978
-1325007054
-884769453
835806028
2144614069
-1778937140
45226341
-1103710159
1926789507
1554310272
-1350962731
-724142819
-189711764
1004822407
-1060672420
-1054710098
-765002061
-2013489408
-880588514
-1735163548
1659073245
2011847354
189790443
-1061636969
-38243181
1630717267
-435186751
74152107
1781749452
1535088513
418657173
436374657
-669137877
-497716049
2113189714
-588343760
1572856741
1746457803
-576966110
-1951163660
-1446141082
193970014
-1815442709
-2098363802
-1104982539
1029415900
-1033826277
238885101
-1345073771
784851773
993919912
-1814149772
-1001569810
1140776652
1335255890
511665757
-394343443
1921032254
-303206101
-704837196
-1472941081
-1093439739
1306378328
-2111540057
395202052
-753408282
1105185305
-1647137227
-792510246
-1599118392
-814330106
-1544748762
1671696984
-222505265
367593626
638265658
-1533272347
-483043159
-952471819
1702535077
-591831352
-105444057
2123208413
-976897351
1168154057
-541971441
1325231109
-1419733787
-1315239656
-1579597008
-1103705198
-1932988707
458504046
1485505973
-2093268262
-142245606
-659681422
1228487870
1539995246
-1874562939
-1300090787
1995812140
-431196838
488626798
1988018400
-1853421892
-84443990
504015811
583452740
-34262953
-1852838096
2027370365
1524397523
-1566734937
-238451323
527188061
-589432202
1490344429
389872204
517237208
-2088511329
-1608100847
-1219119427
807355471
2128203368
-124028934
-607173791
533358722
-1315324420
1131082015
798130458
1356617286
228735030
-1456410018
-633409946
1564609142
-981955193
-743620852
-2001961756
-1466204121
-1117746916
607138124
980859670
1689424158
-1030604225
-392080988
-697674137
2056972678
1152937980
748639181
-574998160
1882260189
325634824
2078444745
-663631242
1385781807
-1863284258
-335006149
149818935
-88058489
-471895253
-813821198
1618981606
1810795681
-1821605268
514541766
-1594603662
1301047524
778451668
-1729330265
-1645927666
-2090119026
-887438222
-641288718
26132717
177852721
1724004243
-1324021242
735810637
-1758757539
515357284
1546377495
1400477879
11825566
-2089528100
1127463745
545399428
-1832667992
-1761042728
1721566432
1789899683
-2086213936
-2063553401
364725534
-2104108904
-1988823874
-1972380409
246258124
-1576316473
453296481
-2137493680
295300214
2083982578
-347079902
-713227951
-601985871
-575360257
-1726902181
-1578607272
-1655579722
1498271230
359823114
-832947786
1173388596
-636433557
-1836139583
-1911697758
-1157316255
-530620753
-1194849311
-1153866147
1369963601
824313836
-1082511609
267668375
424066699
-588856583
-705092667
-1239238127
746169049
210576043
67621780
-56773246
1883022687
-1031644074
2020708873
315026110
324818927
1320421267
-1067459769
-870908139
-1785624677
680040002
-307690059
-1925778951
-1002887285
429443282
-1930700049
2048619747
-1423993585
2111152831
-250131455
-1029481098
-5011209
-25517220
-1203981102
-542599709
-1385805278
-1125890350
679371486
-1216008305
1480848724
-849407128
-1294773465
-586908685
1881665101
411285252
1467243373
2027048900
-1465987562
-268896015
341193372
1509479507
-926391651
-1849916447
-464057211
941591349
279024516
2006961206
217955536
1480878118
1061634101
666277500
-1542220495
-1663949526
1161849657
-1974934982
-448695590
310719733
535774922
-625853206
1701556016
1724053388
1429075622
-1498103484
-1525684288
1746736427
823466789
191252162
1604505972
-386587799
-1053329011
1279427936
454789889
-1529677671
-1585490523
-665505372
2075992739
1430409587
-326152057
-283421475
1141261068
154316020
-44965702
-85236305
1790589849
1277067906
1988081536
-978852658
-2139760697
1458386514
412526443
1316520456
-1636451868
-1512738802
71295030
-394130039
542846217
180074417
-407006255
-1688880806
-2045271481
-186417995
1592088765
1918136106
-1997124321
-611914896
799923610
2026585681
-499215561
-749980485
-1901346307
-916838895
-1570684085
-1932186668
-800937849
411484190
-1605515423
-1492099451
-905128398
7376736
1219216960
549522309
760017646
-1766525194
1871243298
740662045
-1537032340
1240276350
869380776
-67469810
-478882760
-99598189
770158605
-1131309391
-452018675
-894878570
689329566
-1667985312
-2020340892
1735806129
1573608809
25872660
-715251891
-1208596711
1334740788
446804303
-1469850238
752277906
285209777
1925236284
-1599634503
-1888777672
820221166
-941585900
-1416084422
797802619
414405394
-886169918
-1755679312
1673550442
1184431174
-369400119
1757572163
-92761547
-716435216
1695928421
-1023717403
-1373358100
-211880666
-1189335312
-1785429013
543097741
-1270205343
1091454599
1044739040
-809041092
1866189936
-2099843603
811653526
-411604524
1167831984
1446767278
837668989
1937981854
2090208890
262990727
384715319
992085855
-720451621
-1407367931
733984875
1272738199
-1284931190
799691883
-520355880
-1322784760
-1614016746
-1467306792
-1022490451
1036218228
-818876321
-1595903319
-418480104
135335339
285376326
-288650981
582131485
-455939644
-1286683480
1488877109
392170152
-463229782
-332453753
652419300
504766692
-2114591270
-922848886
-1752511129
-603043891
-1159825302
-290797657
108461037
-335933180
-777366452
-250040802
327093627
-555792671
-973078572
1030170792
-17771757
2130654926
-78531209
-2093711376
-146248942
-398996270
-1653794348
-419014334
113119449
-1188932500
-951988744
-1158736511
1710146224
1880945314
-2046271011
-575296674
231662054
1688808792
-1920505036
-2090569530
-1268502212
-1185213467
-640891804
259426204
-810101374
-231088925
-611502127
-937238104
-1891681150
2016152902
-155378847
-1363210290
-535753187
2031516847
-1558667205
1378046082
-782136396
385272578
-59057455
1352438139
655817
1538726709
-514930912
-1097836378
-426954779
-1526585493
1079364918
1086441565
103860923
1077674561
280201716
1281766104
858422413
1546983782
-941170667
1328214243
-470677554
-1049473680
1700042094
355823569
549482504
1950233326
1250426999
1715579568
-1637987073
1516556473
-963474935
-997031235
484551703
-1430491249
842729321
1806347034
1646142450
-1816965407
-1237700476
150739902
244317789
-2126294293
-724453764
1227308972
884317292
1730805765
-656425373
-935177625
-2074576670
-1286318279
-1503083451
2117378212
662269143
592668692
-1615975829
-1732730815
598350484
-811095103
1988622558
1179849589
1524081345
-704742061
-1474522839
532458313
-1339488319
828261217
-512140701
857660743
-1831476387
1777540823
-1036277396
-1118052240
1476416159
-822660341
-5674634
346359154
-1746453504
827251470
848120007
1545723418
-797682747
1981964356
86142396
765323271
561742501
-1958476233
-1332217840
1398386336
876057263
348815271
-210447778
-59271097
-1846917526
-1321918235
-676816924
155964110
-2092679619
-1594858656
-1197567351
1431966505
1570459665
2087095936
997463328
1782783077
440153396
171022770
365147630
613368280
-1852919168
583048131
378219881
1482840218
1972477628
1628724081
1892277570
-201798605
-1884918975
2119947583
-1798159450
-275461483
452596448
158517897
1143529151
964541260
-1051487486
1892789719
275727488
-668764685
-1846652143
1587511413
948073122
-2019955734
-1282859497
1485534530
870292201
-373737147
-365391197
-1457689400
332591019
-193375994
-921293581
1535745677
-668453742
266320015
1842564943
-1492843608
-1840441440
1867056721
1925835954
-2141366634
-1571711373
-1203824695
-1046824528
829471822
-315427894
1185428141
-1492973677
726559378
-677248697
304776546
-426594874
-1165303929
1279115638
-698172752
613197174
-1696104825
-1673026035
239310008
1136868214
2031527478
-1637421451
769639204
-420807582
1818399699
-731583864
1547593888
518897415
395225040
1596204444
-2081553526
343503106
95412131
733003200
-1676628507
-1331918426
-1506633506
-1654101179
2010638482
-1728297182
1110397
1545403519
-1760205375
1313806819
1620990334
838617548
1927906980
-1853365705
1401039287
-1472928299
-1662025627
-70982606
-1866181661
1929317908
-120431526
-1461742123
275546109
-1574592619
255149943
313043819
2053450449
-626846720
1485628675
-2052192714
-363226673
-995964202
-1104242545
-1776391861
-1017202655
125248249
-88736990
1983453370
-1281085184
387524722
-131076167
905299697
1047288643
885971566
2105412334
-1754041247
794741304
316755338
341590518
-75291295
1462933431
-904122800
-375515952
-812805549
1273674611
1130653696
-791173190
409024004
-1615854701
-397675630
-1896185881
375938648
-302415232
-1486548229
330618735
1436361510
678266368
-327713617
-2099397497
-1333041311
-252548220
-1377944729
2099736561
806307959
1577575869
-1216526813
1291105973
864067581
-420051084
-987097998
-1060826351
-991790197
535603099
710062833
192354477
1689759460
1878848158
-681370608
-354463726
1334568026
-1520157442
-1356801764
975527261
1179832176
-1262392543
-1154404488
-1908384209
548758976
-1891401117
-679584210
1392947943
-276872673
-1350617232
-1804292186
1439999763
-1545824770
903777748
274228148
-1290752733
540757267
1907514579
1552004567
-1660214945
1067992887
-602485387
744260543
-2010986470
-626275183
-2091309595
1306351631
-2131330265
-1690918924
-241273349
234216804
285194892
-1369222266
-848299753
-1146159722
1400444021
417711009
-137674448
170864957
590256235
-868426755
1050771244
-245906570
2030422469
626592526
-309166991
-1240723993
-1108490914
1806436266
2120554939
316797183
-2134929784
1337773294
1619552048
-1339356030
1822537535
-2069565342
-1878677071
-1690665916
-1241393247
-24463781
1643962738
-1597825740
1583974557
1669171360
1011525068
23502492
-2120493590
-95374512
-1466996143
441312166
1673747259
644516866
1975353632
1109883169
-1337425744
-163813586
399797883
1030824837
1986693775
-965083190
-1329241706
-2017605324
455962675
-1267911368
-1058675023
49888514
182038084
-399686817
1444095592
-306205449
1047169064
1649334550
804865609
-688473773
773483704
1377087689
186105511
1798469585
17068598
1333694294
-2074822227
-1068439760
1573723519
-1844523720
-1988177995
1096455918
1353967740
805096934
1631433946
-1470134442
462568414
202180989
602385355
-369916483
996397066
-1330803556
1069208034
1985841415
2017438032
1736446606
-480864140
1673646704
-546823325
1130962350
172162922
-1698244983
915128325
315470343
1578657040
-391040385
-491279103
-1373661638
884211500
1458778531
-1340590754
1584545444
101863762
-1930385627
548573649
382781119
-1272302473
-2055200733
1527172211
-2085643063
-1313324093
46051810
-448812109
-61160542
1402192554
-396629926
-1451108211
-991179014
-1876733891
-1026057993
1531622395
-899613269
-484901956
159620509
-1929300
-1205791134
-1912435088
632798189
-873644557
2093869701
-1447813449
-1949942586
-1453380351
-1241406640
1851801696
-1910245362
-355696297
363937089
1368548920
1629411506
107668341
1521538486
2138392805
-1582686998
-1284115241
2122100435
1092118257
-1132996927
-1422811103
-13365847
-519769559
-1341427500
1254406296
-874424684
-207372760
-1125565607
-942039852
352127972
-956627922
-691845789
-291909453
-1043361090
1852051509
-1060895133
-9125231
1462755908
4598598
572234738
1030827957
-480542477
1592088328
117219276
-976495603
-679054259
1328066201
-377365985
110989598
1351091895
-903511904
-976858106
2003671093
116623267
-847677790
-384987569
1664426978
842689009
1951358357
628220036
-1565827930
-60332910
-1399888974
644564009
251200747
2061007214
1383391119
-1629417407
1668147252
1717044872
500233324
-2086835945
-675182188
1347634526
1759684556
354510906
1191953764
-974201707
371342407
-29015864
-2126947793
-1969199147
1910957470
-1577065489
-393507599
-855762446
-341104112
-26875471
-1443799935
1340333387
-1977252629
1973928422
1492908106
-98593161
-2102387099
-1009553017
370634305
-36934371
-388780885
1503551528
1925956626
-660652254
-612969926
-171968058
1129967516
1038393866
1534365038
1605249219
1783325343
-1676470633
1483836760
-1810306003
1354898868
1490703030
-705593388
93490758
1220705917
700630427
19573977
245776192
344931612
-1694582230
-383290606
-1636362168
-2101130008
71351192
1537898926
303942341
-1319332770
-494854062
1531161459
597393377
-2052738987
-136913123
860966681
-1348686777
454833781
1042682494
1854525653
-1515267026
-346805527
-660025765
-916451021
-549930090
-1011835565
-646108190
-1671607000
2025053906
-19619584
497921961
2024338279
43781957
372184156
1373072917
-1415054605
-595582864
1597434792
-1511812608
-886927627
-119762645
2132079337
-176150122
318251983
1411939634
-640468189
2136890751
1566001520
-1996381469
2130290375
1559918146
-2014327063
384598341
134367593
437539816
-1326773440
1693045324
-1400402251
1145387999
1994350468
91415898
-675717981
-360046303
1018250785
-897409527
-1715100439
-2006463851
-559578251
1449728807
-374072911
583039925
-1643295838
-712750591
1207695756
-1278672016
-1238470235
-1109923356
-1693047131
-771402415
-862522457
-400309280
884800825
-1844244257
-1842579309
717167311
-1548837562
1854577479
-1774349592
762091413
299735938
-626675912
-1159471920
1456092584
1833389454
-2048620786
2002993520
473232338
-379181717
517539122
1126434688
1278233909
-1414934483
332496575
397046046
232636048
-976876563
-812446615
-87554849
-1240409153
1212442883
-923957862
1366283303
1884338568
-170628491
1542556125
1213747898
1205841812
1738062249
1563638911
-1356164206
-688998726
-1419288222
554342003
245890802
-927864957
702432233
-462654858
-1221798469
845143274
42745994
554022771
-997779971
1467875171
-880624574
-51100377
863933648
-1015546850
1990885813
1041205000
-840670875
1302391948
-177066907
-1687367325
-523451049
-241110495
1780192033
65662147
-151488954
-1120253348
1615914426
675967897
-1801007962
159194884
-1409191428
-518330855
-1420553260
-382626125
1762739164
-1638492063
-125548694
213117335
-681175827
251387616
602657235
1022787191
-661700839
1535909109
1816993825
672814068
-34756980
1311480278
1350246173
978205201
-350499085
1609514931
-2141325921
430546933
1336250342
186951962
-1311207392
-1950352914
-1742594911
-935124836
-1136471667
-873069639
1488605946
1962571441
-1273660067
-361602304
894469519
1824444888
346173157
-1323864541
-48351938
-1904288510
1484976618
-829678789
-739283495
-1373374416
-2012065672
-214541477
-1855276518
1213353818
687204849
-244750824
575660756
-1512506477
-674044056
1697560907
1334242667
1084265065
2128929071
-2126982891
779881862
535349137
916785582
972741666
-321094142
-611580732
574140790
-2049904590
580089129
662499
356219029
-304577835
1193650211
92895073
619364651
1590766197
-159575636
-183472927
-386058435
2019158937
-199364601
388929053
-1446346296
1935644263
500772401
-1469557750
-418090727
-757794709
-6312870
3465273
-167494053
605415062
1818041232
-377384832
855879793
451044232
1257791677
364064985
-968672762
-806394351
-972901677
-1354197111
-314874655
484377589
-813832123
-1647323260
1636376189
1162478831
-1279940680
739357967
-479610408
-559865352
2108583930
2037203111
1293204107
1212970184
-1603753165
-1701331935
1635695898
-690758756
-1855635111
445853202
-705556339
-264022726
1438408169
-588232848
-945892033
-643131086
-85041965
1284931449
-569527051
2110222437
1252135605
-2137552429
377325618
1742639563
-335354804
826378996
2078637256
-205584528
2040815910
1022734019
-1730506318
-114794562
-1359456868
1014957439
87063585
764161794
-1077966849
-1946170656
773540308
262645032
-1381198575
-431391877
236475564
1694120905
938713015
-1898554262
2134530943
1575665767
-185022485
1088510251
-1075981269
448544502
-1560634121
176380872
-1803040018
227053726
-1867186465
-1618246856
-1425874187
479105727
-1379130594
-348529659
-671921102
1082018357
-745099115
5930798
-497827214
-196249892
-723966272
1723415374
-1931810386
1002658646
-42728406
-104584195
-1117152352
1670561035
-1255579613
-2001345675
731380377
1170563185
-1179259985
-2096756104
444620177
-1347648115
-674984512
-1368810895
-599496321
666773688
-1627189592
211424729
1488579563
1778322342
1729201864
950887132
-2123216192
1830144676
812483725
71183419
-1926718106
287539744
-921363043
-2042696589
1624228624
-264058770
-542286004
240125727
-1506080174
1599471561
-860171692
437490842
2096184821
14304407
926025157
-192953368
1248013070
1527020528
-208579270
-1411713322
549188685
1925334625
-1575723443
-2011497377
1074972306
1183898348
1688525132
-1022161584
-232078651
850923091
1060358444
2087874351
375861478
1553468053
1080112829
1733288281
526864482
-1868793160
-871896289
-1944307607
-1759618647
-565170487
1621482868
1654180832
-562985732
1278770209
-84850730
303340034
1135553163
1506794985
192255883
-1929558530
-2066788418
-1788110369
2014489719
-1644211119
-1063307822
911240537
-1041490991
-1698477717
-234963544
-1661565302
1996319257
-250900847
-1687178023
-2067968509
543387721
-254721787
-458989555
122930300
-491102134
1060917093
1220269709
-886933291
-1208804183
355830096
397411093
-1890559401
821680010
-2028501681
-1855824402
30141246
-458019620
1810727153
-1309559748
1784059771
1752443854
1342021431
-422276972
1093153717
-412286080
307112242
-1478944559
-1935873903
566576893
632009962
1071936808
-1346367950
-190579607
-709863806
744035448
-1079329789
692906870
-1247133799
816603622
399839411
2116017948
1950511346
858374057
-1713015167
-270676343
-1985322410
-378938590
746153913
-1218240171
-1860057928
1407364655
-904431747
658866937
-132922726
-1452949057
-298671416
951515521
119366320
312968617
-702337616
-1091095679
172290242
-62664263
-814116630
-1346944699
-1882943274
-1335827444
1616133011
-194826933
-968335219
-917278563
833170733
-1081595915
111332045
700159519
1124117479
1371880058
2147479968
-709112820
-1825662176
-1910524643
-355773861
-110617091
1449932333
1165216930
-1811347454
-610449348
1342976858
-11724036
588664810
-2024502889
-2128637137
1928984394
886781088
-1048428938
637640691
1231542532
1941013257
-337995472
-953818763
-24757647
-1058837046
-826733671
-974452471
1657843292
-2048490775
-753125921
1759648209
-629662458
1855838132
-227447146
-1675013827
-1028760482
-583495967
-636995568
-965831724
-1911122065
-101704458
1421293298
-1574608333
311441689
-1757679893
-1279164925
-1464296874
62475779
1682331405
1906590535
2067826966
-1176464944
1573446692
-1016966580
-976613390
-1410425968
-952858920
-261894206
1472455441
-1622090376
-2056509104
-1688853935
-772594809
-1435997226
-1348559589
1088492711
413194711
397000510
-331938989
12813519
868619448
-793123319
1974014719
-868535095
-149639140
-1129785089
-816782919
-1497329578
2098661485
-500177069
-1946938736
760773650
-2088690151
-774476337
2011991855
-766803512
527560016
-78754481
-823972034
2016603649
655097356
-260254605
1384313351
2101457630
1857581137
-21229425
1928572508
263726119
1943537845
-282347034
-1116382024
1540284579
-388366045
-1733808360
1331912612
-346653527
2011734491
1550922712
-1636209060
1561248247
-438835524
-1057921311
-391510606
1989253313
-150817595
1873978154
-1737456847
-589631987
1200055257
-1550139304
-863547772
1714957117
-400777022
105866867
-1920158439
-1040248083
2093214583
2119624924
-2019075071
-132835586
-751880799
511138942
-203068391
827161587
805528923
1362386244
-1155539858
322297211
-1267089351
1147090634
1692237533
1397614670
1165918860
934569046
-1639468294
-1474273988
-628414749
-1849910263
-1174609101
-410996350
1633624531
-556345007
-2018824140
-2121146273
-861792773
850664097
-65016181
91242982
178701378
-739981724
-299967857
1872853781
-1489617822
-559748306
1679697534
2030754599
-1547759190
1459867444
-1322072347
1482668582
-2068015105
1450083070
-1370840764
-1661031229
-572101341
-203658406
1586004209
1112383849
2029572665
-985401709
208664124
1930574479
15374728
1641869539
-1748139053
-565904819
1567468671
-739169243
338280040
-5041358
1558408696
350449358
-1285799280
1873539668
767458496
1514266141
566076654
-1691035993
2145360471
1985501073
801489040
856557970
-82593293
-586519141
-908720232
8031423
1437957066
-167511147
-1731872226
-1938534094
-1915447151
1925874930
515909461
1577339805
745144639
19452853
174284012
1477900785
-1522026730
1007782439
-1072699210
-1818546632
-1277190173
1974246339
-1790930804
-1321061727
1693244035
1477370229
-439671694
336960220
1941919657
1448754435
1700384504
1686656680
-408831265
553123787
-629241886
-1746019927
-556939318
1552320686
-1296528118
194735230
551804849
-2027008692
-1579285115
-358286573
522081087
-2103328143
836383493
-2107116494
750881928
-1789995058
-606939779
-1574171040
-220834487
-897582357
-271735542
-28637722
-280248973
-2104109732
1310262801
2093852717
1970431466
1365391922
1145658276
-1854029745
1822110601
1010824884
-523330519
2001844457
2109714025
990542415
-902034371
1309673270
-1833266845
-103577142
1150698453
1784001369
1291537874
476344765
496624038
-1928556039
1191675805
1132162115
-349204281
588448531
-1479946892
1435315694
1936213139
396380682
1759318361
-857879045
1973866195
2030949122
368616801
977501638
-11914211
291436911
597213371
-1441217664
1031692918
-681171992
-230960911
-16045026
-2146488770
-1946203839
1515002734
-1345410924
678672717
231027415
660173631
546114114
990292056
-1641541587
800261917
1114395310
-2000565607
35729335
-193623126
1644022388
605689775
-1339494154
-1389607429
1947407226
1711482818
164709316
-697320874
-1902794137
-286291478
1924679920
1407779644
332434261
756391121
1168893965
-1065020247
-513610300
1268174230
-1659867513
-209555559
1007569874
1872847092
1512672246
581437902
1442916520
-1618793821
554057654
2040294864
23284279
237360893
1103465399
-666872011
738155044
567519973
-51183471
-1906290910
506536448
-508699164
-988317990
-29029103
-1778460996
1613492884
881559995
-1176330284
-625531045
-1131564735
1499375297
-605904167
-455802135
-677402420
-1023490320
2126906286
-58373717
1674336722
-1015405283
2099190727
2117721495
2071097358
-1980398211
1319969407
997770758
-182800901
-494476680
1529756508
-1781704025
-1179750723
1515033283
2102240406
-1783846473
125428289
1922972845
1919404506
-293761682
-875337822
883567288
1597390667
-553114436
-1225545266
1835980138
1913776328
-510155979
-400530839
-919357851
-1852190348
341093448
-1241127183
-341198667
1181841266
-2012369481
909763618
253811305
11636720
1292234050
1906568091
259904356
433227623
700136869
1076803520
-2048731788
-1568128480
-1575121211
1324304866
-1919174237
226156793
95604005
-149076323
1393503949
71339624
64275614
201995393
-545538702
1471715264
501086799
1224442100
-111102771
-1205315917
-1024085551
1470459734
115365157
679390999
-277179985
-1287432602
-697709726
1797989613
-2045863147
-986984476
265212386
-1304310114
-381785914
881180278
-305001843
-394942586
2112416083
1571638735
729310758
-116980042
-13891447
2099663117
-902222620
-1705230859
-269616085
803971938
1405975617
-1781095160
-211671072
1170304758
1696157200
668374323
-1738290066
1814724108
-457876267
1896159487
-898632152
1073674851
407009616
-1507699652
-106209627
-895140130
2099520859
-1845237687
1761097138
752066406
-1798731787
1985927314
1760232841
902581007
-947319139
-2018725030
-2018695614
1098034297
-1132179484
1328808634
-1949404023
-206836616
2119107389
-1741141528
32456592
712145655
74261015
584454844
105292359
-736181735
510232109
-598487184
43563978
-1427806304
-1215850212
-1980197721
1249082139
1001242770
1059580213
-1526337616
-1178602992
191453977
186693524
478305547
-668900466
1027588779
1942541169
274080555
360349943
1265623658
1988384437
-1458268803
-1132164384
1459268044
-259516464
2095580072
1860913415
1296095102
696378569
-1934173930
-837022332
-789049723
-366945386
-1594052429
1009071933
58300838
-832932947
-2076548876
-202971233
783253768
-872543014
1703691291
-1632837750
-49621481
-51243181
824590520
-1034635380
-1640474198
-292345591
1248417394
362997585
-1963532185
-430009280
876524295
-610512806
-758834842
1821856609
77632400
-1310638099
559061780
-919773681
804877833
-865985460
1106926169
320650103
1015439121
-376098519
-2092240899
-1342511636
1030830061
-1864872104
1308840007
767447986
-853243694
-1876937786
-1070540570
-717932263
1588204387
-1983714903
-2138711787
492689357
-1426452104
-2041996296
97384441
-937169044
1094261792
1812564510
-1663558323
1026302809
-1539375383
1846219753
-763117504
412051919
882965342
-1597959992
-98975587
-1762273224
-2128723760
209839669
536292908
-543072065
-1879729063
-1630072464
1209180760
1290687780
-1500011235
198121581
-1253371887
-170343730
-493295405
46732814
-1678168589
1819474982
1123802243
2112902548
-299180377
120251170
874681744
-1944997549
1686256521
310429983
926191353
-656693083
-366467701
-5507085
1204092635
-1288347360
-1361280936
1742092354
1682604090
594020107
1177320380
2086201616
1338053888
1050231053
-126251198
-295784
-1059339195
-1311986905
939658270
81555035
-1111795504
395152611
-1547278003
-1817508229
-1636564003
532758221
573877754
-731283896
-452728800
-1539968222
137731619
-464233957
-755445495
763942343
2093845884
-519762846
-198993335
372881276
3996819
-743229956
245107605
-999180207
1034642484
-1579608121
1665150122
