-426223588
-1312328320
398498534
-403638693
-1876841946
-894757576
-1422062985
-39965309
16455094
-368954312
1075300049
1420305016
886321074
-370366053
1238848522
-1827104201
-1026586678
-1247963405
630132352
-427586268
211755264
2121355389
-1967013639
1217752161
47279721
2021463189
-1437271797
-827332510
1298847796
689849963
-2042970690
242486465
-1356591893
-2009718793
1588431983
1605485902
1348838137
1578766122
-1456160778
1260527722
966643307
-468700571
-1872378357
1976754836
-1693110534
-290281426
-877082907
1484734276
-818677175
-133454303
-351427805
-1451570441
192480874
-1779987677
1407740911
2089876107
-126322522
385442014
-449136288
1066189772
1917852797
-1438547864
-469662944
960574286
1297852139
250433093
-1118478514
1965362044
1993566700
48382351
-1140503643
-870268687
983841858
-1701467533
-692951843
1431267334
-143156875
821423071
-1444597679
476604331
1942961691
2034310265
-570729503
-1064237702
998753369
1777353426
492247065
582098697
-1874197335
-1499619109
975663250
-1352686465
833306333
-499137897
-1229764968
186951785
2134396771
-2105916398
-175713779
31463630
-1482132279
-480214383
1920846988
-267684480
-247961213
-1206538998
2023926481
1619400628
-537471508
-1686575146
1702725719
269803220
-1814602102
1539536804
653502786
-898673004
703713942
2146052016
-679299457
-793728445
-22593862
82992949
733026345
1871968611
700377116
528390688
1832849966
-1303846533
2116645786
-1579337467
-1959098574
1579569450
1295564119
1814027350
-70154830
-1722877825
2097095798
1634778834
-606207124
1539041928
-2089726171
-683752646
-1830327554
1951876136
672246493
1462774090
-553852979
-65410003
-1398985497
391585255
1150639144
1421656226
245700385
1814207124
-1848570452
-1463892640
1618593026
272189482
877237225
-2071517205
-343489318
-955033400
861209925
-712823686
-1719615138
587435271
-2139496928
26040407
2026504036
363780210
722484793
267152745
-1954909206
502618421
-1393616817
185469710
734312028
122066707
-1295370229
-267778002
1816220437
528891293
1305494044
473488013
-79805914
-649738848
-1553591645
855154527
1036551767
57328094
-707846702
-1017013983
-570279830
211862273
-882329905
1885615782
-1195933018
1534133964
-1810341667
1121449839
-2075570029
986277523
-1007972675
-308035264
1328330497
-1990248211
552170578
-845317393
-357935025
-2014176601
1325256323
172490878
-545699607
1245565691
-1309817500
2138293356
-914016238
1604962049
-390706024
-1556630969
384295139
-424169372
298165744
-453171579
-1877342318
1739609
1517808215
-1833758828
-1260353801
1199173581
1079557362
99191856
-1900137908
-680179235
-836072317
618175219
-688156876
1606264203
332793614
1751756594
803318782
-564919891
359310270
-242925818
919967274
-1150984664
-1937545464
1919065767
-1546242773
-383977122
-1762573040
229227777
-894005906
-2124910364
-272710068
-501508736
797618074
1638971768
-1699294617
-277910738
-1973561319
-435805647
684901735
-715120384
1655472855
-101918984
2073178897
-1312406676
830830409
-583363018
1619065995
-78604481
-706670415
-1362260529
-1688822717
-1657388628
-1175566689
-709913778
912509967
442162599
-1240909382
-482858144
-726537834
-49409421
-284735296
1812141190
-1987461907
152403834
1304490443
1891125510
-1941076604
1363743068
-310246443
1308470306
1206677827
-1778969527
-225647491
1270470284
1895031279
-557410413
-1721373174
-95242728
1319445714
-1625033090
929573296
-1073089357
1891401883
2024577626
359983634
-1539024237
-16728702
-926135852
178522632
1504223151
1736477615
521116040
250794913
1171611761
-824874020
-707505703
1900794731
1161111978
-1860567496
-1204167164
1092754417
-697118778
-994321522
-1547626381
-427901564
1384088896
-667984730
-1154742193
-335055298
-1354800041
-2096237589
807625816
24239683
-888643582
-1332871858
456191736
440833098
1634390048
1053632617
-621084780
-385077669
-42332941
1247076582
631164197
2049569498
-1505833521
-1043179231
1322012167
1213111747
-1234944242
-1854792949
1277149456
1042789942
-1681128634
1642677074
341980132
-352700362
-574319683
-1691039042
119249544
-243951955
878752797
-1464237602
-579449804
-433694285
405138787
-638213405
354220396
1836965135
-1707916259
1117724107
-21401775
884536061
-1721721388
-1390935359
1565244468
625438513
1273661894
-1395347773
1727433067
-67969509
1313169624
-1444569467
-1537819032
-870126483
-504500022
93391764
-1639333626
1082278617
566044332
1208399806
342288166
-181478881
-1079546736
1392151217
-39457414
-1328739514
1764208256
1922622946
1375045536
-1450909655
1864448690
-1877880144
1545756018
1298491444
1929572601
-584683832
2023754140
455218543
145323391
-789169462
-456462994
618292668
-903521615
-503304404
-464327182
-1965269924
-748325255
-635061409
-1528009151
206999479
-15411534
498864943
476453650
804704092
1056901336
-1734709649
-1474864237
985572933
-1337677569
-237363500
-1887143045
1881619808
1909812230
48734241
609411680
-264084918
423893260
-1764620668
276360261
-14764451
-363059679
230190912
1312438134
-527349268
-1473778624
1812682635
758807448
-1931008052
496084605
-2007892552
-369213957
-366635753
-138891142
-1031655271
-1965951181
-2102916820
-1883785185
-402968290
-1819968026
-1051254279
338679433
1964673601
1777519334
-308012932
-1615346621
1131152166
86272641
-1708623482
529374387
1071910781
1499541272
545400513
551347414
27681322
1504180462
-2013273099
1104267567
-305101272
-461396159
-1020070778
-372390148
165323178
1672251038
1052675392
1352742059
580831106
-1113730959
33955415
-1292870261
-1808172346
-1183117349
484948392
-1054726970
-1124317008
2095218632
1287657797
-106863729
366320838
31897151
-355857872
1176073879
-1960889542
-1913966340
-1631371419
552185540
603377043
1675925307
-2032348899
-208496348
1381698956
1333445846
-1717703599
-1281666529
-1786734021
-1210584430
-876382596
-526624788
-126749835
-1177448524
-745559643
2130743366
-1689348240
1053597915
1487465628
115635550
-207331670
428390409
-1680381053
948346387
44577290
823777794
-1998244720
-1891887776
79789892
-1911888679
517790992
-2079443691
1462636417
1797737415
-736169298
-783353911
-1531304898
67386430
1149680884
2076964366
602078835
-598835139
73077522
202867430
2105029624
1432596965
-615495202
1306696566
624064292
554865740
732724764
1138335225
-1141066569
298296721
-1561346306
522255350
-669602823
-551010767
125164781
-1045537867
134636834
862966167
-1851793271
630054127
1958750716
252191737
-1955631633
1743418564
1942152390
-1374779039
1063163961
-659843855
224463196
1543864841
-1562187446
1844023873
-1001624428
1444104172
-1162698294
681410116
1006480873
690168217
-758155921
487090238
167122782
407408201
717899646
-392611486
-2073749604
-1776246988
1273473937
-673734593
-1649886627
-622915041
-1962594662
-62013574
1370669837
360317241
664513575
198284221
1053969838
-1438630873
2084254695
1663714543
1090263547
-1051484579
-6208660
-1390618971
1000989904
88209071
-1605216206
-273749033
1024160712
-1567861721
-877912609
-2094689834
1137325863
899009560
888519884
1412515453
-917854726
-1972368013
-179827517
-602427993
-1016809347
-1567795880
-1434472438
834578912
-1136712516
-188442384
-569943392
881052766
1804550524
-175245191
-999765562
17190962
-1808157862
-1523920990
-1468584000
-4647750
-630306763
-1194461416
1758336988
7687001
-2095340343
1477315424
-259258701
77450346
742238363
-768291609
-1528800594
-840022159
1213443100
-325325481
1148727500
-1307524461
-1669726967
-579281365
-1806806623
-171500217
-227263216
-495029115
-1692505439
1696434766
1152157368
-237734338
-906225762
-1946798880
-1408926591
-481139650
-1181581170
-628259545
1956357706
-789834226
-1868984430
-677791760
-915095309
1427372715
1968833331
-325075553
367125570
-708832612
-638983954
876778596
1749263114
-1610877114
90115058
1290899883
187533705
1002668927
-70384601
-1884467495
299408914
-410586784
533139826
568470836
-2119514133
2138210655
1784962871
1439868194
-23904136
1939930780
1998572575
1308284053
-1185254760
-1425951622
1993306650
813301957
-939135922
-332420751
1167338151
-1356464352
-547928413
1526805282
-1166699694
-1162364546
-1820907573
-697026645
-115648898
-759217767
860603270
671920188
1053539428
738273212
818633
2030059754
-1076639653
1925580985
-677735523
-337446462
-1577228711
163612447
1849749061
1748407585
-1476629319
-1883429972
1509655718
159303490
1896052286
563259648
-2004291869
-2104331496
1128126551
570498708
948899911
2030753886
-1342424668
1771599593
1329986408
288296683
1094028472
748645636
1705669768
-640982198
299266848
-410630888
1282127422
373909642
1098206372
1928881285
316562517
894882641
-1331595572
1784345857
-42428173
-1867091401
828932261
834012948
-637921283
1891096401
806639301
-1243027511
-190565190
-1601730806
-422466677
48340386
-1324522058
-1588412358
337518507
-1164263220
-1402666264
106377584
1272049385
-2078137709
-190133738
-1666699374
-1114561244
-1759643625
-1968192136
1811431848
1571594133
1835891776
971798683
592385524
-281321896
1826438382
462583688
1115763781
1941498412
-2051635339
-2013410267
-121634420
-167914890
-2089506744
487378394
-957486929
-1070364789
1247932915
254496631
315341981
-1900735186
-762724530
-1874311340
-338581599
-1058897577
764142831
1908102585
-858309637
1829032758
-860797472
-1500394112
2077456812
1639777910
107511697
957424376
-1271472751
-698847546
827121935
179758349
-974205517
-402042988
-1370939018
534553765
339932893
480947227
-1098217052
-1180144052
-1984794770
1487049632
-871332561
1884862994
-503336081
-454660617
-672149864
1468331443
-1493709337
-262599604
2132781760
-740684551
141706094
217219615
-1726290022
-1335061410
1238143487
1906182800
-234515935
-1758430732
1610439186
-1246069284
1470338956
-557817719
-393706262
2129533735
-595868224
-1784870651
-866190293
1841736315
1246093062
1655664151
1867105967
-173327600
-1552304898
-1302432240
371826329
-1187708467
-423592238
1362321166
1632720041
1096358926
359194285
118901084
366122193
1009072807
-1961801106
-1562475495
-1913004024
-345147095
-1211905127
-1282899945
-1347432609
-1662392989
838421133
-1793225468
876803153
1076263723
984209660
-1988639537
-243340706
-879716258
1173532566
47106372
355102170
-1122423516
-298724601
-1516226567
1531939841
-1131205512
553817124
-1823410067
38682703
577372391
75849568
1695729773
-18148594
-859567721
1796247428
-1586779463
-342848208
1809933194
51328926
208870376
-1441557154
-188251356
1403918394
-978112120
1270352464
-1420926486
71709647
-455473272
-1053544865
-1431550836
-1753762180
38412250
424065112
-1175888603
1390355700
-2007066540
-916677230
-797651520
1551500981
-1474143529
234940737
-89600226
1987018623
-1769493582
-509463283
1453588405
876907524
807385672
752785118
-205906180
13293019
254285807
-1790961671
1243527397
-40611142
1824405787
-345962160
1502643627
1252336356
543646907
-2129606379
-587955763
-222272800
-1424116254
1216793999
1111229017
-716970901
1257837482
1077610801
-1713288851
-313392466
-1802157228
1758985192
-1678090502
910689715
1573157044
-181664332
1520054731
-898447083
-466614069
71618170
-1372306235
1239063031
-260103499
-1925654761
-919114640
-417693641
1303753413
265324472
1616404661
-423205150
-1292119058
-1904128152
760030953
-567879703
1176531812
-1841125142
1044813834
2001223445
489687682
-655484728
92636999
231139384
-1214082322
-2141685589
-1237496635
-1465897820
-902686470
1147413485
1993193632
-320568351
228429901
-768550548
-663047633
-626168935
246533826
1871144609
-362281076
-462071081
1865208207
-1058246672
-184274606
404698224
699248809
1671883329
1282739880
870182080
1898308711
1086069198
-800727682
654595737
-999898779
-341038530
1019605782
1657817977
45108906
1490531315
-881067834
-1329356038
1423235597
-1658338657
738832635
-430920306
-640225580
-266915555
1243121793
-1748556182
1545441949
-1680511362
-811108352
-372649790
800386177
36175969
-778634807
1348744247
1758444149
288446087
-1898440750
-1604637555
773863668
-157760603
-579873281
2043297953
988111066
720940924
-1949270877
499840153
183738259
3495462
622757701
50498397
1708027252
883927219
-1274070106
2043013957
1868195432
7152372
510340354
-548759022
1392888014
159820438
-752930922
-346618846
1941929634
1740491633
-630554526
-1403813153
-1779231526
-1388780254
-77519568
-1648306568
725763346
-245621290
-135935788
-1271920940
404419946
1404972649
-1196517452
992141250
1943196335
-443196497
1243406474
1677425780
-1025513288
-2132135664
1760001384
-1936419283
-2108170990
-1012740007
-15447812
-1484551623
-229265441
844294865
-960682987
446712606
1820337914
-789989493
-2065608859
-1719750384
719931231
924351226
726408584
1816649129
-1004437302
283210698
698761540
-1625708839
1105162141
-228048659
1264008210
1576877338
843536646
-1776675597
1982902493
1424326888
1726727520
-959100258
1026924297
221821808
-497885990
-232968523
-1888761418
-1435455865
1130523222
1373639448
1690685253
9908189
2010032275
-954007788
2132325658
689226610
-1312408179
1883738360
2063068067
-2018907832
1004013603
601220328
545197721
-1446833575
1723180026
-1124231952
1187046790
-924684085
692045729
1587422812
-1845008250
-1394993311
1115152629
-573015994
-980890287
-1757144012
-2134600761
-1691351185
2029117560
508408483
-391315781
2052856658
1902522094
-188387192
-1727468942
39202934
412795849
-1884540244
-1444788501
708064259
196640330
428561532
-1339647194
-114137960
989807642
-657838340
-1056093430
37350491
-755788842
-211283205
-1627269240
1382975568
745814989
-1625345401
1697611007
-1474375442
1387149576
1414016419
1891488737
-1994917905
-1732181366
2065511991
899962775
-32043161
222676184
1903624007
183826338
-1843450344
-334474821
1376578407
366745346
-1994586876
380160067
-387633554
1167498714
-1229604286
-160876273
37279337
-1551564460
-1381491435
1478150860
1020981202
193750466
923043642
-190700806
-1368311550
275070725
-1074724992
-1660741898
-1715463965
1602818866
703885726
-838866636
-852308759
1332167538
-1373827264
-1189570869
-991690174
1789067049
738405987
1240660278
-1627763125
849003865
-1142212382
276611160
1181694534
211556424
-195133105
1034193088
-695282102
1311524705
1622937862
-1969778130
1005127546
-1074171049
-725630081
893770326
223151481
848638096
-636534044
-2134466589
-1006978275
105671616
2109848035
-380399170
347930210
-695831341
1842368196
-1976488305
-1621437536
-78687217
514505661
-465627005
1442656256
-682635911
-1458792315
508780880
1980362540
532133496
484780326
422580853
919334981
-1933213256
552388119
-401443386
726371866
-421517999
748695945
-791682521
-348526955
-874070233
1561030145
1265373335
-838556296
346790803
-1991054810
1028734320
844056137
-1715043774
-1685908004
269654508
-26607221
-2092667555
1780200592
992334315
992860462
-25620758
273514709
1535683058
354973767
2056833137
-1825180368
1075050870
1467603459
-1643644702
449728047
630031707
-210703399
1572258997
318773695
1050574519
789815038
-1146176429
-1381832769
434940378
647109918
342492340
-833884208
1341157778
-529787832
-773724600
-837697426
1795320490
-183874007
1102898715
2096319300
1254034356
-671218052
-136131277
-1582112069
1887935752
-29707071
171917884
485162195
164865292
817249580
-471738009
-97792202
242635956
1361493216
-415973746
-1353836406
154122316
508847452
1995529627
-1340560634
-937840523
1105795893
-972247766
1209764935
754775916
974048261
1716191085
1736228452
328906386
-792154205
2110094672
379586111
-105156568
-1996298092
-1012289571
-1990966498
-90422951
689387456
1981660128
298199929
1096794237
-1153648792
-591776818
1461814037
1421343643
-1723608745
917808098
1623662161
1297308464
1902044247
669269128
-24164673
-252809938
1758153958
1987854079
1844794614
-645342137
1312146729
-1158803399
2088932261
-748939414
468733985
773789189
-828653589
-921277043
952050716
373080687
-264914202
1153802669
140855405
574320998
-802471798
1493711634
2054216286
-441254753
-1204373581
-775088681
-1722667675
1419127225
-2010091652
-1168312407
1422408342
-1234151774
1415765457
2145529038
1147147097
-844691400
-1177832638
1751019881
1080839004
-2030878925
-1858480102
1849666300
-55276086
975222593
-1062885712
1153971757
1198313917
-2057341838
-232655108
-779629364
-469310992
-363445546
-157692052
2137933844
-748147784
1173032035
-1451766024
-1194212560
356059444
-610260708
-1231969165
-1823088127
-677250365
968101232
-1367136476
1396326430
-1491172426
-1776092449
877257877
796019740
1985257030
880842467
-1431619670
2101941006
1901787848
-744911859
-570671884
-1250443185
533167646
1579915629
-2004600761
901633406
-1333611664
369407031
-500744311
360079049
-1326176996
46145442
1754283725
966109038
1642516714
-1889362157
-1058100833
825176703
1187261316
1384457850
-1597149791
1868299237
314009380
-36721412
-2050098602
-1638578778
1379004815
1232864722
896234045
-99060374
-379232959
1773331312
1670863137
-1825782214
-120182295
-1542231831
-364751953
-999566709
-479322089
98037137
-235353016
87702139
-190041037
-49228061
-1511747304
346942041
-1661262671
-879186779
956415847
-2047621781
-183023742
-286078134
1617334319
1126086890
2063547085
-814196586
207804909
900102993
-93164322
1498242696
1094015932
-75727914
-1145327778
-1261293453
-178117218
956417592
1152731588
-1193050515
-526994915
-1953440069
-992526581
427670253
264078610
2046483056
888650405
-679561553
-626236476
-1601751110
24172718
1284151003
-889882060
553270028
-253870747
-154695323
51708342
2099106807
-975687721
628480950
1991916739
528830051
-1371984932
-6269044
-1853629427
587486236
-103407801
1534790174
-562749228
1507197584
1281410648
767875459
-1863692168
569972950
-1112614027
1323469907
-47690418
2031256050
1209536025
632301454
-1274255178
-1082671273
-649595636
-797980996
2015852
873920428
637562836
1628131926
1939523871
-234181165
-2011419797
357611620
1680257087
-385653722
652754481
1680247654
53210907
999403523
535236388
-1338954888
-162521814
-1241546358
2021522509
1027530160
1001308072
-972053595
590509181
441677258
-429269916
-605636536
473069625
1687320071
321938904
1188115705
-1943030286
298895697
-424225671
432939922
1834202489
847608739
-1693482672
335457093
2139539121
-731704153
-1986685494
-594106911
-2035636347
-950437728
-956914485
-1997879981
570758428
140145545
-1424735992
-1845686930
-953828277
1849250430
1882727573
1303422446
-11125429
-140497061
-1179992643
718948538
1549416107
1000067746
577058065
1458753640
1261472647
-1695985758
513097923
-595219706
149313786
-448872748
1060788532
2060268823
1235177168
-713377145
-611769654
2106278108
1409179520
-1740865088
-247783161
1212960212
1448409944
740353371
-1329723689
1848128644
-290567430
-536976523
899102760
1727744634
1445928198
876418317
-1014673217
-650165617
1654291224
-2029170200
-13450167
609963373
-648668684
-234213706
-890639440
1052196433
222894336
-1190971022
367793072
-44713968
-677198606
1601902606
1024614569
-1535793570
37638601
-1826689714
-562521162
-503609522
-1137459200
1599383539
-715178755
2137475348
-1384816383
-1086545892
-1468840120
-1440497646
1750904536
1919231721
276809941
1648949521
-150967512
-1422594975
2037781865
-1313150002
-245810847
-1627693163
-386462294
-1004383815
936978483
1826909445
-1923545170
-606755592
527294013
486489921
868953295
-1130067023
-2027135479
1767761363
-319790912
1272460169
543200572
-2092038564
2052654565
1759469927
-961926391
1678310396
-1914424610
-62572164
1920156135
1698433271
327560548
-956431481
1537548419
-1330676076
1736130136
-83529899
-934677002
-1990328504
-1949617383
1006509447
-1307955910
-507822316
-915202027
2067427479
-1989737510
620488235
550516898
-1567430116
2105235433
1915124183
188731406
485398605
-1641619148
-774934628
848680948
-1230612541
739723706
-1730097507
1531736017
-1020007038
1768282460
1173357374
291789270
-315998919
632793296
-1448425206
253192447
293871561
758747099
806244055
2096839779
1277926915
1102070463
631896360
1447287758
829658037
-1687661839
-60725551
2126186892
-1554383129
1415120654
-466117663
-1678090873
-771129502
-41402864
-1327008069
96697748
-1720399247
-722677316
-1968450682
858982153
1783568107
871378014
-2116288058
-784335470
1599128944
1669793208
-534286261
599970628
-1461204751
-974881993
965063497
-1034134030
2103939958
1716123496
1755203784
256265663
-1564177637
1621728425
280870718
-1533282060
488852315
200812323
413409913
776179987
-1018939760
1852209655
533910210
-661842644
1666718650
-1047901257
-507631041
1461556590
-1202523010
-520051177
564761753
303209472
-308412558
-1886638876
1295711454
-642593007
-1789216105
-396599244
-583223897
-2000805843
1216119334
-481669666
1507016573
-1144972078
806803343
246048300
736006520
-1913375677
1083872446
-15046705
1452591144
-1956051301
1251774367
548247314
1021206201
2044006692
1164210660
-1404521390
-2082843055
-1905636375
1982515461
1528980909
1769140156
1159957641
-1344695672
-797702151
-648946869
-1913404850
-1164785534
-1850598664
-1509096712
-207331459
-1535856035
929217737
1850954446
-534739985
-162791974
1729882272
1618158471
665828576
1935664217
966421689
-1475728522
-1719898618
-1685790632
964545417
1682512295
-722520091
-832129223
-414942153
2134064964
36302689
-423437497
417807946
837086010
226622100
-396858886
103380130
-445555685
-2088556831
-337425798
-106972244
227765317
1375816777
-1781780383
-2134036784
-1871029180
1146114556
-561019195
1456148782
-273784972
-1575000013
-747010188
-604648054
933154539
-1829926084
-881458559
-1521122940
1747330709
-925195306
-1432970753
-416839668
-1636945761
234477758
-1881508340
1246869268
2053178137
75425161
1206826257
601834630
-1652968490
896109236
1028594759
1127384695
1888609942
938437369
1050856572
1318453917
-1200121498
-1357518365
1068039958
1368031486
-1477913785
1207099300
1539706712
198645226
-1219946226
321140262
-1954458653
1195071275
1631505546
612090719
608734336
-84725638
631560683
-2049051415
-740956132
54463283
-1273014431
1126637777
316794643
1461337420
-1821902077
-1110143058
1167760817
-898305149
-598635790
-43281419
-269608204
-555349290
-305157186
1449804428
-1873938537
-350450376
1011003655
1513267356
695095627
-241187455
1344099431
2014993067
316847687
82321061
-1728809329
1205229801
-442514173
-1328922072
946294447
-249903927
-594508737
-489608751
1179692059
817714131
-1495615671
2075859101
597175851
-768545864
-782388608
-1894207754
889493090
571405222
-1146391533
1246531108
836671697
-2066487587
-1435237106
756891396
356896445
1899625602
1649895063
1123176438
-1693470849
418773171
-1164800140
804314651
203600811
-364414245
2067807695
1740307904
1757283956
974085446
1462673725
-1210534380
-884971185
372505079
-505995012
1560839201
570895829
-733714247
-2028617092
1008769273
891841005
365496947
135394336
470370095
-749090263
-205457984
530759749
703353737
445097584
-491710273
1016376450
-633594637
582368478
-777837530
-908605135
-873410635
117520103
-2051042403
402699566
-1903618072
-282338110
1393518409
-2131781154
-1572927706
-2039047420
-156802394
-367238285
1136206208
1351925386
2017977497
-63456915
1284162996
-974681444
-426136379
-1547404445
-682204001
-1429074610
1524703773
507889154
1284979696
-179612119
-1400443207
-1495677866
-616593378
-301272309
1668154605
-203828920
833839515
1510332235
-419667560
429698407
259504457
196088096
1346183097
83873002
829433901
-1814433470
752333127
-685178379
1358792290
507873489
-2147397312
-1153300709
-855999153
813408630
1397424898
-620515804
-374175460
-1070230584
-1266699558
1744746255
-440197791
1277403120
1693141978
300716890
-459415264
-1808946034
714921711
103979392
-1889651211
-1480159266
1656944434
-832148286
1762885259
264783638
1986221950
726310186
-3876782
1339146259
1302519106
-1146698804
646593646
797251891
182301847
-1160863922
979516402
-1466991740
-1020556908
232780971
-1976906931
-648940771
-1226997023
-654886861
1972818180
2006247884
-1354182262
-619232555
-832476255
1495672817
-1458968043
1216386976
-979688726
1272676265
806992598
-67568249
-201557930
-1854765522
-1093700736
-666078876
1257015996
2020081532
-813780481
-1872972737
1537327437
795336760
-83154811
-979043889
-38948412
-1348400691
-1563946781
1198226240
94680539
1901470936
42664217
3338806
849667072
800538053
-1237387984
-677756911
1971806025
-744093766
1706926662
217630066
566375076
1522592179
1736599273
-1494602242
-709874862
1194277357
1345023144
-572214175
156722837
-2023011448
-151859481
-2145312106
1058965159
1777152615
-275588365
1405882980
74171118
-782016166
-1515864747
1441542699
-131578002
-1722513793
-2050871189
1222742496
1305843583
-1294448156
714866739
-2128724907
344582079
-1681206671
-1584892054
-235364163
1963172681
985216261
657721813
-1686335377
542347302
218313182
1817694173
489149674
-56604925
-980360131
-2012043423
348889625
1719464484
-1354676151
1400049096
1419536599
-159873128
958446387
1828456276
-468857420
-215354706
1103419802
-1799313474
884000761
1934680231
-451059663
1196888062
1126575337
-1461050196
-2099252577
1620899177
1419258697
143779586
1437527206
1549075969
928086818
-1619192965
-1837522554
1397079560
-114211387
1089911599
-1768510045
-1124629802
-987297264
-1981457044
-49563
28907244
1775370478
-2002301974
-1608747937
326024008
320063011
282369603
1829127091
924946938
656296265
141060257
-383420749
1518999030
1770081045
-440784456
-736053556
1227471916
1950083806
-288644105
1679212447
-1321922091
-199554976
-771844615
832970864
-1697584112
-1695187524
-645331391
2120560579
20610221
1675851203
758519334
-2106387132
-23371705
329146995
1819054092
351604199
499644823
369842113
-195844908
-891204017
708292103
1103744664
-1501459307
-1314183309
1399576453
800920609
858193547
511332735
-688685158
-953751227
828748879
-791576329
545732538
860755567
-1867551672
1864804898
2073666269
-2045511786
-1175576735
1597085349
-227638194
-276282246
-1777508868
1088139629
-980195390
1304074541
1552418853
470166738
1353856683
1308459732
-1222847222
1024059129
409423566
-775482194
1392467371
203862137
-716575213
1905740117
990027469
122542400
1676609435
832580
1553278515
-1240586313
-1382296041
-892057703
-499753200
-1557815772
-1830895785
-22466022
-862998089
1889514064
630873377
1130764669
-1898747244
816634729
-1401438396
494482659
-961635233
-1463117271
-344835349
1730218917
1127903629
-996057290
-2055185610
-839918509
-198401782
-1536166964
1333970694
2087710713
-2108818907
-1506654056
-2049232872
1151557028
-415679540
-215232793
-1046831275
-759299548
2077469432
1264304128
-1722305945
-1071599598
1981029482
1877210829
833789583
696835092
1992582551
47267776
-610923339
-1864873633
-1842059040
1883128563
-945741120
-150177155
-1701498619
1488481425
-266842585
-432674224
-2094673957
-2124384396
-1702911032
-2118430378
-1883048899
-373916145
1088088312
355826477
-133862592
-610552434
-1380148774
871657562
1865089194
-2045626565
-1894874892
-2063140795
365458083
-1998226397
2131997695
1302968199
519728300
1022127865
1523386878
-1366069656
-2085175855
339753017
-572105071
468196259
-1958855142
634464400
-1478216054
-1544222869
2059605830
2054514042
-1716610624
712243890
526279867
-2061288403
-1894828509
1697916584
128671415
-20758859
-762961904
2011922561
-2062711604
908365663
-600194074
-539257477
51018634
2019556955
1543232729
-1860101345
-193490563
463265180
-1280932603
-684343354
-1111089319
-1477136637
-1347308858
-1667236002
1354315636
-1235152709
-653084858
457506926
58873971
644975590
1652331095
-879968938
-487975096
-415422087
-1120850046
1690893787
-536546213
-1998720669
-335486881
1498670307
-985411577
1342355444
-417945562
-454879620
-2018332089
1728437628
-704303994
1071168034
-147859024
-1111628750
-1468964939
388750657
-560970334
220659800
368392135
169212408
-1572458566
-2074933605
1285949251
-1387551201
1550919818
-1023451969
1750026995
-1151160693
1334233996
-1173958533
472645884
2070422160
2017345107
-1126205279
49667373
-1781722170
-1420300542
-810351486
-1631392101
620301840
1467893250
-39707249
-660632979
-1505915942
-32293137
413777731
-2141483021
-371856735
982129874
-1431590592
-186689027
1632871352
