920618192
935794961
1109702209
916296885
1036287647
-72864634
-2114099031
1288161808
1247394476
151843742
-1579101950
1409960675
976872794
935942675
1937044751
-1337886113
697067746
1057581615
765209284
-774371690
2100267675
-767894841
106938666
-56776295
-737109893
170723431
-2090740859
-1457494078
-174396707
1050332622
351709879
-601170099
1114553988
-1080758372
120082662
1327463725
1612524255
-763687095
1928149852
-1760449763
1354152078
245127513
-1157288273
1291537140
667835428
1098408653
-1048723167
-797043907
1617615150
-1523848740
-2028855479
-1383751418
108843380
-1541640734
1387263730
488133368
-2096102274
246469273
-5919678
133317031
-1194163367
1779729030
849100062
1869015339
385146011
1826997429
717321933
331044847
1997702307
1602697639
-1012047397
-1879836984
-1610482139
-1529367669
1071122495
1059995209
-2023717147
1553128876
958593471
-128979627
1319455938
-1110415573
-548654445
-1218800396
717516533
1295951085
-1588180920
1900776810
388648858
2064703190
-917765913
-1386370939
1515977072
-9913290
528726102
-972868297
1947311580
-1400536189
-1377224707
1782851683
1181511475
-1954864823
1796924588
-1231716613
-298230984
1306405469
1251043003
-268686006
1296460259
1005669720
-1462292366
379531150
1307100260
1320412995
-1421375829
2064748489
741189735
-1896304753
941813686
-1395231528
-401552488
-911823033
272706684
909020868
-2135493784
1286993800
495394790
-94407593
-749484783
-2086876368
-1429649281
-711277070
1296962008
-1275514924
1227468887
-1984681570
-257547375
-946988552
512390954
-1640860576
399887720
1852483705
379345602
-969304880
-1684388643
377824078
1990386073
-1869606164
1704199952
1417326959
159255489
-1495516887
-2035724738
-1363150316
136556040
241318603
-874783861
144581922
-122627241
-1488065675
-1073014527
-1608847646
-1914830758
1428675587
-1993877544
413254387
-1876519579
-1530990441
468659959
-13692287
-1549825387
-1764965391
-1634320966
-1558292041
1334170166
875326468
1227413238
-875657102
-1455379100
1306555333
-1376167879
1985462838
-232153356
-241295803
-1516228267
1254664549
2500756
-1470019838
1961746463
1024502189
2067641904
418214777
-2145753996
-434113086
-2011669609
-1990858241
-1716948868
-1793250227
-151435170
1911546320
-718612174
572250147
982652420
-1364254616
-1569518813
-625066054
1614435414
991860753
-1117812875
-656394280
-974587884
-30680131
1559735595
185593228
233429
1192590357
-1292217690
-1183523999
334586663
-650534447
-1360202898
1595170257
178184186
-226264759
-1916176846
-93938952
-1174406595
-1660206260
-978071795
673558921
879124937
-244965584
-1812921846
1265394437
1785377406
559931946
-554874390
98086185
1987445419
866815967
1186424612
1421477543
-1578404941
498354234
1882413868
-996527335
1103603948
1250803328
-1566108681
2112545330
-175748918
-640119392
1214761919
328306230
-310645700
-917111345
1654071555
1236159915
-1747640235
1948520276
1632316113
-946762672
1129405999
356507296
1970081095
1319100238
-421847797
1421981089
2085474902
-1876793171
-1416863043
-105357737
1051298505
-1191870967
365000262
449743526
1372388229
-621902204
-1613653822
524182894
1779587858
1273840638
1344268420
1833214168
237888346
555481987
-1162554753
881169907
319503279
220541189
112375271
-1628681858
344522514
22866506
-268526057
850684423
-1066409295
524725543
1872770741
30251828
-2099822415
1489022190
938106387
-1495817632
1040255790
-726672604
-1498416680
467421289
-1076663425
59756407
1038021087
1407517895
-1397321282
-1375421714
1142256990
-1411922463
1862367366
247257698
1902374474
-773363045
998809854
-875422676
-1297070342
-1835417293
-2087843050
-374084321
777348618
137240397
-629019120
1437360312
149161089
1112336203
-822610622
-1751963500
-1885846986
-2120642846
-500366055
2087980833
-1452696465
1246100202
1421200481
-166336104
-439276854
-1554037644
430876098
145372458
2075936352
-210158815
-532050547
-272837767
-1176502490
-1075889999
-1105252424
-654402999
503579543
-1496966694
-680242649
-704861577
-1188962673
-664506278
771039021
1350681129
211791738
59982415
108794961
796786246
-407125843
-1578439994
-1550673580
1998896936
1571856403
578088849
817202034
-38296432
-76571124
172286044
-95942424
2054214874
1498011281
2094502658
-2084312906
-596769935
-809621349
205082908
-782382426
1335945860
-383467579
1474874075
-1472128116
1692478457
2052527151
443933463
-2131301938
1938214306
-1795324762
1580771495
247432742
-306985810
-1525027071
-898756366
1021242534
669402209
-2097616179
1221412806
1146632700
399819783
2032765484
-1316902808
1905570039
422572069
-1112161031
362984427
-1908992951
-1745487118
-1798049232
-1744529211
-534488946
180748293
-739511411
1322327967
-942214515
1398370126
1011939186
1057100139
1034044860
53785418
-1078266611
1389587131
-2082474231
905938546
865683129
-153817007
593045463
1963502580
-435550555
1671952626
-1143349946
528482213
1977094579
770670719
-318957641
204280117
-392440670
2143672389
-282829170
-484983133
1295599470
-261322605
-1166687175
452690419
-138953994
-1390397556
1843897969
-1632279010
605445343
172206399
722579136
493344586
1250596280
1806839028
-1326524606
-1676754373
-960256674
523963336
-1875609681
1811003144
1738613154
2051853436
194944664
-2046229743
-1283441880
-1796185975
1171405552
54916656
-249697135
-173961609
-1183196722
-67254482
-2075494436
-1668076178
-1756758928
951700344
-1165175287
516097549
1155943042
1940321809
1956314367
53111929
393290912
1326043594
141959087
-1013585991
-1994171623
-373593423
-2092413832
-1333822911
-1696461578
570874566
-65860147
1491886028
497349434
411463156
-1223364332
-435661714
333421674
-1961193153
1472600017
1397078249
-851157937
-888929991
-1700120829
1617635390
1734341625
-1278350406
-80172850
812405383
-671533561
1783363791
453080153
2004168964
-217044186
1186688754
-1337954311
-244586638
571243223
307619451
-1854021234
966715043
-463266700
1385644118
602816813
2040144971
536319092
1382011894
-382139905
1232567319
-1325579795
-1103689591
828933480
1688964611
1113686106
1015139693
2101582954
-191779348
-116416098
1606657506
-160220340
1796126820
-504626104
-1892140033
-2082651274
-1798577979
-596391400
612282090
-2084075617
1493683336
784528066
-1829826493
-1729860055
-837972009
1402658545
969262304
1570559435
-230269089
1948221326
-1126712129
1073815664
-1546384533
1839314241
-750930376
1795524702
-655386578
338797623
1200881778
88875930
-1289189537
1830551590
-45125353
1694579083
-1269389557
-48130931
-1182826165
963956445
383351206
-1654092480
-429865511
1348897704
1625131874
-65322205
-1079888209
614948816
-1659811645
1654690101
745732492
268863918
-407360909
1066792400
-610950153
-239738129
-22787502
1987314734
135342194
-1498703940
1519105489
-1907758545
568779503
-2126140389
-1179643520
2089094744
-1598523261
1389753236
1948541412
881199647
-1379959207
-888971497
174460302
420775013
1914969064
1213711645
213609576
1842851907
2111773800
1897891852
1041987665
2098295816
1831281537
1848819423
92762860
490110082
640678213
-1332362234
1173918901
-354566019
1778262368
827936394
1284577620
-98158456
545272206
-419399308
-2015947
257543934
-1790796980
792026479
-16383912
-176108476
-1909859118
2096832684
628146789
722027343
-1142272705
890675461
2105805827
2094678632
-340527082
576003172
841161065
-278737869
-1107543063
-739607706
2065103412
1873861868
-1900666797
-275307974
-620406149
-1533214732
-85616854
-1847628849
-1394456288
232470924
-980869899
782054190
-477655192
-1534441249
1033399452
-1781133533
-978227762
-488208827
395197022
1111958563
877253139
2002117061
-1981928954
-2101235607
-706192743
-1235827236
1947694177
1669445217
436124401
-416030084
797437930
458910026
-41003598
-721738665
356151495
-1339408362
2075991948
810966108
-1285114888
818074260
-1687347300
-1681368191
2065189325
1452205264
-1453645567
179930819
1899312025
1359168697
-914462290
149628778
727984292
2123193860
464292481
-1416037487
1423816293
-1535334320
69311637
1006947045
-801984528
-275623029
566132691
77595565
-1396334419
1807013523
1322512079
985900041
-396609974
1492861984
-9798703
1999041406
-502737422
-1726051872
107268912
55169201
2063323326
-1868759581
1926930150
-368076942
-691082389
348053049
-706705567
-233577732
651504973
292595417
-270971497
-1324175238
-970708348
1372742083
-257201572
-984504883
1974156652
-2102831767
554049271
-57638772
-1006607527
13874507
-913898766
333640012
-1831751548
364132576
1749687089
-1724487904
1734709055
-762987332
-75772347
-496332957
1669545584
400904686
690309633
-1626632780
-1145027780
1927503786
-18796978
489238593
-2033794558
718453543
-1599106757
1337369672
1374941834
488036810
-1845645224
563244763
-236117122
882934148
-261692605
-871453213
750584088
1809488759
1912185731
785245542
-1242426596
1069485279
-903561836
2034818316
1330816521
1407564335
505282370
-2003414562
-112618614
803084410
-590022854
-430604207
-395141582
-2008682220
-459695651
1411959427
1491358825
1746287481
-1161306281
-1036124476
1866509984
-490131092
1699131120
-1154088361
-1300964149
1015742819
1941547937
-57285512
-1968965872
-858209502
204125674
-1392009823
-784366148
1342673573
-2048313630
2035351304
1191974006
258471234
-1029011313
-1437886868
-1778432842
-866652913
450367351
-644838895
-238546057
-489136512
1001183607
1681371401
-106346966
-1168069548
-1114778158
-1153864780
-329698578
-1846170190
-869991796
-1678311287
-1172744194
-1657314673
-646386951
2036695317
-311724438
-2056582574
-1228934256
-1684833469
-1762581494
-641892167
1514565380
-402523426
1885210799
391382269
783149205
-707944620
-1003210086
1652543284
-1236562014
-1121138244
-2021298639
550180854
448909443
-1231804646
-1620382481
-1780713917
-2040912235
1529027297
-527333476
-845695069
-815694955
1913507256
-1017776194
984716943
-1894078415
1976755329
-1916705714
-463604977
-1962939940
-1402526826
1300037039
236351908
-918199839
-1620999595
298771675
1542562919
2115760571
685142750
-2011049505
1658921585
-2024470366
523854363
1069297033
-928042627
-1929562519
1250407424
845320798
-369433140
1351391111
-1754218477
-1158879023
-419701688
-961974670
375558702
1335136946
-658181396
1785364019
-459574396
1194678756
1246733154
-1043596746
-1864597535
-1105062317
1225778157
1390616418
1415170869
-1547092188
40546953
-1383478679
-951526574
-713762003
-597184945
-1627611296
-952731148
1597277350
-627547362
-377776495
-1873206526
-239635423
1656105847
-895090032
-1834642669
-305674569
-1323184983
1699242891
331299379
595030915
-2105659091
-2015126554
3577573
1327670356
1196549459
-577086969
1965276524
812803485
657537565
78302061
390827846
-1161436752
-726846870
1231547655
-1830656264
-1307075797
-933126570
1879510211
-152617967
517429938
-1707144992
1875595364
-1522629784
1703461854
1926454222
-1067297384
1701072807
-1216232076
-1390518835
-1411236023
-1358858739
-1339860775
-626168101
1577763891
1680325486
-1466284859
831268585
1500517046
481643903
-220408009
-1538409797
-565207571
-2053108656
1316342440
1246579475
1111238654
-1544722408
-2047096189
2139193869
1825545651
2082723640
-300397869
304227020
-1452894391
1884235898
502769470
-1490784426
-640511352
-662620775
-2010661583
259885244
1059928595
-263407099
-376867492
-714592898
-2050470399
928010726
-716378015
-1260553684
1557856683
532931937
-264811833
-1018785712
-1958288697
744162331
-571724748
-1436072053
1708891573
49476859
400856539
-673166083
-1709034728
330006067
845128754
-810986262
271413929
544582015
-1087293464
-1026932070
-277426361
-1877735249
-2078426602
514091647
-1549017007
758922851
162623412
1519080093
-1212013512
-415117547
1131745358
-612461274
-185870257
-911311267
-766995466
1053608292
-245237275
-1683178385
-255300484
-964585765
-39533419
594339815
-1221550628
1811895982
-1760214565
-1661573176
57960951
1481041729
2044706282
-1956519486
-629636218
611751455
1935160765
663359667
-1547109301
1781744670
-563670420
-1810563217
-1056742776
1362962369
2125841856
-191910972
-121585228
262394333
1378884617
410146232
827488876
-1021093762
342382382
-1417412844
1969235367
-831599606
297363204
-1619534043
312735534
-1966450009
-1713122589
-1626878271
1692816202
-677788198
-929617801
-310710136
338725822
-189919632
1864565715
-1095231125
-264636425
1533508256
-89652021
938982770
1402068097
-1804641679
517096834
1344365753
-96741955
-1776341415
-1951652287
1562176699
1352382929
820057126
-827227510
1897929170
2078877151
-1120952799
-784817300
-1266336514
1009920632
1352235120
-507018471
-1639976475
2088225619
-2037415748
1614886325
-1965999846
384190009
-1660275693
-1757377680
2011984545
1557550403
-1635936498
-189644842
504560818
593748040
1348533302
840059493
-914064707
-247869040
33705123
1725244511
-46266194
-403045940
1756542694
-557901854
1705172593
-828149942
-556472280
-1619465163
17639352
1506292836
1764963218
500335460
-1020390405
1166537017
1267092463
-518439666
-1324326208
-749036385
142308240
-219073924
1728114716
-1107103657
-451721616
-1988255754
-875231879
666821762
1226867351
2039877457
238973592
-1925190060
557871810
-1534388276
-715541799
2052847111
538763075
-908671203
1034068666
-419219439
-278812378
1178732485
54561181
-2095676008
-87133291
1221171372
1382185933
1098684453
326041469
-1490916887
-1703847742
-1920177000
747314544
-1721339168
1902963108
1556994395
-2121705011
1802524049
-702684147
-781134886
-1978808547
1677550383
-1172384493
586094898
-498038080
1393743344
-1134937979
-1185731032
1061031880
329012259
-239320973
-1076172196
1387070500
-855175034
-658829069
1281032893
974423040
2046696409
1967158306
-1523824833
1676613484
-1902003282
-1314108823
918718411
1537041979
64805507
-1621673215
-1483189129
1533396525
1545135378
-244225864
-602272521
-27523248
-926832410
-124702988
133034834
-1295048030
-1525675983
-1476252936
1973302744
1200664315
1252759260
2015696230
75834450
-448511959
1965061344
-1087033340
2116748411
656610396
724040148
-741323838
-2092418641
-1501383740
2107114950
-1226134789
-1802128414
-533502344
1958087501
1571308539
2143345107
-1128946535
-1427626274
53028801
-1938333056
1922294967
1485821790
921637125
735236572
-685740942
-847303687
-228696197
-1666020162
1135413092
1781693233
-1354955943
487503901
-431175618
1527117625
-701096681
2050840442
-208783312
1933554564
2140231029
1942380189
-1398892402
842788760
1169764802
-1258640765
1630345904
-208487641
823912538
-1538452074
2020553241
-1729411233
-1280935569
-609477858
2132108506
1117944192
1741819916
1846394359
991051320
1622119087
1077407575
-1018780028
-1073002612
277545226
-115314666
-1755272221
2053516138
1015590395
-1580871053
-852214687
-1855822075
-1235722799
-1353979901
944462128
-321770030
-697043828
1006230020
793516375
-1895079062
1584182263
1515425766
-1181489175
-371994700
562415356
25459212
260829561
-610668221
-1894011341
1466287315
819098828
998117884
-1170382405
-2004469806
-1126438192
1288012283
181746765
138036579
1835678157
1200364726
-468909170
-836825502
1835493338
-349799325
1249485219
-874291660
-577470319
-118915177
-665820150
-2116689141
-1303076346
-1707997905
263246760
-353884569
1843881204
1288831603
-1473545699
1439304159
1071977529
-1682548873
-1369495457
-1866871775
-1459460220
-387250748
-401894778
-1126114762
-1068976820
140094776
-1248766748
1557524746
-1471492093
-1443335382
-1195067816
-1268690133
648938123
1155381201
-1854293021
1311250129
-639508504
-1391510043
-2021301893
-1297100771
1599658551
-232150906
-1722217441
-881058907
993973471
-278432931
186288427
-1726231248
1221207557
-732116735
-1116983571
1410582205
1796651845
1127209883
-1707216265
-1829651510
-1723705954
-1284791348
-1304852810
-206478126
-528740179
33892813
-202843965
541255446
-1289180899
1175043288
131562873
-307661664
-1470089635
-1745961786
-135994298
655714436
1914784660
-840836616
352740166
852321129
1172354001
-1140658309
-1693093747
-907137977
-1445184121
710859623
-13132604
507599217
-1257617097
-300615289
-1741479178
-286849578
1726418798
-846781378
1910251948
-1517349245
452710898
-1693556824
-84684490
-691874709
17525816
749507327
-929805493
-1601708438
1637021464
467006527
-1462192172
-542001273
-1241222205
-51181043
-1994722556
231175545
-670256652
-1662621740
2015166635
-1816702100
-761993883
-907048911
184934604
1089088772
-180117884
-554276464
981375340
1860511137
1732778598
987877655
347441580
-1211629595
-2089411077
-1420535870
1591433754
1574627698
627560579
-1454725682
101588547
-330907912
-792835775
-925400997
1910274956
-784397202
1206961261
-2115990196
-489428671
-661303906
-89803922
948498801
-752198162
1730228967
1536171080
1193618664
801439213
199355966
243203154
-2090477120
1776459584
-1753691019
1341366829
-216190754
516568736
501063359
-2089864463
-321029852
4882902
-2060339085
2079772328
-471022385
-136740024
127829264
-2041509889
1877778720
871867094
293141121
628532026
1968872510
90408934
1756588961
-1428434840
-2030516902
-1796669251
-1824817408
-1395239720
-411333868
-1939436784
125455847
-659007541
-523461604
-1555410470
554233753
-1283537302
956870172
-2122271632
-334760741
-1234337031
1331187413
-656692526
801937335
1944245069
706880392
-1113875645
1296999292
1733214843
1863793302
-801671910
1695439112
148007378
-1300212886
1846224090
671208264
752243978
-1069727594
-378489472
-542265344
-1859750468
-732575684
1564062492
-1076559673
1595234837
755869359
-2134662493
-431437739
-200303930
-614230183
2050728706
2061207553
992195646
1123911646
-380466314
-557735548
-1986937061
-972924543
-1226564838
2146406658
968473565
-1232874298
-483848767
-1366080693
301360604
-870206631
-315282938
1087769693
-77741701
599319598
822058144
669581869
910154142
-1233097240
-29018886
-1590313050
1523540057
1613206398
1199134466
-206973967
1122445033
-23126244
-973883839
-1145871881
-509959961
477230918
-858378709
2095690787
-311499078
2117034563
-804828233
1589954668
-1375933619
111909816
-984392654
-1099753326
-1131095807
-889085806
-191949488
990716583
-729429531
411784489
-709612924
2002417104
439111460
984836514
581002129
1700022092
1797094334
1054253204
-89323425
936235957
753624699
-274703379
-1445874158
1047203974
-1235527909
296260631
1898639704
-342724131
1471484625
1054317910
1140328962
193906817
1700133874
-411672717
1353786326
65174565
-1557530391
890758046
-98338654
-1977768467
1666668142
653483152
-2042157164
647810866
1703549175
-15463184
-1059969591
-1850845054
-1977716370
1580642295
1940988963
1425591530
875645219
2139244630
1355316830
1742513526
1788418307
1338276182
1944880997
-802144008
-1992785910
1807208001
1394722530
-1050864632
1967082742
-665021440
-349504493
-1630448308
-1895436484
-573363963
1886648804
-1943426567
108692287
1253107562
1439019065
2041222809
852880831
1773604186
874575498
-2032551922
1052949135
-1603975249
-18682955
327354582
-158944630
1750581980
-30474482
1500952208
425417927
-1443174899
-1530399045
588270526
-114237685
1528634508
1866630975
1549808075
-405147265
965300582
1443975251
1390202704
1431755170
-10813106
-745319684
2047919762
870359168
510068416
1078670553
1058019407
1119156260
-400391063
318170301
-1596576071
196510794
-1440509499
-39553923
-179628862
1627159129
988646922
-1789248502
164519322
-374879089
1635073348
750098881
-16088971
805524605
2045187009
1548018689
851160209
-1185435466
1845253038
-1030332418
-616474249
20105667
483516673
1262440916
-930998400
-110218663
1610477466
-1799652897
-266509158
-1656826163
399503268
976655177
-396392116
-1689538617
-780641215
223782883
1780990455
1886415925
1435258982
-164147912
238106717
229394051
-2043476478
-634183969
842240359
1326217480
-1735810203
-971372015
-1101524190
-765131325
-1230243105
-1421328774
533505802
-895367866
764879016
1643829331
2047753355
447017201
1308949247
-1015244880
-770158652
-1605919645
1471033492
-1919534826
-717252467
677630510
89266474
861094736
626664891
-15251511
1673172088
-1360699774
-1791530846
-1628906294
1894509392
310216830
261027035
1164597588
-519102717
-879510954
-1749747642
2140348365
1185368834
-225782991
-892358830
1520944596
-1853293368
1361566818
-499558021
1263388786
1578411511
305199798
-1737592300
-89534577
1118014657
-319184627
-1583337146
-1537592154
774430345
-1914251221
335518040
520536252
-419510071
-2108706865
307598383
-681978483
-705577930
-406115067
29418776
835089928
-166052319
-29472328
1102770885
-440278530
272100383
-971908725
-1072648811
-598820587
1313248748
1646356456
1502418456
119724290
-869232244
-1267637416
132589522
345008887
-1827689038
-557045227
-1369625539
435016793
-2019531163
172674013
1954789908
-2118156619
1218527201
1137153288
443475150
664906484
-250451013
-729434404
1589665896
1897907150
-1159193529
1463460128
1183685991
-209067140
-888919491
-950345490
-188931811
1521516721
359788698
-464152371
1655348778
-2038860086
-2094431549
-913906178
450203973
1690361155
-280125200
1868220182
2018928188
-852794771
1932136135
-1616947252
-1894618823
1823939933
-194105273
-2019658220
-244905914
-1439495385
1249513703
-1685838740
-58119918
-627791028
1146239230
-1592246924
626890485
1336307568
-1288637083
-114864956
677104945
-335482288
-1812859558
945791225
-1067671174
1340877298
-570465625
-1088099567
642421431
853870877
523622402
-986841352
-1631469558
-1739111413
1135008183
-1897559710
-1895183347
-1159582628
-59263868
-1463824677
1219768415
1937430606
-1802180925
-851130340
114148702
-1473443541
1926264782
-693162081
-1858436555
-1000372990
-2122063458
-235514764
-21055208
697816985
-1976274763
1881261653
-56011826
-419123551
-1035780546
-1725747464
-2142841745
1188381995
715139185
-362550108
2055020143
98013787
-2113311428
670646791
-43234342
1799237466
-975713505
-1555353787
-1359932704
1057630353
586239063
1915177044
-1784053868
-1935397357
-1250222018
-151380858
-2132474384
-1477191846
478488305
-746650777
-84594660
1962602037
762319667
64971464
-521900817
400946433
-1820768624
-1640512997
653050549
81943574
-521811003
1258962689
-966759885
-1491199356
720900958
-1819592927
1548916199
1012637183
1047680673
1143880507
812575123
-104839657
2049033386
1504092028
-2058197508
1983045291
1980554711
-839893741
-1885287185
-1040003681
-2103336603
-2027276028
-616709756
-1981290548
1374056795
475456571
1589717158
1609965880
2138755238
-374273821
-390951470
1998556294
1231249285
1752709368
-661680098
680680880
1701755431
572191258
1667079036
-723000334
464985489
767470244
-1463324097
-1460359415
2023683781
-1902961667
248203998
2119783325
-1377517536
845110829
788956664
771130106
1833750787
-1081300813
-705150824
-581015034
-567934027
-237253483
1784956601
-209155217
-1546103416
1647295415
-1919669748
-1012102877
2096817465
1101574512
-322141960
-1568960251
845214620
-1611607974
1562939873
-113811235
-1570518408
827607401
1164897964
782308751
-1733710417
1884053566
-1584020349
-2035730033
604519074
952492221
701883349
-1167210860
757258707
1054923228
932693152
1235881611
122431179
-1066356290
1165363954
-527974450
-1942261187
-1788811521
-2126164052
-1879082859
1754645098
-258731183
-3591799
-1494573652
-1789135417
773325639
633008734
1305438310
2001071070
2112026480
-1186585438
1787518929
-886253455
-251960664
2120494385
42971434
-735763228
-617825879
-137913012
1168513939
1057653724
-494852120
-510351132
-2022939902
-699983070
-790544994
-1154204393
-836796804
-1983322163
-122164444
2120448762
-785451645
-123289440
-58040957
-1149658471
-1935400755
-1238852944
542675019
1241152059
653279798
-117640118
596945059
-1590927894
946841590
1805617683
2026663329
-1832148175
1847545622
-23872913
-1778290212
1650421031
-1763329761
441924390
-211697090
710839468
-207165163
1981285701
383528478
-846976782
-647578717
1669503810
254311565
-1163400129
-1992552809
766250338
-510844177
-194660112
1997171599
2070765663
1613844685
-937612608
-450942476
-1564722620
1818453226
-1718523830
-886424536
-857278052
-299294829
368445644
-237364230
1633196747
2045781563
-88206803
887458402
-1209331781
998943814
-1639034048
583341674
-887820870
-468888283
1392811594
252288873
-542534239
-203381854
337225665
-245610889
-1716438471
1286179452
939232598
-1694006500
508586203
-724438474
-249870027
1588612938
-133367722
-1984739285
-2063100533
-454975859
-549944812
1660054246
1716782152
-1283746688
438749567
851281840
-529314011
-1187303806
1381545376
1620163945
563618792
-1062841174
-752172791
808949915
102756583
32736759
-1507851275
-905790260
-1086360118
-1857842228
-959365971
-1923985645
-337568621
1089937562
924416556
1343550957
-350134557
-699345442
2039500037
384598608
-2083144843
1815119182
1861984900
-423979520
-1471217681
1405266254
-1318998508
-2094998750
1498409689
549648552
-553286432
51683598
-214078995
1034420604
1327452091
-162598295
-2061633392
-17236107
-70568124
-1856014223
-162405728
-1016176323
112750149
-1145454694
2118545264
59814194
-1026294181
-2139508390
1426209040
-24062631
583088860
-250259647
478753745
-565192045
2091646452
-33604789
-1510266361
423345933
-836824047
-1247938183
-1170755568
-1727401987
-1068795520
590534301
285136021
-928026998
886263384
647131253
-1019866865
1568788491
-688544618
-533734660
695025293
644582772
723946633
338411259
657953459
-875473396
-1578040464
1746816485
-1968641787
-1972545181
-256464799
-479453468
361225317
507559043
767253355
1046694191
1875473626
1208659557
321465087
-2107682914
552824210
1253560230
815477643
1242018175
2085508905
372498810
1787057511
-1381616470
1788942891
1832054752
-860822284
30358738
801349079
2066115351
-1485784830
124240926
-1158768858
166061136
266943346
-658913033
176866315
-891657820
-236625892
-1459534557
2141329147
553024840
-697063950
-1880554990
1043961519
649380862
-1526692251
-368058760
2130900519
-1594292530
-425855225
-131835621
-532600590
1950913525
1259266417
279803117
-1347717204
-2137486562
1463268710
-92976547
-103884600
1882243279
-1694271176
2147146217
220565903
-1424693979
-1814102934
1955984375
2082038632
-649272892
1591873686
-1018082843
1906624857
-159341816
-1663505263
-1825833890
344721869
803913856
-656532020
-2051720465
1970217111
-1914128229
1918348284
-653670183
411157815
-1415138397
1932546813
509901608
348590426
-1798307349
-179308813
-269483004
1149406119
-636696252
1155839666
-593911994
1701354168
1286116789
-364887969
-1266060210
-684415898
-817577622
1008946263
-1512128237
-185901751
-1338710036
881549903
-1399119237
-1535898498
-246228846
-1934275397
-880177684
-2120497238
1274723383
-750199180
1000525858
423750463
766992940
1472786068
893035842
-1617079554
372369520
-1565741404
2002632239
-847374660
-663276770
1614135033
528107292
-2073571480
735635238
1734911322
1928446819
748464203
-1965630401
79923686
-1228123500
-1561214830
-1546044900
866737716
884126415
-221667063
391296221
-1472867653
-925526954
-82195927
476421320
-946815372
1337856605
-1205035436
261993784
622714045
-1637063388
-14603170
1107035861
693110144
1206329671
-2009162161
1756438788
-373996652
-760309676
-1169600410
1387626145
1396927843
2074947230
-1889282975
-2143878677
-566025268
-1535722928
1944478971
-1949451329
-2135860407
1295400900
1027313078
635007497
1187894100
-792027371
1652099802
-2104714889
1410277382
-1467480334
-698866243
1379972718
1729833473
2115846325
580981059
-1527031487
-873641840
-763811405
1414597288
-456513120
-834577908
561901013
-1912913284
-2112899762
-1108509055
-1592469657
-1621044753
406976022
-716547952
-1878079441
1044136014
70697727
1499723926
-613765183
-1593746227
1579786430
179033613
-1604545775
-2128973690
2087298411
92699442
-2080048823
1798835393
-145398920
-90847512
-663629347
-1042744970
926289886
-917837604
1048520667
-1266415601
-269854824
39418856
-1497418105
1971703409
1482987604
1297572540
-705252569
882937405
470249576
-1553249605
-1926012902
1732037714
-450438654
1923479842
659569967
42818710
1369654691
415286895
1998317875
-637409802
938960846
1790831616
1468729547
-259054934
1667804668
-947025927
732546692
1443127485
-1802137902
950303595
1268564008
119146188
1335634325
-2103408974
1882387795
526197005
902228189
-2081994723
-863007931
-1411892589
-1386996600
2112094420
-158631432
1150944975
-104284431
-1318960138
-1612941708
-1237409959
-1584539294
