-49156000
-869090244
-1584913229
-49797407
-1840164454
-1076757737
443649915
-410491146
456249390
-1485346997
1237851917
1987142875
1995872366
-73253031
728085811
-1705481829
-797131959
675772878
1472795216
-737967682
541750220
863434352
-695172992
93762455
-921779989
-1132065100
-1001288451
-2144483622
-539338880
2037266802
-1125616700
361918833
-1905839982
2009445851
534782327
543686031
928266202
-2103217750
-2093092987
421707012
1586421379
907976345
687751
749919699
-1686333903
1059957526
363025133
-131107839
319977541
-1028681162
863442905
-1270362961
-1238786722
-744114455
914926666
-1190240661
407038242
-1638678929
1597202045
-401478974
2094353981
-1889657334
644675983
-1662081767
1366150825
1247236085
2120780135
-1127583044
-778519504
-172563564
726071506
684496951
-352322258
-365634324
464580078
-1747818524
-1935517285
-1808328876
-1056470836
-441989691
-2017192887
-1499095188
26208337
-2094820205
-1132899223
710293582
1188534620
2146787350
-357620909
2072936452
-1915857875
-705505097
-1549794683
-1692440775
250850308
864613459
988634604
26472498
-910322424
-1730295727
2053594722
1008232702
-783883158
510488822
1143005304
1398707436
-408736054
767400439
1141216116
1477867837
-1557681959
711490639
-1593539427
1708835098
-875631042
-327588525
373398197
669707463
-1059597635
-1172169981
-1830500922
167559193
-702701162
2003939745
189130529
370254885
-1482002645
740992647
1688253859
1439952953
921329892
-2090904523
-1251204550
-573878768
972099414
-1822878807
-1675296601
1643556160
-1196398942
-1346396429
1427372164
-112363017
-401430245
-1187280632
-376241527
529599206
232749099
-702030123
1087829514
-571311492
611190646
-1668004457
-1215960381
-1969201321
1621417535
-400938391
-391417128
-1198319625
-1175860469
589092638
2082992406
-1557815884
413855107
204832848
-1664577666
-1217129743
-145491298
-1559650119
1862900228
1733853330
-1995366657
752563649
-916635244
1920038570
66266011
1040691543
334302037
-2145024903
2132719774
-1817987837
-1469288400
-1387152491
468388495
-995169732
519532691
1887482470
2020738481
2117897206
-2090852239
-2090157609
-447288404
-22907521
-1829081203
-547931575
-1649533075
-762721653
2116399608
117599179
-1992602807
-1059484531
-1631081256
53075336
2095662440
958705991
-1914360982
-2112520064
-1112451488
818581156
-1430233015
1301948794
-446839264
-292442171
-1381656849
-781337031
2028851983
-260937895
1007876476
880050669
874477428
-1933069519
-1687130442
-969788180
-1761238760
-1267579629
-816262064
1560345505
-673726679
-404568883
1757813103
358301892
1452395104
-222453875
-1870267031
2107967179
-808834202
-635701137
-243960113
531913888
848634739
-309162408
-497219923
18868627
1889770296
-2074039551
-601326576
-933903215
1246067710
1538682710
-69669945
-705951082
-942278897
438505728
540532846
-1564481440
966418260
1412488512
2118059688
-611382428
-1937606337
-935455490
748149163
-50156027
-3971861
-251726303
-892660736
249737987
-1422621056
-1475967455
-1276122997
-1382382543
1390940380
1366880729
187123657
-308238230
535762543
-119302495
-768625319
401425605
-1965865882
1113852060
1411543485
-2001011449
5155851
201894478
-1204618143
-1919883431
510410347
-689264272
106312155
1682671418
1304550968
1730835719
1246136947
231080886
-1977668623
-1426784078
-1800454938
-1826353960
1713008703
-1538692796
648038759
1741694044
1469532322
1553714834
621392102
1934179752
-1359414708
2112583309
1495030931
-266999555
-378761396
128945554
324237733
266501609
1725243887
1214191616
-1714336425
1261631744
-1616446878
864938251
1004979506
1953005771
1554277020
-773737777
1414350737
1298515455
-466004870
-1329626201
370051170
740078321
-1386125781
1153647808
-577870295
-1878843831
-1328178995
1494748648
333910858
-1072466699
-1930039976
803300011
789057415
702123873
700244923
-2108511072
1896658374
1163601380
-1907799996
1259570944
893870615
-357656451
-76745916
946122615
-1781894154
-200671810
-730505486
-429739970
1091088588
-1790989049
1129133967
33593193
2025507515
1329379319
358894027
874925949
1909460891
-697235680
-306351257
117665093
-183729090
-1655697927
1549302298
-949975323
22474747
596920856
-1641550663
-305764305
-539124630
1323237792
153186961
-1326204875
794873196
1022424311
1744383255
-1450253282
-1017236115
2052061116
-1627451453
-1618255043
768141804
-856120072
-643870152
-1047091105
-1968333765
-1057316206
-1804246873
1196577891
-723838333
2144413704
485682805
1298562576
363027723
-902775716
2073235228
533734178
407479225
-98672821
984316238
8197798
-1611241512
-5008956
-2006165409
931659911
760358427
1228272024
-524202013
612123239
594822369
1583373421
-1311992426
1983042995
316906170
-1037644296
1709131132
1314289393
1631213865
-48403094
1717589065
665760347
-1260953685
-935428565
642106370
-264854095
170081015
1666328517
383385315
318606155
865031304
-1628026590
-1061061501
-1491312019
-1831201192
-411841798
-1546447563
-1309849378
-242546963
1047668102
748136370
1214667195
-1673125480
359730553
342619380
1464018312
-389681412
486243376
462018148
1086658439
2101354957
-1945729241
-655609290
847535181
1911602137
52542127
-1655483884
-883941999
1724120908
-683283491
1122336761
699803463
400011311
1265284549
-2076045985
-457750035
-804230607
-1915087384
-895801187
1924075043
1233653418
1639767018
-1664277367
-1547006591
1416007388
1574035591
800069220
-1361869660
-1106864517
-236111928
1682632183
-841878902
-262415761
-990129551
-2124583943
223861023
615059415
-132431171
-1926718797
309326615
-1729114287
-400779188
-1598837530
-1587449090
1298458744
-792426660
1229285100
1476927372
2060970413
1535790903
-576162276
-1432264386
1285873690
2042237932
89348722
-421259999
-860646412
-1225351359
-437074321
138557680
1048036607
1885453543
-94398146
244368481
52046679
2104600047
1526191896
1866679227
891961452
-51564676
-1125891096
372115372
1639257166
972009658
172655665
1184562776
-1885490390
1165022222
-1157240785
-441808459
1490542355
-1344551025
-226540228
1018881813
1810768390
923041972
1843298677
-618267644
-616006616
-1501493427
-195644003
-1018258349
725168721
777518007
-604501696
-1393320588
-601259827
626314314
1317055771
-1622127864
60307040
1281707542
-312961093
234295478
1899527050
-294933297
-931534749
-1530106562
1839155725
-1893014011
-71166926
123044557
-1445832532
-1549581417
-1085914747
-2031167342
-755794124
429361513
-66620006
-1615519344
124769983
1246415444
487159925
1580407990
1137318455
-1861085090
-1751543034
1971642924
-1467217127
-799767510
-1564439669
668086767
560127611
440868785
-1884453837
1728485279
-1557727665
-849741774
-778199036
180844439
-1680905495
1244019559
-845245955
1075140926
-1068095298
-117638151
801667710
-1610153316
-1717983634
1396263220
-1771194648
-1428014800
-963283197
-1217425922
-1702525056
-725664769
538655867
-759207163
1904258968
1310804720
-993411453
-1406369737
-704285712
1052757847
-1684526715
-466232969
1963105113
409008591
1546107364
2049634957
-1856023141
-463476404
1986942854
-1925675427
-729273192
897953647
-613358190
-1206477477
-1552456784
-1971468772
1189890682
652513086
-1059493529
279169609
439907387
-1504252941
1540636485
-1804496872
2074139875
623280084
-503120899
296870952
1730302803
1676601113
1621412817
1661832744
-701100986
2141086862
-149875916
2077059244
-2008137839
914354054
-1183279184
-385506749
891868588
184790286
1897255689
-301237304
-1050613392
-117880730
1416418467
-598206472
619717154
1160961708
828200224
-1911541691
249375151
-339840550
-1982865331
-2054044951
1902428985
1901008626
-319735490
-790229443
1254049234
-263302281
-528655177
-1358467766
2021425030
1688296991
432915917
735046048
-1165212514
-1313524027
-1686841140
-1621191066
1336553251
270518692
-1268082597
-1274083150
-1689824607
1515426242
1735198942
1543471386
-445323220
-1513722199
-1636243941
-640181621
-1677773145
1053008220
-714764513
-1454730664
689453891
875308169
-772191134
-135430762
-605694394
1424479226
762926121
1605042086
-364937203
-1241704623
638267691
1721980434
-316421549
1701577716
-1955369097
-1243558499
-1825689165
-565892539
-317213804
506852500
-1847983253
-1522302442
619225065
303832682
401038178
1572088412
1178217567
-1178727293
1694727788
-873598942
248992836
-859582385
1965429963
-129642305
-1777844622
-651019621
1697188088
-896734389
-686799952
285305891
-499577180
-2047371954
1025210199
1983077227
1662588409
-15432006
-873884104
-1335073842
1762864932
-462008037
1291747261
-1130548777
-1424645609
505452044
-620847795
1349427407
-266125685
-219303700
-1369449483
1561681302
-617994172
356042706
-2046944188
-784571722
-507206760
-329025603
-441697163
487760308
-1113872847
-695365617
-1966530349
796487081
-2057621487
-666332868
1701994073
-1659471086
715436246
1450697406
-2107348072
1793427683
-831783617
1412035660
674397149
-351074591
1760532718
38125130
-394368878
766135601
-565880721
-1398057598
494619876
2083993899
1082171256
-1625455084
-1282689114
153371507
-1257783438
389392811
-797534348
-1768201398
-134071753
-821941007
-474200805
507597601
-1759384291
-519866300
-1874374600
143133295
-1062901709
1900162985
894104094
-254902077
2089940426
-1821049344
1289439997
1213271580
-1459087817
-1294246023
1894370623
-162595720
2004710358
1624645446
1293056821
-1124131158
198415184
-358777710
-1421026574
708214896
1609745441
-1476384079
-581057417
-46038076
-1828383404
1276485784
588606992
-1834942606
988107409
8481678
406280956
1197617898
1427262809
327973155
1386221651
702653271
-1028196721
204770401
-199838684
1379284464
1163660345
211898945
964098781
310582157
803233672
1047644512
-725481745
-599498372
765523733
1011609842
-680845647
1418935189
-527789715
-465308938
-132162427
194796427
-1436398641
105856427
1368767801
-1538004604
-970231501
-62177214
954675375
-971509268
812430734
1567014612
1069846719
-609526650
-1871224492
-667422315
-874864037
-1493122877
-168349378
1824056138
789742835
-521295017
1698295373
352764664
-832621541
475277576
-1240858099
-1336402723
2091843435
-1361466680
-1796764898
845754020
-1214112602
-2095081722
-1457539600
-1579365677
1242937374
316873792
603610573
-184320121
-5953706
-810608420
-1171113444
-178129821
1916346857
-2145113032
829168611
-898976826
-1713953623
1804092671
-207224947
-496053445
358703882
110117054
987690733
-1727254731
857336513
2020307126
1539649410
462892539
-2017337944
390207475
-12084996
-1050067487
2102912484
-1797966179
-54726658
-421756232
755451976
1073690253
1227501861
-1722784121
889927932
-1816507101
-1605453751
1075446138
291526233
1900717654
968658946
1425968410
-145199593
1450683659
-609766034
235230910
-557649750
-1281293141
-964733904
626124097
1906226920
489752559
1678786235
965625332
594542062
1773658365
-81778993
1299756246
-308298428
790073016
1231379011
-425257982
-1124615361
1591372627
968296453
365291112
-1079966809
-1319958489
-1618063009
616546751
-1589599080
-373460281
598780795
-862622790
-1507273299
-528009392
1415599400
746460793
760409434
1566880772
234349790
2037018690
-1120352103
-1506831846
1805791999
-1485014416
-1746237240
-621578289
-483384225
-2119083094
1093127121
-1337243712
-1625155322
-1910922920
605143691
1484947835
521339700
1104127059
-8533665
-955017390
1829726885
-559741733
910583598
1515539827
507699221
-2006224435
-26028430
431388213
-217406203
-798740715
2095807650
1829281716
1445235647
-183169183
-1779174437
-1605400929
-1868737640
744805654
-217478468
-392928689
680658293
1992044167
-280011119
2123980316
806098063
618643812
-1566608462
-449129492
-277330054
-1986332304
-1561694163
-2012144628
1085582690
1539083894
-1308238686
-1799420350
-1934482536
1602286973
-173863058
-1551478750
-496357556
-946458310
1982277132
1669115040
1118973852
-794315323
163492023
-783208218
2105617357
-837266545
-108137390
1580939880
-624049705
-830775917
831055500
78193204
125696294
968720076
-1500755905
1523995022
641400223
352383718
1946386969
-707425349
-2137585952
-1472719304
-1996675203
1259700509
-1223430196
46432496
1045054379
1345519488
-897760698
-1374674545
-362621667
-229813326
1190181691
-763819368
780933940
-1002000296
-719549722
859826051
-513566188
-274485761
-1595222706
-323728136
-541329205
-1822803855
1111897875
2077841465
-874046024
-1341031095
219894378
-1418702369
-1621414614
1599713225
225945702
-419543096
-1856614841
1685829099
736510584
-1271082417
16734766
-420605259
2033119289
-1380616002
-121644704
-1988255279
-408609434
21653760
1433793371
453900380
2139063338
-765036902
1424176263
-406946050
-1551745117
-860252964
631721558
-1468098246
1205404319
17186899
1180972453
887909894
379025061
-724071551
-207928472
1157571998
-1338898628
1463730895
1521040263
-1497976684
1386323303
-617423934
-1371447806
-1927779285
-871821458
-350542995
-601495974
-631162906
1306216675
-743317466
1994300723
617271387
1475178211
1845680764
1058299957
1825276748
-405764964
-199949976
-1857895372
445944055
-2071833584
2030935489
870266256
-2147168596
-918708456
-1215379211
-1708705059
1099587232
674094250
-419816715
-1900167739
885494017
-1354037666
-178535567
1767472685
1417429578
1525037613
525435461
-498789482
-814331177
-1430768516
1552167730
1469259973
962646972
-1144068520
1568792784
-521167450
-646732591
-1681413117
36803267
-98477203
-1451180015
613935023
-839300307
1474111230
284155428
-1140980599
859957091
-927060593
-669212615
1523656184
-762587166
-615676022
1652919065
1460012838
1694688131
-1942155849
1854349177
1671679679
-558994962
194501786
2034213775
-330573065
-197207732
-420664807
1508733415
2057554386
592464704
-1348447902
-1427971722
-752795233
1560640791
-1043121909
1950882543
1353399748
-1319266499
-1072793734
664039253
595387329
-1193641998
-333653626
120456144
603071598
-785091266
-456773794
1563944644
363244935
-1674327518
-999324759
-2071731680
1993600874
211231503
-731569938
1881054963
1130576670
-546177637
1442122038
-1774064060
-1493877609
-807088270
2076623856
-2082321630
896554295
2059151498
-314071533
-741742087
1790679704
-1767684966
-774834039
1350887719
1885633928
1600765900
-878731061
8877774
1195990356
1319330481
-1039454264
691011563
-1002206391
618936692
1222933259
-1261126489
1701806711
-62231982
-1497226212
724381165
-94742600
1915387721
1736684069
-1218617284
-934828560
-1312155889
1639588312
-990771267
489912981
1214263621
-1758523504
444189079
-865597839
-1705932308
1085398966
643384962
2125928102
-1240287209
635734373
1715255962
48470515
830538722
-2127042735
1952663157
1355265589
102639522
-1461603612
-1255328393
-276286929
-1096126371
1972669865
-870853276
485373837
811331964
2036645101
-1360612554
-301158107
-760692801
46824355
962810160
-1478047360
763717488
995952264
-1189500366
-2044637799
-698871333
1844430471
-938928561
-702482460
-755757572
1181564254
-1935252324
-1030494319
-1359433606
895588480
-1106952630
-159070191
103399124
-1277096387
-1714673929
-1275433768
486988249
9726239
-537416128
1896801637
1800051549
-965188201
1269212826
596987263
-1051632855
-2021472807
1500673378
924179904
754110259
1529495555
1215549489
-1621360553
-1554449650
-1325618556
-2075821195
2068475400
521282211
339806907
1096539709
1952814967
-1421691871
223963614
1394704211
667213478
1236753713
-93154275
-1045053553
-518036292
-1058619538
1095640582
-1792252566
1085370376
-604669932
1641385003
-1291727407
-989614524
684093174
-353707775
-1587489221
-496117987
-1572036427
-86600438
-132852739
1472361202
1190320174
150990134
970140892
-769013284
1598098228
428794758
-1758632733
-32620818
657346175
-210868749
-1607092873
-1470325827
-804678429
1746825101
1743618472
645861410
148024772
-2128308250
-432653367
1956768318
-1166002487
1793832112
527601730
893209278
-1270450993
248082852
2106517923
1523538271
482232352
2011890341
-502947331
-379142732
-1895125020
-1218948059
-320572051
290807846
2047774934
72310215
924715512
1398781756
984331067
909081414
1472962718
1497179421
1277111312
1984360340
1504723881
1736583506
169780610
-1739393466
965740101
-2141885745
-761447773
-89848018
1677928789
1960631859
-1068115366
417738825
1268136323
-1100968882
-693869158
949725659
-1014662503
1274330340
-636093227
1126041816
292762639
-967472720
2058105011
535212934
-1235373340
-1380311637
475400703
-1171424161
-300739407
889595021
-623043359
2013955899
1370370042
-1356583277
1068768082
-705766226
-158782009
-1631843197
351771339
1233670062
-1261983630
438593517
1489568063
-1723098759
-261921853
-576775246
1245105484
-1272328267
-1698434503
2028212426
207924652
1705285848
177920938
-352935103
1356405745
1204208329
1900222734
1685967746
-1241682319
884809671
-377751146
-40384553
372807038
2133183882
2017772803
-458923473
1708914650
283789991
-1893748938
-535630302
631054953
-1898250696
878178562
703540018
63848232
-108456517
-2091902391
1903310676
1664255837
1413864762
-1449463482
-1331028562
-227859184
1610413484
1592947494
194710944
-842254407
-753857125
1799735774
-427983352
1177612346
-273088506
-2008003784
447004866
90241039
1507163528
-2001152723
-1052980627
50894787
1645585337
2128223098
-2001325452
1734889637
415442643
-968246675
1369681740
-638067269
-1259015784
-1908595969
-1036217606
-846999561
-1351524493
1565045799
1089211352
-1878247000
964130013
568759660
-24302185
1579031859
-113722878
-1275582788
1416627847
-1899457790
-1773954141
994974076
692339989
1776933563
699954749
460359392
-2033569387
497011637
119648107
-1096706181
1089667138
74078375
493453704
-1498771431
36028290
1799756450
-638689896
1655461836
1072588397
-521136320
-1671362712
-1691759804
1269876624
-589089251
1730531315
303264100
-1403950099
11737478
799314438
-788437743
1013094982
275730032
-1970711257
1967229004
-1132196198
-369817684
330414771
-1792191358
-142072337
-1631266729
-291399354
765189154
-1780907438
1934958998
-988059042
1182388592
-339186916
-248436861
1411345986
64661144
-1961398922
-1447034526
-1637963232
-227337466
261292318
1838012695
1549608053
-325137932
1761097066
-89838116
5309361
-1390965180
-164975987
-752021970
1149399834
1335807887
-822453480
-1755546360
-1999998481
994446461
247331268
-501057965
1829564625
1862612566
1259267950
-102414692
-311631522
-316493351
1530922338
1303587335
2143231007
635048268
1861806043
-1905695101
715866275
854318036
821243082
-1980345026
-2076707861
1972499974
1584397014
-936505509
-646831864
-1946583107
551021732
1005629922
968171523
-2078524627
1700260951
1406954744
-1475090692
-320810696
-93207718
-223030705
-1698584171
-1123383552
-39886244
-1404299553
626690704
-1628030788
-141285988
1465007061
-2049752138
-1045713457
1285003622
305746635
1189144570
-391669226
-2077654308
815616314
605561822
-1254891391
-2015940359
-896456916
1444257814
-2090276123
-1054451245
1863978293
-839423382
994847503
-503707617
-1841480285
965314784
19732763
-702915334
-191656716
-620356839
816005895
-1747965466
1771672968
1651224059
-928693886
1628546834
-232101225
24290704
-1101421046
1993198045
889063012
5562669
1019229749
-659030115
-2031884366
-1490485802
-362608563
-1110552421
856003191
2143607520
-115059422
-2131742878
-1073485873
-852409128
808915740
-1988331463
-193099469
-1041044829
-895635825
-1504615188
1002158826
202047718
-26512557
368146642
1428584895
-288082009
800750482
826059020
1979168755
1845945908
789657571
-10664694
-273615499
1014600003
-1156586344
1165779795
911583056
-756994214
-1309704109
1405736580
-1432346012
-1993945231
-1511974945
-1885344103
-1383203496
-299989547
-1460307140
-1203008917
1190927822
801489742
1059237883
361053561
-1881545512
-538084732
679326924
472944106
1291726507
278312862
-1475057067
-608006446
-517989998
-561082837
-1505970876
1963023028
1310771237
1648394565
2095787431
1977758279
921866938
1686424051
-487264390
-966507651
926768154
-2120081457
-1656397695
-1549640512
-341377673
-569317400
-1001783464
1228279934
1487011229
-1593315863
1164152776
1907035367
487851880
-558298246
625817691
-580277259
-582429835
-374971931
241132849
-261357652
1488812316
2111769085
496862228
310435491
-1516545379
1551654459
953871818
2014622914
-2038882152
-1750645975
-1607167829
-89121716
-580159294
-2113990142
-622710670
-1663532257
-103380010
1437731226
-1673834665
-1392549830
806117064
-1036949125
653857884
1794162048
-1848405184
-1855349936
-75513113
-755361349
817183558
285806215
126850960
1041164002
1973924921
1474734641
-211411396
-557832034
1754774789
1967323435
-1219078806
-1942948086
1286618004
363689091
510603980
-1903564358
2136237444
-771125229
-735224551
1208594175
-960020453
-1228575374
-1112658143
854676328
498510711
1175345421
-1482205151
326040970
-376476407
1441625488
1388817752
-980278780
2112023876
1694054794
89850074
1451258813
-562127728
-336682161
2085884323
1037243503
392180613
-1974515936
746383598
1954007401
-323927467
-833643639
-1614858041
-1175832432
2024260488
-2026690550
-1887727649
-1017810522
-523196945
-1293256199
1962899103
40781774
723812818
-157219930
1100466559
-1613021361
1687547243
1546078655
-104995689
-1492708456
1909204120
-1777859850
263418997
-209249917
-1363937333
131927520
-1429602255
1930363357
-843303356
442720544
-154107713
-964706266
-2093873278
958093764
603101572
1094162836
2005198838
473238510
-1074117077
61186141
-1283375879
2069789111
1872630200
1166221110
1728820224
-553397169
110308060
1765390614
752279822
1274030952
1622927755
-1121631937
389009513
-348180780
-750741045
-1127444610
714440592
1819731564
1256824783
-1810049872
-308645525
-1414888396
1122978116
-1117310072
1372508612
2146809020
1306845161
-124214896
308599798
-2119036472
1722405221
-81767315
1378384099
-104948941
849674324
75054950
-1904326613
239819279
-1506045278
-1349556953
665684121
337220113
-1984573156
-1652424255
-1157917727
-1086118612
1960438852
-288370444
1079435656
-1163784837
1403894372
1829434545
1723516195
186323299
340640485
218513369
-1756079165
312284664
-36099360
1480976715
-1694212945
668513183
2018989813
-526783715
1331741011
-1849036555
-428517797
845713960
-1827374983
1936213999
424045368
-1651244599
1957337270
1651464514
-317438925
2051911654
1303758374
913633797
-1442792634
1658264879
1444659035
698828691
-855364136
-715174490
458769810
-455569994
854639114
908117344
1426707495
590039809
550776145
-1579414132
-1370629302
-2130374788
144101444
403113396
563704307
-333221498
-145736778
1791591747
2115416850
1376351479
1907782407
224661830
425605643
1153024132
-745635913
1076210294
-1041796511
-1374403225
-1772475845
2011297654
-452874576
-2039202497
-890770413
-165064872
-506250528
898998836
2116513564
-610768795
-2131042921
-1953004194
888548898
380481309
21200111
2103633767
2042432185
1005488508
-1801397655
1242822510
183561292
-536409474
816290336
-797058002
1343601782
-1909270043
1512180033
1925147487
-1526442864
82203705
-410626118
1684108124
-299290486
1553671952
1630157105
-69371131
-42272002
18083215
-1554308809
351673318
608519810
-1734438608
625053373
-1674028392
47515709
-1089113403
-353822010
2140119399
836347836
-941908036
-936493474
-498319052
-886654970
-82798685
-2131885110
513186973
2108665325
721184238
1071847168
-1052286630
-1403508826
1199379448
1147070809
-641764375
-574056036
977975111
-289088380
601911661
1444967552
-663248876
395880637
1492184019
1063000228
-672764919
-330272193
1397081142
198584969
1120403788
724451831
1245464452
1420893366
-472926788
996922745
-962137759
91161291
736896633
876542519
-1249314485
734724565
1916240809
-890509329
1041960446
-800525854
-2135272327
1769885285
1792402201
908395736
-1060636830
1679362642
-505055999
1100383874
678191789
-1655196260
-1842206972
1458964971
735504696
-1707309370
2103123905
763926511
1378223994
1859662761
1724876744
45527822
-793477949
1702939492
-756380035
-1618000765
1799894216
1447541648
818960705
1474545300
1049085279
1387164856
1963475154
-1051967445
-2061269882
1167876615
-1548549902
1580656038
-1821672791
412100675
-2046706106
-149916950
1893446948
-1338941446
-511900031
1188008638
-1480803067
-217628934
1056517825
-100735147
546190871
275506437
-2063092680
-1660516308
1976429083
1528512453
613122831
-517011178
-317864872
1832368637
1074808710
-723165548
-1066434218
-1836176895
1575169375
476590954
935663333
-192564377
-873614980
-1988328594
385947748
12554239
-1187419706
1548783523
-2137875649
2067133439
638445393
177307525
-1174642759
-1914142334
-2029513027
1160332198
1873756651
-1776812237
1402782431
-1906340487
-1892927733
16401989
-1687282273
-1838026643
-2081269007
183147430
838234915
2036629565
1224856023
-475404173
1938320172
51216518
235176544
-1954183763
734493888
-1284245095
549055451
-1754099923
-1295943671
-20822382
-514614072
144110037
83643005
-292884311
121900442
362326280
-363241154
1731161031
-1411783746
1822351195
1373785538
421365852
-48373541
1266149004
-475492170
1871818351
906625627
991050418
-1742950625
-220645898
1435800874
598082742
1943991746
-1477349273
-462274114
1657786369
-1974563130
-535480434
102650966
330590070
910282135
-1584130655
-1259813499
-1907290718
1235014924
-1519691119
-960641295
1973060658
1747581899
-1278561630
-1722623912
1598068389
443126508
-1439493571
-1264473900
185801794
-2008747300
1903692548
-2108077985
1314956619
-2081754493
-1109860825
1551003032
-931772559
1222257833
1357373429
-1533291578
1542143371
1686091669
558629045
-1912605411
1809469058
-619236617
-523137353
-2093636288
1473654672
518213639
-1023638107
524374023
1954895273
-1750845459
-1499463906
312795265
1285876280
-1499237277
824416388
-791112644
-973482226
-1895612776
1800987157
-681099581
-2102256233
-596027305
-1018156232
-628309657
-1591218866
-1703160984
1304248345
1004387138
-1524945550
1567124278
-512627593
1114355064
-1517457927
479548593
1769822140
2034847680
-860392507
-1580947339
467439181
92680482
995021845
-1100887253
1150929955
1475526914
-1731898562
193099823
-50504550
1165487196
512948889
488329843
2102141833
-1160807600
137828799
1299324834
448603026
573422305
-1012160781
-1982459512
1678808506
1664450297
2043261663
1732821424
-221747653
-1550073680
-220929149
-1287077042
1185622680
-1720689459
340732522
1285091167
-1976048398
458602124
1234512414
1340985102
843196570
1867072161
-606667043
790415449
-1638698009
-1304740228
1191730828
-1526796044
-605564088
567547855
-476167189
1324591981
1902715292
1789544524
664770825
353202832
808286656
-1206670925
1609667834
632649484
-470635159
-1142323701
471843016
-1221004458
-1013328588
1548150831
-697641050
-1149412915
-1753002501
264040587
1458108011
1447477534
-14895254
368128551
1312083518
-145870103
1312278481
-682206235
30461581
488358052
1826228539
2062529030
759069250
-965573953
-1767713858
-1592517646
1847155768
-1537546743
-85583596
-1506948552
1653100267
146402129
426759530
-1799374638
-1219556497
187317584
1657616760
1120571822
-1728760925
1236680902
-1959403055
4109161
-1592308826
1130398434
637579131
-1027514275
1900631688
1901734374
1513428418
719804893
-1355150780
-1080210421
-1199378104
-395875393
759221998
-1063563103
-1393017759
2045488154
1450179880
1074642810
-2073217891
-1571785904
-924315686
-1594219896
739558821
210522190
-1413497567
-1864376891
1781026122
-647201518
983575175
135340370
1585646811
1527093101
661893237
-1415161373
1114823606
963682825
1970856165
1921893209
357101345
258511278
-403520165
-751894096
-1332819110
735898304
-724924395
-1003166694
-2140098068
1137849100
1611005057
-275925396
1144004931
909196227
-885409042
-1395342151
210123138
-1917679675
-2091596922
-1503791812
-2079909228
-1406971357
177134715
-1941529478
353668993
-1038747425
1394745217
1769795496
-83911934
786943989
-586454405
836876617
-841107114
723689630
613721976
-54643685
-879760554
-1025484589
338108384
1040330803
-2117673273
-79974641
420695786
-1050876313
-1649358865
1564524121
-1008801967
1585782251
1806876778
645717633
142671942
1814792254
-178733251
-1417855831
-50356825
425490246
-87785941
1870657543
-1939798159
-1446751815
546627655
2123613928
-602495885
1520200127
1220849098
1620994039
-231846844
-1707337259
-174540506
-1266523202
-1913502601
-2052830220
-425541286
522248813
-1703977716
-65417486
-1973443192
-1300456998
1574690857
1531256359
-397623868
-2112940087
-1320072951
1419018066
-390501074
-2102268820
2096494131
-1593337154
1180123458
-1701742292
1020480239
1633284512
-2099498386
1891067818
-177736715
401856195
1093655012
-401142528
869090151
-1503670938
-707415887
-1880736437
658626562
-75730332
1859365902
-961457299
-1336212593
-125742187
947243766
-280923889
1078043806
-210806412
-2126223112
1113078500
1467377526
2079041281
1317825102
1588892981
1524933191
