-1607845630
1215559403
4907994
2104469895
-925734692
-1281101059
1909647286
43563782
-840755129
817989994
1388281412
1303014125
-745981421
-1220569399
-1070732954
-2005756398
2141531807
-1993499159
-1112353786
-1019908488
1887676503
-17847293
-1583533003
-712762213
1587663997
-1324102609
-1316836458
-1194614259
1132776492
960937497
-1400436227
1331089729
698913178
-447683596
868669010
2060938918
-821355107
-937452627
-983105093
2050477815
-1189330576
-730957980
-1035327238
817333969
1982030006
233244951
-879884269
2104164229
-1984411714
1204106656
-1577450447
-2090924753
1744609799
1987658465
-1330516023
1562288647
840422663
-610265796
202271999
1936382710
-431013080
-1942138807
263098953
-1546051220
-214877422
933908162
-236145327
-1173975440
-1477896401
359146946
-1055227872
-228902152
-1472769685
1479681838
-561597320
1631209850
821071675
143759219
1586577792
305165506
-1231885855
1074432625
-768045146
2038183942
-625936659
587537334
534062784
-1268259785
1122391302
-636127761
-731442572
-207669607
-318652182
242769306
-13981478
-80788331
-598935886
-389991680
1549834079
-1351036723
-1684348070
1326554978
-1668326932
1246387569
55110273
-1593679502
-1589477306
-1059549232
-236436372
-1511527164
-374446665
-1616856783
1846589520
-174796283
1457864430
-978675484
-1204930864
795287211
1119134243
-497308781
-1339090748
-1500696338
1544613246
-379610147
621872699
1212263222
979775417
743352357
-140064317
-528121771
1685878531
-621538906
-1093561369
786057910
169323047
245622986
-435391752
-1779539241
-1218883603
-1942959428
668009232
1783589108
1215097024
940008507
675846739
-1001441788
-1318207856
167693745
-1305643656
999450600
1140805369
-1345710973
1408477319
-2038498078
-671108187
518555050
2122962915
-1070288317
558738670
246910338
-1115816565
740301416
-267242810
-1172160286
-1705853284
-103506458
-1516785702
-1147673748
1855329562
-1914119164
-1145615627
1186201381
168972783
-1605099927
1787224738
915923271
545176370
2105725974
-1250386155
933138518
-324711763
-2143074411
281493067
-334393488
575099033
2131428466
1612217968
253100777
-329056597
707305450
-370062720
-596702697
1595416403
-243476254
-2027057873
271278697
59407682
-493796582
2087177741
-1541298242
1292156717
1787949474
458947813
-1686125069
830913489
370332812
906694502
333934526
1763084854
1373683170
723997957
-254103879
517722678
262750682
-1662802655
-1764171583
159457600
-1237064120
-676082841
-1329744255
-707836071
1394234707
1327945335
418973513
-1154285468
-271284373
181808327
38768164
-1508020830
-934733702
775326664
-29236184
338961275
-536789927
576148806
-1288156145
38653822
-677181819
578735892
-10018042
-528172379
-2004092654
-1168623385
4786885
-1518818339
-1290727713
5430402
1858674911
-747770170
1098429706
1059027987
-150415526
-1735425353
1242982310
942392028
2102542978
1937159684
221701547
-187589610
-1988038662
-1099255422
-754503635
652907537
-1808229613
-881936309
1771030737
-1311397985
2128761440
1721638846
1719722875
218113459
-1109532023
-2025765943
-2094825652
-1628928188
1692310111
93780842
-443639093
-308518537
1699200049
-2021502606
-528550047
-299837956
-2033307555
-1673230965
1176707082
-649648713
1760185641
-1561880195
1897178953
-1603974749
-1191327789
-2056393044
1825755228
1904522739
-1698749722
1092597732
1805785009
521644921
2008886734
1519862617
-302559592
-983057589
1289906606
-1229365016
-1899217351
-1510580061
1929996145
1624729763
1806108103
20108551
1999663903
-838031988
637315061
930513577
552345713
1992370335
-919962711
-848578288
1469942950
-1252505579
-1412860945
471369718
1508534679
-860795161
400126768
-1543379852
742532617
-1635442544
41033122
-1149666212
1411172162
-921447145
-192291070
-731194395
-883603490
-1186885300
37427073
-199046771
-1966436382
1517428561
133866491
1775631419
1787779601
-731444389
-1934477970
-178614365
1101175422
-1587787590
2145659817
-1462117650
-592496030
-539253994
1797646147
74878361
1542143279
1283424250
-1583823154
1681733276
-384064796
-1134447466
-36093107
-2056021553
826514339
964391872
173989858
-88246391
651878528
1124571196
683598027
349416074
-489667173
-313995460
-856752753
1777647642
-245704336
841574185
-104562061
2130996849
1961698669
1061340835
1589613875
-2067690151
-1564253244
-1170812986
1006211310
-405768943
-1698775422
572896175
856206689
97642356
1020062688
-1196492226
-1977981608
-2103646374
-1304642599
-829111780
-190230432
-382459330
240478972
1275362559
2051695553
-764030943
-393228669
-1292325844
-1957114198
839855533
-1322406493
1331388733
738649518
-2027228004
-539173851
1959364388
2077086063
65304154
-254219723
2035496815
-660802408
-1291895575
2027388281
-6971443
-1111147248
-1057139196
-935811227
1297038288
95147115
1118612615
-1816802099
374826740
-703405148
-1310321651
-1453395269
-890336545
-1602331127
1472129754
-1252031358
468479466
-567933066
-1810336261
-1342118126
-878287393
-1740297787
1669749675
2129816974
-809536764
632008068
1345839097
876839707
1253082968
-2072278551
-1490696282
-822731269
-1946714596
1178124290
42009939
1893519321
1740605332
-2080287440
192713947
886638437
717098254
-735706923
1917790461
-1799137501
-785690333
-927760052
435130174
412145024
409882684
1393019929
265874957
-1511658970
1720165719
848137569
1028800807
-1720181616
1086289675
-1217680740
-1853441987
262518752
1356247241
-190989176
1483922387
-1329375248
1966869604
-1966754720
1417976938
-1794329690
-2117488686
2102796365
772452321
-1792591732
-1550294220
-1179139299
-1234050793
-1543877729
-2017352941
-1023118542
202716629
-1232452762
-1296428308
807171260
-1202712853
-1279234234
-394128402
-1535458518
-1429231976
-371474412
629310465
-1451229731
1561563438
1860888043
-1060640502
1160965150
904078326
-2039875776
-1297183635
-2014262190
1618470480
-450169549
993413843
729211500
75198751
1196540199
-648209364
374471074
351887459
-408856684
-1924425737
1851247970
-1689502938
-1126079461
437189056
1452903815
1914074524
-16743718
-1924109846
1887302087
835121541
-83311871
-466514258
1604620400
-1640324906
541146789
-1603098269
2082171987
436416151
-80684076
2022097919
1502277120
-1980444146
1642302184
-1266765091
327924787
421244957
-652962272
-117707072
1520248717
-2074382616
2029377132
887655191
-244703866
-201203782
-1418403449
-1631466366
-1032464734
180347689
-1302559413
1863787412
-2111261726
856288119
985801792
-1749577766
868810621
2014560571
1913898869
-1507610852
410158287
1689349695
1091893651
1551564002
-119852143
-1566477652
-10109138
712967737
1021461066
-161306524
806371422
1756337590
1909097477
-386238289
-1974536306
640621499
1087890756
271992856
-1299809901
525260536
655574068
-1455604583
-477418752
1922466101
-1418258399
-1091190283
1090287287
1293124685
1039834155
-1609273243
1443125699
-1191707779
790131002
501234038
694376549
726795486
1472785199
923926321
1839083628
1395140400
-1799914149
536082812
1537465545
-36712488
1476262452
1548193215
1016577634
-568382165
1915198021
247364809
634715686
1718348012
686358118
389974773
-570590111
878479123
-1894145747
-755693944
-868753071
1370123472
1498311588
-1313746851
-1998216456
-1840327730
-1807982277
-1588081981
-1840049101
-277533253
1493538560
-190131547
-2056204021
-80626680
-16651763
-1264474388
1539775562
-2086445075
767043904
-1394318816
-1178009007
-1860966737
1540597297
1401317973
-2068425432
-98937307
-1272094368
1670708036
1385747926
1995898232
2009023918
-2147373385
-220586253
312036905
-439671026
-83712214
1068835963
3916120
-1847166852
1400389807
-1449173788
-1467855550
624356653
-1467847662
-621615247
1691102987
-1808041721
963516476
1558463432
322047165
1212179539
-1748677156
342060738
-306859120
39085744
-254615229
-1758365566
-608635285
-260047542
1570037391
-328144952
-1843040086
-1671466932
2049381387
159940231
218575137
-950846574
1113677526
-644533324
1224249697
-1417556317
-553935423
-2078181792
870169913
1562433502
1464036989
-190509560
-414011777
-1943302414
227416310
-390976469
-1139367664
-1089555821
978537721
1810465565
1089225492
1378495850
-645687780
538474011
-1189730938
1368626764
1769449950
-897468770
1661677811
1367605166
-1862011892
-1098784012
1333207681
563006040
84804966
382138891
794252594
-295276711
2075641986
-1972717424
-431727766
-1462799046
-301031183
-1481821384
1341992110
1437664374
124442783
-1945222564
-28251218
-164245720
1032716159
-698772789
2060486788
-1494794234
1549082983
-1541247013
243385150
1155015821
767424056
1583979201
1029788313
-1483520386
-1857261503
-369573086
203043599
1356179592
-1362080540
1420063977
406086164
1331911238
-1100969094
979275610
1448970651
599857003
207416947
420518247
-2087559201
1535911483
-1163662654
1909884738
-1793605793
-1513281220
976071031
-1901607629
-1801536727
-1623599059
1747124141
-972710997
-1176554661
-64695241
-1718517595
807616664
1571335654
-166065310
256642611
-1821562374
-1138657387
-1608949942
1251576664
1318745525
-790081203
-1790409967
1900647728
-1110672727
-666030698
638600343
1726047758
-470952193
-518405543
-165104408
-418298139
1925418949
313193195
-564468746
-708496663
-398977603
-676833719
-1107942521
422154613
-1215216783
2125946277
-714996368
-1004066258
113223819
1549524769
-736786173
-1704478871
-1408846237
1410336985
1003432901
740735689
-467492392
1991901223
1349570916
-165119956
-703984030
709210401
-358762777
1131100872
-457779609
-443706778
174581030
-1866119024
440566990
-853188326
-1975658883
417605596
-2024254510
-2059003602
1478509500
256383816
1070056728
-78991900
-550286239
622917595
-165665022
572606098
-46305784
-643843732
-34694331
151847845
-505807070
312637760
1673360056
-11497496
1598824677
-1328108808
-1668484497
-770047482
-1841668989
-1916288087
694867464
-1869819315
-714448994
1091481420
542057284
-1672550220
-334001158
2117646424
1589256921
1607075615
1341542003
222479789
-705129851
-1901915168
-90083022
-1510993228
-776969114
-587396991
-1538400997
286377411
-794189944
657819840
-831226231
1145505989
-622053953
-500865574
2145993021
-82606055
-1736121673
-1412460020
64051091
94665659
-2033162167
168642646
1700413686
-260399455
-665994225
-395416447
-1707719787
984725607
-236127686
-1804507293
486165846
1627692333
1373254050
-1348074654
432304138
204916671
-2078253794
1988300086
-1303286558
-1870990857
-1032708587
2028911858
1713046306
587222879
-349500331
1660300100
1853879828
558255642
-1451905245
691033851
697433662
91292163
1387230098
151879369
1060444630
433495574
350565400
-1977887926
1996419189
1050714126
1557669213
-2041133756
-1594081781
-1797156272
-1331413930
891712560
460159251
1026197511
-870424174
185139449
1928013831
-1967540337
1452410323
-1086863101
477469204
-1173498090
-1544885280
-46740114
284882705
-398450816
1188117401
-1034106213
186243757
1648433547
-1022676404
2068235246
-1315574040
1983027508
14222406
-82704427
643250628
1876659032
-1607154773
-94113783
1243877947
-371689059
1864982665
251060755
-1009717133
-638195566
-569305557
-505916398
765496624
-699403244
-1195583061
-1157899845
406979721
-995832332
-510943798
1887665568
797044702
469631702
-1802403837
392030900
1151249160
-458315429
1918644957
-304141811
1417623762
-505225342
1826830721
1476458732
-2146469208
-1663092149
-1291335541
608434938
33271694
450169757
-118398940
-268743468
1378905683
-1256545688
1792111440
1717582537
740527877
384100622
896118916
1197744098
339589031
-1382939138
-1319780485
-300764894
973307937
-1486167390
-858617783
1119303950
1528324471
-625230725
-2000005201
924551022
908387390
-360569719
311325873
-1285580459
2135736906
-1460596497
-652477594
341130591
1769533356
-386800425
-1403842290
1765488698
864337627
-1596747117
-1956330135
-1570263706
-1382247376
-809026556
-416467642
86626368
-49292137
131855679
980730457
-416865988
-1698743421
-1256092308
2121036882
-587678863
1835738146
1119126001
174511914
-518949286
884363730
-2047639600
1276111551
960356314
787665874
1900091213
-1099171934
110842496
-502816708
-256211500
-208773840
-168580084
1378345522
376879640
297184479
-1187026894
1190426455
-546376065
420718297
384312221
-869052287
6600124
-1410274354
-58602698
365930924
1496233405
546142214
827390885
-1030664911
252792008
-899269707
-715565801
86529590
1919184096
-1054776174
-1542011071
319694440
-351536787
-672387926
313596325
-476871961
1215124251
-219790736
2024354836
-2105602942
920075778
-1101849063
-470553741
807307044
-469793274
-570763226
1852724929
534815885
1217136000
-1347857087
-1898713000
-1246476732
1137898013
2069093197
589236082
-1262130485
56136710
-2091228232
-910146065
1728002580
-1085355199
-1998897390
-2103292332
-1891769036
-88275114
-2006655517
-1128614378
529681750
1732089141
1270534840
-1455824871
-1935366671
-1549310122
-618634881
1853848434
-27097539
147438626
1558982676
722578036
267918818
-103725423
-498209765
1882265066
-992247566
-45826797
1701313040
1149530272
2041331481
-1442778444
-1804828261
-302371032
85506579
-8724870
1083075368
-827885606
-904007843
-2079312623
-1953750345
-413692132
-250762961
-711624535
1956852720
-202423326
1393707688
-1311071457
-1155984519
905715832
1269214027
-1127362982
1383508364
-1996528769
-1075071575
-227180809
-799444541
914425140
1412218208
712144168
1452688438
-1644737288
1199489091
-481089575
-476636217
1515436811
-2089416998
-1543418348
-1751224901
1422805659
-1917790196
859052709
623896205
-1500229635
-1716702182
643304960
646422526
1234204473
-1773483313
1963426403
-1626987408
668313292
-893804299
-767732169
1191760756
-510735704
766056715
723343547
-133465183
-1359885441
-829271244
1522818275
1332297127
-1496041920
1463031921
-1924393347
1692404899
-1083942943
973456658
5055894
-799318092
1836175711
-1530272151
2129392667
-1782585139
1943857154
-876576831
-1188869694
1589339340
1618220517
-712758642
600422954
2134431947
1107009205
1218217445
-2030218943
-95760202
1016278200
-1115444947
-2056052251
1348629278
-227952111
428051991
-555836723
-1782350261
-286242239
1135322571
-998324822
-963476841
-692045839
476974435
1998443657
-1243877895
-2039342354
896996764
1672585594
1405598944
1122929268
21565898
-980286346
1981211713
-426623058
-867065332
1428431741
977586419
-1810670467
449637569
-165142273
-2089265094
-223487368
52329274
-1815556996
-720005728
-1694931405
-1030836816
677591406
-965103093
-114611516
1171716728
1039556710
-1032257524
346706306
1322675317
1351167604
-2032707212
-33146352
-1737812787
1473750731
-1972843987
-137777511
537158622
796785317
-854485946
613849180
223190387
-1763525788
-1464213169
-1045825429
2056182834
1922009849
-1497713434
-526374738
1196841049
-642126199
-1752238959
-1706186450
-1176312407
850667341
-1142122290
-956236400
-840704863
974665145
-1810408599
449208030
-407772433
-1191351584
1434416908
-829536883
761743139
-122999786
1557416988
-1113321541
-361372763
-1539191594
-1931739454
-1846392905
969129193
-587423002
366895687
-2056892730
1295437536
1245624505
-545077852
-1415745500
1261157809
97370643
-723159719
824287304
433741224
1958033138
-912062851
-1793299348
-110737810
-1870284628
333758230
1808457292
1586029946
1766008148
1549447082
-1956292563
-1398422585
-258605726
1858425365
-1092965088
-1108282681
-2131034222
-42352227
-638715513
1448793239
1240866572
-1654071229
-1254424616
-646728845
1929131972
-1612513957
-1768092255
-944972693
-1541855965
-1864969889
-2018464565
2072260951
-611442969
-857480449
1223206178
1719821831
1425965127
-142235269
-533523948
667114687
2004835673
-937557963
783519928
1967347170
-1774155080
838516609
-1109145070
497215212
30145377
-254046529
-776217195
-1128338267
-800941859
-298171476
1201172456
-375853933
-1614022235
1156145908
1756127724
719296943
-908027455
901879307
1730704382
1479438428
1315731889
-1840240068
253974905
-468279916
-1790818415
-1224348415
1542520958
-42818204
-785025417
1988557205
943722999
1487502489
-994842593
2024885192
255913432
-1969419845
975047882
-1023857647
-544626777
709574970
749116770
-233322263
-643905730
-622309145
1064391650
1073320278
-465514033
296455845
976897524
-1180752699
-1810178263
-135258529
994428379
276622364
-1418805447
2128970556
-1343033966
-1760382961
1159689170
1427869713
-565626827
708165811
-1656552784
1660447511
1820052896
-853704112
1953555385
685676765
1440965717
1860924282
1385336710
1806975616
-1181098590
-630914974
911208994
433859352
-470745085
-182012055
1334429201
-20707211
-2085620796
-939674890
1240472467
1832071946
-1399233046
-141734776
-119304151
1807737129
-998869676
1479830798
1001650776
-2105515664
-855585252
-1282994570
154635692
544278659
1573427010
233161347
1474411263
-1319188998
-1546054005
956715747
741429499
632394909
-1683411290
299748992
1589747932
-1955513906
-1827464303
-829581290
-1916621958
-829290426
-1763634886
1895451141
1465424518
490641924
1748148329
365724519
463669779
1320072577
-1143405092
185135717
-1842289064
124441127
117884851
-1905381434
-273817164
-539037692
-879672050
-811843640
-371013903
823572154
-389473292
1844628531
-638440500
984092602
-958887562
-1823446102
-1823520843
1668329393
2145724436
78547523
1233449682
1746813761
1445245022
-583350438
1539248457
1438659316
-1763008546
289922210
-479662402
1595748973
1789848117
-1988271492
123162138
-1871311136
1332484227
1968113035
-283299442
1912762563
129334028
54067591
-1634296105
353076421
2076987671
-1228343982
1621418947
1297334271
1560611609
626484296
-573825293
-407227543
-1388573933
-1681426214
-1340469023
721101454
-1641314505
-2031625122
-1514505948
1867960707
1969910481
-160909281
-551713805
-385696235
1274450277
352859067
1087966183
517519425
162142227
1758987438
79016964
-436564504
-132153021
1637081897
-1931141639
56114626
-1416857987
-2111178712
2020524198
-529406573
-448334696
-82601789
-1665850657
-1601314915
-113897962
372105923
1036877423
-1708211371
1201795022
2007436919
847253343
-48480935
-1913844789
462326216
-1587047560
-1425214816
1425706612
-1713164149
-2029339131
-550575373
698647020
-1394854378
288531421
-1028718949
-991542341
467571733
778920863
20439899
-326750035
39457438
433884735
-1821707104
-598496518
971390338
-1889332287
1976976118
297590439
1537792741
457095237
-1004734786
-1580079061
194295568
1314215234
-1993395683
-83803820
-643245691
-1237423338
-1849057737
1647548523
390428499
1100334781
759437213
1286305174
976041644
783040480
1027223043
1064260221
1360959412
7852818
1712286518
1347094576
1079678619
-67855275
-67332788
501200712
-466953491
-482576926
963797020
-771256756
1439369256
-1951187159
-412007952
-431680939
-1187118194
1442975766
1581080441
860605939
-1714339012
-914629483
1339081475
-1121285550
-1398965636
-1255519144
1155355369
2071819928
628438870
1466550999
-330089654
-2104434287
-928561812
-2048388200
460832508
-977049202
-1006376441
-2092384592
-1662803008
-1493121399
-1460581012
-1041788536
511684023
-1994616179
-1051941516
-328689692
-720839147
627487828
1587213659
423774497
-569546477
-565620687
-1209698601
2121153981
1391367978
995779376
-875888532
-2110703332
528680317
357133435
2064710910
-575435895
2025322902
1270073599
1905510567
707727482
-1438139307
-1569675954
1361020619
-1576514280
2038837284
831498694
414696808
-528715011
-1650190737
-1454127885
-1268416078
-991540418
-1898137517
740669489
-1828167202
1580748204
-452401516
839928469
-1172228034
2020239447
-1773304620
1980909070
274277261
1685994323
-11856894
1672520390
266985612
883215550
-896077808
-1930066739
658579661
-2059601664
-1801571096
-189861895
964819662
689054548
-962756960
680154631
-1088108728
-1883837816
1180170475
1624793861
1512505289
1750066688
-1544850989
-493442060
2118251136
98479872
-1161403484
1511203752
1572364119
341686825
-778032597
-1688765965
1001935431
-1274952380
648206112
1472776450
-951071002
-1979851458
871979488
-1203096314
986194244
-2139930509
2095836766
519528982
-1004214280
168206638
937428827
1970660435
-1581175947
-852980624
-47175723
-1691677108
1658197665
-1481180944
-920428612
-1550466652
-1269029720
1366966883
261316587
1726096882
-126822388
1398805757
-2058659499
1472686568
-696758528
645598518
1025055615
-266472778
-841791242
-1326051375
405612077
1134468528
1098346870
-594108903
-1711431072
1008859182
692126769
173648493
1789621887
-1497329229
-1548607914
-714428161
656927187
-341586864
-1455075037
359471320
793545528
224972618
-1765914178
-921951969
-2030153967
1189969914
-1354980796
1984290457
1670387836
1501144308
-159240158
1378487667
-517463610
-944466069
1226793892
-569525441
-1875970015
-436590893
-1471312693
-1732178628
-133824876
-861433144
-1553458846
1734649562
-307319758
-282869970
1316167763
-1219464068
1105918350
-520878440
-1926312394
1498799743
368226669
-882815251
-1172535510
1120118906
1331730621
1212630088
30659048
-902692665
-1766481466
-337519072
-1437442028
1904313410
-419455329
1309381289
-53229610
-1277150640
-1944836382
228646009
-1938636119
-1168913118
111649954
753137261
362743154
-344423877
1704180893
2114318796
2140145108
1746450223
1763673518
1101564589
-2104606526
372827820
458179460
-662806890
-781068715
-1955563074
1181259928
-1553634970
726568671
640149838
1681089372
749857908
-1993171649
-405212181
-1001473360
673063927
1683927670
552987596
-244007527
255159975
1488139898
-169254635
-201381324
1415039908
-965232054
-202396583
1319759848
-1327705449
2069821250
-660595360
1219506394
-1314158058
1442508720
-535571927
-919378267
-1156661171
-1644559194
804551218
715365962
-1897674279
-675343087
-1717728778
-1394933915
1505479415
-395052534
119448246
-1458695518
979758813
-1042877333
-1902759300
919960430
-1915014809
-1476862043
-1186492324
1420630256
1575657206
-1339343407
-398452484
-611335622
-1651560811
-457543420
-1953296553
-65662533
1086757468
-1509837338
-1016314435
-554568712
961731097
1680585605
-407514339
1510468987
1548100652
-1362381722
-871540602
-905819125
-1210869583
900259037
-1769366805
-985024740
-606274844
-1579814242
-526813914
-65940599
-1671947071
-322598509
374433343
-1730154880
1496113387
-441210385
-1576189971
1893524413
1977022158
431702914
748665180
1520612090
1646572807
293536335
-576591312
-666273627
119453186
1706186843
537981385
-1652638253
498735844
860410055
-1920446776
1202541428
-1833854804
-169934816
-1706317102
1005268168
-1308642412
1414637046
-969204077
533064977
389467325
1571607467
251212294
-832693110
-459676150
-1931072372
1178213618
1036794007
1134772299
1970443045
-1465381961
818549565
-858507362
-1694967856
-2042598326
827209171
-327417327
-530039665
684361597
-2123482375
1423520908
2010309147
407366275
-71806007
-707513875
-371625412
-599563085
1115909196
-1244731276
-629761189
-605315700
-776428752
-1209499294
-1496436395
-1036876040
797968567
282715868
-309524591
251342805
1910888689
2121942036
-157034412
1190378160
-429087444
-985078871
-1057436333
-1991148333
-413917013
-447999922
307264905
-2122217087
-1153203049
711646122
677934155
-2092946049
-100548814
-1100877953
-682977896
-1246880042
-300621230
-506344179
-914230347
505570519
574981388
1625759416
-531699207
-102482849
-7730002
218365928
360812773
-2031584164
-1884745485
-103063760
-880877705
1130512015
304172913
1339940529
-882504257
-223424365
-1227300267
-1175857472
-1030681422
-937348835
469544531
-1356439866
1761879869
-441344636
-443270185
638287976
1997414557
-1713769596
752709504
152565991
-1566874643
758115134
-1899571762
584527048
1238636800
-1713738366
857110041
467677623
-1849281936
-1257272751
1547067588
-1398730072
1113180407
1771885469
2038394035
-866667970
-841000963
-363585454
-1771186183
-1865683088
-814960783
-934085735
-1884110890
-1519062935
154578651
-1413790630
516989920
-420628560
140713394
-505954045
1830840447
1463510921
531576042
-502289528
184519837
2057951130
1258073553
1874360746
1723827870
1378443472
-1130337765
-1174051462
-335971186
-782040189
-1620375237
826833440
-26686567
2053524439
-552272141
565258456
-291368257
-114911130
1094516526
737192509
-1440500537
1412671259
-1933520115
-1678987318
1318585716
-663516064
153479999
1496131996
1894815222
-110987141
-179813483
-1271257988
126178467
1220472629
953904084
-471137251
-1579584538
-1647356484
548587981
1576574369
1280527479
-539493686
1468229803
-617089439
-111956276
1730608389
86174091
1375447789
250369998
-292703319
1651272017
1282818641
1077705936
-495616669
-1993510983
232255898
-831151428
-449308288
-1828045908
193368984
-822463345
1883369286
-1989541676
1886836964
-181760762
17229730
1618012786
194638884
1720477593
-1774666494
1897330542
264455821
1245965480
-549984892
801637295
262000809
-2137731852
1134984016
1458213549
1266772826
1603608656
1435944769
1550856003
-1519121122
-1901921385
-1136307766
-664046391
-777805933
1841885664
-1175937513
-573237918
-748082883
-1605569296
186577778
527069585
-1062318201
-983021328
-1809524504
-702180078
-1684376313
-1898021025
-1786435796
-1770541849
-721618938
-703287991
-1851927366
-1033090384
2101237054
480858296
-1537023937
-764606145
368718565
-794781333
1903885623
-641571221
1744869354
1832913093
-2140674345
543680036
1218237310
334470408
-1926857426
1721160392
702863573
-618267710
198250630
-120836428
79434541
-406302841
-1852801264
-1975276772
1012987407
1992150239
-1697707841
1361754143
-1425224236
-2080238974
-127271565
-395574763
-106851222
1770051778
701344090
1747251243
-1579561385
95986760
-759618669
752613426
-1356155906
264859650
-149036269
799529907
784935713
-1083211173
-2140586548
1004872262
-1220127577
-625352275
-205244917
-350722781
-62868834
1146035187
45627937
577847289
-1091360126
-217426493
1970125381
-263521538
-650418241
-1444555654
-1314670407
-2008726969
-1572511116
617052088
298694698
-1151304103
-1969090951
-1089022449
1052224604
2083430911
-714377565
-749997834
-1847209722
-1360887459
-1787246522
1646310403
434146042
-283834811
617157370
-1812024487
2046474120
-356985400
-1049378654
-1293558434
2133003812
405420816
-1294333526
-1784671311
-1187547066
-1647154323
-1278940785
-1713316005
-1369734255
1236432813
2127517603
690992195
-1304341961
396066479
1781843986
-9537561
275164571
1931408698
1796749599
-1732952247
-197255369
-1483008246
-1898426189
441940006
1465267135
-1435183828
-1354150376
-143265427
-1441837946
181523851
-1795828735
1875146478
-107830495
-1673898039
-585904435
-1100942254
-71081143
-1078717613
1340799756
2047169355
-1039335675
-1369152849
608096321
-692287221
1551900936
450449431
1025889257
1859553017
-1847467689
-134326453
1305778364
744358562
90644526
1606086819
176352818
1225672941
-636474588
-326747805
-84540344
-618349
-1405677427
1914457426
-90011773
215711693
-970636001
-1086904947
268826933
-113321650
-626294825
-302641000
-1459173378
956335219
-1962872803
263985077
-652284779
1745577144
702362150
-1795234439
1477250760
2058597486
-820861543
1728381339
1627682497
982767274
186976885
170620431
1662275210
84923520
-1414363087
1748513106
-1476200494
-294192783
-1237089500
-994067961
-1486718480
1614693153
1501029415
1593444291
-462468056
692426828
1255061112
-36989660
-1231355859
533003002
867123168
25493288
-1162309401
-1264702990
824768280
472696251
1842895222
-1297980052
1632762984
-766770799
1732114549
1361267465
1300363409
-865066186
481993602
1797324039
471959021
-1977544862
677031678
852953264
-1515943980
-2094257007
-1073918447
-275988461
1086854208
1494889939
-749089040
10812150
-1332554829
-1582373152
-211429534
-2144046326
-1927218345
-1716595345
1665426815
-534433952
-1523366553
-703001657
656251066
-496979173
-1274377266
-960022379
2092664610
1843520359
-1013978867
-1723824128
1422435044
1261099177
946045793
582515194
1448113172
-2119561481
-1033214428
-571192871
-387208532
1482533322
-753529485
-2107196635
822922452
1169866482
1093044240
511401907
-713882269
13229257
38949770
487041778
-1860381019
1992900523
1548572314
-160864636
-898845346
1756916389
1113234896
373251088
-1295134705
-1707600020
1227538031
1612859478
1648854647
-1302023792
1518535572
-1248760957
1280464220
-1761554192
726124956
2124892870
-1490470262
900228976
457616327
-480217310
-1996565220
1696372201
751003672
-1786286714
-1221736967
88300641
-460022400
-1862933478
1324356769
1987418491
1087096891
1913460955
1973525545
1265175856
1303781496
642512233
1280164996
329994943
-574996673
302193695
663292931
-763492894
1383116175
-309054876
-40164066
640911169
1788068294
-978650048
-1845056396
36639787
2068148037
-1179378383
-624444656
-794679933
300936275
1673433663
-1317873427
-1270068744
-1863298495
-1305331378
485626811
-987631752
713595855
1737947571
1748385251
-2012098586
-1920424498
1145922056
453941705
-2123893495
1811158534
-86847677
-1799785136
-976713784
-1478144935
-1237815035
266631586
1990975124
-1270103512
-48906449
-704924880
2011725604
-2010743820
-1095486277
940742136
-1418786968
968978760
364602312
-425557499
438776247
-293138730
-796805386
-1693545412
-1810077622
-1587202336
-1130925068
-560689324
572234733
1473733593
2120667990
2119158054
-1228189198
-1700933301
-266518101
-613316570
-1335747223
1967378171
2042568142
1981328689
766441359
1293263434
8947836
-2005334648
