-85553612
895352805
1335666679
-349833306
300576122
-2093279176
526065281
-1503273910
-991858073
-256075091
-828004903
-826681528
1366181733
-2034709403
-984234742
-1603074183
-1931137739
-762232940
18030542
-1774196455
-484761545
-762263181
2034132856
-758006050
615222761
945709947
1411380756
-498665396
-1499111763
1428188111
549615564
-1331353273
1566070734
-592512775
1820608140
-2076023063
-1878517308
-1746193191
-1628414999
950476181
-2082849097
-1254296871
-1541800642
225358924
-844538559
-1198066331
-1815837160
-566324930
-1530989704
-579496294
-732760877
441471908
-1609400789
-1001207747
-1173283452
-58370356
1288454250
1833279214
2271001
1439093365
1538162507
707976348
-1098762561
1138175068
334509547
1867984443
1648192899
-739356906
-381647437
1078661300
1086364731
1271142944
-1604688164
-1523871459
1590645159
1917402932
1040473396
-963486679
234170066
343941341
-137349855
1790628066
-636719682
1609336397
-1330967322
-371651947
-1976654273
-869648274
-443666907
-696052212
2134695207
-844637130
-995787868
-2007251454
-1402185309
-1652253121
-213354669
640801491
-1775878940
191136662
24061069
1623028083
-414255103
-1493666862
-199472482
-1554977376
519355419
87314536
-1345660027
1668404059
-692959039
2046733630
1753514746
1856062355
252034198
667614845
-484204111
-1780281309
-1867428815
-1404547157
312686816
202218239
-1288305852
828102648
159615487
-707005271
114750463
356515799
-361599282
475983336
1855289526
1494592464
1490202012
1392578748
-92443712
1270800532
1101909445
1830597772
1185053090
-2068376495
-732942213
-1016946271
-1516375699
-653344441
1334276553
1782773719
-261179548
-118157925
1366775253
795954321
1603485153
1603509355
-1938176411
146289645
1548724344
246275106
-675109725
-1327519432
865107292
-1531550196
1053324068
1940720292
268208385
-64863444
-218162138
-1489331144
-1798383613
116075085
1484937241
575653383
-113513658
-1364260010
337737824
-1270709852
447973981
1777105890
1343658584
2122164948
-981280721
113301776
-389052776
1229924229
1970310615
210121366
-321994630
-262399233
891781068
-2063838436
-1508931110
-1370974119
-1713254079
210336199
415227677
-167540691
1393129934
-1663788781
-1630556299
838776206
2041119056
-1765527835
-1442523806
-374983110
-204368372
1846151648
590844795
-1561746932
2060050714
-501903369
-1118594706
1004326323
1647000832
-1681171902
-1846160060
1184693416
1212756636
502938133
-1405119255
855817821
-1483120569
1433598798
-1191461909
1165486770
-2087702729
1848211439
-507833982
-1278447188
1942551333
1780142316
525920975
-413404568
1419153455
-434249660
-810961560
847334733
1048781567
1837119573
-1775688172
225748352
-720034005
950223980
278269906
-1350335076
-492787746
-1980604773
2059806496
207231906
-649918792
2026106575
1356608889
-1928347602
-1700707085
-1740314847
1756332318
1763196140
-1495319866
-626052756
-220500711
526288457
-104308467
2080432671
-1243966082
48553069
-1047981783
-596425645
-2113868812
328304487
920739620
-1890708705
-128149389
-493968726
296284697
-1616612309
-256007602
756460471
-535986478
525240195
10528116
1072613403
1366018226
-2041864019
1303975922
1684731548
-650294059
-1763279619
664527803
1290248111
-644678795
1454770982
349395115
627521836
1496818575
-81094636
-1934509367
-54922940
-1642400570
1124103417
-2134380340
1182831794
1934637958
-907122010
-482732320
1304110128
1761229676
846695963
1250163113
1436994860
-1641034780
539839072
-1143227001
-1833551429
662379283
-1809337450
327235100
44723149
-1840268553
1262974792
-903040502
-662595678
1827790029
-751436282
1354252033
-1034636932
-854892878
-1924296140
-2092258824
-879517034
600936333
1054646303
-335822919
1083922772
-9908949
-371956912
-1772252765
1889544379
-1000251221
-651913947
-103890261
-610653406
-1308934885
1175122076
741744803
-1702323159
1318356067
146186098
-771224129
742153706
1904277089
67953772
-1887797677
1193876847
-1295602091
-1688365325
-1848340767
-1799370141
-367078785
-2035596314
-619514285
-204712437
1264523782
-535558229
-1913988988
-394531466
1901808924
-1205504633
-1865892604
-1991236877
-2019810466
-524869584
-2080264676
-2087273790
-1589959552
-1014196321
-2042051569
-1220210929
-301371607
-323424215
1792778403
-1802420453
-786331109
-1379195184
1794940639
1955765692
727884694
-1217661226
-1736852715
-321514745
1800790782
1619719315
1164670754
-479566518
-119230277
1170342280
-1773715725
1756601664
1481709664
108228019
-1424682676
93583743
1129294094
-929539548
1666216132
-496229067
-80447462
1299853519
569958675
-2057591277
572205549
1240155556
349598864
-1354386040
-2062801620
1094710492
255536628
1454242098
-593538024
-997535082
-1110295965
-658256239
-1228990410
-189546591
-761641043
455745021
1899254833
-685049957
1178106576
-1619728167
-2083606529
527854650
849726145
53806857
-796230845
-991362583
1662042987
1476249504
1783091698
683180438
166327543
1566009566
1170007864
-559918134
816943950
1582078809
-1098409316
-695445255
964757979
611353721
1373682530
-1045925093
145983381
-1373768664
-1682596304
-35220357
1102890812
-1534606902
-1743591181
299263950
225286114
-1422031765
-1542080253
482796934
-2049316436
-1119413705
1430685572
1977313896
-1928568103
-953371858
1049849871
-1119673509
737132803
1617449751
1163246994
-1503993213
-828994907
-48693579
-1993809548
-579948146
-1098001187
-1449195464
-988333828
1364309325
326115698
-1874055434
-905755405
1566062214
834246935
1422493274
2004498311
1823007752
-1741740560
343955484
-1014563727
-1583898114
-1321323946
1718777266
-1309991078
1410169480
668143575
-1967018746
-241879942
774275975
-1434432896
-1846717336
2055382914
-1217933896
1689349213
1221075397
1622480060
-92491516
-666372800
1201127705
-255750033
-259257835
1118407361
1945296417
-2113765241
-1523892948
-1288526714
1560909141
-1881478027
-805432783
1316042948
340754453
419718996
2054143499
-1916850939
-264384478
-674301876
1373809969
1175228203
660024911
583836987
1987699585
-819602764
2113818743
-1864858735
-176683696
918736447
-1521780047
1610838907
157113793
879662414
589062082
183429443
-1565559206
-853390772
526193875
-37721866
1743393748
-1149823790
-1488974749
1902024774
583183409
-1008375771
2013678718
-1286403406
-1578849772
-539286013
1062753326
-2001064989
836637004
1724557726
977495090
-1923290023
-1957078863
502333160
-319414547
-207219642
423267635
-290338287
1066578849
-1998626630
-1006431697
1145807693
-14939940
1765854975
-1841261820
344976090
-1478059470
320780870
-855574042
-126527167
-2142438101
506048386
1821278193
-1727213605
-1577893505
2105351059
710158977
-137089642
1289986176
-9947225
301746624
-1495585799
629288919
1991170013
48221312
166365285
603753330
1152778282
-1930003126
-434242148
-1934251331
-1528142976
-1897562954
1298518407
1149064463
1307390252
650808572
-814941389
-328865434
-1896491905
-365428021
-2052250340
251817303
-1247966544
213806937
1296699310
654448447
473166592
-1935779910
1390549000
-1262630978
17431839
-1408397963
52029186
-123787674
370334158
-1071580076
-897217423
848319918
1544606149
-1641741956
-1594783063
-1507954132
1065232086
-365191236
-1154312637
-1226288893
1572889425
263791913
-2083844577
-1936313959
-919159894
1647121898
35745708
405689997
-392534439
-2037485489
-2114761882
-1989821976
607260161
-606101976
-1117487712
818630801
-674774572
-888166572
734179203
379556102
1969424437
606304663
-770612138
-854511287
1354692510
-2079630927
-118286593
45305879
948861379
137744811
835201992
1452309855
1059003639
-1003310989
-752567706
-578726414
-234022961
-942805333
-2025163721
-1885034890
-1228840188
1647545533
778316491
-1874703968
698158493
1579859506
1981069990
-2126432863
-1237110963
1971844676
1757634114
418147552
1252334873
1138403761
1697361242
877250026
176866365
-1152067119
2052574309
218152614
1888178000
137870570
-510685088
-285290803
-502761050
-135129149
388995792
1525280152
-1744751371
1188174966
17281543
1984511674
-189364934
-1560943990
1158666661
-1135142256
677885661
172149825
-768086175
1106175382
68768531
1289579821
252563465
1866230557
1252816515
-1558133239
-751679289
-1443254470
-591237589
917301701
1901418661
375614465
222477957
1460821986
-1678342574
-757355021
-250087195
-2061445120
-810660314
364200884
-417725660
288686772
1720839267
-2061896448
459453827
1380623263
1234372541
1504228576
-978062648
1783967931
-489619429
747127576
325361325
-1582132488
115991967
1014886627
1958483578
-189735929
-810198044
-228623135
-1443229712
-463927948
682880390
657603152
-675085719
-1271001862
690066406
1152972666
-343441860
1261502994
1631745838
-1621797010
553588326
296736973
1416440466
624464626
-533348250
-1611786781
1472587993
-1372924745
-365638041
1672718346
-1697475301
1206887630
-1086396508
-1119911284
-481852468
-255781030
-685202681
1595985171
1827229688
1656926855
281913363
148028615
-648003376
736640954
859601412
1544841882
1587413860
215743498
1748062517
-2101921054
-1522615119
-231547923
-837114176
1664330279
-2024097826
888460854
375936619
385717054
466498754
-982881730
898661058
1670267542
-162456919
-2071997087
1933797247
-542381359
168858456
539077548
1291478578
-958706026
924373581
-50477100
564336925
-295586908
-889353142
-11614615
753117280
-687181013
1997792020
-1140359094
26352981
105167702
-898053768
-686344101
666603581
224613932
-1203035250
433483893
1497238555
1745979800
993077057
1496816030
-893236000
1890411717
-1565212402
1163268985
470858695
1936264879
1836777739
380710655
-1265676798
-1659246089
-250162134
403187823
493627798
1773511158
628592062
-777565053
617821314
-303401709
720897342
457555172
1791685159
272715865
119229513
1201047518
993481443
-2045931453
1498431722
-1616443561
-12101122
1213692634
-1360691172
1464843005
-176374327
-1574189311
-1477739376
1453068734
-2134186492
-175389425
1448787373
-1453271427
524086400
-1277231970
1907395287
360723457
-1117223931
-1283435614
-208369933
1825932337
-1880233611
1124995772
171835435
1219649150
765674288
-305833264
-1686636562
1299814815
1175196346
2007424980
-1282463942
612119684
-693920613
-441713429
-1905949923
-2079892860
680225414
2066773426
-1835334280
-791546152
-2053289027
321288408
-1082933754
-1007973556
2045933491
-1762674700
572485532
-1540014541
-2081966350
386902162
-695779919
-712420454
1388361279
278413966
-1760940511
21267905
-1853167621
645124005
-1512471763
-551030586
-889022517
1287888968
-432918074
-1849588317
709039227
1874114995
-876546038
-1175177126
-717941729
-1414999746
-1621960690
1763204462
-683886981
2074290419
-1043596578
868215445
786090404
-372367009
-1652867135
263294634
-1777650458
-169372499
-360645695
-915876632
895790568
-1951445264
-1587303063
-1751595179
731651086
-1722533953
1196796112
957465723
-531608034
9568518
1180368854
-1572701091
-1876367835
905604891
1622092461
1184319657
-1684168805
-1241346545
1723741339
-1367714775
2137609157
-400725946
-1845661443
803882367
1073635418
1253249610
-248775538
482631953
-1635232663
-1604575269
1547931369
-1707452863
-262076551
1823921738
1676042316
398142433
-1751286031
246198278
-1717622882
874119142
918111674
-1269561993
-1609272142
-181105061
11344418
-620564726
1822485197
-469322857
1411913219
-102386548
-1965678747
-1271439951
-495930076
-675521092
-1903681237
503226676
1524981214
982005786
-27530421
-217324273
963268610
-2094307835
800278770
-435267121
1384979962
478792452
-512430832
401682447
-637266899
-1092884125
-170409377
419447342
1504850600
-1982233343
-666585182
1849763138
-1229021958
476782440
-1009611726
-812133043
1910023262
-1544642274
-451714890
-1458736978
-1515204577
-2129869766
-551284687
335722202
1698269240
-1981672391
2087294273
-1820377525
1758742074
706189074
-1217855580
-1402366536
-888718
112489351
65715711
-1232878459
-353025206
1311975613
207765466
1892343420
-1467847441
1123691278
1872704495
1653579453
1495613236
-1342113250
1868424867
2106146291
1035377589
40371244
-1247771436
-612173880
-15401409
2019224234
622020309
-1755843686
40388975
-889586674
475645878
1543013486
-1832699496
-1753155862
1027869896
1081013284
1236181482
-1867617734
-70385313
1149849068
-364324913
-1110423812
1303669465
1378933752
-2006585192
638547718
1721145567
315575411
-322718376
-1243771629
-1639164438
1772925361
1798205712
-1090199010
1401674761
-1422863961
-308151028
-1962101773
-1133260320
413497500
-1840992372
1218976002
1296667635
398377760
-2016407387
1895816565
1543261732
-1744202947
-1630176919
907320709
1627498874
498050284
2089484613
-780685047
606671395
-1409026614
1336892842
-1485915057
38721980
-230591477
265918448
1065286191
-2018985522
-2062473042
-2056012426
2107282268
-570852709
-418623246
-621941235
1341888253
244433435
-1396565240
682192022
39676028
568348481
487586313
317822441
-2130790756
-1984682622
2014758185
374530552
1239633873
-1804112745
755373613
-788638924
1785620427
2127693952
211458842
1776941102
1474503251
-225497652
985878318
-29006975
1810003803
-1114540521
-1062416620
-1243398672
1608172623
1851078868
414268498
631723722
-322003279
1966681164
-2103548923
-31795563
756923364
-691957018
-139780912
-1841399829
223609415
1401583784
-40890350
-1848841570
-592439419
-488520451
-1631100330
-794966750
1465122858
759833784
1715072783
888907820
-1742232454
1488195673
1306004356
-557418346
-1734455683
1900704398
889652489
1667552133
-301107874
1266987771
1017892463
353771725
-1873516043
789063997
-1775333187
-647436397
-1183205214
2046770220
542774047
414140723
-2099489700
-903040672
62205470
-108673436
1206116105
-395972362
1059307025
-165760358
419209999
-1937292908
1350551762
390527403
-1855909334
799097001
1655884469
-650175563
670817664
676272889
1726111414
718111550
-456459534
-1642509992
1740813809
-1247962725
568142772
-457124427
542413398
-229556842
1586026527
864775258
1098627228
-1730117558
-166439739
-1620525711
-415888010
289262674
-571153211
-1253182775
101372420
1324538658
474680673
78396890
1187820428
1322065076
-224915763
-1800158714
21013097
1979086182
1544656457
1650745121
686203970
-1337887198
1739980145
629284915
-650046081
507409087
-1516983597
1067143804
1137315321
-853468506
-1444714558
-1364555593
-2003968784
-1730906184
-122503319
1958678178
643616833
1712682863
1067498274
867864766
1341504216
625631811
-385183736
-673514413
1672343138
-112204466
-214756918
1907612599
-902652857
-975531470
-958595390
-1330990386
-1706372649
-912918214
422934853
1849565140
-96435261
-1625767489
-706985412
278381657
1997167822
-1890097972
-1801680653
610613901
-2068364349
-290099708
1145201713
-621503811
1580715177
-714119484
-702134137
1314215197
1135675701
-753545340
-976678931
-1039768633
424111231
-713831550
443573898
130488579
201831928
-742235487
-816009006
-1112535607
-1031858277
-2118943347
-1758544170
151909507
-906818717
1491992611
1906630870
-1999612906
725388284
1296475664
490483995
-2030407901
307340477
110593463
-1178851581
-2103125111
616795348
751983960
-226506915
1476562478
-450444862
1040715373
1353778678
-373006593
1723716874
1021438807
1272982644
-614315724
-1525227228
-558908614
-878028191
-964564008
1238817208
1962383396
-591433078
1126567560
921512712
-1113388172
-1077343862
46870138
807230637
-793310087
1723410849
1313953729
-747394171
825935193
908132297
500420302
1075105515
1657487924
295486987
882069049
1428708649
2090364552
-1922859250
-1574970175
178291498
-680917802
-1730259216
-2126807151
-1298594957
-586066811
806665560
79645893
-818761644
110559751
150441163
-547315157
-445655718
2042766650
-949562561
-590576563
1424573447
1485335056
-596439059
1701538223
-1250232380
2077038449
-1139541397
1920988756
-1165851370
-389078945
-979622151
-1032361081
-1103575024
604283739
-405660646
2104152023
844334600
-2027652089
1460448614
-868478110
-1934428531
-922432756
1396289438
-1985301418
1521117079
-285239235
177428993
1349494708
-491622144
1190982396
-1120278307
-467105193
-968463565
-783010596
-617851544
-1193910731
60169506
-1867756921
1920218832
506746851
1406129533
-1776474398
-1006231409
91193438
1851155232
-1085094802
-1407643132
823144199
645505228
227825905
-70464705
-596467729
-1887467495
899194708
1193286428
171715157
1832320939
-1556456497
-1330283886
-200352916
-986916700
665747010
636848460
-778733216
-1456558247
118458086
1594113913
-434228581
-2041666745
556273956
-134813472
-1969586877
-816440761
-1415534396
-1727644362
-1841370361
-1648033023
-279753398
1935223219
-899287781
1952336542
-372684900
1018830818
-1895496576
823753153
-1391577624
1196555704
473119368
761048247
357396932
-1600068888
-818561639
-1176413460
-1956825962
765364085
1451068977
1926865312
1336745525
913368968
-1942018007
806553051
1480851920
-1950263165
-1827900355
-1624317538
1892883726
2141543253
-1151480373
1658318938
-1281155721
93437967
-1266736934
341814949
-276719599
-182194505
-819829667
-458915541
1478219598
1006004572
1680405689
819255010
1302209317
-1334650006
1263112837
-22627711
-599988354
-1276818881
995166608
2108065586
784293074
976829181
-1122515929
-692013947
-696674542
-1962745438
1529269911
1818095016
-375513400
-553407147
-22343952
1388046293
1554872444
813352449
251507980
223915019
390872664
1351044903
1207248591
1247561728
1848553486
-773094416
883027119
1664621141
1565711609
652017793
1951359606
1232219659
-172962686
-1921004398
249049158
1527142709
1914325189
175045441
265998301
2049839855
-1233506445
-1014041565
-698703334
-67423090
624782585
-325928548
874404032
1329666584
-1498544671
324976752
-706430856
353031670
128635513
-1173803879
-141232356
747924455
-290664271
-1478457510
505428530
-1985460424
699740233
1608467092
941488566
-1667145678
63798571
2055445847
-427472101
1650836690
1198885909
-798442052
-729720684
-1749780289
452005242
460788721
-2139125617
-245571464
-1507792214
-212903276
-42329727
27601868
2108870960
1609877573
1516910056
-1383566449
-684486534
284182133
586728589
-909345142
590818751
275759492
-264931062
-478518861
-1869360611
1451353611
646965387
138702749
1272641280
1371529077
-1345935656
-48813263
-888245046
-2051281964
-398676078
179974558
-985311312
228907249
-949641284
-314486899
1657708258
-1074020699
-151157891
-2107820647
-358725138
272271974
-1932968925
1067352062
-2018289562
-1575014364
719897195
-340458097
1793826751
-382167979
-1416312577
1742774765
1705286524
-1819311282
850756415
-664277259
1574345611
-518567467
-1839688637
792502650
-1890978578
1077330675
-1427609056
-96699084
895228061
2071195405
-1519941269
-1980165129
-540756822
-1302763467
689343739
-1377844185
-1456913498
290342845
-1760305679
-1304515990
-1169183165
1720602893
-1041209348
1262123680
-827923654
117011894
-450572839
546599951
-924415634
21956294
-184098279
-1335958302
787820625
47851357
-476616666
-575541036
-1655266682
47862912
-1787010681
1398378280
-765837624
1397495340
-319001758
-1265568804
-497321207
-211604050
991162434
-1502685155
-421202466
1665717553
1225077274
-18262531
480819737
113632408
55603338
-1047573661
-565798729
-1230377074
437366624
562067522
1443085564
608022746
-292167328
319605772
-1658528036
1746949879
718371656
1358337641
1859041181
-1814788637
-243354866
1356500772
-1670996807
-1942281673
-985010325
-486807195
1017603336
1351039351
-422106212
48358949
-1422066658
773299115
-724348057
1125620189
251348977
592968238
-353313957
-969549440
1458259135
-745234491
1960778076
-1653964116
-1397523666
952702451
1296048478
-667970789
-611371852
-1742517366
-1231476112
1964491615
1616515641
-679866235
829800444
-1883399986
-412358407
-158401771
-675921075
-1489165638
844827055
1004603897
763789648
711972581
1752782319
1263966226
1560371358
-828030669
54708179
1650095414
-1370297415
-1173718367
305811418
-227461053
-2089141355
-1751278731
-769905396
-1240916361
-1327430054
245996727
1209738080
-1533539329
1125570152
1452956895
491795554
809533901
1784294811
817871823
-1629831664
1634704558
-1367729969
529662467
-156687355
1903391131
-851511386
1568212742
901801689
-987079858
-751731576
-1355101401
358305222
-1042215656
1988307179
2135783532
-1096808817
561938161
1582025172
-1298923833
-348823652
-1250294064
1904457884
-875839609
703529065
319370045
828040183
1550122001
-2074459103
1673018147
1846076722
-2031682609
-1838441851
-1787226390
-1003313733
-1013179033
-1020882157
-1050503483
2009487590
-346994896
840496739
-904263096
-1476997651
951544545
1545834963
-1351135940
-83141063
-559083381
-527328922
-1113829962
-1068893217
-1683940152
-802569239
-1078567066
-426433428
1738491444
-655194793
2066804780
-810566683
-1096159716
-2062218370
-2071563792
112530441
-754167691
1273028833
-1537897038
-999054376
244006671
128735712
2133717983
1245524824
352967690
-1871957994
-1779868185
-878215274
177932168
1939795970
1687852299
2112133866
961508516
-1664148248
-597323141
-1878356609
-1818519134
-122081543
2117143711
789969426
-1506807962
-833564751
1515390388
854313722
-1160694742
1991440512
1633628059
-749065369
-1939495573
-305604692
223820013
2103005422
-2042141404
859414389
367679314
97573188
490438206
-863526023
-814570733
-2144419767
309345350
-1072207783
137631724
-1469500856
131910240
-878343779
-884322521
1507114621
-1803072133
1100650964
-772847899
-87249449
1305865669
502948095
-1684616514
549683710
73565025
1738415408
-117485172
1160634518
-1240475049
-1690326675
923952260
35286725
-1617247796
-1781158183
1098638213
-1989320461
80763506
-1994439659
-612320588
2078196432
188110913
-364929309
353557832
-918111334
-1500959898
-718226420
598317474
984830623
-1807793029
182329732
-817718624
-730367999
-1434458119
-651747637
1432431153
-1961142855
-219200278
-434491499
1931905324
1041378525
-1046953246
-391027540
-1107857315
2124038949
-10765521
-613288171
1825574625
208643243
1959661903
-1764791951
-1532421709
-582828559
-104112478
341105574
-2056929146
-210759128
-299981472
-694324034
-202662956
-1132031569
1679802060
793708302
511895606
1828607193
2113730729
-640134502
1001300726
475643635
-318990867
-1041856072
512842722
-804827772
2122917556
-711197710
401395810
1006278614
-1734939785
-1614017744
-1256741939
-1705557323
1428141949
-1541484778
1478871287
1878060150
643171984
1212222123
1127575822
2114934074
436681204
-1872013254
2107347878
588662644
-1380962155
1423290236
1103651857
1738867880
-582570370
2002430455
1198344180
1421425268
-1880275054
1189095840
-202169578
-1650605100
-1762737803
-816757305
216599675
1445837472
666443978
-1689279949
302039217
1333304666
-1872767581
377525388
-1750112919
-1034121946
313506613
-1631798279
1574859336
1702357017
2069290699
-1649479927
142725887
-1440496715
-1941093891
366584790
1067816600
658312116
2060127265
-1547159961
316063763
-1197848316
351002368
1889775958
502271025
1533564179
417743564
1018756274
-2071150450
-1568113332
-1967563439
-386361562
586209269
-693183776
-2069731221
-1940505254
-1604902929
-1935154487
-305226825
-1619975271
-2071258211
219705867
2027257229
1951638963
1253949383
880532028
1137889069
-2086432476
853630004
475509319
-575240137
-225809035
1791641147
-1881837716
1926534496
-1758501150
102176922
-227669366
-1926934941
319995708
683449477
1196701088
1984091956
-449517296
557756418
-1475484271
-1589714821
-2014203639
-429867661
-394906586
70220608
1511659922
1169004660
-496181671
1544090594
-1369584449
-438316057
-334961968
-1807357875
-2118170515
1060169036
343409831
104729963
131868839
-1792628395
-1240648078
-1122019366
344273995
1725701561
-1013173887
444890080
-206041108
1564173384
-2074034843
132053147
633780986
2003591999
-2003539021
-1315298692
-1013499104
-1508075811
-641872889
-1388322570
-1196942867
-1820727243
1626365004
1799295857
472684725
2030280005
1390721337
712954244
2052964025
1794225736
172282654
-18285980
-246700667
-870036408
-67097888
1070188438
1665968025
-493763338
-1942463679
914970348
1390302539
205778877
748057188
-1256235090
178672619
2103533588
-891428976
1425049366
-1367373016
-373188333
-1466304205
902301697
-1973271375
224386633
-149987542
-795368988
532423199
-940982836
1164623167
-1378680068
-340325103
-572282992
-155536910
-623173175
-415464040
1856972284
-1713709700
-666814020
913634005
-1620866118
1800559888
1659920174
660134369
-937219378
1351104099
398974612
1743003372
-643536662
-791382162
589290225
-1831226200
-2075704065
-1944252814
1196744587
-938975769
-1903877609
1276747324
-837920543
-790141566
1997663073
1833554602
-356570917
1315729533
81978765
593361261
-1591817661
-144060824
1707131226
847897360
189577076
165080071
1750057836
-2009706440
2016872528
-1554330571
-1043196574
-1710919892
385383286
-930436347
127243304
1315122583
-26124620
-456315095
-2126532727
639787661
1285687995
-1863004777
-2126565625
1731466443
-1098586607
1789543273
-590024722
-1516871358
-1701764277
-722843132
446820518
2104280534
-1527861638
409463164
1052392777
-401877918
1475804645
-1411969737
-752774795
-639725057
-47859208
1983463119
344965986
-659814778
-313036675
-897537220
-2102899658
-853032878
308528905
981194290
-1984855657
1344294986
1392763064
1631494088
2005750914
927662622
1674373916
-2124185510
1736354138
-807643953
1209140849
-2083905873
-1788633788
1779496821
-889193194
640066653
2059291825
12799548
1199078968
1074230379
-345313477
-1889156177
190435280
388835384
-428122955
1064987192
-1942279218
325777052
379408252
-249253401
-9093994
1828972876
-1108215789
-1191561614
-388928341
14386307
-2003651089
-66852484
28442025
-2112437027
409471374
-1708057318
-785376648
590649221
-105573427
-1684917614
1003247806
1198731410
-1827981701
-1647775387
-1172218475
986309550
-495015384
-1720137073
1087347070
-1726651656
-567403197
-748581876
-606842988
1586399275
-725831581
-25999202
-1276290044
1652689919
-2072058908
-741181491
2026794428
-1413361713
-217036106
263164463
-972839070
-89219717
-1810819471
-1236947479
94952327
-1992064625
-1842884437
1736957813
47962140
1014637476
844420493
37577380
-247237340
-705576698
1147823012
-725037082
1047288490
-2026328682
1834308852
-1965628983
1482142198
598900466
772789586
536186559
1906783739
18040274
-841438733
-1747158236
-1567271150
-217417291
-2065768897
-1841559682
-39885331
725514940
1195043307
24674053
-491587131
-1117532716
-1945394106
504048230
453969366
373913371
589207762
-342144317
-702787060
2120619644
837849365
1434271998
864570110
1258793627
1884055473
-1637456585
-1943511781
1459756536
-1298433870
-284667246
-2133111006
-891878834
1297892135
-1859212483
268521431
-686612932
1198067699
1965463729
-1770345741
1615114535
553759204
501713975
-341288613
1958187357
-114773244
-504822867
1743315093
-682456962
1930789679
2064209545
-37800585
-1161588201
528645093
1403375390
-159869407
-1696669553
-1565078175
-1975217122
-419328212
-1041314746
-174479126
-1137367457
266969123
-1561259782
656227432
-1030457631
1201156913
-1700790931
-249212103
1752029456
1856822300
-1779664572
1643556933
-58567355
531632753
1735918898
913929551
-2116804718
467196673
2095847765
1265249166
799815358
-369159029
184452575
-1724235396
950824846
706304954
1908980217
1763316205
1088450630
1914747473
1964119267
380880994
417620078
-1071409756
999007583
-1832929634
-664776487
-67858359
-822215857
-1676677254
679714787
-260484336
-464523363
3816181
-669262343
208171311
-11041190
937736079
-761858467
193256385
-237744343
-30753578
1912119338
123246705
1090840542
-1948986560
1304910742
-262688910
272598369
1870124347
242581367
-512785230
-753948968
1883016578
571415304
1603670094
-1395042555
-212703566
742240236
1479518791
421830635
1092943900
-1388377998
2069454198
884610231
546683868
561819161
2106652093
-555510306
955750954
172344407
1846754687
1773319042
-929237521
805653397
-405004719
-765439462
-1834223973
-1955917698
-1447323407
-2047904432
-1662530763
-1382167687
-2119317386
-1267247827
-362151245
200356979
1339253961
-1256775309
-467102325
436408033
-917800877
802690889
2027582601
-1177652731
436616439
-1075262179
613789923
-596323985
1236554818
-1041835835
1386189194
-1670346298
-1972056351
-1516620825
-895997502
182253000
991410003
-1562901861
-894417676
163336078
1106383838
1148756046
-600720445
216261140
-2086956089
614930153
1938785884
1857769208
431840188
562979889
-1162600430
629402754
-996366955
-1832177296
10096681
1302953956
92481339
-716250795
-844911631
-303179838
-1143835416
919279640
1977902614
391449331
-777071984
-1584717343
-1293992138
-1798283383
50407582
-938288278
-1436341324
-1845354994
-1990783005
993067234
963085003
1163187473
606283979
934086420
492292837
-733687584
-1370541615
-526982456
-44075219
1902300054
187994420
2059493993
-2059703709
1988303191
1965508074
1800797671
-182430994
-620964646
436892629
-1325711138
1268921399
-2112827353
-433782988
720712439
-1602571980
549997985
-2048922789
-969317746
1590750274
-786971321
461336742
-68782699
-729870281
1108490806
830668203
2032755895
1593759415
113108081
-731408466
1016644800
1332191174
115552997
-364163495
-2102345157
847113887
54225318
1000847020
-123686052
1501388739
2029281406
-918249166
1950704672
2034461780
-1143790167
266567541
-533102414
-1189966174
-1567127335
2100767923
-979910127
764058630
-1428237697
1388514768
1755365614
686581742
-1729877172
