-1517391671
1375052712
-1298948036
-1764581491
1389947818
-1852336284
255294480
1507333610
-1310530058
587503844
703715913
268900014
582163210
-740729555
1506852354
-1326215884
998078428
492470422
-1737264051
1934657150
-53955522
1658446016
-1494017778
-1517969851
796769379
-1799151166
-1647049177
-1903842991
-624578910
-1160850775
-360935211
1471492363
849572218
1272898847
1032829273
646222927
327296469
318663785
1917890778
843768199
1388444049
-1976969322
-635545207
908836340
-455008709
1545870069
-698079994
547614287
527886365
703626439
693105922
670913680
2081642874
-1244661451
-1468866012
1571059468
158703127
1612476803
-294843088
-1217993531
-1095746819
290134662
-1742545306
507710205
-1074137475
-1828528557
2029803303
199708684
861322356
1070245176
-694855202
1401390963
-466353456
1352579568
558894109
-309521616
-859278766
-654590703
581482246
-1592310189
-759244907
1474354121
1044171244
-1484333872
112238670
1043480009
225239865
1856543895
1937008852
-1275076992
1503396753
1254126562
-1215734301
2110014860
-1265873097
-1409832755
-131041636
468832877
-1149501008
-2017071573
928041679
22843259
1722513317
2014736790
861178237
595181593
-1105235187
1147614919
-16755816
-1051877845
1677786507
1580356648
-1222705396
1316158149
-1087468268
1725293735
-1325922814
774878756
866668244
1126744781
1059530338
-1035713823
-323240878
221733134
-1898973798
559130723
-730800431
1887785826
-40866658
614774933
-1627527943
-1914348012
-1119768529
-338400040
1714155190
1656954329
1170643294
840736315
1776431968
701930787
1528545875
189893865
-960829924
569076407
-1227547830
-1175721246
-1814594431
1340736893
1550928862
580673005
73415550
-185880170
2007721098
-129979187
695545466
-1391588685
1333240939
-1813902414
1964305596
826075044
1340102474
-1159250958
2011156748
176055087
-1396437030
-2128841992
-1192982630
-1045029341
1741079101
1474182268
1376589343
680660651
417039052
114543604
-342769086
-1062965017
1122299159
1081635146
659126844
1507044536
155612970
1014703310
-804936770
713180379
404829458
-420061587
-1683917551
-1621220551
-1818570593
-453923805
-833930113
1072158332
53852522
-1077822546
84949489
1823970533
-919744231
-1057830013
857337561
-1500571556
-1422059551
1656010501
-359266223
111454152
-429908660
612307444
1043351428
-1165696608
-496355012
873924387
1687686221
-1515316286
-927608529
-947392915
855729693
-907973501
1933389251
-2009412119
137088800
575844614
-1825790852
-915916196
-847841886
648160465
-943253051
-404534545
-651151441
-165716323
612507444
-2047634399
852079866
327075437
1473196562
-153133570
-1722410241
-903358239
123461145
707168657
-1263366293
-1848390709
-756365185
-2122196586
-1401267013
-1600559102
-796661965
-306081165
-2089401054
-250762
-874878874
1625400681
-1259102289
-463335804
1940590156
1985534726
-1181899857
1219783563
1119748899
957067486
-55212465
1327890367
-211588748
799202938
32263814
492893757
-873321320
-1886341745
-1167359183
-1560451490
-180038275
1410322802
2015893375
1448202831
967337897
1545128395
1139620238
-1431012639
795708031
-135013240
1208149846
492674205
-1634958655
-1653995
1236168133
-796399077
1490075734
-1462884663
1652268
-127019117
940115020
-2072680285
1225557465
-526939212
1107649311
427208757
-2118708220
584485300
1325180731
479753695
2107349486
965306535
8837055
-482542528
-166346425
-443339756
1710417795
650865898
-1143663409
-1021898299
-1566977956
-1690203052
931387200
-943527713
473013918
1519925524
-909515669
2139047473
-1236848415
1519659597
-1422262111
-2114049584
86880264
1581228389
-54904236
1914038755
169804670
1591804667
-1629601283
-1738574150
1413006787
-1123185896
481614911
-496219099
1924496678
-1732865884
-621292981
1616487427
-1535501101
436407322
-778042234
-1194607079
202117648
-743549569
1104511849
11882788
1434739139
-2050994801
659411625
-839091920
1649973815
-1543346631
11057815
-1420839126
-317022945
299384398
142494664
-1919756876
702318042
1817822324
248969464
-378222792
-1359597576
385357152
-353309909
926732607
-1312939524
-1646950077
1975776276
1424922883
597680227
646751365
1223148219
1623844162
169209061
-878125136
563494489
-2128336556
-1750206982
1271888558
-289526906
401026432
-375260513
1254477623
-910655595
685861002
-1258723751
325441156
-1787492802
667541136
-1143903878
-580331960
-702988930
-291333867
932975010
-872716064
-1118401605
-1807610786
-468064632
1502434504
74134570
511507964
1758072570
-1786583215
1041476980
1357889706
801718817
1351927440
-152551785
-369174184
2044201226
537292441
-1946352118
-1735106169
-1547365279
2108345837
-1000812764
-2019509545
302033534
1848751408
1144609214
230320093
1340764581
665849375
392296470
2023890490
1639651977
-1962930752
740009718
-80910872
-1778405614
-1296706086
1767638037
-110405161
-692811424
-449300057
1912260284
-1610850888
1584019214
1414830535
1798545068
1238293783
465489082
-291501192
-1473471170
1879074735
152726981
1030176516
-1122530100
197377785
1749421143
-1341007494
-1526277553
-1759401722
-2057329243
-1829423712
-1410009783
1886624910
1126137462
1054720039
755452389
-623601080
-543808542
1062560544
-905692837
1286981499
-993840036
1663087791
243643545
713661908
-1075759885
-70001411
-571974369
2001847418
356710100
1241212786
546394154
-855054753
-916238061
-228297948
-769458156
77797849
1519399594
-774703478
1759231994
502574448
-2052697919
-30668172
81716639
209219065
-1948060369
-637177793
-2032949873
1005304291
-1943686848
-521484477
-1772941945
-1471679024
-1487669064
45884816
1683013908
-586795417
-500373224
-1164900390
440425593
-1055706264
-1761885921
1959120049
376676821
-1129916416
595315859
-1349964044
1598805125
362021981
-1423390656
-1667075193
-879040826
-1160096635
-530382271
-243253693
-717791841
-1702035357
-276907395
1059799598
-1651503363
-759224029
-1035303052
1303855339
2033917471
-128505922
-921648325
-243266188
558750260
-2102415144
1943291077
-81295867
369189697
1913053641
1003022691
-920340133
-1744684728
505973496
-32722291
-1576817890
319232422
-205370512
-307332126
209218458
-1221734724
-962244180
1213959533
2103408309
90363346
1596118453
2128449065
-957313507
402849591
1978507374
-1389978938
117998272
-1305187156
1841050670
356615341
1740743041
-2140761599
-1718850929
559447362
-723929304
960437248
-1423795323
191148392
-52437095
1647567242
1013686706
1094555977
773035080
-1401928960
420106231
-1981349802
797027820
531012580
-1597100978
-1318516339
1719881074
1867819711
156926934
1936569337
-494018508
-569633980
2049059887
-1500273793
1015198570
1472093877
-1689418233
1931358678
916441824
-232907131
-1419406091
329714647
1310387945
-1357048514
301482117
771088118
-1031068269
1000966564
-1944644973
-244917488
953420571
-498391014
-338491684
-1886319514
42581411
409081413
988626897
1332335081
519786529
-472834833
1008579758
-348982345
1534916762
-268039123
1926114507
1649745381
476736912
48348610
1211702322
841007998
-1829951815
-1103930938
-1413401231
-1886671412
-1407617807
1066451330
-732969808
-794706987
1202759024
1754285214
248850437
-1966893528
520463423
-217709443
-605554426
-617194791
-899362329
573155816
-382420065
-164395575
204931180
-122728215
-1405540826
366516522
-1339896967
-1758933255
-672966996
-1706407359
284082140
1672656733
2002684310
123156078
-1659238861
507691468
-623106709
908223593
1330152679
841185109
-2134822930
-1155656243
268086617
-1216132737
-611483537
505654490
-656906149
1572566961
-195869859
201173622
1784272354
844457684
-135617760
1518667893
-1710238727
538660662
1400285733
1388540953
226066679
1860920497
277721657
-1147130660
1785933044
1054006539
598275355
464882540
639528568
1365801120
-1381756341
1716090102
-1662366091
-1179356866
877567528
373505703
-1386365065
-1485966513
1268715065
-1365392017
-894053351
1144292669
1647810250
-897794553
931948730
-219283183
-2048733765
-1275559627
-1697434511
-1999109027
951527059
-1071392690
1706718525
-949618084
1659739099
352554492
-153506944
1408443479
828971433
-1419262143
828643502
685917257
984710522
1058236603
1973024065
1765461446
-1661059259
-476181463
-717057552
644727064
1293555660
1346456109
-1022699489
-169175894
1890203700
-527803309
-916005480
-1144074071
603514584
1073044305
1951170427
1199653095
1292670297
-1157128816
604518515
-525082365
1221706745
97712619
97297962
-1386879289
347031081
-1239158090
-1280282114
-1917743408
-1404978081
-1019671295
-1193963276
830967668
1366578989
-1509828580
1387269868
1773426143
1509570447
-2016908962
-1525556970
604598655
2039283844
-1575989214
1191459748
-993537630
-1182110241
631391762
-1714485567
1221441884
-573307810
-798220377
-48722239
2136313262
-1452200197
-1370439441
1510538137
-665787933
-1398448766
1081875089
252615568
2134730301
925956195
-1651805426
1434987830
1745329361
-41075255
-1155891127
1433752725
1583970479
-1805624342
1800017225
1084010406
1047612229
1265130656
652044348
-1315291642
280994820
770750008
987182270
-750776343
-1932458429
466589066
-1622131109
1558081614
1502779748
2015704393
-1596655790
-2019033484
-2033240268
-739715428
-1506783333
-877041012
183794839
385101549
107343915
1737738671
1451606116
-470327552
-436312458
-1638681326
864883853
-2016622778
65799221
-690050953
2042148227
-2075832974
-713590935
-1411165210
-1848276008
1459283788
705650335
-786377572
725460005
926973638
734420340
-248247996
-572800723
941851468
335508827
1063875940
433286210
635747424
2105583261
235235353
-1125177369
244527461
1243618721
-497329657
-739465034
885865146
-1967099795
136885898
2094610564
257495050
1888792684
-868842448
-30496830
1636263905
-1091742607
1049141355
109277478
-1402471293
2036023035
-1919384958
-1599671415
-1862202887
587621562
-779830839
-768809454
-449308309
367646546
117283601
-1795593580
2032905653
-1954596770
1229640033
160522804
-291330765
1887426743
1212990949
1711859791
-1188076321
453117941
-300412122
1856247706
-521002850
1235048501
116946811
-1076068982
-2067344170
1269357084
428604095
264232949
1080083779
-229468900
-92390589
-456967944
-2137090805
-1870675979
-1015605754
1282346267
-1048622065
1079606655
-565240285
2063105971
-1898848893
1231167909
-1345349750
808241543
-1606548544
-2060762444
-278206222
1816851894
1407092056
864361173
-290080498
-1295906601
1032992619
-981205544
2067278590
2139616866
766136632
-1186928846
-760091128
2099277
2096227574
-351902648
2086868103
-911368966
796103140
-2081726738
479651363
-2082840753
-2011184226
1844546601
1372397889
321215782
1992757938
2060813116
-542023747
379756520
889297523
18530530
1389859542
-745985164
-690661364
-356640041
-1943025047
1449625412
1182459607
513632157
1670560610
1958032850
1757490671
-380936580
-1595164305
-470172104
646304515
-269290551
-1298393099
606612502
146900589
677229931
-1057020345
-78108233
-2063303550
-261821542
2041920277
-1745610634
691054635
1431142890
1288667938
-1643787426
2080672436
-720700280
-245528775
-759052272
-1377653532
-798622270
695770465
1359688169
2003768653
-1178132532
-1493649073
547930979
-1285730332
19867328
348213275
1116043707
593418963
1324469990
206324534
1021171412
1053494413
-866600139
-1090255204
-2065375909
295094051
-945272806
1717401157
-830854357
-725381930
-1202174345
-407564576
-264448527
-1680684564
-1796283667
955940291
819785235
-566007866
504118622
-462373860
608685005
-974324430
-1910934355
-344446612
-899052899
-1804783618
1526082247
1304123702
402675425
-2012144691
53200103
-1435596813
178549181
-454176211
1524493333
131918664
-1645080766
-159889433
1512313327
2038321530
-2031062324
1646150553
-152044117
-2122136543
1185148331
828842370
1147250011
-9887205
-1821465596
-616791907
-1733765261
-854530877
348011513
-446157584
1301903496
-704215965
599972615
-1437213915
1193236826
751644646
-1999759952
1761380697
-2113214188
249547729
-1245792935
515676467
-981448751
-984716172
-1530365836
842856248
770080098
746372956
-2043334431
-1406999714
-1311975346
1826166795
-1448156015
1948593886
1142470937
128652266
1450759276
-1347091634
-1557246519
-107738754
2079821173
813926126
-823459419
-146098470
-1756993494
-1379077567
527476031
62841684
-845473232
-255399201
-382954827
409528443
-467780049
-468109431
-545893837
-866888120
1726608891
-1524293250
584417979
-1011603822
1481509619
-313452788
1119292200
-608029753
696987822
-556571799
-531245201
345171672
1831685587
-53473341
35366440
-140423051
-1287196857
-1219804780
939698764
-446226054
-1085388402
-374166981
717817152
1100428968
-662803350
1003871176
223567122
-876041320
1319472328
-632383721
699142913
-1395939093
-2005694244
567764767
-1377771966
1858101702
-1947596150
-501211765
953732865
2057041021
264367111
-577436534
5832101
139338381
-877673792
1300683235
-804361640
443945936
397128826
-227612853
1775751366
46373099
-2046887238
-1477719046
-772639708
-1677352694
857454694
2026425211
-363255949
1774048975
527041963
-1037388349
265623045
-568551289
1149195809
1662696581
-1791750080
1439154078
-689726163
542689732
1712349345
-939398316
-1982212953
14953385
1993501955
-1863368015
-640169540
1061333398
592750625
638575030
-1498196972
-1686415750
756455257
1909941716
1850301238
322679911
-1519128398
902581666
-1782231509
-839713439
-199158496
1376853961
-1728712351
-82270857
377383686
-1998287550
109487826
1720740375
-1385669381
331678403
-1547529115
594510494
-46006064
-1447600778
1291406484
898352687
1934928594
-503859476
1861410126
-8987963
-461442740
-682197936
-1269077730
706003338
-1613634481
-1242348321
-2048086389
236868712
-1268548172
1110055831
-1214373438
-2083157792
-930509471
866070574
-2037744526
-1690661861
2048959948
1839211333
1556342775
-1402074050
397855933
500261341
-2009193030
-1914813694
1101657175
-1097776119
-1299686954
-2120116862
-1798930344
-85859611
-695837697
-1640309417
1441946527
-918169146
972272287
1982901985
1681220078
-2129959246
-2139579327
2124558567
-1271389711
-1522229742
-675558606
-191276702
-1034011777
157459878
-178145435
-1669094507
-1087250914
1750411960
-1013667177
-600337567
-2127942708
-1754364012
616491699
528390614
1194230780
-312456138
-841832842
-964677875
483719902
-89448891
1578207318
-1243335372
-864386845
924329024
1040192415
-11536151
272072320
780234742
2068787167
-1891474740
2040260657
294788155
2135459460
-1064751537
-313913664
1685983704
-1225746749
-1630389809
-1288196154
289187779
-908352582
1316570088
-489616782
332436111
-320806696
-521950716
1135737993
-1327835355
-89554820
130087989
-999986259
6141108
-338720548
-408913340
417038049
460306917
-719678680
1488506378
1582001227
1794013523
-358164242
1690343165
1111351100
574853434
-56282177
-947152115
-624346515
-2092565906
740881171
-1089883984
1591294603
-93531507
241347689
-75385285
1123007734
-1004006025
1492478386
62138996
-245059900
-1601766914
1694882287
-1221182876
-1324914677
412804570
511272984
-1391503248
576976735
746663135
1003838528
984658090
-1626136167
-1997729935
797731573
-922808732
1336154586
-223433673
395007724
1738344198
-669305393
-1253385970
-642021154
53247521
1760633397
176363328
-1774403156
1327224515
-147694689
-1830021387
8735433
-133929460
-2112426121
-1230733847
162154712
-2048591103
191285570
-1205541538
1980241043
-19099744
847188007
893207380
-1986216465
-1196001485
-334407503
48444151
1457855869
1255841257
1392357075
-1296576423
2117015571
-2142655071
87342124
-1939661983
1163524267
-613012471
1788841613
1951274498
-64486262
1632167399
-404831561
-1406922321
500346276
917519286
-1551165592
-753475571
-1346042050
973022068
-1229083496
1130945258
91644117
1348072378
1900442367
1266349933
2090412862
482102284
-1688498213
-1446225777
-2123330546
1392815730
703903983
-1204022071
1801536315
-1155031481
-860762930
1521820430
-1678194941
947214416
-1269028007
-881351940
-118506996
335181840
1409716869
-223218611
-94691380
1085611609
348619617
-78687853
1536291626
165506342
-1455000745
587784740
763560805
1612278952
320097713
1663137618
-560907467
-413028962
1951140191
17000671
1959441967
-1378009879
1820350198
-1921301329
95504493
-1722762145
1019718396
2109818303
-1592697747
-1239042849
67643490
-1238448555
-993113287
-1781762652
-1766248623
-493084295
-1000762680
1401689310
1281922089
-684279901
-1174630748
-67541634
1705886406
-446297419
-529361204
1569125969
-1223339516
-1101912789
46901467
1965911632
624151429
1192018064
-714211480
172808757
1270262705
2088886067
-141608016
-975388847
-1053368835
-160707301
1726219634
1544161180
-1409271440
-1143882697
-774945510
-910222579
1832239459
1616343001
1296587809
1384364588
-1343050104
-350770331
88211379
-874025499
361006124
-315991995
-288253551
-477978466
1994044864
-1164798177
-588164296
-926436214
2047647893
-1419759542
-1984614589
-308368577
1100930534
395515773
-1066543859
760951430
-1103285989
-838404407
1337586330
1917201009
-1423010228
-1332218680
1597069494
334559411
1042101507
-183424490
828585310
1696218411
-601605307
243825152
-493678497
-732906559
-994974509
752009851
-583635395
1207603061
653013677
2062980952
820985174
-97256779
-735373609
825425076
-975343291
-1671796498
302192734
1049810100
1055158411
1515025764
-1937263715
-933432206
-668518292
-340194490
907868860
1044124722
1707629334
190378748
-509330823
-134672680
-399950840
-900243260
2118625066
-1605032802
-1196020047
2112706684
1038439938
1866020097
-1023190185
-1065026880
1213859475
-280353796
1540918842
-888467657
1659928723
-1086202248
1091065081
2015256618
-1673360926
560968194
-204403149
-1767851178
1445247179
-491131970
-1437806735
-451499006
822519433
161870491
1566524738
-1870642606
1791313421
613109959
1038021031
1629912029
1048929022
-144088987
-5673807
-1283579522
134778113
-1390506115
-1305965720
-604361113
726594362
-1204064460
902336751
-541780869
-1652755439
-593821124
322817509
1383690715
-31234760
-1081278835
2121945613
1378356161
1417009133
536213076
2048562224
-1191042419
451566972
-174810068
1528443969
-918785251
1903333384
500864651
-1240450110
1706064225
993387401
-1866819970
155484262
-624506835
78742296
-273373800
669388024
-787576240
-1029554582
1753538343
-1933265797
497254630
2103528345
-1704458071
-1133628527
885330666
-2019237590
1680653694
-776895456
1310081551
-282989493
561979870
714164018
690460879
-375625892
38293772
148400412
-2123799101
1573393584
1591343819
1460823010
-474621899
-1791778412
2050090001
-1025850407
-762850829
798258575
1076379386
109957774
569148006
-1469468181
-1558770177
-1197569050
-1366614302
-95345292
716703335
-730578554
486493246
-3065729
-1613126147
-1577807756
225971623
1007097133
224620546
-1140552450
475417777
1457033200
1244431717
-174700326
1889750702
876450894
396823601
1585846158
1575529283
-1926424091
2056657478
-270715630
1970837559
-17439314
606803787
-1740262733
349085326
-745825403
-1774007838
-942289351
681446614
1188357096
-1538685922
-468248757
799324864
-1164989954
1053893425
-1936718062
179171825
1613542875
1096472169
-2091061731
1905954842
508831490
-1685986979
-1093706620
-452938171
1658360619
2010369379
1591306319
709269874
-1309225659
1987427908
1568437784
574703714
-451110723
662560306
449406958
-2120648015
2119224576
1407390969
-981838212
1539685674
1308339519
1934917237
-418629526
-561344682
-9013135
-1133685692
2009144322
837174870
1370846622
1389444795
710530838
1750583538
-1395654567
789070109
-1830792927
1389132017
257841549
-441404150
1170852780
57859498
-1612889988
-1844377292
-1890923277
-931863589
1925421061
-226871463
1412206792
1953875640
-1107911643
-2037963412
-1743903818
1138554439
-234001473
-145463787
-151417752
-2068279574
1100802719
-1282470820
-1411930292
546780733
2060533692
-604993888
-120350606
492990754
-1070959683
-72829747
-1939277894
1228916505
1720054718
-1567183411
-874112210
1326466772
-789119917
-1874597825
1692279724
-91537398
-1702088500
1838987878
-1331908664
627721867
1262543546
60581219
-110667536
-1612066156
-1942172238
-841867354
-1619566896
-146599324
-1469232304
-871902558
626533622
-1443315442
-1112587394
-1783988289
-419600711
-1659234671
2020695286
656375957
1722697047
1279010085
1814704644
1546720854
-854551459
-1726269481
-25784944
-294650742
946997323
-2066020777
-1787825061
1913582338
1763912567
-990522864
-66322807
-1164414202
127024433
-1369980807
760825182
1244529616
1527930663
-1960507734
1769400652
-1526472130
-1608665845
545176114
1500509229
1052962754
-123250062
176380711
1509170124
329653404
184308479
319122301
-864311127
717734219
167827648
-1002199141
-1828944643
1030134592
-158749481
160674859
-399329285
-2026807083
862408284
-1649846991
1843319128
-2128404356
-290243710
-1909357985
528550157
-1704337605
-1186094856
270134438
1933580123
1014245975
-612623471
-464336624
806816015
-807825329
1635807270
1533146316
-1068133369
-1969408757
1997036986
-1409562998
775073780
2089350485
-758780448
1866932489
-1377208480
928173448
-1366169767
565680877
164926706
757430150
-93305088
180473813
1635565809
1010856943
736682730
-983880019
684921606
418574991
-1381721143
1081596224
-384291771
1400393239
-1755201392
-1227986672
-310542994
2087980815
-229078948
693284201
1117662575
-2076792309
2085799570
89503411
-2050923475
1842572572
440941892
256557832
934280579
312692873
478360024
-2095718394
721676426
878157503
543631339
-1010674203
1199027994
-428169339
-382867854
1808543691
253829521
1265365619
-2020791518
638154078
-269909294
1338549412
-897994735
1391782299
-1891397488
17305002
1331849117
400909029
-2008165428
203395010
-662105460
1524240481
-377117285
243291976
1925944437
1060454528
-2027506643
-1846241940
-1417434531
-1421574948
-1634774006
-1576455642
-916920412
-49410232
2109874589
-217306777
-231006942
2076787746
-593381642
242681744
326733452
-202899990
1275820491
438319399
-1857185252
-890409448
-842873409
-1106959929
1869985393
1337394985
258864870
-1020645800
652733107
144309242
1727731848
338515584
1936794874
-1006051238
400178213
1358610777
1904808688
-1885716775
1658305721
-1579515548
-1359454028
-578668570
-1103039935
-1911972932
-1033272831
-954302952
1705122173
1853869710
1692035471
-715832373
1343517686
2040974024
1449644728
712830447
-436214718
534697232
-464453281
-1903452132
1671662214
2113405431
714939405
1118500328
1491936571
2038858094
112821340
-969048707
-782288331
-831804040
-1543843432
-769079451
1279413217
72667169
-44019294
-921690201
1046322894
965465262
731132951
291062808
-1892134034
-1383770091
-920599630
831892458
-1666459620
1817889967
-1284156946
-562023288
1151137632
-736713429
1809561839
1281902502
1178666610
-2136753467
-232155230
836816531
-1096222724
-1970249032
570862626
-1072003375
1604605732
-1293359375
89387101
-71922714
1353346761
-898345468
-1193976585
5712500
-6807285
1205460579
368735854
-821931897
-688573679
-169596724
1673529470
-456511698
828117254
-59021821
-1956138042
1634066764
-1848947101
1262879681
1248342442
1974283183
1196975731
-680837908
1405317755
-175658399
338657556
-571344633
1713240533
-1592721602
474234810
-722882837
-876274360
985191878
1943262905
1043480247
747112762
356438068
-786893118
-1298991356
-652103669
165130703
-1684649298
975190365
-214956166
-305505665
1315212666
317878765
-577292217
-1398249566
-1640137582
136861306
-302668776
976195104
1338845778
1280942226
1119348128
169738684
728200393
-1153517821
682241789
-1508541011
148350143
2040855183
-2133415327
659407469
-723748615
403614176
-497630988
-1265591088
-2109529670
-824667975
-1380488199
-368653737
-1497894771
-1045498258
1055847471
285101765
-1484013502
-960594026
-773536903
-280490253
-1323738827
1000666878
1517432000
1901315296
-1671014955
2045850079
2110606872
-1794203380
-2041623708
1849721683
1723691297
1727671557
1514617595
1392210693
1510641071
204882753
1554943697
832219944
-1550855507
1150431278
-968480836
1584943530
-1200400066
1684426887
2005352182
-490651480
-1367120348
-264716055
1743855652
-1453534684
2111561061
155513510
-1226178668
769209076
-553858005
321337815
-1444908858
2060808445
379923691
359311543
-1305525971
121747617
542329290
-1731670993
354270006
-1168018059
-1971429061
886054316
-1921870455
1157777975
45314284
-660652488
1219498638
2115376126
771312354
-1917825336
-831253454
1762487475
-1988208414
395377106
-2032195606
-1875681089
-489377261
1276707363
-778973449
-199078907
-1809357088
1182427886
-1845524756
-1233841645
1377707811
-106722009
600528493
139928979
-1663916417
85765649
987357752
-1463217401
227369741
-1072698602
-218018199
966165173
-298470854
-104624426
1929342969
-262806049
263927790
314319745
-102559097
697910071
1618815985
2134693481
-308455845
1526388369
-1525280374
3277010
-918787418
-198740006
590923112
-2080708084
1503733774
1253309768
1639318982
-1706748221
345329514
2141850834
412080329
914143637
138440906
-343142174
1785885996
2021333221
-1269449031
2102871113
-868183778
-1001062930
1664438725
1174800755
31144810
1438155035
1675599935
1132724443
522953432
40552340
-297652674
925405888
-67670061
795575836
-565134870
-1276911592
1450087499
1313692953
-1345427466
-1835708731
1978381788
430924276
-522275730
247604486
1531876911
1505061283
-995218510
374728752
-253092448
824305795
-973131839
-344100196
-1619661791
-628262038
-1821946438
1665725667
-1173515171
-1335529988
-523376736
-1915726264
1195762976
1260114493
-1954204067
-531060619
1526916341
881393000
2086856713
1991287402
-230726640
-14189058
-1647452565
1239766706
-1449047954
-1462706399
1728762303
1590663383
-1211893702
-734868190
-1570120775
-1307720169
-288061838
664366935
1033055946
-1073420969
-1263434294
-1406858446
-1303282271
-507555241
-2022005296
1531856014
1058854644
-1305581530
-728072624
-1292005556
294713727
1572331224
1410804985
-1884314082
1311138892
659476599
1469884736
694819490
-1472878795
-840722121
1182659203
-1327476046
-406800473
-2114648340
-199721870
257591034
804670888
683707328
1591180714
-353003830
1176472858
406218784
1506477218
-1830042324
753434432
-810418186
1939928778
2047062841
-1745346431
1959120669
1242324465
-1723585624
2144667244
-1133661935
847882214
2145424295
845144572
250703846
1865727074
272307437
-520265188
-85143941
-498070236
1645663503
-417514900
-1047428625
-1687550882
-119157229
-630959547
-292893102
-1879018161
1203969090
899440635
-2144224609
492303152
1147393346
-387222431
1279004650
2083992148
-866796445
-520471919
-1459644459
1737807754
-1383831496
1138225132
1191595592
-817342011
-512578198
-1848158113
-649627040
1572133375
-1289788728
1787835112
656728743
-714140327
661246625
-1897598376
1502253190
944625030
-1204064939
10796634
1736627959
1181123434
-1191079639
1130234035
225939582
393068541
408648539
-1334443318
-2139830183
1712203637
-2071087498
1054760811
1397768950
155558564
-1349674521
-989246265
-1176725084
503048862
-779309361
-1773534529
1703271821
-2129976674
-283832806
-337723039
-1172245020
-1977766871
2135231439
297155506
-1600770726
-128804492
415876009
400190125
178430677
-724803070
-568501529
1602686092
-2039246493
-1151091311
-1534653600
-829270971
1973003116
-1460483786
-1029157927
-1724740265
2013381927
-1354048826
608414106
1100199877
-192665009
-215374216
-1767954626
-1034133406
-462324971
917019336
883766475
1970354511
-510567336
619419293
-1186687742
-1891944766
495240978
948067757
694207479
1621898248
1102177045
-1354600672
1978249955
-1418042164
386291960
-1298849165
756739384
1556813465
1211649867
-191877473
881818357
-284588387
385713937
787283833
2138641467
2083442607
-1473033361
-2091549348
1306425888
1787573394
-1016518496
-356308220
1395001539
1467566715
-487875029
102219196
418305696
-111425584
160120920
2061800380
-1869875931
-1382614222
-2043675425
-154620725
1587193477
323825341
303003363
1076037932
1785044171
-1044546674
945335838
-833514825
1532270129
-324218491
-728341156
210957381
1120463538
-1158596789
-2094203859
455344977
-574824739
-1893562730
-462442539
-258498597
-662384661
1759783083
-1978370169
-1544409457
-579957485
2054133540
-1081282606
1157632295
367817245
-1170234125
993921371
2112930060
448730933
-2009541722
1073180364
-1380552637
594127361
-525649685
380032524
-935046009
-177585163
1112455255
-816664400
-20709199
-1854877211
-1759341214
1495986096
-1870892960
-1385930533
-1759141450
-1556754851
-1549030955
-2035293142
1064078248
889837714
1044257310
-1370699581
-596635386
-1738170326
1734152054
-527242810
-1815799277
-997665359
-964692501
1530575452
1544356047
976861277
1094859329
494385347
2047641722
-1902309058
-788924650
232685226
1002195291
582364596
438947910
-1188363586
504206525
-926446302
-324362096
-1590632572
1816859961
656684512
1376771449
1569239913
-659771589
-57875083
-359410320
-315953642
1898603966
-1271689210
772222002
-363225335
-1844295847
1513284360
2014394735
239081825
1034004351
1408155452
1002778029
-523730696
1025648642
-844243491
476717421
815043766
420435673
-1760815854
647131787
805849636
-1026431966
-572002391
-813624342
-601223617
2011804777
-2107274234
1872868176
-1174028402
875582250
2043410009
2042812813
1820112246
-76445292
815886862
-99653405
675178701
1647320463
431908489
-810082911
1934266796
1447623936
-1890196717
1628173584
-770257272
176642379
124644878
634691219
1132406915
-1470073063
-30338192
-1661838583
-2025191168
-1590282661
824567406
192605813
-964856716
15439501
502295159
-1840412703
172793475
1585888063
-1458792605
