557982476
-1683194530
302275577
1491144486
1102795891
2043221487
-985662775
228917754
-2012477665
-1480876423
-894444612
1465897044
1300925733
1663818646
-141421153
1750248932
-1076902894
-1307810846
-763724691
-1101338486
-1738870805
701790378
1033215476
-274542034
-1654013329
-1934477853
1225548983
-1516833840
917705374
-2086974115
541361430
1486020061
2123827326
-2016296648
836245676
-1038472763
-398474980
-1646964330
-354350088
-1415085879
1901702864
-569273966
953893438
912571417
-2101659195
673437552
1009423279
-1044614627
46621880
1939045396
1182796231
-1796831982
-1764787712
1602887096
774634998
-1751742759
-764148531
1103157721
-803144062
17565195
-851076428
-1900891534
407215531
-1875765168
-1142277782
158569068
1089572623
-864242191
856964303
1804510548
22329167
50838186
1675899182
-867830194
-850587149
1197776837
723453379
-709326263
-233139830
549536611
993420157
487811443
-2136056299
-1142730468
79244292
-1136309265
2051347878
1310269386
-1784781572
-1896620603
1557263171
-1241900894
1178407819
1559023130
-457506801
-1847723133
1189596185
1765547424
-289099093
-896297838
-1823802794
-1582014385
-905076519
-1739278586
1427711360
1313662548
-723441822
159289664
-1233079067
495255625
-365810630
460500510
-1298466649
-1304767833
1325227745
662058895
-1094944065
190278776
2028247819
883576426
-1618289597
-711387824
407589250
915508091
1346159339
-1092614531
1381374795
977534431
1168939729
2012283773
2024659719
1957968529
1110388855
686065072
-536276836
1333612868
1588291342
-1666158770
-1316732140
1356511858
1635815157
1822783898
-805526332
-1142385996
949821567
-1936141737
-1473358416
1230747476
-1174413575
117808251
579463214
1942394912
955885546
-1258731486
-154465336
-1367813504
388395676
-1286015547
2106884710
-128652853
309871579
624777387
1509147564
-1512525611
-2045306372
218483870
636547745
-599115572
1048909088
848990946
-931788400
79976772
-2103025734
-396268957
2049073202
-973396593
-280978610
954660652
1615720461
-1203641518
561894778
-2139968224
1272052502
-1109305772
-1690613446
-2031996445
-1167918947
2070312345
-106139546
-494638568
-6165399
-176235089
2019502464
1132176849
617188386
-1921412025
-935987796
1941020739
-314714385
-136843002
-1212574977
-2132851015
-1182071969
-222052451
-931956997
131431115
332064652
1643966230
404155738
-1051507761
1177960317
-1943903631
-2074681590
-997645426
-652642868
-681658769
1906476409
-382696902
2126172808
-88403796
1877184018
-166107745
876229724
-488158221
821850630
-125835367
72398832
-697821747
-76675505
262021061
1448669583
-619654821
1417119729
-301566853
1601084681
918049637
-395007870
1251837691
-1627461670
-1401631822
1651597037
-456511771
705739147
-274960487
-1792835470
-1109051154
1797168728
-1550992936
-67738128
-732308271
1305622546
739988387
-1563090586
1317215874
411785542
-341509376
589563831
1533120169
1738223263
1118304849
-735931732
-1861738930
1774066312
2116486450
150658879
-1554646576
417670933
-1208840571
1062489110
-1937858789
1342845475
-1428689974
982711373
-1153391847
1289238461
1716443571
-96058760
1405016680
77815489
916600311
1373911015
-1091118770
1036168130
-1458961818
890307627
-1794441495
1125613104
1274676541
-493578023
-1085964374
1437416374
1011456699
1359603085
-1826807036
1780338147
487492595
931055666
-1495553953
-619850229
994967267
-504611457
1980827474
1105050479
625202118
-1713203772
1191051026
-1193609317
1211237286
-1354911258
-2049726172
688866575
1823396916
1198623911
1313669978
-1753115615
1904342235
-1136683990
-1425890052
1956047393
227399954
-257321034
724046660
-360739138
-616307727
352275897
-2040174321
-545313881
-2131281657
-1792035312
-1032370734
-1935359371
-1974778262
-1621631867
-1972750390
57777351
-449291250
-669204584
1927681399
54303406
-235805606
1995857794
-984548790
-200178869
-2053172744
1919826294
332978844
-2036188233
227546860
1806938921
1978524386
1104807970
1755789544
1041054356
2124879391
2097232702
-531736867
299179512
405659545
-614336547
-1899580459
1880973346
-1209758769
709159128
791288575
1946553584
1371987113
2116490035
-648957685
-41561581
-37540623
-159897986
709363384
-551755754
180213506
-1438453891
1177632938
-790210658
-673721666
-770191093
-2081593216
1878836978
145538756
1454073659
1248213798
1835695037
-1010054942
-300304193
616237159
69643539
-1762514487
-169829747
-1701677115
-701709903
1103439871
866789823
1174619788
-305449336
557110809
-1255505990
-1644014812
370927996
-762314712
-1511914350
1012238759
1416612968
686095475
1120404397
502302131
-1869331355
-254651546
502752933
-1516700288
2071509324
-1448774965
-776881550
2147371572
1461655928
768925751
-1599413560
-11493003
1076516304
-741957946
-2083381314
1692736
487201284
1638579210
-504149584
-488462600
15942933
-12765121
-573216923
-347269438
97052187
1304542660
1781138035
1190993935
-938360510
-591471674
1777524193
-768681351
2001903893
673560638
909767438
779222483
65402878
904817948
961665234
116401274
1307416077
1157661892
-1701644062
505700081
1334015736
12732857
-2048116871
-2143294291
1260055650
2065751447
-1495011021
-1931399636
-833378208
630082374
1360032571
1736385611
1570008120
-275642260
1188909480
1094521049
1708875627
442210851
2095398948
771689574
1821266677
-1416736532
-495038258
986817889
-1326091054
1635274722
-1987003039
38001761
-1532020796
-1084861646
1320066709
1433670082
-535530669
208202186
-790284859
-477775756
-512753643
-1145629104
1965468881
1312743951
-631417809
-1616540843
-709529531
1592391721
-1311382501
-79104310
954763194
864630507
-609399894
382537906
-30240644
925809890
-1548188852
-1951309544
-1026867604
-1843051502
2078057871
1412952388
-621443288
-725428144
-184153883
-2039391191
-1881482392
-478142767
-2083475030
-99290592
-292154709
1636041469
-2034802588
1342890971
1368321298
-646128503
892256331
-2038847341
-1007595638
-526556476
-244942324
-2088299644
-300310991
639959344
-1312674103
-1894724454
58841330
1749049683
-407330972
1202135148
-1252958607
1183333839
-1604611
609246057
577468718
-533605712
-1492199496
1783243856
754391780
-1452966139
-1047618365
-1218344475
941386290
1298492337
321805463
-439240735
-1386543491
1131891586
329640061
1495566121
-2119817709
-1071544190
1037246035
1670339907
1705112212
1149072013
872461711
-872804603
472893325
1868907299
-2023860092
-444286321
1160591205
694028927
2081066468
-1388524422
-1977353604
1770707432
974337669
16819281
-1243140976
-654852282
-153509017
-292254657
-1459848093
-2023725577
2106820598
-85788662
158740890
-763399965
1500662923
-225624257
-674419480
-63905331
-997292744
-1517205841
-107461013
-1249697300
1817022660
-484717287
821079637
-227049542
1658037236
400969512
-1574358065
-1796458997
91538700
1140504223
-478636519
574050400
-834962540
866535634
-376093707
-1751449476
-1966852001
1443399767
-347919035
858863928
689486281
2034367998
1656392435
1651876499
-1809387457
-1676534531
-1596407536
175258381
421734147
-705513873
1366998847
-1459340748
-1377995472
-1263357953
-596475052
-671872898
-1710310660
-260509216
-1585470921
183787609
1797369661
-936132608
-1311966450
-699798400
1866514734
-133696900
1291057307
371062672
-239480206
-57228971
480773345
865337562
341118296
539498340
-416083187
-572306822
-414426273
-1120755573
1343644564
-2009942872
-1872412675
-1013315795
-1112480104
436632141
830938011
646911199
-1124147056
-1795906855
1547967204
-1618695585
1201452326
676216147
1248548415
-1838693692
1316027491
-1078413135
-1608587879
-1216875017
1795180041
-1651249815
38857831
318844513
-860934337
-356602809
1765204459
974030309
1952296563
1276438145
1769118133
-1472627184
-770655877
-803224824
480563308
758646671
2081270269
-970902240
1125466318
469699809
1058866193
2746418
1482196212
-1065978804
1524663076
1837208801
-727955494
-1089024747
-1518169825
-23653542
-1480160482
-493347862
1036225479
288276208
454886664
-1302562141
-1278509978
-1076166937
-302654774
532184873
1584211371
-197916529
1917008648
65445302
1173457870
-184471916
719297689
-611190210
1699830519
-640200300
2140710287
-1430758100
1630785504
701842930
1314061940
-1284882607
2137065144
1549812457
-981363241
1458250009
198169674
-1236291869
516888582
841195775
1079348574
1696128267
-1719623908
528090434
-1551867809
-377450463
-687546563
138226904
9119037
358700684
1502827296
1377377187
266586004
-1586293835
15936717
-1463052830
-2085900531
-772715886
-1531310425
214073065
-265565692
-1195180672
1104072877
-2085294316
1538006635
1788884821
184342012
-740084487
-1380383507
1339986357
1042855575
347682268
-1445039530
-1974514524
561987947
189915495
797176625
-47264931
2047089292
-1508791142
-1776665166
-1278309791
662010308
326715392
-998933034
1553982162
483315023
-189725405
306036680
299314944
1896629471
-815751359
-1122952057
1279534148
-848459547
-613524674
1183419588
1232434700
-1651105262
-2089045283
387089936
1628116535
1859015963
-911933654
1368966710
1333503651
915371708
1349310010
-1881083675
-1010372605
1639119872
286461975
-587734126
-86478347
-1253324098
136488692
1828316060
-1275436973
346394214
100722344
1704725168
-1360354872
358487293
-1090805927
1270191470
1663607718
390658149
-2080682121
-37947316
36443895
168695778
1171880172
1409736378
-1197348143
-1703434791
-1465215599
-1143768953
-1228007442
-1519596071
-1387372829
1008253315
-754577028
1122121439
2106612982
12480356
-1272910032
-1076238891
223211689
-1528081939
-906517344
2015380572
-659141350
1028682060
-253699630
-1223929909
269227100
2052236995
1203321103
-429575050
-208172185
-439882869
1740785149
737138994
703830352
720943604
263131628
-1119150312
382666169
-806101808
1087857007
1055512969
-69293430
-1085976302
1811879727
1382400627
1079282912
1325866417
1403582459
1784082129
402329925
273499601
-909566942
848267128
-648888542
-27510491
119316996
-2091660785
1157908337
-1574214002
-2135853594
1495438942
1742717622
1386992904
1568817926
-1725756468
1723685423
-278599994
-541597201
948960034
-1474113463
-1216894310
-1402808306
1673670805
1708432470
1161519002
513064068
2080823810
-1615819395
883691264
418027068
-1300263557
-862246671
-1425121198
-1072265408
-300043263
220739430
1455033282
1929926984
-744268653
1362769343
-1322348842
1194966932
-1129333913
224107787
1504446283
1922851323
1048435062
827340210
1841584183
-571144894
1717581886
-292820501
1710685549
-1420794703
-512987709
371182448
1621897508
-1309437725
-92930858
-242925451
67782618
-990713890
1437068697
867863509
1902798453
1488452195
-134157759
665003150
-908069204
-1485835642
-487726051
2026999919
-1130857052
-2115940480
91981016
-1274563057
-1408255779
1388382914
-1386811398
-267003391
1886266703
-1685292466
-296052556
1972353861
1244026064
208569410
-1611911204
-414022911
-1975011912
-770967627
-801313227
-2041742480
71545031
1702633158
-1496465676
195740185
-515096251
24108529
632098431
211052868
-1505662102
1557853348
-1812184713
1839578281
-1936378624
-996658414
1755781112
-1864393366
-85719994
-1950697146
-1709735649
1257384259
1568246039
-892628102
1532273356
1797071104
-1478978485
-632010840
-1599858264
-1895054802
-656506531
34351201
-1582254743
-517470187
1233196622
-1257799458
-710265516
925665253
-726663736
-240849324
990234883
1065049134
-472825979
451312268
-926983832
691262357
-1595778319
-710325326
-1770529263
-1939351868
1673390094
671612268
198001325
-1737672286
1839194775
-1453263058
1913430222
1968597956
453051240
-281324596
-836251152
-966706142
1921240092
1406807632
1877188025
-1126063091
-701224713
-1879611379
650381442
-921055904
889507078
-1759757324
1368426005
-1076901899
1803791492
1990144805
-895347528
59023963
779172223
934563529
365528170
-1640506939
1719420603
-1636467938
-1128501652
668816708
-65096490
261529554
-925130494
895180856
-1011528276
2111431061
487457658
-280406012
917467644
1687021801
-1265158547
1576993024
-2057732789
-22461892
-1669237692
756004531
126813192
-407688393
-1062832643
-766776511
1204834288
-2049220264
1138450479
-2028557790
-1777811788
950519230
1082129483
-1249635820
-469113128
-1766331837
737264164
-393151918
1872340701
-1534338097
543651248
-149735674
-1691385182
255639019
2109889807
-1224396549
559936262
501943188
1596871373
-1312373610
1035635666
1418694993
-1858455452
-317154298
1388977110
404321415
111578372
926316730
1043606353
127196172
1237331093
-2117591021
-739804011
96144889
1626962684
-1364730021
-1507888405
50730691
-539721827
-302458124
1006404531
-1217442420
-44780256
234265812
1909462479
1973504438
525832568
898274864
-415468734
-1126490695
849283617
-1169454985
-298864365
-464786634
-1035364184
-1806300799
1556787575
931865676
858227568
1303156488
1370727470
-1052570071
-132813134
-759108266
1751492909
1147689186
1887467973
-709913280
-268076676
246603911
1505258655
1355930962
2103261793
1035529074
49854875
1591325259
371187390
877623775
-2091296900
166595275
1253489335
-1662551359
73709489
-948577718
-756929129
-926352941
1277189338
782942028
-1029667340
814389996
1378473354
-1544822574
-1369668592
-1858799977
492969806
1969008403
966205057
-1335448606
-155339282
1977777004
-1739166444
1640446838
980407026
-313582700
-1411523089
1986265064
-1895063193
-1766454253
617748725
-596388019
-492934686
-204683788
-1439877779
1219711507
1550973637
-49398855
-2087836187
1129609998
391565504
-446385778
-390562220
-1365603119
1481229210
1956406466
2110257278
-1242879937
2017540913
1226094194
-303211876
1050927201
-1976946497
-162738810
734045243
966537080
400392286
2118378465
-393304732
-1305925290
375017165
-1904954669
29778940
-554074391
1662682996
1773581010
1192031086
1333110552
-165497179
-1513676182
1254400646
783892689
918471716
954665073
1144955808
1761084002
267473385
-1860524674
614241025
-898512376
95666980
376047770
1071218564
1161733061
1904291712
55163704
-1731700360
-696985482
-2088319317
-1790068638
1666182088
-1061660124
-1032296426
1538794293
2047525724
1399071129
-1632603399
-1399295857
-973887297
1601392950
-1574038887
-750323706
1177391106
123285764
-1233810739
1465131035
-41934113
1381259272
-2020980547
952211886
1762674976
-138766630
-529351699
1355767477
-898739391
679507832
-432915591
1158506536
-460739756
-1105697193
-1037730910
-268546241
1504981028
-2098014021
-797812856
-1901703713
-1898078563
866780231
-83627207
-668642735
1741794667
628685783
160987626
-885908940
-808861984
138888589
1542847619
272074933
1800228122
764362282
-2135935904
1563732988
40531044
-621355618
826355285
361965033
-821936164
215462113
2010325491
590277631
1752865878
1399594243
-1271269111
-1442475360
786568576
572866434
813648749
481466234
-374357690
-1928462373
1380700924
1883332417
2081160568
1901405795
-777675810
-1053500770
-1338711128
-580809642
-685083378
-449837466
-413427880
124827952
1617061145
-743851249
293982805
-1594785477
-1338104027
-406225057
1943098205
231831913
278000692
355619429
422384391
1124947043
1872567466
-866410323
477520612
1816231137
-424462836
2020071598
2032556768
637108539
1831067914
-345288057
-1952565010
525476928
-1597346882
1577942762
-1712875804
1785407302
-461450186
-1214672552
2074581666
358818178
540405551
-214754930
38962298
-697763687
926332707
-1456062402
-73449525
2048118390
447154054
1219330
1443944943
1156282462
168970315
-1184183411
-60423338
-719793343
-1397699156
1446141475
-1222836493
416713041
-849416149
-1171874998
-1120099370
1185946840
-2069946157
-1818869567
1836668185
656821318
-537756221
-1825090127
-388557824
2033001353
-1064850708
537497122
1448611931
1835617953
-453512423
1345778096
1985567535
-1806204557
1187444015
550222206
-1036673131
-1293809444
349790646
-163997335
-1411381791
-1667901175
1415285911
-1641420672
396862725
-471225083
1238947623
1264934068
-227137993
757009298
953235043
1036996043
-958234926
-1871821507
1227512189
366850970
-2053446535
1772863404
-1146211177
-1009364109
-667459710
2007376442
1369502669
-626208549
1790484368
1499609029
1939118713
65312128
-1509099903
1951570374
1228985009
-795556759
-2026922613
-1711900511
1804185876
182168687
555002017
1848382781
-79138618
-1913491989
500583451
2134425559
-820679752
283690928
1404983445
777089043
-1199385812
-199475397
1997607190
1082935892
-97784712
855447593
-1205026956
366257740
1408554505
-35205400
-119297289
-889165098
907221162
167316145
1512854845
-1094790398
-432568058
1647917749
2124292444
738586737
-1598669461
-183217514
-1393637043
-2128249117
-99509296
1859869208
1376208263
1308286222
941212697
1414317080
1921845994
-1356120399
-987637096
451395772
-1037647138
-318346265
-941558057
-18481429
294773180
470131136
-676545900
327913727
-166674580
1073702925
-2095590132
-112990023
990844494
727871610
1054799484
1895702133
1146424413
-833170718
1756559332
-861276258
-771806574
935738078
1830238989
-723885981
166979206
1363204767
762808013
-358003542
-1695178150
-1749141763
1544086410
-297520059
-1241889062
1268129999
1245527036
893886051
1499454432
-352358531
1154074166
-1014796216
-2128100618
958877906
-105088794
472445760
-1512540097
-1580383722
-98758437
-1409366576
322960790
-746781093
1700424391
-1102697425
-145796105
-499044841
1770861894
-1732217868
703178525
-281148429
-56279266
653942544
252186477
139326177
136766920
619629053
792530450
-491406988
-143497169
208732471
900802408
-23593365
-135847498
-354256405
-1872478307
993335950
1322316160
1824449006
2115345813
-1753404483
-2094116374
-976962832
-1896957938
-1001929403
222422108
103806192
-1876217595
-555363979
600470849
-86033422
968532823
-1997047695
-1293370285
-292295440
1434396330
381231173
-1419092709
-1056446963
882224525
-2070422980
-1901728840
2090051088
1044619741
-1324428942
1267464670
1070755599
-134782102
768904872
1498247201
1297703018
-1132491557
611853655
725071731
-344867845
1014440654
-470049273
342587115
1880476299
19075395
-403033632
-249894456
359863175
1474272058
-1950471295
709431732
-1473520654
-50159463
1033077008
684935500
-1514332003
1812061779
1440840593
287505119
1175289750
637177031
-1285095557
-1300398219
847037661
1772748901
-1080407416
1069836819
1309871709
-2034421609
1827027660
2077803325
417970970
341264605
1502376713
368572604
-2083022426
772646970
1452601409
-1701739103
-871560743
1704587982
-945232757
2004915849
2011432384
677976516
1614801706
2139434529
1240679893
-382173843
-1184634405
1015844332
-458034064
-849310291
-1161743507
1662052164
-1963678594
-310473579
1325252503
1188337821
2136440687
1344624465
-542405627
985496337
-906174860
-1386784444
2111273651
-19332072
-548355350
822742385
-629718658
-2133180522
-1208163823
-334122468
-1962000648
955180570
1213478913
1677333168
-469088133
-690416796
133191133
-720663581
-1596537472
101671208
-266805432
-1104564712
-491410383
326986257
1143008023
1397957123
-665636036
-1063585528
-781370552
-2088717422
-905818903
-1640994635
-2003730381
-2140428533
-824361106
-1182599355
1025645311
-1165902735
652668545
286003821
-1850010794
982222124
50244143
1183506351
546583644
1135603688
1581356780
-76577572
-1979349796
1841966780
-1030618390
-1768688423
1759416004
-1883939953
1152269485
1194214565
598092243
495156919
1757789919
-1658532710
16760208
902552546
-1072380576
850172402
-674353539
-979982023
133930913
-1700858740
-1468274035
-1708485438
344478770
175832304
-1756182318
1029880837
1623091608
1121232528
1195749498
1249507826
1464985700
-851275184
-734446852
-526209279
877128320
1206947144
1928840589
-1265604709
1145064396
-1391151160
-1898928679
1686832312
-1773056024
467769500
-1867942417
1643727560
1519866195
-244342640
-62674052
1774910166
-551039564
247259702
1575480891
-251078165
-1204264072
361365990
1875632555
-1907144016
1145017500
-1933073915
-1298246141
-1702994602
-1562484021
515362698
1794184291
2080668090
-356575061
588985022
-50939317
821495747
277271667
251267138
478042192
866564622
2092738496
504702550
1333643276
766729933
-916299607
134976088
555150678
-1647486228
-416788464
151349897
-653044046
-1938738316
-286875333
729622551
194310411
1032309044
-342092126
315391319
1165083295
-295949667
-858046454
-2068687791
379314490
-1157488658
-1634959918
1599844737
-732555354
-1168714352
-629381748
1372683996
1678306913
-562607934
-1080861746
-1706458352
-325907568
-1222747528
-1156810934
-788985584
1512775219
2115415168
382664988
-1293157425
-1885812582
-368399129
-563141021
1330346571
32325144
-742427750
-1483755758
-2035603508
1497073653
1533892175
463982088
-1750811539
-1000626776
-1447864667
-1781703075
1652398555
-1497170875
-1076834679
1079321086
118122588
-1993357004
-811401508
287298939
-1329528813
395086883
-342203310
428092703
2099847809
55286845
1404434077
1966280512
-589248433
-657826661
1691399625
-344678439
393283402
-347159558
225454569
351400277
1920783534
355019695
1560852723
-1490522451
631449510
61839831
580318952
-756985164
-1040039917
1885797074
-608480200
1842921649
249697676
84016625
1350028899
-1100656082
-521653595
-1373337235
-410679581
464137743
-292061068
-61474406
-298687416
1793785061
-1341995440
-2105827491
185934245
-1539682684
-2000625188
953692635
-823627734
-1691335470
-1365378237
304359283
-1463546094
81827809
-713737788
-1591858707
1693777343
673466176
-984433552
-684582413
774122530
1908182158
-877274318
734549439
-913486496
-1072045233
-540543984
1991653141
1593684146
736836098
1138509999
1113848948
-1771223924
944152690
550613020
-1832152696
-1652414463
545130316
-1036574519
146205410
-781095323
-1345854223
-1197451563
-874780438
1270217011
151835533
-1163388273
-572590573
-2076144591
-1331135384
-386798788
-215690159
542277585
1207788667
1716851224
-269529657
-60377638
-794792378
-1888001638
-406340411
-1885162425
601498848
-1799478020
1710595825
444861039
277423183
-1562377222
-1225873469
924607589
1448227609
-104145191
2005993014
-1989087071
1589633307
1799153322
1590677948
-1866990625
482131864
1520465359
-997928335
813295431
770737812
-491885378
60430483
289987789
423213923
-1554835707
1643190066
-1240144422
117615740
-1752310643
2090087971
995641388
1556731538
1606697762
1578831674
1924287737
1512244965
-1652227022
-554120521
507827802
-470298924
1245723348
-286306560
-980719897
-1742529353
-1757024756
324614032
799571870
-1460859413
-1565754547
447203119
1469085704
-894874067
-1496013506
-1852749469
1799828638
789289003
-916895040
1832884006
2061000552
1995123544
513083952
378909400
738723558
359090943
684217577
949923702
2134099764
-1813243237
563001100
-2035853556
1052434792
-826774683
-772122750
-257473432
-2033851074
-1032171731
-40307646
901080080
1168953591
379683949
1326833359
1871646837
532990845
-1033629798
-295650044
2130197863
-1572021046
493000125
410587667
1378772683
-1430042485
1436503106
612029386
-334547316
-1067225344
-1403809264
-930574312
657397199
1596348453
1599964633
1609819856
724245866
-862040810
-1228919374
-1563599956
-549119595
-1851251793
306578405
705741971
-1156606750
-1770839950
-469828346
1127471134
-941941142
-1156934995
1850760004
-1104109480
-2097856696
-1684369700
-1596071168
1383978437
1557975883
-1621398709
603538595
-33331547
-2087274266
27648767
800968620
-314986887
1770589291
-529792298
801882887
1636180422
1844601464
-1871624979
-536923
47215128
1131787697
945716801
645438024
-1351127479
864746415
-1770749288
1315267998
1383932675
1714394423
-1821728095
922097041
1865809794
-1825501778
-30119846
-1306115363
-734068066
1495260620
1111242161
1566711266
1899705352
1017062800
-1034507922
-1040368709
1276702163
-1801350797
-2004029873
513843342
2141436470
1685249760
1545230452
1876859685
2117061008
242267106
-572787459
1777354173
1148732587
-1991459297
-1103695887
294240286
-90570940
819809540
1348793441
-353405205
-1213706550
-1172251839
-328996148
1313344571
-1074656922
1131166584
-1665615419
734770535
-219614917
-452830160
1175121107
1395335717
66981870
-1227892977
-1231460968
1687503061
501859944
-1795965112
686193460
-1067158501
1241421018
1499620177
-1308873749
-1175384659
1100078849
210105817
-1500560124
-1148181907
-1904856917
881611257
894608628
-89977927
892782201
-632271191
-1506149444
1947019778
-1199808795
-1228909195
-528634482
-1599423333
-2063624314
-611635089
-232277066
800907987
-1326622062
-654883993
1577834423
-135521723
619061413
542614617
1586169012
-1480339859
2013858496
567658278
648375058
-778121857
530579
1283305607
1843610202
371570291
1381170942
-1008344002
1489499491
419279972
-130391339
-559185267
-1794054993
-698934502
-1379566621
-1752282900
1764977429
-219105051
-1240439759
1065314805
-2019293024
-467799636
-1331062904
1555132578
-626337865
-810879164
-1110874317
-1729715525
-1020809091
-715410682
2074502664
-2095147383
-1645568390
-92851045
-1714024279
1033564111
-429159302
614119961
148452871
-1270974470
888556213
-1054038701
-1880628185
-674691689
1074680624
-1015483796
973659432
2074470148
924840034
1107690413
1102895236
-1389771670
1707780633
-179710312
407245974
-1216860950
1567300766
1272247869
-820446117
102253334
-1807180265
1669971659
2139809148
-322749278
-785557972
-2117351831
-1969214837
745449818
225815533
922517318
1898653069
926922070
286141939
559376110
394383032
-2043422099
-1448781628
-1047439649
271057789
1327412455
1657331580
1573112412
-769082936
123989877
1442601640
-295293568
-625433723
181369445
1917944181
1118079381
-1168046490
-1789033967
1223184649
1048847014
211405795
-706291560
1900004912
1933302354
-1314517630
-37894448
1269173563
-1842385950
905355608
-778930053
-1012839388
-363211362
-997561650
-776636488
-1776784650
1608811355
-84118616
-1237193797
160792171
325979736
1651249475
-836727104
1618065622
1130145355
-1603560931
426741564
525665603
851802038
-622432358
2011877461
2087825628
3384190
-2118688763
1840463252
2139539085
405707709
884253908
998974937
-29753109
755562966
-846790353
-293023346
1308915281
-2072108598
1979040947
-1382037473
989553484
-1120516407
-307644814
-1401653079
863024952
2142086412
-1039848386
-2114635279
704464682
-2005596959
-808463833
426694039
474008336
445569799
1163454017
1837240970
-2101212905
-1056073157
-593826646
-926747970
-535047348
-1135801838
-1005051958
1864472604
-917914747
40482569
-891871012
-1865939782
-793665150
691458010
-1000624979
-367580596
-675971250
1126433808
-1527818076
-534709031
829102059
-443926563
-1186292734
-1801159503
1523412013
2129600811
1190046057
-479466595
-1550444058
1950163440
1216666786
2084348248
623577411
1575875526
1403043994
193671998
-1527837579
922482874
-1081216595
1209918275
856315283
2018985315
530800678
-1611494874
1487529662
1641592886
321500934
1918660837
-1224515451
377401881
1501227780
1268895091
-178466165
-1973140427
1323120085
1722275496
-1909558681
1989994255
1174143405
-21519496
1550736587
-684978470
788891908
1431652711
141870311
-1292816122
1083977373
298184252
-1846987249
-1177153764
-1137258045
276349172
135252890
1544968909
-813980971
1397886457
98009869
1800734535
584399877
2014765715
427363449
-1130046518
54133340
-1960119394
-494420703
384768891
-1374022912
-776356995
1263306847
-2072226184
182993081
176096078
-581098809
-1106200533
-1040783951
-420328609
1004516236
1263429347
-592867973
316393183
1510848546
1680197792
-343360682
-309272872
143588901
-213597906
-1814736719
964784220
175101817
-17613452
-1542629390
194918910
-1996231503
1977393165
-1381222542
1874078852
-1757851212
-47521001
780964044
-1067478310
-2030714723
240223051
-1645064105
66405704
1213341411
-231503794
212316400
-1695589401
1898361017
103890502
1291859964
-1018293168
362585783
459240623
-482284116
1848958615
1587524026
-1577888146
-249735805
1561773431
55929095
732965
1273817877
-1589336626
359452342
-861031991
1563764496
1323493707
795651661
1667142770
-60796800
1383315557
777785771
725652850
1329176142
-377628786
2138777639
464141736
-515150583
-1029200984
1568734200
815002645
-2134602520
1931534776
1899272662
681260719
1180036111
-441625128
1568575201
-1514140555
1019879697
105731442
695853250
-1900084029
-382953034
60868778
-103160817
-633645081
91124221
-1879814372
-2140367629
336723187
-506251421
246381511
987190798
1499973844
1699748965
987126856
1931884954
-158209373
-1632870332
-1346388150
-1012647730
-1810278085
1608118023
-1455100356
368377222
453969419
-823558714
331796037
164569635
1710221612
342730532
-1716544396
-599782480
-4900171
-95106019
852998460
726712901
-1080136370
276413697
-173590753
-847942736
-217596413
-1314427201
-1590353752
-827896751
142175578
2093760614
-700405347
144929348
-1387727450
-1226992407
-101728395
-1496944955
-85536099
-894122718
-1140740857
-895499824
1871228456
960146969
-1713650300
-354558968
-662108550
-976789627
331434663
81648345
953327972
1156558482
-1327037910
1345872608
-734043930
-145575708
623259259
1968651401
2000112904
-761961509
-1491476817
-625633543
2035672810
417006616
-1297299017
438768943
-676783846
1995233600
1909270736
648022373
-1468114651
-349406721
-429963968
-843349317
2095566448
-1885877169
-1126257346
-1528688361
2087490120
668354042
-1582742479
-759274682
-218866378
-306499235
-1158766051
-1596251289
154154391
1797323374
-370051494
420984200
-1446579348
1807599615
116384134
-849888111
1923460463
-456006333
-152896836
262900064
-1623104666
-1886077039
1083503621
-2073176011
1201174970
1447918696
1519424014
-390758320
630708810
1464888242
-194778341
-599787048
1752223356
1693112908
-690249413
1357110783
1621747349
-1847916346
-277148739
820561250
25592394
-1886762393
-1228340254
-1147918155
705023639
-1306816397
1448102099
-904845409
1249070286
650175919
-307384619
-1865197086
-2003814670
