2140452108
-23108559
-2048583368
-762412989
-1621984495
1218283
-1419791568
169846272
1875547804
-47878727
796931484
1932631908
-472188519
2050234601
-532441175
580564409
722086330
-326171435
1764300413
-898732790
1784762487
-1788394596
2059595492
-191502602
-1953970346
-1649713644
1147571503
-66380090
1298834540
925614079
567629656
881021634
869468962
421344124
1084585322
-263835969
-323074756
1417879487
1808022559
-642479108
780199959
1332903684
-2065556022
1792727599
1643547185
-4603968
103957879
-1902606886
-743977746
-41351911
551960656
-1784221726
-559890791
813267608
1081104705
1801439841
129816744
336178973
1578994399
869002938
1354636867
2005936914
1044523909
1669398766
-338092281
1074050531
1715648448
-1285196755
-1296571898
-753664339
-76259604
-1546140496
1670511890
704158773
1281832478
1026489029
1008229435
47159323
853947716
1549257515
1758952853
-1613891250
-753442165
-1296897889
1083909438
270533058
770232320
361650870
42651038
630330208
547180409
1155329517
-345614352
934178878
2065039542
-1083436802
-692141823
1476020752
-257679934
-301354124
746511928
112186589
-1912559201
470874497
-1110153514
586830069
-1195514591
-1544693489
516541821
1217675297
1398844954
110425108
1877323254
234306076
-1550963529
-2031205334
-450047186
1431311426
-677612759
1527147358
1647319425
-966700921
1016787847
-1379680697
2107617594
1806239658
936505330
-233219238
779191642
-1598111063
621168889
1837359997
1363200664
103872375
935415359
943761369
1785264809
-9364244
800224603
661217523
1488895937
-2066183684
20650751
1697366782
-1444047784
1841271851
-778915237
-1225424022
-2069292239
407085376
-1007417661
1038263232
-2108853353
-990896072
-383093874
-1807411791
-1183183383
-1756783235
652228161
-1728443285
-907623335
-528914857
2122137325
-1615687890
392903664
-901025886
-1099423019
-1852169953
-80948780
1033335745
1123095891
1428132444
1986500813
-1018594350
92867323
1934708303
-1769264379
1640843299
1189440256
-696272057
-156478449
216222691
-1468861738
-303202492
-1697065174
186462236
-1862225895
-696336878
1189795269
-710209056
1291203757
232105112
-1337091514
-66981950
24537381
-312748687
-922891514
-1065944440
1660068200
-895644997
1848330656
-1401766626
835180433
1263829295
243483243
-1382395956
-189124329
-1160904590
931999812
1216088747
-809422291
221811882
1055774864
-1540330668
-539409557
-1592046253
-2012249216
741810651
1219849646
-1325296302
-656477033
-35424005
1500934203
344193097
759228265
2083163538
2017105194
1233611053
-388229980
450431311
598468609
2047991318
-703593644
-1872931671
1944629919
430724438
1068575330
783184914
1669096539
-466118708
-1784207779
-1482226580
2078099308
815418489
1796343676
716114620
-1723488118
822358355
1936194531
-1073312996
-1912253227
2045480281
860674597
1689131766
-674065930
-307810329
-436645878
-2146835858
409990275
1977127243
689944977
1563345184
-126961497
452913303
597222455
-728724981
-852786942
1992641208
1594049145
-222065972
882745294
-332716345
-2044505192
1165152782
-1469100478
-758664289
-1048820837
1674570048
1079473722
-44162385
-578549862
181925257
-803999209
-251548656
-1572439496
-1156221960
-1175623964
1315293145
1870609521
-1673198336
295443641
2078812338
-227909995
-1497957597
-2030601884
-2119742553
-1878518381
-911302420
1783628101
1255256382
1469055098
1151035937
2146304632
2106004426
831832637
1847034937
858607161
-966381823
-1054805066
576354827
-1638882172
-1820922676
-1994214931
1921375944
1085126140
-1530262690
1644907673
-1977797589
-1149444083
-1121677176
-438511386
660176878
-2069493932
-610361782
-63460232
958153855
-795462595
1434614956
680920239
-246624013
-2034248211
-1892553522
990141996
-945415109
-1843277981
-257615554
-611762028
-425025644
1448063705
-1753761911
1918337683
1574364228
876072815
-1699860716
-955102685
1082308738
1854534923
-324675284
2014989582
-882098251
510399098
-750735782
72357297
1927762401
1683493339
-292686597
1982812162
-1134633378
1490065212
272024848
-85761325
1451050442
458261893
51279187
-2093622953
-1892950208
-2051838572
1871988106
1799053541
216603849
-1382855767
2033506846
-2001969412
1157104402
1308243716
-2047910674
-1558027386
820176991
680323020
-135571616
2101607264
519483071
1077753651
-473327175
1048356634
1912270209
-1092485674
4965294
1115093499
-1078018586
1157887081
26427963
1651189063
-212263145
369457811
888264370
-2068548669
309798233
-188389354
-1085080810
893679992
-1543411586
-465875918
686208937
-709690441
-855284322
1317912395
-1976844861
1914033501
1315358727
705276617
1912593380
-658744488
497536369
-2006209729
-2026168564
1520305513
1280784757
-262475570
-1681181366
-1056678101
-140145600
-184073781
-662051437
-151747245
-1551208317
-1697512545
1633857749
-1839418568
2113836205
1141140975
772337738
-2041666410
-832740516
-1944892420
1170277649
-1932013682
1044729616
-1257050037
1507093753
1083489008
-1685805791
268713608
997314720
-332598083
1225530355
802025382
-1942528324
213478630
1589612647
1044608075
-1917384520
-1410385830
-1198479724
-1798497941
824800386
-1677393857
601244086
-849652942
-1501710429
1374265726
-510720154
109662759
641806223
1858519173
-1267965429
-1653520754
-1648620738
-667790009
1030141584
1526134285
626285050
-1558285433
141738326
393447313
-1206733958
-1329147050
402345580
1626843506
-851391184
315612634
675397885
1543992788
466325727
-2067578288
788209161
654686544
-1483241361
827479891
-1633251752
-1548058668
210744068
-1048130466
-1149924438
-88405049
-417065140
1334734734
1483550003
540515184
-277960936
1045892012
-773109947
1796579480
1619675182
1727767147
909201999
612585069
839980636
1163167469
-1606267643
832283048
1802777296
1376787595
-1535111712
1484801778
-248466265
315768277
-733497399
-2000616573
-267743549
1681166295
1167345168
1111393292
-475037983
1851934110
1621713826
540063191
-508470807
-1481762822
389546363
2111245867
-1595389560
1495889284
-376348583
-1847893004
-851259653
-1540346142
-2037087823
-1831452765
-770531538
-313777335
1565340646
-185744045
-297620475
1963503939
-1829032520
1953930541
1070853880
1921380274
-1599410950
-300909044
1942210789
571994900
2012302472
1613643363
-162002143
1547608839
-1040841354
1720946526
989461967
-1559829489
1443401612
-61815225
-343214219
1571690903
-658631438
-429434837
1253202379
-1335016395
-112300761
1321724860
-1404172330
14762034
-1814998217
1728390521
-936662730
-1965430712
727468845
1646563851
-1765650757
900866221
2048191173
1470714610
-217494467
737087056
-162367130
898265440
285367212
503643746
237312846
1971387237
-212181659
-368786921
-582484978
-499626165
-52082233
-186875219
1474767929
212678979
-370202618
1929597357
1442391640
-1213282496
1654988350
1310128496
-763941088
826144546
-1065947445
661115364
-1094777626
1840751383
-310217001
350657935
1612419666
-2121904066
-1407188429
1252307668
-1558603693
1909441420
1589610602
-1621691019
-1322745006
225214707
850667283
844129369
1616306089
-1011509056
-1936954009
-445562994
2113741142
278357828
-949269230
-1714156912
589345515
-887215434
-608254899
1792143051
260341705
1201378135
-1041328852
-2071182754
-973378163
248689111
1684971060
-1312737503
-723224375
-896931849
-2025478096
-1534200343
1342138614
-1145520273
450018628
522234378
809783209
-2122200303
967335234
276906268
-1302903035
2022110765
1727406908
247456514
936715120
2049500727
695119961
793011751
-364049271
422072999
-1893666836
2011841547
-477744807
-1624606944
-1902573374
608752125
-588248120
1661993940
974032827
-364920279
51308369
-1793052634
-945107045
-1277415211
412983033
973067152
390806050
-617954841
1664665213
-897144634
2010207833
-1966107990
670479050
990060315
1834139694
881132497
-1131211343
446651940
1670450499
288268219
1225531610
27287450
-431314174
-717381384
1627022329
-1117633660
-663549452
1945689355
718002752
293814933
1970383443
1024595825
547216148
-1595874606
-1049829923
1578041570
-906436094
-1524542857
-1734454550
-324245802
-1972608524
-1296233189
1190968512
-322545846
-1506273377
1880829714
-1972949722
465059011
2131988287
311761682
-13372618
-925616493
1325126022
-1168353768
852366199
1187066202
150629329
-1601716852
1059695914
-259816497
-1218951268
389774243
-980885276
-1091824704
-1897790152
-583967228
344984668
-1402583210
-687157829
1646097070
104951686
-706918755
-1038757834
-1698361576
-882536736
1542803780
-566370771
-1738758759
476505867
2019437728
475388739
-1859973879
-1459829348
1137700342
-1462504395
-1636360535
-1184212172
177448185
1558499593
-2129736129
-1294705971
1267575441
759379590
-54189947
360757847
551000030
929286886
887530435
-319199102
-1521211013
1514926538
641355450
-263975971
1082626822
1382413165
1467935172
2028871456
-1381824800
907272988
-369924552
1406009029
744126001
-958007067
-872232941
1666104284
-301478610
410014350
1184007636
1378207775
1611607966
-1928900664
-335773018
-1146171580
296483225
-1989608028
-190052668
1444630930
1199999122
-1513274042
-756590056
-949431369
-957411176
-1539452457
-1547311834
-370559016
1838809560
1555161536
-1460863961
-1118170136
-42024346
-562465004
330020985
121313596
1463926844
-1354327219
-1330609099
2110054751
-1398857854
-1176851910
-367444959
493335586
-2389745
-1001859016
-1236726839
651369208
1368710447
924739488
1660774375
-66431616
-207303002
1590968703
1607322379
997393249
-1570526731
-688593524
-1076357001
-1186719907
-709243685
1704781142
-904541877
1334339488
-2058186210
-1783931204
-1460385823
2085187417
-1221872246
-379901534
-829612678
-777251444
971535418
-1789612831
-1988045287
-837645019
83881237
-1865183617
1229045423
-1745640881
-1001224805
427471648
1305076087
-1287059194
-81111327
-198950725
-1198922589
1249607914
409396954
245536911
-787173576
1540153942
2060759511
1010990168
-1712981963
-1548916559
901072976
-1758604610
-1226824709
-1519727101
-628816668
1322368782
-100658200
-1015215157
1649909406
-27131861
1636551748
144561423
-957015175
-373372218
-940895136
-2146099789
-160110811
27366092
916944124
-948550898
-1817374197
1430812704
-1643955991
-1280398918
-1230504817
-1759556982
1735218159
1610605739
1790112404
-1100982034
-586001424
76331394
-1883473084
949387200
36225100
1421973027
-1562287856
-561173833
681151367
-1990833276
-1569475082
1070742976
663452457
1462772168
615995393
1371085109
-1922913819
-112682613
-230442474
302853454
-583825411
-1053921665
766702828
-577384233
-574947868
-855920841
-1237162916
-1368109277
484676900
334822978
-225880870
-109027008
419023746
-776777604
1068401986
-1286175125
1848636511
-470106976
-1731362600
420409286
104090720
913715232
-1513548406
348844871
-1901976751
850992440
-1059558793
-1766704652
-2076098490
124089920
-353338700
-1898439348
1788142595
-1201305023
1627650124
-1626019832
1936592285
1628346059
456121225
1415966211
-280304288
150610693
59449969
690138997
-2021166605
1655797765
-122387309
-1685816473
218233786
-785921438
-1868488957
-639548062
-1021853061
196405510
651910306
1859232362
-1778063037
-1593080504
-1366188382
-1367006934
-688079734
-1111267271
1757964616
-1694011024
-2046970219
-608097987
1778129140
1785466587
599189019
306854366
1958372190
-1493343535
-1559586005
1814911708
1216096545
300388791
-1542160820
257216136
294411133
-2086246564
1482126821
-795288495
542177880
771823285
-1692795425
-1929479777
-1340641658
148226255
540923272
-403231777
265667657
815920896
2034902970
-906725410
1986431515
1658104928
-768765636
-1393397158
-1210230870
331958903
263170407
-1027455530
-1091682013
1276304695
-1361055476
-1273577043
1816312499
968460844
-783660139
-589150614
1648013386
1299957489
328689258
-743005354
1715525025
-1488452891
-1782467947
-607340207
-1111133570
1195030559
1399706792
-714934555
610479926
-323479650
176139997
-478215784
1323672947
855098565
1408461183
1913659521
203536695
1959547909
-1047257719
-2127217635
-452198880
1742176475
815793548
591562594
293186797
2096582397
-1744545579
1347429909
-490934976
-1480095025
1457075406
-2065931176
-1592428635
-1395237604
-9946972
-694070394
-1057303598
-454957566
1116649258
476504131
1238742832
509612844
-1862884612
-1600670258
219301786
-51305146
1102026983
1542488728
-1429387677
-1418684243
845393032
2064019994
1694132126
-1604360858
1794759474
-1613041693
-83732072
-2137142702
-13481707
-444594192
-1967439703
958011294
1122413723
-1204684737
411478828
1216162944
458984469
2105526182
-2087960117
-315319265
1605710231
1197864416
1824045055
-1111118382
-1905428193
802920680
-610484010
-934040435
-1143612164
-511476855
465570807
368523671
1216570477
1933054262
-1816621341
-1372875136
1278761095
1614959382
-443113859
-2123228590
2092557148
-1418143133
-231039797
-140818938
-566362791
1367722996
-684638466
-249025479
-1895805713
459761943
1828695983
-2094129121
928177270
-1087874652
1788416363
1834082232
-311834035
1997144910
642458993
-1861309120
-294693051
-802389444
-49800519
-1949234197
1331689279
1046812375
47171896
-105638959
2114209811
-324199195
-1839538846
2855207
-10939725
-2053054506
860796912
768893615
-1693205872
522641502
-1251408413
-767046799
99860283
-1261609149
679367880
-177886293
-193448881
1727349111
-451467460
-2074815227
1201296271
381591913
1277906354
314043912
463244618
-1860394601
1714653043
1401460945
-401622265
-1011133337
-2033864730
-974008063
2116442205
-172241609
-2106590191
-895634185
-1853364703
-1846038862
-1932784545
-1401278911
106224583
700369509
889902755
272313679
-1892824319
991339921
734440540
-1625789335
773233068
1303181122
100196666
-1229984286
87619052
-752127072
1388631521
14002573
253192341
598505604
1554148076
1437343088
-218846772
49639246
1586372659
1743304119
1078533101
-2146109451
-477797295
-505266197
358256815
877670751
1174001760
-1456022173
531152006
-114576654
-1370584058
-1984288518
857930824
85068650
-1625393739
372474881
2101498131
-203237140
-1271157971
-645939593
-714295699
-506278309
441130565
740855415
2058696363
1287010795
-656875029
213355249
-228695657
-1621827341
-67290263
187800988
-658831027
-453032698
761988073
-1115480021
-1721538203
1183491651
1396973115
-898361154
-629990314
1314543340
1301873876
-1774237285
1122403097
208811061
642036761
643696669
1551139596
-1493739426
-1171884834
1153830636
-5521895
-1673438717
-1831908568
351649646
-1142380265
2062527666
-590279366
-1308719492
1714168943
1872492222
-315005233
-2088478632
-1339000062
670789714
-257733469
1805940703
-963318966
-305225784
1005429816
-534446854
1205214911
-769652933
1649288150
1097977434
-531876997
1883739994
174304978
419627619
-808633312
1899101055
1549513235
1377033064
236804601
398988031
1920091345
1783681817
-1975265953
-532403261
458035616
664168761
-1603348387
-1828204009
1731021741
-1421760109
-1064980585
559827393
1442133062
237935918
-417090201
-1799027627
-1061030753
-913302849
-374060216
957655239
2124599250
-2087736738
1057654135
-1132822462
1157820711
-899977091
1448438999
517692471
-504669547
2016629781
1358691092
573983160
-325666936
-161098719
251278603
1076798981
-1339484187
524304463
-1827993751
-1958057881
-252061878
-822261515
1518389649
-34949828
-822201190
888674881
107514563
-1965945261
-1010344520
135886516
-1364030086
1550627961
-395381871
-153647919
517772564
1984237139
-335984032
192431121
-1539249736
-665376658
-1922766291
-2083398375
-1158203789
596877972
-367848554
2009284910
-446519900
-216818079
1772965073
-28128024
375054234
-612072683
-1335346448
-1509432795
-191639685
-1821660502
2009353063
-1796231872
-1446882713
-934327255
-252644917
2131528067
389690588
-942459080
-620790308
-1980581671
-22797733
1840067832
2120142277
-783523128
-1506776245
-784457203
-2031525727
1831472797
-1768569570
1692014077
1113820481
-408679192
-2072418126
-1633997890
585097516
-22772694
684733177
-1405108343
-681841690
1475941581
-2103530533
172897780
-1454900619
-1673115565
-1569188006
1472569407
-1479506144
-530169902
58389751
1011077613
434659705
-1352706657
-2004119212
1409203094
-1837182306
-1330207159
1299418650
-1938284805
926761403
1252897993
-1802009572
1001386074
1977359570
-1388732937
-1855839300
587921668
-1361638978
209030974
-1483311219
-194474196
-1304124556
255423635
-693031623
1547400960
1024870284
1670975906
2023426213
-467189507
-1505183745
1184823882
-1435703982
-1478182529
1423349042
-1982194101
-1222120954
390413719
1690956851
663477310
-1521823061
894830880
-1814391487
-525348924
-1286114186
-1692282348
1759149713
1039519490
-1695948725
1033913627
-720699569
-514208948
3458911
-1488439451
-678404382
-1735620320
-1966275042
666018232
31112308
2082169685
-286754481
-334907188
-197205327
2071235987
970097014
316716758
-597552178
-1782019579
865785977
-2100942238
-943189556
849397325
-1322672762
-1918116251
-603789571
1309578168
2133703475
-1990414446
-1611124025
-1428885838
-1106703386
1609163500
-559415641
-601699972
1529864310
1736364444
-132292744
-1885680101
-207106798
1487076868
-521050379
448842643
531357793
434103827
-1873991300
1806975573
-1623545621
21047002
668982292
1336067061
1823780023
-1535457953
-183873871
-1328276961
-1812449484
-253054799
1188120246
1440573643
735158620
-93859524
2101116346
-1700282449
-1285195754
1008875870
887113870
365547253
-1079237413
1056787257
-794023297
-1736723666
-1670579044
637921226
888723671
543624325
-1298081565
1093925690
1567912618
1208276279
-100491464
-909641100
-1405882162
1465756482
-417965371
2005542391
-1088613846
320373084
-2141860804
-331700756
575424563
-972100826
112956408
-1881222277
-28416076
828209313
-975938974
-2037824679
-1874976307
861525216
-1341154666
-604019291
-1135507139
641702911
-880807099
-461844748
-781965341
2130713683
-1412095524
-2132705622
-775001983
-760187166
911739877
1640609419
-2086446909
-1865100523
1179876014
1405302673
-1535506560
-646014548
-237343449
-342558721
-478674114
2065623793
-1031330800
-1112824139
2074524923
1682818096
836521043
1807650758
955634474
1960413286
-1079776338
-754600377
1743292667
1316610103
-1874988140
769079146
990703071
2075927845
1401593429
172968650
-432047797
1517210623
1362819708
503804935
1722162875
-1053523306
-1894496137
-1575569003
1132076537
1564406966
-1353118083
2078143697
-1486351458
-2135135148
458557100
-742355115
-389935655
998424835
1849117553
1008419212
-667440786
-2127213908
-1590139349
1708107400
646216450
701156222
-641719278
-573261550
-1849341803
1311999267
-1223076523
229215746
-953624754
-500241101
-981476734
-393682991
1975079294
694400237
574071851
1443970924
-1354266402
1740904484
371296453
-1577124278
-1521379045
-814504074
1412240595
1825711552
357740180
-2147286588
-581650109
-871624813
1518466402
1864970461
784595991
1331000271
1726149784
1097440636
379424583
1670840278
-1427514933
-1668231564
1121022437
1260112571
-971343660
-169777367
-1580105854
1802910416
1412498388
-1653728958
-252374576
-1403703171
634371960
380927388
776116360
-956265901
295516029
660080769
224414605
-1039051168
1869789046
1461423385
1742429009
158024900
1660095437
-1960115168
-368622729
348270468
-908210425
-1985050151
-575855686
-397423715
-588003509
1421526849
-186825972
-922036388
210049060
-1404945784
-944561918
-1326294548
336219269
-1729228100
1778301294
-1374369744
-1498055411
-1929604409
130801229
-1188814125
-235334004
-2018627685
-202716189
1675977116
-959052602
1252646315
-2144642268
1171963910
-811907722
1515471260
1982756438
1533918991
1507665813
1771878460
533181427
-891883440
-66405669
1652451762
-1457308717
793697869
-1888734330
1436736503
-746431862
-1208703474
1925006937
-797525884
-1616681201
-108259858
-347946777
-254232243
-519053667
1107191218
1651171857
-1013583635
-908731683
-676996132
-1862519092
1046864418
249579076
-1239550911
-825295065
1514936954
-1972145478
-1009329191
1665752972
1332495438
1653208700
-263957034
127328837
-1028070417
-30936254
1198349815
-1005056702
1471427615
762915747
2116230173
-418443240
-1073883709
653298360
1333460254
1062915661
920602325
-1780088320
-779025192
-882783790
-1280027489
1201267075
-1705726583
778219984
-768869083
-934080967
-1502353314
91789735
-30313502
-574637397
-912452791
1845304370
1377058231
-2078898726
1770649623
148041552
1937872928
1391469664
567486657
-1782076512
-1236230232
-1011877931
-22262527
-1848181
-1236932194
802437235
1704932648
-1150538618
973767945
-672361219
-1100691922
-2000125544
-2065852712
1451257051
139989770
-1330209254
-1320745635
1796999305
-470730940
1181383101
1753540348
-1957792718
679134919
-675854639
1607772191
-2015895400
-301078789
-1570891836
-1051452308
1575136822
1611556115
476240104
-918163654
-316701017
-1507762781
-1810849160
-582473920
1446979656
2116962676
1600300764
-1597853297
-1345664996
-1700559973
-2112405204
-1547753534
604384752
-1439392569
-1576605710
1320830323
1737813695
-623243301
1521551411
1645396208
1884186967
1178545084
-1886581584
2042657582
-331192005
-1421588885
-791800471
1899641597
-592800821
604540245
-1809046686
-1625331843
-173866078
-1152383255
1127070888
-1080134192
-1404651969
1146067307
-1902556010
250084880
-948785178
506604296
862307412
-980833405
-1908606520
1715941161
1291206560
-1903461363
1885003361
-369347317
1524937168
232588005
42207265
566774671
1918623511
2085069451
160851534
-381071794
1547773447
1207300601
-585565144
608202736
376626518
-1930444520
-755368371
1025283518
-949466652
-890408843
2101797471
1838569588
1825337596
618434612
-43825949
634043995
-1484961063
-1919223228
1764608363
394199703
99424620
-603137069
1943034103
1795751357
427550556
-637181436
535519897
1190986664
-935627954
-188678689
-106823081
75188876
2062551910
1848341385
520565332
1694773067
-1824187124
1796942004
-2100663759
-1252267257
-1739293454
1330538072
1241796784
-1602515464
-1676956842
-879853149
-1058380902
1192645502
-487942012
1344806957
490387939
152544121
-179589730
757533551
2124366859
-269527848
505224607
766986101
1465528006
1204225392
1659880093
-2081136430
-2004661282
1007983374
616565582
831202773
255370584
380322255
-1943946036
-14598407
-1851613483
-2136114258
1589611676
2075744929
2110671163
534254941
-609495316
1300357124
-1217999724
2043090009
1074787612
1910988133
511773749
-682429896
-493094785
1923294600
121301282
892713285
-1309618847
1410453600
706856625
973919822
-581236148
1302631180
-1368771220
-708463685
-1747652729
-1560567036
-616765381
416313826
262822623
308746383
1257985986
190140570
-1182682199
-680590216
1554036744
-1151427058
137958150
-1126519552
713696344
1437744850
1010248808
-457562602
-1120197268
892543803
-2134656427
-176899899
576845255
1230257642
2096329579
605146605
-961468319
-1163145302
2079312803
-182890443
307926409
374283388
-1910307367
-1849444033
508670471
-1567891986
1985304971
-1241432546
305771648
-2095708493
-749719328
-1201484028
-1438241506
-2062177424
-60243220
644275775
-1080364177
1709843667
899911218
1096229478
-819818867
389332714
-1154058390
553895887
547388287
1762560434
877105283
-444873405
-1137248801
-177070355
774032362
-1498855435
367929020
-1894026953
-1543430132
1672768175
-1488659007
-1884489637
1612701466
863874125
1689335958
2114637538
1234126603
916773231
-1971725178
-875457299
-754217498
296246633
-139024799
282602564
-1700532671
-34328962
-1311640413
-1022844498
-2077788156
980863310
349302741
281925506
-645420686
-221909108
658732339
840484221
819795050
-1371267597
-367622258
1087988182
1874498537
1246948730
-682202509
-755726448
1933563346
716035013
77974413
377581070
-467387151
483129055
436837959
-626096660
167731005
-841021402
-116159051
-1789473013
161784925
1106270854
640100532
1145961453
-1547974547
-2063816727
-1012716465
-1023740348
186140417
-1744684562
-680882076
1715312837
-772935063
452749784
752827014
320188992
-903791818
1426238408
437943077
-1924225547
1540746237
1550883119
-850544404
-69976801
-1639490214
1432333949
1089990250
-41255467
102852151
202551326
558030324
-1664378094
-499020722
-696391002
-2069553208
-968076782
138164459
1394000458
2081713781
56117471
-444992010
-1362606702
-303704710
1281180202
-730007760
-275663028
-1875925459
550845022
-937462852
-533773373
-161786146
1242350066
-1935698975
-1568910032
-1345081284
-129750786
-2141849842
1430403953
1033759990
1249857553
2017465886
1176312568
-529354843
-499043775
-950532644
-1270065403
-891948312
1387101314
390553032
-2065503465
1492867024
123455035
-174373093
1998546847
1966503551
2144157462
-159647736
1610253815
160240907
1513022999
-448127164
-512325742
939223207
-534798865
1084818376
-1809263501
1498989828
1808970386
-895197995
52071650
1758289396
-1336105977
588064312
1924399709
1571815248
1853966974
-1843858225
-1372435507
28106524
1966581671
-2147250357
-211457799
1803873768
-1685522111
-1138045130
761833791
1908885880
498458864
387518007
-1678882432
182236583
-85609133
-546135147
-1865253540
-1294516344
2018594901
1040135673
1480152991
32927437
1008463555
-246422153
-1682029062
-1292719764
-903744225
-2112908849
-2039278603
1680387455
-382816845
907722991
-1193826012
2095596907
1149719528
240183739
1221785240
1320655428
-1110769449
1105798929
-582432872
-342964112
1795968288
2117113607
-1502647919
1143315081
1443019771
-1019680138
-289185974
514297480
947864460
-647894852
598119259
-457144033
-1188002182
-384767044
328973791
1513544549
-143093055
-778725335
1105588584
426606264
2128558535
376133124
1331659571
1936960222
1338594733
-17085086
-975519076
-1544213907
1825476584
1023077234
-242076717
1890652525
-7570161
-994102338
-1168817712
1850915387
1986994677
-1449303631
-1485202556
-1948046161
332674554
-1158308263
-446123952
-523807871
-143673698
1158467180
1965293498
1503765480
976068694
-140067696
-862834594
-55305341
-600448861
1268917206
1964122658
1892268156
-244001441
1424776839
1945137069
-126038038
744222041
1195031843
19862296
-1860049289
-172802524
-564934234
-1143594522
-1628115134
344859436
-1500316915
-754985935
-241101562
1073887753
-470442728
-1623110874
-1021742725
509693975
-1515720624
-1137390925
289101564
1487672646
-839530933
-1660855682
-1357311895
-1107515347
1525816877
-737738216
525744974
-2029695131
-1352825486
1150686322
-1813176252
-1095699436
-1517600533
1493909135
-750342761
-1615318585
-1014922746
923880827
-1526400983
1624706949
1754344530
308600699
1417307797
-813910496
1969614657
-343575419
-1178211690
747616206
-128468946
-1367174670
-1490096982
-982074121
1288880289
768273777
81907186
-1774278064
-566510382
2026820415
-338156452
229938215
554298987
-1650050156
-1345972989
-1831136512
539565970
-1023524000
-1583845163
1099418977
1028770342
1805188150
-291145867
594496234
153481031
-1981429880
107766883
-256744280
-1211800804
803713301
1876830810
-1335761239
141856975
822246558
-1578368775
-878561581
387775196
-6399265
-541153115
-966650639
-1658913909
-1424131651
29591725
-1540044786
-2006939206
-761404485
-1746203730
1745964294
1811744224
162882226
-1320821192
1337809497
1370903374
-453223999
2011493297
-1329312446
-1903705674
941083265
2142926201
1380406280
-473986319
-46007939
1383596110
-168466029
-519313156
-1705744927
994628594
-2142308799
-415954877
1749878896
1376573706
-297653766
-1760732638
1668550075
547594569
1902797697
-390722648
182878095
874825165
-1509017331
-1527929699
-1180855890
1641367496
-1281559017
-788852026
542213570
1115674467
858104437
-1641568922
705845902
1355818206
743368360
736017672
476035686
2125438971
704143729
2142385020
-2110989087
-324777572
-115129687
1559150622
-1361817652
-1961329749
-800506030
2119949405
-573908127
-897791175
1881551592
1148644475
354416056
2057529577
-362151427
1496428689
-1630701188
-1782144113
-1811049980
-2076687914
-1094741022
-693997293
-916526484
-532471777
211361239
-1390206565
1854264048
-2025974871
-943205256
-659971863
-243039443
1481959190
-1916853049
-1274549760
1204107124
-1400685131
-194543974
207524110
1250606817
609552902
-918854954
1261340549
-1612753236
2019125372
-1486184227
1266712202
1257531070
-1516117372
2146400068
-2076865645
596833159
2093243846
-989295671
1286271818
-95299314
-1804190806
-1706692988
253050552
-1819532471
-1120178915
-1836671909
-879427937
-151775314
705461908
-1188612934
-1840651994
-1168849911
-1367154608
1786369668
-1479606853
-455268720
1447751396
-1800775612
416643892
443368244
-1752203276
-1934536793
893449271
-854672839
-485820610
-1775526866
58408412
-213404664
77998046
1746102559
1609266320
-40880573
-682785331
1722997436
1960211260
-1726007782
841575338
2079840951
850204837
-339346468
-1527875396
-1647069212
-1037107435
-521819183
-792245449
1439206704
-955348421
1945372742
-1414980930
1483842513
221081423
-1899904792
1224275753
1056130238
-1571349639
-1845107883
1686089607
1108454753
-858743693
1255620848
-1341741722
-428467317
174845804
1492508148
416813137
-2036063064
-1236870609
-1655456309
-184453734
-1332687821
-348409212
2137890976
1625249880
904924523
680310742
-671513038
1751475635
1583664199
2075714325
1366952427
-989421218
-586522202
-135048995
-1599935439
-1521133979
1854813898
-274421288
946625787
-961884120
2105746439
955264351
91741094
262348710
-285243721
699155047
1396883464
1144615166
-1791868304
1943581338
-1596997435
-1911179981
2007638392
-1885670460
-885912863
-1520131025
-1664202631
2104173424
1475985046
-459318518
-1396854416
-660432686
-1456806552
2084051595
1052172779
172437735
-1385876107
376826350
-158838669
-335759141
-227265007
1344348647
-1969410746
-172483926
1944361362
-2076236825
339837513
-1402589176
-1145773977
406569373
-1779179972
510812037
-301688465
247666879
-834011345
-617125908
-1291398264
-2106136823
1280389172
-1373176340
162632805
1658231429
1403670101
337321978
1525508260
-2057199091
-1372804920
-1693563787
1973772575
-1217412594
-1109774240
1084605962
-783740543
-491556466
1604495943
885797465
-1017682916
-1290370193
-853878294
