-1781565796
2091501150
271776806
-2026668271
-663271101
-1895771360
960104950
1304006362
177329247
1258018033
1248063768
1447195229
394463281
-409967554
-1652412021
-623809226
-121246878
620291850
-1068058568
-2073952626
353054095
-838104282
1800871695
1088063593
1951391239
-1026936928
463555439
1387370556
685918931
528675193
-936309045
-163142462
1210534902
-987738215
-1455641206
2007520527
844267253
-1111287289
-157781971
-1131436828
1248343705
1404018772
761242294
-352814523
940057330
-2093296808
-937187768
-1707769783
921433503
33246752
902297866
-1679402192
888505933
-515016154
1010587729
-250312262
-1285801091
-948354366
867459326
-1892907082
-1304314999
2092633057
-1492233693
-1513224744
-873322008
-1353129996
-854534676
-1429779761
-23825232
654838058
104985788
1782387095
743667292
1668712928
-2103994730
658602251
-883888177
-955307944
2070165182
-1036920643
-1807769960
-582614615
-18305633
928812810
-1198394505
505862134
1042167023
1189944424
-1946211040
1455263714
551160336
-131194879
-520561858
-628846270
-1164029255
51775877
684133818
210501396
427960277
621581372
-962481092
315095728
-86709589
2116312922
-981339663
-2111609283
-994097090
1541748630
449735055
433576550
-345600266
863561212
-256785003
-1084046516
-1187169665
-136996862
-1172635433
-1787111235
-2022319632
-1096928038
1952133945
1860724134
1799074864
-1457376250
-548608326
-447343930
2024197781
-76822224
1227700404
-615044956
597113293
-85690053
-15774879
859536578
1123928321
-1241158507
2052508577
-1994883565
2060883766
-401993010
-147943687
-118352727
-1501823241
1274080110
2075954655
-1855633230
2118051889
2055178242
1009040948
1658971301
2057015389
-860087432
947950097
-224426313
-1557122845
815803052
2013863621
-1169304172
-368236611
-1108528574
739127326
-1052324789
860653147
-1908058699
-1640707097
-318418551
-1621546298
-1556649040
740026802
-2079224311
-366229752
-804324452
-819043625
1538766410
625375946
-785514374
643129020
217398147
329114429
817857778
-2001813674
1397987284
2015937853
-571511638
-123776530
-802739779
-1749174860
-1849360677
-2049914840
-115617069
-2022153156
948110882
-1222132416
291524016
139881480
-1589012077
1673415575
-61051093
827707139
216195860
666105454
1055770312
-245530823
-916097305
-1754534928
334058098
333093494
-1611919224
-169942155
2035824999
1686322220
1296812216
-2127160316
684769907
1784285593
-1146152743
674840346
-1783891616
-165946327
-91406468
1936796585
317437868
250818072
-1713710536
-1434587805
-542374788
669199707
-1110849347
1363043383
-147456048
-1558800192
-147083992
1431068699
-2139501320
-1940075693
996908439
54015244
-1424478137
-740189692
-1601643776
-1206187182
-1250175995
-1009588346
1178968382
1606905864
-83007319
-1452207495
-705010580
240380379
-225635257
-768237110
-1355870346
1295226386
1448011079
-762457254
1482758124
885854669
-1581302697
861728989
1911978777
-742378607
745496994
-397111548
-809830316
688871683
1916385601
-2123425058
-1253696363
-1905701645
1024477938
-1212458629
-2139229365
-1742927460
251629831
2003680722
1817407595
1762712361
890946208
-1189693212
-233642036
1185588859
-1515844324
-1741985760
-1435228751
-483436503
942043340
17929
1044053159
-1459896376
-599378711
-936656618
-504210287
509172587
1610098376
406904024
1046038273
-724183187
-1254942645
-1221574302
1488598216
-668187027
-817737318
1990221028
-1327841072
339432857
1715399187
208894873
381332520
259260719
-1341047682
1589443043
-1103720608
-1008693951
1486416517
-422251341
1930677526
2090583736
1502421858
1632377902
-96429616
-728969062
1569595865
1752665229
778841356
901513615
-470018711
-530132668
466120598
987338144
-1548293442
-1282115994
-1173898472
-824756158
-1523734679
1506004039
700350199
-721311085
526077138
-192626334
-461775268
119015906
1790604908
-1862207875
-900097136
-760055179
-401070293
-750554870
-1509104500
-1675478395
-893289933
375295952
-1242114864
1997627789
-2062603567
-320199222
809025651
751357891
-1894963282
277733199
212704379
560402918
1076602177
-1008052878
-1262282642
750468410
298476421
-1569360981
1926380840
-450689072
1615207148
-335211594
-1839029009
-889478901
1580942482
-1072892997
1709220036
-1641476514
-1724862027
356739758
-1241522437
1429213274
185575013
-944603400
814311182
1520096231
402025335
-9354410
149749421
304149457
256740287
-1080320511
1104890904
663719558
1356279933
1306320399
-1246803535
-973704163
1173573911
-1455176936
1891819212
-898912102
466266632
-1453532388
-432819767
319223408
-272781544
-151364956
-497383579
-1261785786
-1147933491
-1663118554
1602798412
-1303860994
1169919265
-772641875
-557523470
-1926443790
581956468
520126393
142074786
246947712
446276547
-1988769693
-578072362
-86306360
682158362
-915049531
-107487287
658898868
-1680871609
907923096
2008750922
-5034952
1771586512
1429955613
783469267
-1155678758
2132472358
1446230081
-1153791014
248348532
954314521
283049979
1385770086
-1403557576
1273677710
-358974472
-1877959964
992949749
1735444080
-1403823750
1740406586
895912088
-72219164
1709456765
2107167004
1308255732
-1660706880
-467804645
1093336991
98043589
-549555907
-1854583247
584941067
1338918386
-1421072918
1272504129
-658060812
-1691275502
-1836745245
1725349273
580009611
357134640
-1863171261
-1236358475
-1865266895
855751122
-879844650
-1113949727
409523021
-1428145096
-641672173
2142188322
1479275870
-2089096991
-60457912
-1737293738
1790592851
276371794
-1467508458
1285703834
2043896346
1946649
322813472
-832528917
1891526262
-1853813488
-25460225
-1489477361
-1718510315
-799930914
523433592
-954843211
1925940193
711602883
-1021286415
1090253019
14605461
-973535341
1129193503
66573167
2136510612
-658091774
-1492836348
-2019208391
-396395019
-1840480733
750454040
961820663
-323255838
1735360042
987532742
-1473035575
-611167198
798832249
878145817
-843268657
-1528952845
1148245209
2076016055
308929040
-1383447011
-155024889
1862677517
-1348716643
90346563
849426547
-1533849653
217732085
-1228063365
525124419
862975123
-1821402453
871608353
891431325
1275687404
-254483386
1035101416
2043480614
119263868
-683528345
1136108337
-415978811
-1250186634
812105777
-69618017
197378219
2013911376
2052018660
1847749098
-1894370153
-1028312391
1707884235
-1399399692
-720869546
590955210
-773078440
-291505127
-1630029175
596156795
1092925836
1902728906
1857839530
197429592
-417823332
-976166052
39894864
931833203
1454175441
-1562637795
1679479474
1904036508
-1302243921
-967630424
-1911522967
-1787195441
2050955353
1432747642
498567545
-1993213459
-1108827597
-766416956
498010001
1394323119
-1940965431
1931904386
-134283886
-737713449
264446191
508730316
2007020877
-140609625
1520397096
-862541973
-1509336175
1452276631
-1593512373
-1560039506
-728936604
2042659393
2100197219
-343285378
1376952719
-1685387360
270679511
-1527396432
-1210273
-900705671
-433912118
-988269414
86625194
1098222104
-1350198588
1586147560
1647340816
852095807
833974673
-1605663824
-1075244926
-849934245
-1954695063
1703520195
-378869496
1058889977
-1587931568
-1465236923
1447636414
-1603003273
-2065378625
1528196735
-1312597217
15188990
330187396
-1392938253
-1864252283
969988015
673423078
-771443792
-2096416272
967408412
954837772
2077226471
1311294981
1605170425
2054278046
482461887
-1254569894
1623389714
-1177127764
685057893
1585639408
1751374720
-1854533169
-514938778
-776807936
-1992138729
93441165
1187302976
-1640539910
-1655017182
1806161153
-419148491
1403037642
-489940399
9900219
-879601054
1620577628
-1645953806
705975268
-1893967856
1034925154
-265812385
-573077338
-448433334
-1745765548
-1152558665
2120837322
-835189073
-670973768
-1791123248
14724514
2137642633
1175744419
-2107066260
-630728152
1247771165
-852176769
-846664790
-430767257
-1708358076
-1450745331
173945534
-1340130535
1983073594
163004077
861022436
-1238663023
-578795595
1270469085
730918289
-594191397
524974905
886694399
2134009067
1369540384
65237418
-1933381026
1959955323
683362895
-352938462
1465008498
-827403999
1687907578
-777975035
-1987909789
-1874219193
-1496194435
-1444393647
1193203915
-806031783
1090229349
1319582010
1094111680
-860467596
-1801457906
1080968181
-1124111088
-402552995
273159309
-498270508
-1345197106
-1426205772
1427888592
508049298
-1946980083
129792872
913240580
-1046394384
716027371
-1557589651
107670582
-431458688
1332771281
735271085
-1767315652
-635612481
-1386007816
-818019269
861413333
-214063511
155370286
1918682830
-910377713
64244233
-320916263
-845191828
564428521
-589374769
-1807104964
1217315173
992293688
-814065755
-150750984
-136573566
1221792974
-55313533
-2055023658
1913758334
-1864664872
-1243813630
-580365117
-31971659
-1890423161
942963503
286514459
-1833304805
-1211616015
-945401950
1779151402
309997423
103131962
43408846
-850910226
1924351919
1830625006
1032236953
621288482
323341518
-43049807
-1643671762
-1179575945
1818580644
588850970
1914453522
43850532
-1920045787
1987999706
558598517
-992132959
1386129109
-1376178396
-533409846
-383770194
95140475
709137737
-1409856615
660021914
-1530038252
1008161441
-1186809965
-559527743
-1378231030
-1790000719
-2134532121
1323193173
374454181
-1166360694
-1994459949
377035873
-1766879807
-1129603473
1925034621
-1056143861
1160886977
-312860998
628273666
1185445913
1884551363
-1453616641
791017423
1356378549
-71579371
844270705
-664661200
-1505004684
647917542
-366032764
1937597222
1051346324
2145285952
408232148
1330795644
-1253941627
-41292491
-969751484
737471772
1592683946
1111609688
-1215494038
1474640030
1988873824
1453745519
739343914
-870094303
794912574
-1234479770
-104846176
-561789090
377403806
-210638203
-721152445
-252858119
-679615140
1014414821
-773034938
-216900582
242984157
1539546656
-2076502975
2145194300
1824818515
-869426105
-1205640176
-777518012
-1209606338
179467288
-975292421
90053077
2009944885
-2138586256
-1662597353
241380834
-394408219
664913150
319150571
144813956
-1554686374
970883641
-309901483
213231117
-1571205763
-597839725
-900736082
1763341148
-1296409123
1281142254
826805804
-608049294
439293105
-864989105
-17684344
-1630504635
1503028509
-1753908016
1028179168
1789114580
1453603508
-853493285
-1167276579
-469414277
1382918206
1919692949
-76010216
-927065209
1942142650
-1062153833
-281185351
-471707635
513822886
-1858694941
1192315233
-815232521
635708797
1659301141
87481673
-2027204257
772956544
1682191832
1868895659
597001759
1872963001
-404077157
-1705158304
-584084824
-918836164
2096407173
-2014130230
-145983469
-1633262416
-1980679514
-848610573
-328005771
-57551603
801517422
-888090634
1410391158
-1957281114
-2057018270
694071709
1808395556
-260151447
76006668
-89657013
9487108
-942688410
-1906215374
330512924
31502698
-1923941747
-2078841269
-658273718
1161075978
-492421445
2110255406
1898487506
-1368774450
116221431
-1703441652
-2013792938
-328573975
575067384
-818305376
255428677
1835930923
-268565014
323308196
-505304776
-591011945
638452593
-1934030202
1118018975
-93193166
-1054732307
-1378265509
-1740709476
-1806650083
-1436353281
1875858964
363017518
-696889883
1413740364
-442645522
1130747794
-1650252518
1164561025
1399093807
1388614885
1493293854
-1326194282
-765286386
1461291534
-794783170
1377732437
-1934433806
-1284717862
-1581933562
-1431688419
1941668063
1426003559
-772724784
1743498723
1694565677
2071717318
-1256012130
1042676601
1370452090
2050334940
-846014423
-1391627246
-1190475039
-710199928
-321047239
1331292677
-1673115797
-1814901494
-635720905
173291473
-1237009467
1451785122
671358208
1704505953
-625189069
-1673148809
-880321285
-954729584
-916257596
640754618
-692382611
1207171310
-899201849
1105385739
2108312587
1550774980
349063549
1932450843
273508816
-402710699
1150628623
2098829714
-945571824
1593384550
821053122
-82328014
1626720717
-580376319
-504275608
-350773701
1525239881
919796085
-1954396903
-1479264495
-511429156
-786911328
-1724446173
-1210464484
-909766137
-41863825
1984387902
2058094575
2019314376
-1697585243
-969048828
-2131880277
-765036753
1105692380
-656637793
1081964197
-662317263
-2140228407
-576278077
-1066919354
-724831045
-1566801468
-2071433250
-725641678
-255213046
-95236474
-1866799474
-37100884
188860729
657229363
1547000147
187846457
34947355
-1667894117
1278932613
954436738
-1238557878
18726076
-570530424
-1302466434
-2120392832
1224749963
-869039043
-1058318128
-313366492
-439934221
519767995
-2092675219
1081922600
-1712047843
-166005698
-263170687
837435921
-2108905486
-181264289
1021671571
264644695
-1967081251
1237596037
336172518
773807854
-1554884395
-555815013
-1669730270
1027878436
-1106648934
15754755
459537204
1204811437
-1976001218
829544393
1568965233
-765278468
1732041958
1686710555
-1953460991
-844336685
-1846311983
1039593464
-283270022
1945762333
-935367271
-171051480
-1737137717
-1894946821
-1244717383
1674339947
370828379
519396124
1758300751
-922871563
847452017
-1608847791
-994906078
2110960408
1173416406
-1022246817
-1456007451
-699822525
1334893496
-450939369
196503228
-1316971990
343705296
-366261852
376416256
353545798
-1291778873
-1054967005
186149439
1787100800
-821864491
802535032
-241019002
-322263256
-5228117
-317832609
1491859425
954237995
-518032237
1245252801
-1313101534
-437074043
-328127788
239462472
755748577
1520501492
1886236762
-898855115
-509903164
-1928554258
169269910
469925744
841428224
-173487916
1243867811
-2016803872
-1579082465
679660134
-1471187543
85458685
536451843
1764469881
32567174
-554480990
1099120682
970255080
215071658
1344913703
1392494898
-1446252601
-339220414
-1971043409
-727302240
-1047530530
1587476376
-1576775235
238779356
1317073493
1819892665
-525662707
1835156351
-455236693
1566279767
787647649
1406699473
-810437652
-147079439
-1373608423
-1637119859
-491476957
989854000
489163847
1237638886
2100111116
-259680876
-1136997374
1003402446
1039374606
-1268471217
-946149318
-275927947
-622177433
-1730469264
1293245005
-499958769
-1594834264
-748025532
-1578712168
-2095873574
1740261476
342992888
2114282575
-1453992865
1179172900
-1681958525
924003217
1374130935
1280696221
-1630914366
-1915210570
-1968375152
-1577720284
1099566308
1582777835
-580648271
342970209
-73000952
2039686145
1902741179
-1661305533
1869589539
1244974977
668024688
1589611827
1089907239
1068498691
-1656401735
-181941109
-1882960031
-2021365057
-1188401245
1678737481
665515298
1594867044
-36576086
969667583
48211617
1531788840
1783819834
1357710350
729592095
-736262112
1882802034
1833998099
-1428516276
797041361
1305401130
-1334855008
-467736343
-337899514
1436732215
-1961601234
993479598
-402873629
491824109
-1843286190
745548397
-1042860998
-861015067
269033007
1228283254
173344796
1806555135
-1473787605
-560838851
590608563
-189437014
736180453
802729018
-1670858161
2064432482
1444285798
638166288
-564605762
97257338
1876246934
2027278065
2125573599
-10669797
-1944473104
-1421468097
1005068665
-1264198773
-1488135559
-1577060489
-792485304
1164869554
1432551406
641167946
2064076889
1306484698
99891260
-991941876
-1618284393
791957942
871958068
936330833
-1339305564
810853541
-32998274
-595096875
-1238980116
906799159
-1084154930
-997018212
1390985976
-763717905
-521871274
601451610
-344455681
739830090
2126787195
1822257684
477543874
1257002240
-484790582
1288700422
-1346297447
-973341559
-1568933587
666399943
-1779434040
1755222754
1016991577
528323499
-286454506
244283280
338808458
2120629864
-629483616
-1016394011
-456023950
1707886331
-1789187350
-966665599
1341752174
1392945100
-1629716682
-773450213
-646258182
-415336432
642244121
1494211713
-1676546713
-1334558098
-2060575158
-38790947
-152473653
-1640914460
-601061188
-2100639687
-2143991496
-1648539412
548289263
-474656956
651889711
1046861530
-1129260413
-123869098
-794596010
-1998971001
-756519410
1779264945
317094505
-1697920717
-486052050
1715799049
1011862638
1954768039
-659723807
426600773
-1770575572
1994089370
80723219
-593106041
282937309
-1215721131
1922388088
878529641
-475812574
-705367655
-556313700
1547637898
-766389706
-967824960
302406199
1520704328
-1385624730
-376514527
-933991995
2132625102
1470882240
827227577
-654717866
597411920
-1324035062
1429331462
611564706
1714051221
1489220341
-1112016586
-2013708448
-27313995
-1477964654
-1652161407
-883704361
-169411804
-1121821947
1068369106
722351540
-754689810
20769399
1039265708
-859368930
518100803
-2034718127
-1482852789
1939735047
1414807862
-994484826
244244233
544759749
1719417281
-425730320
-2035707645
-1301545504
-1380750836
-1554486530
1517499900
-263623379
617844718
-447862995
675714688
-767815653
1026289843
-1923852586
1150653516
721915724
-187108320
183038982
1097197293
-1999666329
1439427507
440115060
-540377434
-154179540
-1544451538
-1616962641
534098326
825633992
-1698050218
-1346713705
-1398892774
1807349098
-2035520520
1865731085
917910896
1739448853
1612767788
-1696272147
101672348
-1196626249
2019681757
1982549308
-551120498
-1937096581
-1583890041
1057310366
1684320388
1969779803
-204618942
-2110876662
646653357
-924925192
-1922894336
339949504
1135371535
1848380845
-1560892654
-1699568519
-1911586135
216344801
1406506992
1872986592
-375713829
-1500711012
2096401465
-102054847
-1320817914
-983946148
-372112392
-181400705
1020454255
-1437088983
141040168
2038725963
-469343384
-1303738137
-1343447174
609259154
1574132401
-2070461462
-1581950636
-1714393033
-101756133
1594511823
2087890205
-1516367102
-1206694546
-568668535
-1269613641
-1253902633
-1809206132
944806074
1523003725
-524601046
-804799275
-703215805
-1362997938
-2055825742
-2074946099
582050846
1858594488
-402959268
689508860
548569194
419197081
-635812990
229484821
-1058015801
-819182894
-152939172
1019803738
-659396380
-1653626082
1165324726
268281150
1323524437
-703559086
-1748531997
-1567963573
980781737
81134053
-1922303759
1907177030
317158075
1528755635
69537309
907048336
805525832
494691837
-483670391
1898036686
-317463358
-2029460044
2053003564
1074670540
787402851
1187688694
1055809545
-547413090
2025056132
1950492632
319239587
1672893192
1781522990
-501304986
-1065863761
-1470302689
-1984432399
-1657779481
385209611
1500529199
-1018415628
978077540
-1606433554
2007964383
-1927544499
742392683
-156658335
1300985235
929642130
-1957392112
275155694
-1167847663
2021383600
-1634557900
-892298346
267474790
-1105104646
-1272568055
1743636231
-1187334134
-2108681596
-835350827
-1258930674
538417218
-1321778510
-998741771
366021962
143770565
-779293685
1695936548
-1901838558
112531362
-578889646
152295933
619751672
364026208
-1331830057
-299746114
343988126
1559977062
1318681610
1897499982
-1930047736
727308701
-1795730864
910948736
573804867
1465294163
-1067699175
656122521
664445093
-509644958
2042134322
1935375375
-1558515386
-1477027439
1643884887
18403987
-452985426
-1885327303
-1592267252
-1295532207
-1826819377
329285931
1079479724
-89322634
-990173387
-7664431
-845936191
1728333810
-904113797
563162514
1040112278
1158225278
780481024
1475596667
1763842571
-2047403808
1406968795
-446109157
-121110616
-1736214675
2041989387
-410159443
-573208077
-1886865457
-983611917
7048316
1578494213
1540616968
-470368252
1118699907
-1732673958
-8371785
1476596667
-1651401389
-131824151
-447958632
-1320159794
-331484103
-858342284
572362577
-1846479967
1512984735
804689696
-1834874774
-251197697
-1779085646
295690312
-14456419
-358665978
-1020522939
-658584179
-1273791153
921391201
-569893132
1698554673
323210846
695576252
1294043788
1524512933
1342690077
-1643986572
1386521002
-260640160
-601865060
870103438
1942056609
-1110309647
-1804720596
-1803682069
1843720865
657036631
-816824031
-1623121223
-77164268
-1582658928
1668683993
1142838571
789990731
-2053757841
824154877
-1562998165
633257561
-236606542
-915337210
-445154609
-260580033
938512211
1677135875
-199036341
148246857
-1127840994
1374584728
-273210586
450043574
1861514115
-1247749815
-1331892240
503634846
595878573
577062648
-505651021
1653591824
24478418
1675317164
-1243170968
-1937629574
-924114484
2029788563
1435031469
1277521229
1076247017
-1913937847
-1318062669
-1449356575
2101787646
-1371336870
651542653
-804500843
-1911626046
220369157
-1081574586
-1495514566
666124120
552601923
-1076446654
412101297
1701773101
-1165667065
-1456621943
1821290194
372378372
-2098170426
28601680
2116449423
-301807794
2081190200
-1357054375
763333720
-284598850
-681449120
-662110804
422179521
786909213
-1876250422
1475652743
1457522786
2003514458
289660691
1114131858
2048795646
865506788
-225564242
-428996522
496935655
1146779708
-1426815772
1967001584
1541151648
817260229
1632456988
-201719551
280073924
876445150
-1094018980
-630478104
1833628197
-760022734
2113019919
726317107
-971648457
1085330254
559829768
-900732334
-1568291409
1700809331
-1038792762
1167318157
-293306521
-780837203
-1101830407
1294107191
-678344060
1897635108
-2089060795
1015796771
-635364135
982764721
11930437
-1446157993
-251466866
-1087942733
266775250
444053247
-1096669700
2031046435
1614616708
917361572
289110747
1950024422
-49440136
-255059555
-575255649
-1832801438
1157838163
-1285065531
-350784994
360845396
627778695
1160554349
11025525
926587103
1401492181
1848832660
-1254702292
-645771033
1859639058
-1277915819
-1669137000
1622962079
-619529939
-1705861216
-1019332479
-1683672224
1679786863
-1649298388
1480119043
-1112529220
-1867389947
-2003380820
1421108665
643637971
-553327941
2008861504
-1668368361
-1674927388
-108040438
-434362322
-1151588329
1294023974
2087012948
-1202183471
1271818263
-362982184
-414854547
-1062377775
-1792100607
2092521879
1483632733
1858033300
-1115621716
-1609816081
828288867
-747409421
2018985089
-40607949
-1659355075
1204930608
-1598818207
-1906130800
1732603046
-1982016728
433204678
555936608
-1051410656
583133636
1972058919
616762043
-1908350221
971457461
-1450067039
-126859180
-207093644
1601394783
-450818349
845617281
524687754
1379195669
-649432311
-9194597
253373038
-1080965497
1559698843
233853064
1622545073
-1684591752
-985074281
1574171797
-1514829181
178960051
-109456227
-717362040
-396842959
955916863
-1057787382
-82361611
537049583
-1529608751
-111649703
-1457207344
-1977190441
-1009206654
-623336251
-1451655869
-1389047247
-290896447
-1447878351
-505250367
951312373
-1096450166
-965842868
400731995
-1007177331
-1800804393
-110957584
979753042
1682901982
-1714364585
-1142827573
280488172
1074941833
-347981987
-1478849984
-641298805
908267629
-1286124262
-929368689
-931109894
-1118887568
336143375
1382352690
-209300726
-1661855617
201405372
-44695670
-1533478051
-1403220270
-268641123
2026009531
1886728833
-2126995084
-390154154
-520868909
-277876416
-1030261246
-775407316
-261800143
-1286389195
-1630812238
969493687
-1855581404
1694696866
-772685673
2052781525
600973266
361340545
1917100834
1819611618
106012506
1603919064
-899217429
694074661
-370898115
697612625
1623897009
1071385228
-78279687
-1309231607
-1565439585
1918042780
-1225146634
704247976
-1055957552
1338842530
571242150
-378048079
707767317
374975790
1749309671
1021486362
-1265862923
1286138049
1580302251
-941561825
1378964213
1509855685
-271941670
1572218962
-799546856
1108763324
-125273482
1104056310
1360413608
763608508
-1244619776
-816997491
1830698039
-507949542
-412373479
872445104
502815200
92049765
-1699569811
-224745954
370579666
-2108392554
-2044647988
1325497622
667831310
1891740293
577625753
1054583784
-150909329
1728175261
1448710503
1843397065
-684015637
1342676691
2036168928
-508081177
1501811479
-311794221
-1317358103
-1443712067
1585016560
312641148
-1343532797
1054420647
980658391
1965539726
-1583911436
48485048
-1759749411
-2092935518
-1053321819
535438539
-1075684799
767152730
1949776461
1602008024
831197750
2124680152
-1225205297
-419588728
-520321304
2075788659
-78683551
15439882
1182139585
1705747624
-2095661715
2127445287
-519176217
1362523470
-619731781
1065210515
1857021961
992668685
-171891249
358890374
1463612507
-1470178288
-1251706993
-1928839285
-501273634
627381241
-1928985047
-419532136
1557016036
1257068053
2119227699
1182272093
-1028030765
2049908688
-1188579309
-2141637408
604265768
871691371
-964579168
-750402487
-1531223361
-1811603733
-1758075895
-391363590
-1444121007
620765012
1404878325
-289092893
-1718759108
1838954263
296417771
351936275
1839799690
2057881800
-250799372
-1131872623
2131488811
1757118227
-854574721
-544562836
403645317
-401314064
-87078012
1985792272
421189166
-1268405995
1156205290
2141909210
-962260488
-2080510292
-855712211
394359791
-2017108179
2107473222
57698107
655146057
1029163035
2100766222
-462971745
1714671378
5116114
1968120897
-321908511
-77673931
-1703532757
-540252451
899435563
565126960
1273564941
1026048408
754932783
469292847
1220923115
255047955
-153813432
-399995818
1930436752
-60236209
1969211359
-994786210
-742200802
-47059616
-602476272
-1652791197
681755475
-1258871969
-575429236
-397470213
-228783346
-1335918684
-1891106880
-1199020662
-62631663
-264248268
-366472650
-840384044
-1799153656
1618430328
1024827
-496261933
397030346
44955952
-294289726
1451511242
34621406
1238959270
27755144
-1071168359
1322003008
1942120998
1146669176
-1869070765
451685987
1558814125
-1895984304
-1806092531
-1758946182
269969631
-1847139965
688968952
-1502619405
423319102
-137770399
-1542756174
-1903230909
-908584039
-1434646156
442179288
652344040
933738433
729373741
-288278817
-1776136789
-747161726
1800377792
-1286384861
337390118
1103451601
1360104779
-676514240
713393029
1336830785
1389972029
-1322221151
-2119488624
-664575812
-580119819
-780580523
-1906033688
-1995400850
2024620457
-1329098455
654069648
905250820
1668219785
-20248846
-1865854801
-491199723
-110270941
-1396732374
2016009875
1830202592
1814189833
-91328323
888508409
-1696562632
-521700944
-1752086235
-29846133
-23665477
-1094387814
-1412367948
1168670889
124089418
446344887
1634485552
1708667499
-1515369548
-1555865080
477551780
1779250918
730592436
-148385658
-480577931
-872869714
-1538709731
-743319999
-942357837
649935004
1703200595
1668152267
977293489
-1480010287
1822545917
61609942
-1150830122
1368093178
2038584056
72738587
361276853
1374170581
1081286030
515686013
824539995
-485934605
1868991463
143506286
1588057065
-1863608386
1099900863
-1590815087
2032225
-1124636995
-1890341287
-1481147231
1740555460
-1015463402
2058385842
-1192849008
1567584859
-250252716
1219086586
-187956749
-2130560171
949352298
-1699374017
775079580
-323924590
1342222072
-163899541
-541819256
1841099453
116595404
2008064112
1855914747
208927648
-1944745046
1103178945
6068713
-1291383630
1011856464
-227249661
1984064152
-1603559435
142928051
1608314372
197073026
596430846
-1908503153
2122971627
-1105352577
1481982037
-2129691618
2099993777
-1582361565
1560196862
-840737242
1706496208
-932237468
-1748419753
320423481
2084122937
2019542144
621071908
1081673784
-645840502
1579092509
-1334440216
-720955880
-1822472832
-924002383
-1261477258
-1498225432
139877289
312753187
360541894
353902098
1892798302
1181047474
194969612
759898336
-1220225552
772125206
-1947358458
-1926391742
1248619297
-686083612
1373487253
-1185929010
1416495318
-1361526218
563177103
1429371655
-1509624311
-1103552118
799271379
50537953
295438596
-1335935766
-527458915
571817348
-1236322101
-505321907
-1161700326
-1168537008
1504037337
589761853
-879363010
1803922465
-543464945
1616305593
1235833045
-2139902509
-561352727
1892510044
-1417181992
1726532872
1459179762
-1259159874
164620546
-644187608
-1855001735
1439142681
-1662417247
1647629481
-712331387
1139335727
-1318777935
1536567183
283587333
-162322325
411624486
-307811786
151903564
1109171014
91559048
1148193103
2100647355
-168819732
1745988037
1871084584
-1041520193
-1803018210
919851586
1441884719
761814526
587574618
345175090
828564664
-565059892
1895334456
1231574315
1248950525
1938097123
446061078
-500619530
-1299833242
-1725654189
1075853047
-759951962
2009351435
2032283575
572620200
1497920235
260425846
852524457
2135044132
1571764903
1029491373
1092832375
1477962297
-1285444415
-1691763858
-515400170
636978282
-1420515270
-1426845764
108685910
1166246167
1037792125
1494773146
-1816962729
1657907163
-663306758
1699172374
-2095304389
-842763468
-342251787
-419731576
1571089180
1473983593
716692890
784284187
630170432
1938166184
-628281771
-2062694260
1288624267
-566672786
-406843040
-1575863502
-557600972
-330486229
134614684
1531370301
59845307
1047482661
587860645
-1657545662
-48983270
104991644
1270993184
-862799370
-1310557894
956809006
-538873770
-1826410951
2091585192
-166207876
-152028666
-1513421994
-312490872
-1314729202
1047297398
2070562441
1352623561
1026809203
564678347
979476161
2022514842
-860990548
-1411715174
1583401894
1804219163
2054545866
-964186946
217026780
1083256663
1447538902
924075371
-1920757367
-1184036238
-1572562960
1232482179
1981407252
-1208653026
-687162438
1014975784
1869825584
-803411117
1287602166
-339220591
-662796008
1010123071
-774967443
-1799552223
1735142939
-694647942
53935634
-46702411
1419477851
1663433853
1133857127
1399898173
-934743855
116670804
-1202603232
1316108429
-1679698541
-461275246
-1524059643
-328222603
-211651239
969291398
-528968420
-2026765042
1986443837
1394462635
1546843398
1190250838
-1143025983
490457700
-227287127
-2028238081
-890973162
10186472
-1077392881
-543319933
-415156069
356727930
1918284941
-438418308
2097115811
898926302
-1834259161
-1685454287
743252859
1165162247
186389555
-61982861
1106896554
1603724052
466372411
1468979114
1636716922
-258428547
-1516792281
-1653466070
-1605048649
-177030263
-742185317
-1870729782
-1525153098
756704003
-577001058
-876620873
-1425800296
-1717022932
-196442245
-1171948667
659370448
-393018125
-1334352405
1140928134
-1389548319
1912491619
351890547
-64960417
-356261780
1481975132
-1037178101
-1399127336
-408664727
