-812300999
400983528
1905922177
594235515
-999076643
1221164884
-1890531057
-759895834
438228508
1877160700
-1454156317
1998911021
-197751109
2005130277
1694640577
-65539760
-169697853
1424140705
-1938481431
-639643246
-1880650875
-1639047287
-1563637571
-957536438
-256825889
-275488728
789887909
-454127621
-680467268
1039306809
86503222
-1419061342
-2095082784
-1508259243
2004262545
1959484239
1290419941
-1261742682
547310345
1947304183
-1618036608
1148523488
-1094531832
-2117379960
-626254328
-1823319438
1989500722
2072558140
-28295623
1831119608
799911882
1397978673
1884475956
484114162
-1464630187
-1446876871
-962866230
1018534587
1461185404
1047038703
-1081969671
-2116052045
1026128182
1423853834
-1203341898
-631851586
417736998
-1581988875
1232990444
-460532750
-937524415
2139603102
-965885500
649498763
-2121013581
979133326
1055074343
-478889950
-1191829757
-1412953799
663313280
-642364386
-1153259660
1044107159
-887220538
965982314
2085241006
-1635343118
999579833
649801832
-1018708834
-513216511
1164252267
-32413915
498934937
-47045322
1296100865
1856575181
1534762439
236051796
1766858682
828836704
386183102
-1538571965
526889776
-1647336283
415617389
521330471
693975774
-1865022625
-2083430341
-221496146
1814403041
-1823189570
1589405039
1591589545
-437004286
475526936
-2072850991
195468766
-145133580
1457739480
-1909065838
-443789029
-742828583
1450367670
861649512
1003566222
-1703690230
-256823256
-1422701059
842567252
608734231
144359703
870822537
1218474063
-1144352244
1863794646
1150123965
-2064406724
345925622
1108049487
-1962656286
1734543107
-136095323
72680574
1982967106
-1879660463
1556977842
1514412579
614440902
75295587
1600448707
775960499
1961576672
-1880730587
-1664398323
-74575217
587147179
1299878779
-1868336102
-1997686664
822013775
1011110365
1248262860
-1657115071
-681635414
-1495888087
536389537
1151157701
1125634092
1248308148
1421821239
1618911003
226359042
-747934047
911854354
913443080
-2058770826
1855364470
700833693
-165989196
636866196
-1731462933
165541486
583135393
1881751825
-535055611
178556622
238444248
1434746216
419148387
-668576137
788912740
-1841456314
1718630104
-1542114145
-686538748
1101395752
-280906951
1457160501
1622445595
1045136705
-556404617
-1342247830
982978539
488763040
1527762415
581622386
-1382905854
-616702830
-84266240
-34982005
-575599117
1500452420
1765279198
-1853159362
1765839689
380392621
-1300481115
-1608631836
1613906873
-66195286
418010545
1897297771
-887933802
-1723674774
-2106531796
595134042
-23324791
-1455607541
-281754137
-1504645103
-562240384
-1031060091
524127597
-1470825643
-2098942234
2141825991
1224725333
1479883276
1872042517
1608269599
-1369139752
1796026180
1683235080
-218376482
12658082
1254347129
1820730709
1215159355
-149106708
-890049257
300251481
-312157577
-1436641846
1417915197
-1007953484
1188523330
969835713
650526915
-1512732169
-1567805091
-1124367204
1688668542
-9631588
-1099457665
-2016432513
-167537726
-1404465610
-1467557508
2141880636
1682333735
-1189491735
159981988
-2047244571
1587042704
976723227
497357929
1933393825
1499679081
-1856462741
-1561979836
2112972227
651217967
1291512801
-597968936
1085071128
-1767536075
2053918823
-860112298
-2093027456
1267775652
1312678008
8916515
-388726593
1862543042
98348566
-1951337032
982094740
-1289135241
-1557924863
1271219914
259534347
-657684723
-548659675
2084649898
-2104009969
1834896695
1625122131
1219393261
-1059975357
-1481004204
-947654092
1045306703
-672725231
-1318355212
-1676756102
1731209684
-31460862
-1978830694
834769751
-248946640
-855670960
1394493123
1270224946
-1370783384
-1293213767
-1059199705
479100056
-2137413960
1523486869
-1202488258
1668831856
166520503
1912898602
-1610044155
-559086222
1369155768
498137919
1886168321
-1669328678
-1380431245
2121212910
1048475268
1742994520
870448101
-855780930
1871589678
1599618121
2146235764
833807088
1675132598
-458026708
1532324949
1546594073
-1749497878
1684857422
29550898
-967730448
-1402329612
-885387320
-1961368314
1040321897
-1441815586
-333746261
-1260138421
-363298302
289444951
383576697
-1983125417
858252380
-220332106
-495129898
-1881047293
1128784140
2109894207
-546401154
1830983821
-412944461
53318309
-564922759
-1379138625
969611851
-522086192
-2014532467
1223839824
1630039491
-1828709152
-1379359756
122242953
-117768242
873533040
2014705487
1415039787
-249461256
931005470
249304538
-1378861425
-1977320966
1181795147
-1285183008
-1515987441
-534370482
-257163233
1153299056
-1276532572
1531805188
-1226729009
-1489140656
1008189392
-1819623722
-1300637918
1986897457
-1483185730
1274172538
1811113776
961068068
749855143
1088122423
-180606355
642872908
1179337334
-1867173957
81725413
1986115285
1837979566
-1822520790
165892808
-1649581276
-604335989
1543115386
855540777
1099207759
-376057497
-688363267
1719749890
-635184433
-1856831649
1051264575
-1485486981
160991604
1016209974
1430946065
1609610859
1722432408
-955236232
-1584356891
1157256734
-602273129
-1245226526
-1826105507
-844179112
-1935989122
2129208321
-1927094243
-1846100070
569361921
95841560
95993320
-449132125
1959829938
-1129363130
847660522
-76946119
-218861968
1236692456
-1477975470
848007464
602934045
-1132175556
1312119076
1430650251
872371603
-26389434
-1846367156
-210801591
-1202595113
-716770058
-1985583371
691443170
-1569335665
-1066838390
1446439963
1139152491
-215009871
-526853583
1991613022
-788322601
-2018537347
-1470311952
1872222489
2043160183
-503361620
203493321
-1664392525
234862787
230125801
2126431001
2132041780
-968000678
1882103424
166414401
1425615387
-885155769
372477525
-120467831
1869136494
-1270564731
-996549610
-1341720512
-544842735
-59893051
58577588
-1353459417
-690650277
1645073005
-1854482162
969406223
849853414
396980964
456619503
-2057817921
409315238
1722395404
-392880326
-2025148644
2136673084
2089522447
148981860
-1005697917
-682736756
695254622
-1189059551
-367141255
1319174284
928590839
-1908224671
1182199174
1212242271
339926758
-682701955
1211361117
1720683937
-216097523
-1633016403
-1370863808
-842135548
1883374118
1369766333
-1602375518
1542878747
-1711596279
-112276992
-1047521267
371722613
-311812822
-491129212
1188107845
-762300946
386520166
-698280569
-1095972434
-1578073791
-845672194
-2119901400
2130504170
-218548256
-375712797
1636868193
-1427836474
886708999
1808901939
1853778228
2032960342
-1964549106
-1112565501
-1944884700
1570335325
843217150
1625333343
-1683999514
335339763
-1587818905
166191758
930600024
1354627681
1360720496
-695023975
-7606350
853891151
97070383
-950430450
-640979718
223120929
1673175611
-1288622591
782517949
-371861859
-2040004738
-1275269293
-2099214085
1622605776
695453007
654335286
-1759401630
959230258
120814527
883183343
-1715687745
1721331720
1090939186
-841243682
-588457039
-1754921463
-1471635919
-676346693
-1065758561
-667996604
1548380799
121468194
508123371
270969920
-2019455127
-1376863920
203708263
21770596
-961887390
1598477358
1568245255
1384428697
1869044430
727818639
627047640
819798061
692857374
-476589898
-423185359
-1565558278
-279710436
97370906
-170035673
2033183175
955842439
118166380
1301738309
1163477485
-186739998
-1823143720
1038806652
445050429
-1557361272
1202092683
-2038778792
-1518047967
-215199996
2139350901
-861318795
12105472
550999455
575850063
-1218692048
664156135
285155641
1233605087
481322400
1390296933
246951772
2905466
-1841633849
1456540341
-1608702834
-495141430
-970213628
844221730
1281292006
-1317080623
1914451148
-593995097
1458187745
-284280787
-1900392039
1820350677
1815841653
-1161909091
-48449503
2065701369
1647161958
-1546876477
-560247861
290424445
1883921881
806341419
-1043678114
392804494
1782513190
-268866676
166797563
-1776669185
1748881138
472892236
557108813
-1196379028
336706171
-1363948727
740678654
1803908002
1195154997
2010204118
-631894676
1168685630
1541194902
-491249661
1253708188
-1297059693
814721070
-2034408159
-1228255634
-1305520688
1683313657
-1792618876
336112402
209742690
1272509688
139177354
737414586
1112748695
-88575747
-872243748
-708214639
1410048131
-357689657
151221747
1056846314
-2116883417
488422222
827931614
912049084
1935973070
1789909086
1266164289
-1654415794
-1854574918
1170636906
1883754912
-752272850
1749556224
-931578983
783450589
-1494837913
1977477040
460857893
21866495
630671346
-59796168
1224722405
-1330037708
421653356
633161225
1811467559
463395864
-143472119
-1417007238
-130078525
-1408611017
673056968
797133549
55279468
-982965296
1052623080
-1356962768
-45474743
-1223192100
311671961
-252630492
122707651
-1992514994
1883097847
785786275
-317017696
488137883
-1413030093
-2060469601
-53846192
722127995
927887123
569874310
1455150983
1069697521
-400374628
-1068812563
-2147272181
-747807351
146945804
-2062788756
-1129956658
1371188448
889356045
-919171642
143110975
-1943577751
903649832
620320077
275412188
-1043092627
1196355959
632832644
-994692853
-1793971373
-72435810
1728658437
-1895658966
-546966751
400339451
1440931237
-1223056924
216577602
-1973362404
598436309
-1922778938
945401225
-139215759
1861938507
-993348847
-1516069515
657651010
-538347296
1580308177
-240091978
27981026
2146211260
1364285230
-1605271824
1530759717
1876252591
-90734335
-475887682
-1308526066
-340610590
1505795242
414337529
-1740773427
1383199150
-2117773024
-1834969287
400541671
1347519435
-1106848695
-1125866597
-604581194
-438802515
-209283957
919421380
-404051436
54981930
-1934882910
1778015014
-1578097069
-392439713
-1008559437
-474011519
-1303249297
-1500354604
-1300709471
-900665683
-492879994
-1683113762
114914207
-1969339498
-1576712312
-608823740
1690245895
-18407546
-163432662
1044692261
-57162135
15613609
1979191071
-1537997799
-96455451
-1860135218
-252187510
-1954000747
-1212405827
1855448427
-660596563
-1840742765
-1410868443
1722391011
1960763366
1476566641
1887942749
-2046582774
-719887396
-2090586855
-472345343
896323304
105176309
1796942433
-652995681
-1319698500
-326369525
1193783733
1451358602
30216516
-1523485346
924580083
1877511661
-265856197
971483595
925030806
515593762
-2053810653
-824882370
545474581
1602798404
2033417028
618219364
2094620045
2065474818
-95379213
279456677
-1683761251
-220826186
1408653079
1621762385
2052010641
-1743793227
-1510209559
104855832
-2049588799
123780072
103080186
1451817407
-1935775173
122968475
-1253783430
-232102383
-977673313
804945812
560521910
-1506480622
708354890
586096231
1657039842
559120250
1817302455
1798458376
-169154024
456272225
817236513
-1631539038
653065120
-272431306
1190032491
1787128998
-293780111
1341286133
273934660
-113521627
-1332263432
-1799709031
272038022
1751669602
595202071
1000031438
1703201247
1358311587
-1301990800
-746667798
885694386
1954447175
-2119807262
307521054
2067014719
1645070365
627713619
1297386984
1849615616
-291816718
2058099888
860317131
580886614
328998251
2110486833
2021549122
1299990884
-1570354411
-1795299615
1522243825
1206380091
179446458
1917516125
792808478
733719607
-1765968650
1496627675
-235429538
-1397031256
764823561
1676509293
1631400339
-542755917
757957869
188456327
567463957
1018839930
-549527125
657430462
-1331564754
39437691
-1625514775
1440350674
1075861452
-2122457035
4382407
-327537426
-1408554895
-2041311472
1065341676
-1888535763
1264471917
-698883458
1874513883
1237931616
-452135857
-528081316
691412874
-2031022322
1800570009
507042462
-607371979
-206100549
1522227122
168987179
727882863
-662744979
-662757856
-396882938
785993081
-2007198101
-1900638218
796404397
-698346794
-1591833528
530124426
578891205
-879838178
-356880865
579218795
-131374602
-2060985838
158058015
1902794385
-1305887980
390733808
295458121
172817878
-270535553
541459977
-2024061832
-1832249435
-1884302389
-2020441712
-651697759
958383856
-1056607838
548726195
-413897380
194279015
1231334633
-2070068753
1518976163
713609446
-1640485855
171561376
624734936
1724665134
642027791
-132558633
-1988962292
-738049833
1856553631
773671535
-565997699
-1320112507
2055106821
1287304034
1532473953
1483817817
263993381
140011352
-1400794399
-405784662
573375541
-130000256
-2002539673
1324091125
1147575455
-225340253
230456860
-1343999215
-2132575957
1726892406
206727340
-1923840346
-1191033507
964862511
-1897762740
-1954706720
-688933349
1152781402
-492746243
781329502
-660236909
-626908692
-703716591
-1324512400
930359643
-1383629160
734719470
-76278910
255416025
1361712737
-853133551
-703302190
-323278364
-1014767248
-1006713258
1954976617
2043781547
-489295577
-1620471691
-2063605176
-1570379819
-2029174155
-1777943345
2053437920
-183806487
-839786133
1954202475
176353991
1062792432
-1846791665
1783424826
-112030295
-277863591
-1818922384
-742616926
-1580051076
-209179365
-2079995398
-1204597703
203698423
1680024096
1512274443
1662087633
1248728900
-1610307871
-2057567291
200259508
-1044063245
-396887219
225007397
1146107440
-1654438350
1777177583
1045585748
-413294763
266266427
-1000955570
1928822845
-1392529668
187655181
-81319529
208722271
-1602742517
-2072762786
-1492281223
-494050845
1949002744
649046223
-1376196272
119484913
-1536305781
-143732127
-1586180219
-1280144066
979601383
80090407
-1560968909
-1659731223
-1300150070
-730512323
-1119680498
-1160300921
-2143714029
1134449912
-1966195584
812066428
371636868
-1802862754
-1330131180
1637221260
2009872841
-4427304
-1074527209
480308657
-1542290247
-1505391579
-411302532
-17749458
-1640706853
-666937966
640151296
-16013597
1110005290
1386848871
1457191054
363126499
837206556
654384292
677208803
-281676733
243566304
602481645
1507199605
132715316
1800738535
-1132513087
395297937
-1837075884
-839091034
-224565518
534047426
-1589869504
-177312103
-1028365487
527284345
-1694814611
652943242
87904424
250896106
-1877796552
-2084417774
-447848468
-265421
1326148923
1360551520
-1663254605
-650798397
-1971219999
-1939772103
-2132177181
-1114531335
747880764
1342358335
-511785300
-368039669
1648395541
466291061
1715228599
-2100284631
-1751617212
-2131355646
1602533023
1076388833
-1113542846
1903778868
-1319357536
41494213
-912642308
1117919944
788789645
-1121157814
-2075488023
-1814097305
1351024647
-1052586254
-467591842
-1071431052
1829551339
1947867053
1340300576
1390926340
421101836
-770762628
506603323
1974440749
-433361887
-2073137577
1508980753
1078853251
-1264702463
-1188711599
-2119653963
-648445217
-1330709747
-1627189767
1905837433
-44624542
1126011372
1565774594
-1834068283
-1365578311
-58851203
1738087717
2098071338
-573982046
1260036617
672366405
-1999920202
-275113299
-1920687944
-2074790700
-338523255
1210998087
1927593030
-1206094731
1984575400
-480587788
755320822
1387120866
1209723920
1806506971
-1976986682
-738159600
-672930290
-330467449
-581552925
-410115952
-956982323
-602230549
-1645158049
-1665800904
-1946689232
-689024089
-1026174176
917495554
1343030754
1694920585
745268763
1513104691
499138730
-194591915
-2078284350
-76735553
-148964349
-321171512
289586619
-1637095445
-1505634325
425891546
1523417553
1133316916
1250129147
-1855583420
1850310959
-443725713
1106271415
-1383369663
759814346
1254962993
727489319
1062357399
-1480115937
1274292592
1061215654
1415334872
-779758818
-1406580886
491399929
-428811035
-2034720667
1835533765
-1213953886
1547623603
127171249
-870098441
481960310
349769297
-1229408623
45961447
967164269
220547369
-763742884
-980489260
338737849
859241093
544809572
1570137974
-2011068391
605141845
-1799827605
278942050
-98451346
-723976657
351560789
1948389298
936849294
1161697686
-1117628897
-1841119516
2050304087
-1907477890
-658253553
-923170302
566780935
-220869873
-507723219
-1074339581
-837745973
-1918371415
-498889743
494940529
908296597
-1569485784
-692030915
180094283
318945586
-1078944920
141416844
-2023314388
951204507
-539667701
-1124371092
-775564628
-81683318
-1515654791
-208084439
875801605
1426493008
125322280
-123492918
-1275031047
834978789
526328860
1551879233
-537641229
1172311872
135182001
-1092513059
900073068
744897257
1437628056
155309826
-965365872
8616395
-972928738
949894172
1432671776
1783464014
-1580719180
54607057
-1599408743
1912511141
812909995
979213173
-623082858
1453020259
-978499010
873194947
304068210
-510491308
-747858219
938475464
-563089103
428922762
183626120
1924655650
-996485728
-121759051
-1221686303
1778661226
1219527610
-1490290504
-460001818
241034478
1381143884
1185079160
-1461932715
316967587
-840711972
1114846198
-2123805391
228267609
156518087
1371415199
-1662623363
1860732464
946179241
2114625762
1418998599
-1371187638
-2063496448
-265260029
-1209261849
610637249
-1427574509
2079084847
-101433720
733664987
348463888
-1408406833
-1358038297
-165122436
-505842060
-815923424
75746394
1970779867
-379498321
1852685315
-1663686124
314657145
1633618950
-310506479
889738663
1255892045
209307323
-1992449806
473020617
-1708331453
-339312532
-1979592978
1335941978
608685799
943401400
2097253828
1999189413
-626750115
-1840215512
-1761660230
1191535334
1829005972
-1086185397
-2062862347
-78940149
1419668155
816406562
-539253494
-1131838786
-728825357
-685509698
165211348
301757603
-850831291
696967719
1622824071
-466354466
-381396779
-1036337024
-1768343547
-1894112809
-1777532840
-917810840
-1929134224
-1266846399
-1047879997
-2020133214
-737355264
-995529641
-1227292604
-916809481
-1327459819
-376956312
870822261
574220890
1480658575
1316830102
-666053937
233842253
2059523421
-874347046
28127068
1391867012
-807656620
889816650
-1576891728
-580169273
-2091881151
-618164578
1663326745
-1969183972
586571329
-86739216
-1064936171
2133350180
1532880719
1963800514
-1755068157
-1268057659
-1128713187
1681367109
-305857507
1707859465
1085315368
1370795224
1966664614
42975813
171888390
1298350542
637190495
-951643523
465899266
911036020
2110741567
1102015750
-1704205078
-1361732527
-1435654046
-887730835
-773928410
-1889743185
-1660943807
-1585380969
96329228
79189594
-1837360862
1165774121
1208110963
-1136763481
-1770912558
1404591913
-364426362
-1445597001
1925874322
1287388645
-1397586471
-1247091204
435653966
-599519981
-715870783
1528384252
295290132
-745352647
-1081383713
1633442133
-1664067133
1883544399
-378303746
80295936
915434754
-629822558
-686558434
1428032729
1622941556
1264554746
1825953232
787620446
1669381417
-1219341569
1449235652
64759223
-2063155881
1968174808
827040672
-626016011
-1426749111
1775730964
493267474
1334056350
-1728561513
198595533
-196267224
1716050793
-393224042
-259688694
1074167262
1120413509
-363680494
-949329563
1791967992
441392800
1451198522
420030189
-112688110
1175984868
-1245203493
458240589
-1445218315
1446314309
-627030575
1420028973
1631905835
2069942969
1922044345
66254039
36213717
-284444600
1829108203
-1348348898
-442209349
207949701
-1383146585
1353139066
841431972
928725851
-1459516787
689993335
-439511833
532757772
1269469010
-130611888
122031681
1397119351
-253190736
1319656919
488189161
-655602023
-1773800034
-774316393
610159329
-261300907
-1943395391
760938555
-1230500209
1070050167
671274273
-562745039
-1467463796
893239798
-830885344
1622624138
-4963142
747645817
-1422363481
677031203
-556796005
-1079281892
-1508135519
1161210377
-1367901983
1564615539
1590160812
566522137
-192691648
-680249906
-425966323
457495271
-1660898933
-1446870594
-2127016219
1423162081
-250107650
-1938791208
1148926882
894687923
-1466736424
-463537480
356814519
702490604
-808010195
1436093768
1033274255
571412448
527024889
1417102658
-297448002
-2093382192
-1461916808
-373793038
425568377
569265992
-940274508
-513710272
-1776260792
-271437112
1276315742
1995850989
-1021834759
497806502
368175585
-203746787
1772641752
1079053874
-1910030156
313723413
2143807004
-1050727654
-1829385233
-862318780
999651747
1552939280
-860107999
929172871
1752445921
1446856105
-650278817
-1899119448
-377299178
1368647304
-599396448
1784055591
551767487
1933772731
-1058486456
-2052875971
-1852221618
-1301840796
-1487446526
-1347134435
2047896604
-1555499621
-1997422126
1008787836
-2100169570
-1871101037
1145820265
1190593363
-1897533481
-1388051205
-696332101
-689751069
-1795521267
-2107676506
731190735
1187019257
1896250559
1102374253
1583827669
-1080396429
1357239509
1780681812
-2044776323
316819458
-1431378919
1854396651
-301616251
441273904
879870181
-294312970
1082594452
1406309540
-1308958946
1625758799
1370569030
-1397008987
1766660448
-462493173
-1390577017
184503004
-384394886
-1430134820
1215857700
-663890083
2024231964
968875701
66066847
-1682879000
-299430961
2013908915
1308087362
139057003
-516681948
1231771707
-44880266
611433931
-856480208
-571921313
-2073792428
2058690275
-131308745
-411589755
413487484
1361267660
462932646
-1267502262
1915184166
-1583327138
691537478
-634342237
-565731978
-499015945
718313390
965908293
-1751019757
1778924666
2087206394
-371169465
-1861999111
-2114402150
966755001
305318148
452133518
-1665151400
1152295467
706629446
1348255219
604424394
190661291
485412768
-387993443
848668701
-59134102
-1575413478
-1568928221
429466332
1451002461
-272699117
-1289000360
-433694863
-1587467912
58423907
-1178403940
915964396
1099567900
-932418881
638004847
-2048013821
1393315277
-1311853983
-1892917690
-501977767
-1959561433
768309736
-2023110750
-1989555710
-1799629294
-159606148
402720605
-1346302650
157211700
2113795125
-1267877050
878676645
1411500711
-539801923
1922439152
750321435
-492999189
742420531
437159879
597050533
-1015995106
-206817710
-485513373
-571131389
1149413482
2130968018
-673238240
1989731006
667894462
-1869016050
-564020755
187499372
1621783231
894856934
-1265358492
-363807182
-124705023
-1833433370
789153563
-720374903
695732593
-1730465881
-310744263
546007877
250514966
-1819176331
1949896779
1108085203
-1630029576
668380977
859180120
12424642
823447391
-425588871
-647035086
1628557700
2056087616
823023621
1466040847
-1768624780
-154955788
1181779027
-374012841
1577621019
-1294339285
1904154758
1206600126
321594030
-522369761
5604747
-822211179
1743038427
-1719577332
36469629
-163500195
-1645481276
-2137684258
1330841162
593456285
-1802391477
1417388844
-1433775978
-1313514507
1921008784
-1238945179
-2136985377
-1222781582
-2094852425
215668552
-96279327
1302631458
1632654574
1648123033
1858772795
1405672683
1492939949
2007984657
1666960209
625163928
678359871
1618089109
-628151436
-1847673036
-622585214
1274396075
-335858368
-1339618661
1124060650
1151465001
718032965
1269986893
-818830389
-808036306
-179315991
-471339387
-1117073705
534482006
657463693
361635978
-1970627612
-423432664
56456173
275936836
1424918514
-2059959341
1401136332
1749792529
-2065747348
-247841510
1739571151
1038442969
-1453084754
569290123
-1414123095
-656534433
412680135
1581037046
792075896
1410634714
-1874612865
2136920349
-1559641490
-863745341
439212443
96204712
-1177962317
2097893360
-1471924641
-253276325
1929596042
-1767814430
-897009837
1116674442
-266323790
1160235354
622459210
1120376011
-117409522
-764290511
-1023760737
1236649453
590156423
-190185111
1798593473
2053725225
-1684736719
404412798
-576335886
1811162263
1043553452
2144335362
2072266315
-608124701
-216968500
-506864792
-913011965
-971926208
453654652
869867551
1604321520
1923883419
987068639
-1830679838
-303135924
1665415700
1985333943
-125091250
-1093263428
-1837247831
-481254390
409952692
2080238734
-57454028
934724610
-1760393424
-2063499454
421109911
-154077419
-2024132870
334939979
1329226804
-2144175771
-128520197
204493078
-967826781
1703189352
1913974179
749876555
2069313695
928353483
-1239346439
-1972357038
-1553867456
-1219595885
1824418547
-2100306408
-76766097
-1647106683
-1415042553
-1655605742
1238643861
340808136
1542601985
804217729
-1937497195
-1029523256
1801679127
-1393351176
-738054404
256695388
-1212053190
-1359747557
-839367817
-1780587990
-1590111058
-2002089304
1695745924
524474954
-510780708
-24929861
1999756652
-1159476183
1902309478
261581389
-2126475152
1071918511
146917756
1194682877
-1058922174
695838884
-710386323
-273188077
-493394506
-1026928049
-543412351
-417419583
109277113
603699552
-742502139
-2041913429
295366529
-175477233
-1903120218
-2001538904
-1272249082
114256004
686852866
-1264864310
-864602960
-485822087
-370225028
-148390501
1274377041
-73207523
-1335323569
209365161
850034005
549242939
-355542811
-1227977403
-1382552265
-1455876197
1521372521
268611974
-1102002890
1251613096
-780349286
68597140
-773824440
-1899793838
104582370
1618329634
1333460559
-1962108619
618381735
-1071026372
-617717878
-670219782
-364999201
-1606119102
-247717043
1310549757
-142913558
-28186061
-1288774156
502848048
-1914704229
2090043695
-1957291499
160464958
2019139479
1503883830
1835317492
-1257137677
2007957218
-892428235
1722836539
-707936294
-628388938
-158358717
1296569066
-499878873
-637165929
-417439961
1174580107
1840869079
205860003
408858141
-1643741782
-1953429483
-2105349074
-1999639591
-681770876
232678623
-1963151730
2126228684
-2127694594
-1031452183
1005912882
302130597
1853362392
-1786005311
-543066119
1405552410
2026678562
-787104973
-1555297600
-131477017
1257705454
1053294830
-215900099
1331750678
-1194354362
1275343719
695243787
1128192129
688225120
1010574333
2025305605
-660750955
984219152
147273821
-1659418410
1235521624
2113580413
-1904756441
549115344
1519834796
630162455
-1125914927
552331773
-1088480300
-1913831480
1815148747
602607731
-1240924617
1556829801
2053925604
-475161108
-446179996
2053127543
-1419625237
-59498091
-1250741162
-318899962
866453657
1226215206
758303736
-2055985675
-1285090898
-819956174
-1381535253
-1605635230
-300829607
1940445887
-558411899
138788704
-1569008164
477528857
16743709
952584935
1399733103
1220202211
1896713605
107264267
2067458917
-826643602
262655447
-1348612751
-581763955
425490765
267599220
-611574274
1628338138
-1626474712
1001554505
1591094224
-293064634
334530000
1875467604
1007064945
613790962
422107540
199517030
715514953
-884358767
-2087555886
2010971690
-1553432747
-1551707897
979584976
611187045
-1767244522
-2013415860
-1415319092
2068652159
1485423307
-914464874
-972234927
-1056788415
848072417
-1273026633
-1088687669
-1323327265
1625920682
1375295939
-297149346
-1744827335
-253681843
-1117795595
208699890
1549218909
417722365
-988893486
-571432814
-1835602352
-901657747
-985527921
-130654730
-1659079410
-1452217725
-1948883793
86083934
-1842812722
-2047393205
-374494736
-909138272
877395593
1059968814
1657555047
-946661756
-1890868291
-1598714013
-817821719
-1631326129
-1694786963
-1172293468
-483643731
1355571357
-1155247763
288863525
-1839145681
312189299
-1345815333
-2007596095
1449509974
-540549228
-267570448
432281462
575183320
1247322387
-469724936
-2126859757
-1995837731
-793214679
-1430836066
1826862639
1872579810
468079944
1123603821
-495803299
-590103328
149622640
-113677677
-1428801635
-968549203
-82120256
-433927961
41571604
1806624417
771614543
1237390636
-1534278913
545607547
790894140
1756554903
-396240155
-1478631802
1055457027
-959244914
-533353716
1068033015
-1804026606
-1242942798
-1151780051
-2019462759
-1164952421
-78517729
-1834817430
-592332373
-659916373
492099314
-403436417
-184289272
2094668923
-860255477
-1609210824
1372998024
-1364195578
-259010797
-330372830
-324397658
-528177189
1984126656
1043796613
-1278349726
-209508812
241673559
-142560880
1892354664
-2127381690
333725298
-2142380842
1882045810
472632538
-1486733565
-335438087
934449898
778804508
2018937496
1844534436
743960274
-1886215246
939899104
-537778754
-949069592
1032250384
2107789165
1137534427
-826288636
-1078668022
762205114
-378820618
-2104953915
1841212842
-1143637648
624648541
1384409708
-283956413
-385519388
-532350996
66353415
-18733883
-1780606492
-725846147
1134780369
-1871282349
-529817933
-1040930146
176594136
1885493266
-658982063
10390149
-2008625440
409171780
1726461182
-1887749568
514351751
-1682743148
-1117469183
1347813680
1777298857
-388524877
1173160357
-796985161
253451525
-2110007261
-95357820
-1504288464
-1484957664
-1188457647
-1433762553
1644417567
1542881129
877436905
-1255024596
-109856343
-1218877283
2099713893
366296714
-630661306
-1455653524
-1411713305
-1837863534
-1072243276
1195450461
1472834633
-291534570
-1751791570
1554889710
1391911025
-742473457
651063005
1970741246
-1759702295
185567130
2139223695
-1665674897
859298478
1932567363
856078246
895102983
271638599
149332358
-1770022830
10786454
2023351577
1834380690
-2114824702
-811280034
1932487673
-1819537584
-772509161
1684719278
126146307
-134228318
-1964132902
1960283599
1492389545
-953387281
-110460496
2093101092
1660421646
946656991
736582540
1720672396
-591744876
-1199531933
-81629020
-94538485
85212339
662871287
-845742489
1389055656
-1916622836
-921892309
-728639827
1164663704
-1719795523
-1225092513
-1668451536
442636187
1711204342
-672332339
309808186
482455205
1045572044
-155357237
728196767
1646962113
1009614413
-1887812527
-143766290
-1370247630
229033940
-304324167
1370286051
-57080101
-655334755
140765894
-1959990753
282464224
-1227728485
383401192
1109902106
1876030604
1874957448
-1157200196
802508120
1622314868
-604810434
-214514983
-1564824614
-1703482147
-1109620155
1075256009
-570094889
615321434
1030878380
-160565675
-419219541
-1079190855
2054614812
-1309459707
-745782257
148654367
2054582313
484278246
1313908875
287264370
350401003
-1742194291
1408670248
1893207542
1384997069
-549313956
-1397127320
604128826
-160210012
654533379
357560442
-599845067
-504065789
-675332279
-1772482903
-1672182101
-1623136819
1161644812
382664470
-1695127851
1196036362
1503816582
-1694145370
-1075543232
-31364866
974268625
-363875011
-658229260
2123865463
1901401004
-809429
-1864771879
1433713510
509166463
-322475034
-1708621994
49567153
1043214492
-868826887
-2050667461
-677714105
728592071
-2061703108
-560661536
-180960652
1544948728
201334341
-210143602
-416276106
-889677986
1141779998
-1100556515
460401743
523113639
-436134600
-1020405283
-1872230436
-621518978
-1425136994
88331705
171065894
-1209089195
2104515949
497984409
1646407671
-244200604
1933835907
2075990024
767823792
-227701008
-1568810635
1251668759
1183974745
-1946550832
1763086534
