279496566
1267939165
1022147534
1187417403
842465597
-122039763
-1586581684
-2035883384
-101603666
316651415
2115732967
1168577276
-1106615130
2137849065
81611527
-115841256
-1550351853
-66786850
1685970239
1740899802
714377398
-551687156
1426312880
1933596498
-700565974
157339040
-296589393
-475956107
-1035077340
1429742414
-101404763
-1894191056
-1021739269
-1961613950
1024827447
868591040
-337701525
1215719643
52815526
1815558208
-1144003435
1360800217
-1898850441
-1808007293
-1141553847
1406476244
-68126634
-1799676381
-2044807288
1660947247
-1539390409
265870554
1138376004
-897223986
-1068986947
-1951078640
-61792919
-843299644
-401431585
385301684
218059552
1714114129
1244667080
-1604719282
-69456559
-1009402101
371649279
1454043221
1173283434
-269472934
1051074760
-224219459
-1145955233
515818024
-1823308343
-1398730284
-2125086479
2083826137
1460953839
-819188914
-2078377423
1274525817
555460754
-1591162210
-1944665273
1072364340
-1568812330
-1451846778
1782414703
-745160438
446902357
-971085327
-879079100
501488834
-1085702
81479424
559964225
-250015201
-227830993
-1229796510
-909374845
-912661935
569752890
-1915477272
753978579
717040558
987586788
961088855
276331236
-1002450783
-518466725
2121146496
-1113237032
1856821730
497767257
837064590
972873480
-2010855449
-1583288444
704725918
1293489924
12847001
-931664104
-1461620332
695924952
-307265973
388341954
898095404
-1692915311
1858691303
-10570801
653322575
-1325206529
880790122
-1096188027
-1825634905
137590971
-733362799
-1203577647
211061109
-2006623637
578731476
-29067743
-788880479
1768778308
-226522221
1543877011
1485922322
1537153232
1508347791
-140601009
-1416203712
1494331121
66032027
218523184
-2045405946
-468610267
1586714258
-1061318487
531534780
-1190519030
-1096408693
479038438
-930459515
1945684260
-1039035317
-454652111
1701403620
-1824348450
-1422023941
-1425665641
-263458411
399608526
-1789423846
-979969077
1524395674
-991018179
-770105932
1227215945
-1329425261
1973533925
-1911522093
-1311446594
-476631470
-373355012
-1015247818
1382530982
-711661138
-564875919
1155038528
1348206902
-1399031145
-865904011
711786035
-1552318851
837770091
-1717733316
-1863555939
1197766597
-1788494201
970580484
1837271826
1098824511
-1172732641
1360100182
1293440538
-485852962
-1211543726
1970208907
1544950893
-2125729662
1154742648
-1553146991
-1058066851
-644522407
-1445061954
-1284177682
-1988831085
1073400194
-415737611
1429412101
-2137735683
857839858
506897830
-251037288
-1023159034
-931523941
-1156204439
1209906062
-727395320
-932239158
2014141046
930724085
24967422
335231440
620975996
1594548041
-1560209282
-1026120220
1111238577
-635944458
1353721829
761225032
1554229034
-1201780453
1620031187
94820521
-1189515668
-2053810032
1819413466
-1576667701
248619074
889580330
-885729167
1869406821
-1064025904
137141821
1017296942
345961289
1857186280
378859873
177270580
1877538247
-1322651493
-1841709447
-311026711
954372435
-270184429
-1691963919
1565380588
-2051956891
1603202464
-821679290
476595270
-1185899104
827066896
-503603766
-1476092706
-725115338
-1541082046
-1646138967
1971810098
-900113782
1428508925
268598566
302415940
765217814
1889045501
1675193898
670952913
2022829966
544458319
-1614844929
1536308936
-1974692283
859821534
-426079912
-872032519
299264464
-1058330036
71508628
-1069520371
1041401320
-518739194
1633313859
-1347384906
1669024916
98427538
1260664296
129030950
-785426297
-2140927190
214863104
53215172
-370101818
769970318
900492355
-574464739
-909105011
2005719830
-1551166679
141553688
2021194355
674985990
1437344175
-1428185234
1890526668
879227685
-2074626982
1031586136
1372917582
1309308304
379960444
-332740471
-160211466
-97288757
-196208459
1939229790
621293868
622478616
1078145468
2056380499
1024529701
-988043764
-1429004449
-383488327
-476751480
-1297590178
1799854536
1192626853
-290673068
1002083842
1102920449
-953979605
-254268672
1113095541
376362169
-774925876
2042766307
-1742092966
1547296327
-699521492
-1134857770
1249678662
-2064826641
142131463
9637911
1266587607
1464072292
-613673883
1934570607
1143773707
1417770382
1216974605
1209877911
-540259378
515735949
-848486089
394286039
-488049196
-984995076
-131196796
958134256
1174747305
1383995257
54347570
-193741764
348203269
30542693
-2002654581
-1814727661
1314217316
1055435240
-1971714914
495396207
-1724333866
1375973687
-1145430735
230123730
-2100281581
1289369369
326344181
1513710438
-899375662
133671334
-1247265285
771997542
-41150630
1963169873
1109667942
-1476639043
1761249880
567183657
-1153430942
-451935252
478434035
-218079653
-1090087852
1127353648
-649256675
269029371
2085222994
131685859
652042284
-323174909
368512981
-80190942
1148060584
-871342437
1890359981
-1880155985
274976102
50105498
1283971380
1872949017
2112905429
1860188748
511096774
-1107968999
-1990150249
-938128267
477325680
-1224246209
1678101331
-1006280298
370431975
54834382
1914538185
-366130834
-367616325
-637689629
-1393598426
-379457341
288916939
-446657317
-1699674471
1989264737
-501436677
2134115318
-1174586075
-395717021
-398071004
-464276425
1894756537
-67750736
617015884
532491407
362170237
1506367432
20986646
-886580934
-543592594
2041481920
-2005250693
485876327
-1224588756
-1868061301
1922067642
-1207840482
723423762
-97085830
1216144525
463937118
66073735
2130149381
1394984348
-1750986619
160832915
1872260811
-401801930
440765172
-856481612
-2138575913
-1732398018
-968117262
-1933612302
-394006748
-1388566173
-764373808
795806257
2126968418
1952217747
106174542
-1238821434
2099856378
1513623985
403901245
1555057739
1802013264
1413523588
48038757
-1227408714
1663600455
921376755
315052200
-1020837720
-463252471
-1847892369
595287143
-318568958
1881697543
270453167
1616976675
-66964034
-269109697
1503104931
-1949535129
-1412591109
-219807812
-1937104222
1774109925
748664153
598003299
-1988518683
-1069818145
-1174399609
852454635
460693304
1967402184
1083382553
895977773
451043053
-1887708630
1043554974
377217437
-874569964
1285629642
2117434097
-361773288
721324266
-1905113079
2147005647
1771206367
-1907910770
-1648001908
2096945066
-1824288541
-592639238
-1432603105
2128465852
-84791742
-1097558480
-1725661738
1913891166
-921150447
501628083
355071605
-513380967
1412234843
1454347064
-1314250479
485143549
-324903062
-772941923
257279991
659881393
463990596
-707980262
-855395381
1522478539
-87427208
14270902
-289992972
1541190369
1257391898
-1148871173
-1524753609
-1924188704
-1476846837
1949804524
110370210
-1114185189
1126549117
1898608695
-1778670422
-1909024089
1458757557
-1747228506
24415383
-212487963
1902245139
-1627373861
-1790745057
-575803297
1818693199
-1927262660
-1669979311
1848513495
-1514897916
910771499
-1691603276
413530013
-1263286414
505878906
-1540992848
-1974264543
1996528767
-330708962
1453655851
-2022091832
226965503
-1512383455
-1998441610
-644048126
246913076
2108682461
-1596112278
-1011969636
1230200216
281453414
-553700658
-1009580462
2138329561
-720787640
-963764741
142900648
1321589540
-771362190
-1522653502
1377485049
1506533286
439497840
1739059853
-1086141744
-894050993
114953440
977998020
-1944542091
-1964688936
-1008618210
1615131761
1032390859
1731858183
179179841
-2142542810
1185538137
-1331038415
-3646389
-402422754
2031479461
1591254528
1821631387
-876814687
-1521932088
-140371594
685737382
-685109587
-1446978241
1862487857
-1903958042
-517541678
-663014146
1187834352
-1898276847
-885621155
1872752074
-1588485291
904498318
1935718072
-723743288
-167189012
-2065582044
-1229243632
412352592
522914667
-62479116
1248690232
-676680698
-1948468421
-1996469591
1118550733
229987883
1205022007
-570977299
2033314201
-1897765072
129193139
1492207390
1232773692
1180329100
-1928710209
476202561
-830241783
-1538411570
232584875
-197961162
-1632930515
-609027339
783501262
1209662765
-61534698
1008382463
-488150141
-561063848
1203361553
2100410815
-902636428
-1899894558
-972997579
-1328149517
-2078326758
1903656991
1165515647
-1824663403
-696820861
1471714051
-453635778
2011341937
1397493846
-1376514856
256435889
1390886135
-1847745004
-774498005
960677613
-1563912878
-1141251168
-873096953
-338649596
-493428552
-1687962367
1405564773
1237993059
-487227900
-253650587
-1219964702
1695115388
-185235327
1826321768
1473192626
236728484
1321738759
1614964118
-980749100
802357053
-326972852
806305070
1794782087
2050389783
1744918387
-968991447
869051388
23432723
-1349098519
-183832711
-1626644404
1253147657
217335153
-729017707
1707910827
-146283541
-775560836
603633973
-307329058
504951594
252703421
1057964634
1945374954
1756050264
-1662479363
559025553
-2101769203
-26027506
580658219
-1658155145
1350489329
843997967
-785131593
2133633663
310787103
473407661
-1128035553
-136556558
-1350980175
-800395669
-1456887095
-1021596361
950996811
-1573099037
1044726803
217606484
-394262196
-479373847
-883715160
-1143949644
1522052927
944901105
2053612821
1209089322
1013169047
301670317
1493424027
-1638326219
-1317907813
10131706
1124490310
836871557
1143505055
-1912051716
915865918
-1495580738
-350820492
-1713932409
601218652
-1622539909
-771928287
-306249280
-17844480
-989348715
1333333458
-147715324
-533322463
959599012
941456144
1815684871
-785981020
-256838715
1858331186
-1405031360
-1741767183
249783453
-1128028142
466729348
1286218436
523922590
714774532
-1572097551
-1301403584
-995552376
-40334332
218895117
-1656579255
1993497907
1486939182
168773934
-899251182
-1731228022
675774834
-277518821
1841168884
1218920154
1421227911
-1014702605
-354316159
-380782260
958589471
1008840269
-181138983
-1886686544
-1737635491
1668109216
1319500347
481204091
-469606013
-1952042779
404887774
750319123
-728927760
1956859258
-1173882366
-787756727
1724170056
1404276041
-1009299903
-525916378
412964084
-1854552279
1098859306
-64284695
1210051021
-357474941
1072355599
170170704
1272077331
2005744952
-90422754
940642838
-257394525
1509779138
783720110
-1977157187
-1713536663
1193108889
-1510561061
-811943795
523970322
967858647
1527787860
-956103717
2104093190
-1268418530
-638625934
1055931022
1966216853
-1962269767
1052382861
-1375828513
-1051471760
281085697
-1755351413
-1008549281
-1173364390
1223151105
1648844217
-1100057282
685915934
-1228183715
2056194525
1250382281
25853123
803532655
1416332939
-1647111372
1854774014
-1822971470
-334711625
2057350809
-1843401753
302689379
-68110453
1889804608
-266535441
993993317
-834610566
-357933280
1168032273
-466729116
1959675029
935273894
-1373347512
1011384893
634785053
-2053720396
541881664
-1788788323
2115601752
-1096171541
1009621071
497647336
609274792
9564717
110330022
-1424684197
-1144325160
991563101
-568976701
-756741260
-848260935
-698588056
-865904854
-1898691440
-1265513747
-1703469687
1449893715
973611222
691286274
-1643269432
1420568038
1957924179
-2127594302
-1639745853
-657357275
-1668868506
-1784968760
-1152179792
446719657
-1008998818
-1743382186
1420012193
716772176
272468577
1417707366
1450897674
1235632757
-187653745
-45970178
779287168
1006008674
72538726
-484357176
1121896643
2082653186
-346889625
1670209249
-258470914
1744614362
1006971898
37100785
-92326580
1418254906
-335237490
2045491067
42708350
533344687
-140704508
-1767111819
501363739
1733700283
1882033741
-1269123301
675523239
-204451897
302740561
-1268829953
-142159832
1474802776
1145224466
1567562852
-1980518171
-731929727
1744095761
896435917
1518325360
-1655684712
-1877677584
-1564263728
139871207
-429714132
-215359400
973239343
-737711498
530230069
-1580890084
-1682095832
1081066015
2037631629
-1546521698
-845077237
-1877073219
-1054741857
-1763332239
-9973747
1308457285
-2087722659
650578751
-1201012644
-2121886385
-219612041
1231064301
1532420211
1342360277
-2046953015
1994846716
869430958
1437625401
-1508076780
940794674
584251936
-282697588
-433614608
1297792633
-742514524
2103728652
1210620161
2100632326
-624641486
-1445891858
-1804326039
1125575613
1980509555
457385566
-99908739
1190093779
-65361514
1984107459
1383026618
-1139408459
1945379172
-110507449
-556698375
-1328847833
-475831406
1594467990
147017954
-2096116304
-1580473259
-1077109531
811675550
1322514997
1268124731
445923637
1691543760
1387211492
-485416903
-2061791272
-989538363
898600019
1480791808
1120811572
1694212841
1736989416
969928595
2084666310
-749173124
-869045894
916938013
-1107903638
-1848961402
-1672352200
1103158271
-254772008
227060744
1085454794
-1462008791
505833073
1638986099
-2145239883
-122147670
-51552453
-1609940387
126549763
-1583762295
959777066
-1409822094
1286827554
-1891597099
1670126497
993447848
1802511628
1028890618
-17735113
521073590
-1594879320
-1116024234
-1039178819
309737670
-751164817
-57485301
-1612909184
1701750120
1783253842
-1046639594
-593674549
-1495243830
246819035
547189920
1792929967
60921894
1973387922
-1095941996
549107205
1182837371
-1388485215
1889077873
1687756723
20772735
-1230326598
-1421314976
-1711238865
1688542419
456348216
2057695624
2137387329
500257912
1934051460
1637929121
2096833292
1390646145
97359034
-1716724793
-2029089970
-1440849910
637958027
-1426349680
478619110
1841205864
1321693284
-1512522912
1204678550
487814561
433669840
1381213435
-1774344182
-2095842530
-1411201510
989264219
876490777
593950110
1993412406
1660299459
-1027536823
331321198
-396843808
-315098093
-769084520
936275926
-1237805563
-1187677858
-16973191
354108374
-1600427422
-1710621255
-2106947044
-920543726
981972331
-192241579
866896882
38232586
990671725
1074279120
-866201232
-1829622131
368284918
-1413451065
414334994
1617197935
-762880908
1849180335
830548386
341991033
-526552549
2097278949
304422073
1411984289
-1041968628
1745880066
-1304807034
4482170
-576587597
887484276
755584718
-1971475731
-2116619920
-1862424759
-1727511757
416066345
-1802818696
-791535538
-1306440008
-2130235177
-1799276291
-1888745128
-713701244
677436306
1927732365
-1840294175
2103020773
785196694
1315834039
-595758122
747650967
-1337083978
243187
-1305924690
-928649658
677521811
1606660803
586588606
-925837486
1970128138
-1424567787
-2089621045
1633835217
-1640309266
819665899
-451668512
1068059609
1242220279
1112269885
-3420830
1334333438
-14905095
1041886237
1581498721
-148452583
1401162072
-1350438628
-948137424
-833904309
-1681019974
-550351124
2063399478
-228791999
-1853654273
-1380542650
-1723313658
368058552
1685189997
422200333
238076334
1871357251
-1681156049
-933107789
655012684
-555059892
-1153653248
1590460380
554457829
1865121112
1659381027
474271296
-176330887
-1231161970
1667385494
1831132117
1460154706
795251577
1061927046
-9696724
-1497433700
910791692
-965448187
-1008052453
-444788934
-477240858
-1046211079
-328616293
-1468732202
-319431720
630271832
-1812420876
-1959156678
1939832739
-2039523183
-888708329
-1079825698
1433795845
-821002163
1614501706
1238522817
-604310282
-971248297
-151864310
1435681403
-2117211857
479810007
-139691220
1604682643
-641949717
2050842054
858178372
-1167985139
1032814576
-792165219
-515314357
651018823
-328128304
-1214256561
252942459
-887645691
1224788844
1725148025
-853794691
175955402
1511196345
1279587544
549900742
-1974221975
-149074746
164732411
533037118
-1183264294
-830204931
-946717895
-577346526
1140311633
-389785432
882039524
941187370
431306380
1677013687
-767696450
-921691155
-983595924
-676953152
1848883883
-1598062204
1178793671
1575878982
583093672
674211182
218499964
1673797437
852652539
-101639757
235951815
-1528389939
1784467372
1696408907
-1783659563
-1634810538
-619518925
163085503
-13415781
480608180
1307975282
-705273584
175271650
-1627392573
1079657957
190073048
129506470
1137922597
-581197545
-1486587985
-1036372575
-1036598718
-286486697
144713680
439247905
662106767
45517227
1107307003
-627243230
1550748435
-229261563
-1029365860
292440984
-1723109337
322289588
-1614367956
723453707
-2040476803
-1412895715
1890808534
1146103657
-1004396190
20683434
-1390333602
-1824732137
1667495495
-1386272511
1739067710
-682599352
-1379743619
-1348965255
-12542447
1456942738
-1260821953
1214264777
-1925212108
-547777090
-235157515
-1935942654
-539994454
1440376543
-809744713
1476330174
1436083008
-701543259
114583311
-351858791
-331270927
-314934286
291751938
-718011680
-347526005
-1238196818
-1508694447
-2044090488
1294940050
949944791
-1060498436
-341881247
212057443
1350266843
-1937103865
1035176075
-660358500
1029187625
-504721792
-1701014232
454504123
360704773
-1680109377
1560639059
1211514884
1081546907
-519500305
1760747855
-742245976
-1782301097
-1884802099
-1324712445
172869667
723756403
603203503
1422535078
715266021
1967961809
-480641080
1189359798
470071860
1770604554
2140441770
-187648978
-872647600
1774986694
972863243
-319574537
-948871977
569732941
1213953483
-1296414562
-639177877
550016862
-1781096395
1997110854
408215185
-83812801
878846085
579023584
-1777460260
-1741661931
-239908183
1439055258
1467149898
-387982731
-1907598517
-1121905259
-903985427
-1994829766
1511154447
1215698394
-485235763
-1557271912
1212162585
-1333031795
-345014004
27566193
2024576977
-806287005
1232304203
1977083111
1451510506
172400465
685208140
809542193
-1593799265
-1874195067
-1608642856
418745778
1503150655
1020855193
-876435741
-1346164409
-791026708
-27855610
-1317106451
481428960
131520414
-472371242
-1745391702
1494621009
-1006352018
-1923405155
-1071725852
1067141482
-151643631
-1250673239
530862752
-1133488572
782016673
274676600
1297900672
-1225589283
1576420515
-1012032406
1402735463
-380311833
1840395333
704590263
-2020306590
165318876
676444903
-1969319006
-236905531
433229654
-2111177764
1958330094
-1039667820
-1586190692
998249841
-863857263
-689771483
717069695
-166334419
-2062928217
-1627829757
-1722427289
538852954
-412786263
-1609663468
-2015489624
1626501060
97999070
1657330941
-1394687206
1481481664
597948176
-2137742652
1481381095
-1686391953
-150934397
1024330423
1465476518
-1927522749
1974032162
-1551376500
1148501929
1477268162
-2062145029
854703561
1576259474
1695060362
1351686125
-122439067
612446252
-1061300076
142538144
-1135915089
66199415
1173413052
1922680500
-741362577
1125773572
-257398912
2040654396
323092810
447861123
2097386760
126949997
1475332202
-1514098790
-1709805979
248591250
-1401617571
-128426505
1199531037
413398595
1129610046
-113622360
-277123865
-938985259
1273761554
558311337
-11088718
71056404
1375501427
1438843070
-244004885
1673795375
-1319989646
430881411
1057539839
-1546227981
395957945
201811648
-1740657121
-1753158596
-465611536
1708874242
675310914
-654760537
-473124766
286985830
-346616720
1839591564
-1081415713
957669303
420329532
1975012651
-37381149
1827140795
-30698863
1508532772
2029410039
-1272190518
63523761
-663864532
1186035799
1137709215
-181942405
-327336195
-2002475820
-569484942
1307923180
496275598
479257083
-1317324475
-1435357721
192532356
-2111258761
-1308810882
-1834128072
2112285672
693973683
-1341432651
1176467670
1098055961
657066179
-1203936049
-445142424
1245277187
-1533209980
-1271855541
566677514
-14708592
971075329
-1621170981
982030160
-106102178
1875548184
2077898038
-1683348342
-1519319885
1542526301
896647212
1775000137
-366242387
1613560125
-898268422
300193058
-861964099
-1806136218
-238714657
-632889423
-967445418
-83375258
1929615855
441508576
-2081147168
-309880174
-116688090
1134368361
-11692302
-482225112
493943743
807007640
895296193
-86928201
653687750
467221589
1812214482
971336126
-1443751956
2082959457
1863513079
-87865709
833734298
935082720
-352641928
1025270662
-228871609
299390486
349978767
-1172477114
1825137934
-600960139
-694388199
-2088134014
-290350726
-172114473
1639405451
1366668755
173917348
-6333433
932726306
1277295064
-278549120
-2008574075
-1309349026
1438673314
-88300173
-1032991862
-470867536
2095521619
-1258211801
2056618057
1158515825
440697601
-1279698781
899536503
613742358
354782175
-1439528555
1205708557
96203682
817655710
979259122
1601919820
248867931
169370640
1786315456
1243332865
-299492160
1789220623
-1026427086
234053386
2044995001
-1089159012
216614901
-453374440
-853593840
1023341386
461958344
1857608117
1547884576
-1935765796
1606672722
-299471480
147603915
-1912735443
-501254609
-1786342696
1743203248
336134480
1591222091
1854243406
2050347677
-1569517321
829707123
286264830
-280334782
1870958616
-1276292824
334882728
-1534053336
384327373
299818167
1869842234
2026706400
-1464039045
-39040122
798324121
1514450559
-1900569802
1973055663
457113504
-384298167
1113993828
-289194286
-390425240
1493531563
161135520
-188665050
1247435209
-664406930
191067872
339598801
1628677665
-2055826902
-1636226343
-848290950
-798456237
2044581624
-463787359
927716379
-492932846
909459307
-1334603370
-437365989
-2039365537
2003446463
-1696016002
-605057893
-731271601
1833472595
-1854918929
-1343101937
-1578575342
1203061844
2143692785
1397704721
525506864
-163277381
-341196575
-715409551
-983721708
-818561160
-410008681
899842960
-533687090
514480879
973274315
-2012945427
-848420076
-1871400541
1476912052
-587878656
-1054809975
625923120
220239857
662129734
1556707905
1257745534
-1107797588
-1489095779
400841860
-1932361933
-645144580
-1330934319
-229307950
-1418162071
-1441386101
1534642806
-209625561
880009121
-1855986824
354828023
-456703360
-1688916234
1032381054
181150447
-1751411555
2043070869
1514351189
672038327
-146192633
-798966420
553062232
736745791
-2144076460
-1390773215
1185939047
1226296865
1525786793
2038503237
-1690642674
2082979059
-322770817
-778531895
399328230
1448691932
-651545686
1203884208
-1625311941
1728800617
501091735
-110715643
-1285955089
-1217652319
-1823290411
-1631119089
1909191325
1380065878
-455299114
-1923813692
661437184
-2056565315
1009998069
1791651194
1572316566
826220097
-517221702
1994634468
-871680640
-324078957
-267467939
-175432901
-1068285268
821688581
-884703608
1923695291
1356354613
-430144488
-664207263
383554128
-1564492535
562533459
2037781703
-933034607
1264475852
1361488725
-1731055909
1220315117
-130402565
-2138620883
-554257215
1161514787
682957396
1104563433
440976295
2048583927
-1893907851
-1398923924
569094149
-1676808158
998674883
494331781
-1425750490
-155345783
-1147555443
-679801796
157028072
1052091058
-38506896
-1337965970
-1866588993
1575622259
-980879620
-1055090021
1883186431
1521239275
-2095062889
-40408066
465561946
1824438710
754652833
609451741
521745830
-494410916
-1990846504
-155121630
22738403
1415973641
-345889282
29051435
1775773820
1964938115
-2044507207
-1625362723
1149841613
1871557463
-243442503
-1549570305
870469093
-2107957674
-1790028769
1712528068
1003764108
1842041407
1147516189
1252169641
-2004274297
1158445757
738120153
-1478367359
1406205210
1993941139
1180572822
-271692595
-900560691
138024981
110094101
1479385169
96625267
1523868377
-364301255
1859185635
-1748429977
-1245251410
-607027223
-773497211
439682840
-1612207155
-890855111
-1218974282
-389565496
-613573554
-17159477
-1446955004
-1213854832
554364637
1631186291
1519680742
-1821345369
710851245
1070301465
698727880
-309923869
-54304084
-541263901
-423076762
1547815038
-183710217
111878035
-863450531
1680900125
-972213361
-1975519955
135863806
-251950066
1441688909
-525193508
-1414422427
-1701392175
1155073555
-1130823659
1394845898
-1304003367
2034333508
1844804604
1332631830
-1563407469
-1765324427
881146375
-217444423
-61901657
-82244508
-360177439
-1097293126
-1631466627
738941480
-1654817904
838187022
-1295461630
1782602154
1492827353
-108802258
1451346347
-274697133
-830434078
-129511453
822342073
-943967482
-1420215015
1177432675
574921151
-449153456
-1483399596
-336456543
1662298465
1240825310
636040505
-724578079
165918301
-1432587473
-133900064
-827201142
-1187977777
-1042912375
-1658140746
1293966911
1817320880
-1791027919
1767087780
388480560
-625063265
-1083931691
517873263
-974222420
-1181762076
-1737437107
-164371615
-2046507782
2059397041
-90079358
202339113
-2115852695
-907152983
-1151736658
310035711
-1513555546
1939209638
-1799556411
-1469339637
-1920563635
632753335
-1450299086
1247128583
-1194625087
1547817575
2095105990
-1453363166
65850432
545978436
-736700947
-916227033
-1769529039
496997791
-1558017758
1573062622
1351708864
67297167
-1407342940
-325888846
1583715500
-1438100164
-1419543447
-1659601517
1045275231
-1519522727
-1146852013
-1142234850
-1283296194
-535952910
-2127983455
-880637446
75035714
-1430711449
-1007551321
-342476412
1780546503
-968653897
-2068118335
-431359827
-862856028
1926492418
-1801514363
-840740061
751691643
-800924088
151460407
-1171808082
1543996241
237286774
23923329
1913323740
-1536710048
-2015140445
-2128263325
467725537
-1493245909
-203611754
944791656
99189687
461829331
131203723
192247322
958723213
304949673
692228918
-1135017289
1929947998
1795263235
-100825336
-5572061
-565697569
320967507
1614487984
1969386785
429754013
981560181
1653150436
-1001628739
-610503578
-1348969401
716294752
-1749695732
2119934952
1164592510
1542883374
2003956248
-1956104808
363933111
-1063015128
-1576582636
-1170218539
1636253644
226168763
-439530025
-675453620
673368425
-18327315
1400513671
2109001629
2050690782
-1867534944
-498895980
95655998
1657145397
889661463
1184095208
-2102223456
-1876141177
806348217
1336141404
-104435057
-317577077
279686421
-783725715
1539087838
313031023
1677226022
356942383
-1621446590
157576427
1972055767
-443561343
-1478601602
-1791595118
941096393
-962976127
-1683243584
1361906282
1489843538
-249825470
-703981493
-116112193
1334054089
-51498820
2057560149
1465607987
-951507456
641227012
-864337103
-1617380838
-1847341807
1107347132
308342448
1537452292
371912797
719180492
-84020539
531836314
-1469901615
-249826991
-261645977
-1300786259
-573519253
-428349995
-1723967301
1174661771
-715168516
-1546942783
1103577969
1724692373
-957088465
167691279
344038253
-599343602
1577123273
-1770658493
-844076374
1678372917
1651425586
-112119141
-93698469
-771105388
-1322122445
-262046332
1212129362
666251930
1009855232
-268944304
11160229
-437576345
-1280986759
32582950
2038370702
-1815958553
439822252
-1765886919
600084371
-606767326
484549022
1528916284
1927323622
-74829871
-527333046
-1027176427
960500494
-1577525197
-1652875798
328218832
1404209606
-287312095
-472636556
-1039801642
-1141990876
-2089389984
-1694857625
-1130758306
-347036931
-1748521418
-1954875450
1817583394
187232647
-1392846785
-1441348252
1028986710
-569107136
-1196371072
102265442
729713109
-803029489
-725538884
-1808083978
1198931101
-800857944
2052023814
2036250221
1340404861
-1095246540
-860363625
-1584968078
728221452
-2138606544
1097589729
-2007631216
1389238237
1901417876
583168227
348264693
-1860324112
-1449232840
-1237018433
1112667512
441960042
-1310730381
-1202667127
1122374620
40928648
-111237883
5913697
-1921492394
-292098351
465161526
1741120707
1950670924
1124656011
1765439294
-87957219
-404069025
-1836880273
-1521812505
1668405409
-915622741
690364319
-892189584
-833211812
-354191283
-560221225
1235989428
-151441017
-1304149723
164199139
1766981004
-262012131
1398720220
1315582288
-1118465936
-1181151059
571384872
-770686618
916288868
-39965584
1947603790
760651605
-755250671
210561694
-1891012888
-1765362515
428685617
1251785724
-588547352
1919749907
-135457488
-160457287
-90785316
-1166162383
-1732380400
1274770043
-1273998734
-435893010
-106884212
159865011
-1406842561
-911367713
1270120576
704090680
-1250225477
-546237700
408114311
137875731
323535248
-743503722
844644069
-331547240
226383123
-1004172408
1154344359
1746192821
942926866
1452636844
1359372297
-1408588402
1267916752
1962451857
1237676823
-1454446264
2080836429
-885771670
-1245743978
604391460
2057749193
23965000
-1956055005
-1250631472
-140230773
2111303307
1496427164
-967213319
75727838
1278268054
-100204608
499311140
-1510212772
-1484813119
614569489
988945854
1713199982
-953231469
-823495423
511338097
-1430026222
-1432521680
-1007449779
-922754888
-488800033
284339472
-1395588189
-1040431947
1925683781
-307507215
-782795382
-1207342271
1429833497
137548558
-946009982
1537153093
525137489
220043665
1448708970
640849479
-215365365
-575108283
-920317407
-679741625
-1439619885
91648911
-1806109840
713952972
1565582885
-938812514
1128460583
162232633
1958557488
-2053942303
-2069383547
1536443492
-1746514211
1065836729
-1585162020
1017974120
2136775694
-798097808
-2032877963
-82204742
-1665801942
349368424
-1222701136
-1141726854
1554645977
1961185175
1105368688
442382603
231118092
1187777586
940224437
-53831707
243553599
-1454090584
-747850871
34629289
813316354
946414545
-1503529184
1428295285
1612558772
1208107111
100486458
190659449
-1053278574
-903043148
2137893068
-455510838
-63534609
1085608333
1846920670
-530064010
1609930436
-434574466
-1107624778
1940222679
1928774251
-755945146
-72637642
-876454868
1311481511
1078843525
434086018
-1967775899
-1625888793
196068275
-1004792091
1472319293
-149939253
1773826132
-959625227
-23165298
1582003175
-795487127
-2032658700
-3685152
1126189254
-712237271
-690565767
1932951618
1562648881
972443889
-1253374385
517668957
139522480
491118200
-817306980
544265925
-892252080
472437574
-1799492283
-1742108526
7708838
-1565972634
1891127441
1147125039
629242900
1744780378
1731805708
-280099215
-1884235190
-1445284530
761776301
1004639722
-196559345
2036604560
1722237242
-1485671553
1291807297
695015488
1265059051
816843064
801399578
-2106853309
-1011296691
-911599529
-1355759692
-650438787
974059625
-1463063637
1324126158
6503998
-934341595
1679612709
2027837904
2084299772
884461545
142374059
1774581004
-1885129149
-1284817532
-1394745812
2117354566
-54846743
-422346159
1164330228
-1478126474
-2110283387
-488153707
881290816
664576971
-1247897568
1741041963
-1637696235
1022924019
1419720493
1702457442
1039548749
-1532996967
782506166
-1893492442
690168817
-1983764689
2066804440
499325789
-507640626
445549804
-1530876559
1412551315
1808735554
-1807648232
166730519
896529880
489765974
985509255
-217318069
-1512857112
102494225
-302923934
1742296045
-1113300596
1310093323
-1804142035
-740206605
-365144000
-1567220417
1263943684
-1779289771
4125462
-446387419
-1495302105
-48195509
537871322
102188544
-2075885383
-1851402822
867068533
1285638772
795869380
1303959275
1825353878
413295195
1889433216
20465789
-111264882
314120920
1909321172
501673117
-1095862149
807421867
426691357
-1470455693
1291560616
1986971590
1041724973
-959331105
173417524
-1162445023
43594133
438959716
1360355569
1303943626
1257546279
-1586593692
-1762747507
-1548587969
-443495754
-1121757299
-1277702921
447186175
285179935
265709459
-1113364997
1933755230
298228109
2094403615
1021821743
-676231271
-1252695817
-1619481338
2073000722
913920041
-876476435
1952409022
1939729009
-1501996965
-1184684908
-170786803
931504908
-1303442400
1880455919
1945676290
858038393
359490849
373200479
76803881
659842889
1101301014
-744425620
-2094904071
1882878568
567812440
572447173
-177857903
-764964151
