1270181822
1645568940
224139967
-540717336
1956487897
1387735224
-1797578498
-1414380840
-1518320266
1240769266
-1372876869
-1220082827
1316489801
-316320617
1972189940
-130947816
-630698814
-38487668
1572636253
-406115793
339769490
-343543151
-64814460
908477337
177202542
587886518
1620195381
797327924
-325768429
-571191795
-1420474849
11488691
-1256181367
-154903392
-502516553
1943549108
-816938581
-285279067
-577887141
815557137
463313381
-1395502864
-1354909253
1585447797
-1052292289
-760516440
-854758284
-123957966
882401947
1356828989
1462213629
1931921234
2133991994
2053725081
-1425502522
636133355
-1758769276
2030690453
1679212446
1927020215
-435300088
773841070
-1280828076
-625986077
-990226240
58678007
1479090337
1012739111
-401934694
-977365167
1191500869
-996633578
2091085619
-1492312102
-1791267985
-1723677513
619987685
33316259
830890593
-414316717
1255362819
1441320101
1589716307
-1855164784
1298948962
1848507124
2017806744
-1881437506
1685089820
1363068724
-1303812865
-280588432
1351780240
-933326260
810741627
-349389234
-259138388
1397708890
-911074554
-1732039894
-203414162
-1475091226
571000257
119942480
1293442471
1696896601
-1202984353
1109398049
-581843455
-9935697
1002517188
-1156586270
-2056294076
-869589141
-1167027992
-925605935
1210900948
493164235
563872257
290216569
643595133
-80239555
2102255585
910117191
-1795895949
197477905
2049991836
1368760924
-686163821
-1715256721
-622377875
49429411
-1520388625
2106459530
-229735975
-1204095450
-1554202231
-2090291435
1150279701
-1263514979
2103749981
119767798
1412601764
1008241480
-1366204252
418132281
1549742404
1518137086
-224409769
63318342
2026613514
-2109490812
482309617
1532521558
207768523
-1152117470
1270957433
1604424483
1274529982
1134915955
1506094015
284818142
-1064591009
1164278653
-1850289179
2027375974
-1764239979
-167968000
-1948468448
-1555834698
1185110550
-319987438
-55192128
1831823774
-979570934
2131047403
-358743955
2078711221
1035615470
855933949
1467072946
1968758925
1752259515
364226120
-403824705
1722058792
-320788410
2114023403
1796312682
1642316971
-1050735638
987401981
-1802552969
-458467503
-819520925
-968549219
-2034880744
-379632478
1263905276
-545473465
1849831094
1837430243
555731437
1535958121
-39575567
977632720
-927843586
1691610165
-777226779
1356067976
1114951279
807639737
123863727
782180040
300568347
515732268
-1636565201
1267258459
-868001574
-1467192695
-983676146
-1836525103
-1891843545
1727083105
943925506
-365485714
-750224382
1736467693
1374550864
704948069
42601495
477027938
-207174510
-2119606970
-350354144
-279324791
-1531547462
-2050959181
146153863
-1612868210
704129622
-571033254
638182478
994493207
-925614059
1103034910
-2076842957
-86522216
-1547346295
-945446505
2065835278
-1545819675
1498489390
-66812483
-190176386
-446863608
-982956630
631576287
-1295550780
2078781012
2025517142
750740953
-1716900626
-907642438
-305796868
-769205883
934823223
-745602726
-2131906334
210257777
555740333
-1110448803
-1017984249
799302610
-247570156
-1188519679
2019734444
-525550407
-1948803574
-1591960844
-1074705387
714650756
-1724303253
542533350
-225001840
1487613846
-450556938
1036323929
674832054
-1682380470
-687431888
1363568314
1633241584
592094244
1690329480
1276048053
-1087452099
-306861751
-963893317
1664130245
85380401
-2064102607
-1807971719
-1230543607
-208254656
-2133893222
2028145480
-831787938
-1703929028
-2074811201
465118121
1450786473
-128738789
-2050538039
1785242232
-1816891788
-1682911490
891024005
-340657256
-1552296516
898336622
-252232104
-533369393
-813887480
1828112360
-993084817
-1811012883
-2065301059
-998874469
-1248166086
-1656967628
-781811536
303871599
801970458
-1160737549
-2136378883
873912905
-1332671400
1704365427
-113938154
498710669
-255450023
-821280745
116020254
-1454973212
-1993866737
1421268670
-1411243657
1623721534
-1884643917
1191057003
2079541913
-1999857894
1437642672
563232552
-1399111643
-2101039612
-1333054238
-227668442
-269110471
1047094367
15761919
167001641
114694150
307913060
638360149
750397986
694042014
1611986794
1152630197
1149728285
2143686418
-823570073
-1772396113
70050397
-1011494468
1624667318
-1928525314
-2024624955
919958744
-478274790
1959375941
-1098832776
-1438071207
1122871554
1057737468
1722569668
-1241931526
-1945517042
1837159332
2092295227
588146578
1027493329
-1393341374
249995554
872178092
636274392
-470782966
580074511
-209007274
338648555
2034023257
557201357
873773625
-47763566
-807029016
277028226
-425393687
-93292070
1223553598
1251303444
-9899650
1069533272
410283366
-1331719737
531331171
710368366
1829704162
-2119839702
-1370230675
1630819789
-2028238113
1377339955
872469295
214392634
-1706496855
-1227684695
-1735921524
-536550509
-1865425056
1347633346
-97846643
-1361768684
-587841300
674703628
208173683
-810802986
2111205933
224733327
1514046224
2073546905
-1221475465
2030342195
523613266
-1047081790
-325536707
-640913825
820012064
-1411672922
-1112868341
578141411
1088618600
-1477692664
1188856505
2106067223
-2091385224
-1583047456
390850013
-762971580
-5051507
356104286
-2079721087
-1192142271
-664046935
1907839021
-84312555
-755727263
284322729
-866945284
2120816039
-1107730804
-2030024810
831921977
-1510409648
-1588313941
1164799546
-335811809
880879601
1420521033
817520886
1017608434
1287908639
1999242870
-1988708653
572829577
-1962666149
404196847
1813202390
-2022322419
928329350
-1621395589
1906118039
987384319
-2031127661
-83472745
-693913836
1144760959
-1858562434
477128789
510115266
254609354
-2100471940
236469888
1704564197
-1876045820
1961330547
1365825796
1924424736
1353247287
-1791026261
1395845516
-812377521
-1657441125
1631340742
355040621
-1315959404
-298933481
977000685
1146972610
1482709424
-804486649
-1761201844
-692005417
-1717197421
-683695809
1403828927
-1771141174
475012405
-1762792624
-737631795
1057412975
-40127322
-1290851063
-1051647532
-1439798412
908396644
1363939648
2146357126
173614277
-1443139860
-1192586030
588551827
281926705
-1077276781
2101294823
-1493279065
-1418340787
578491029
936012154
-733967465
-2099965544
-1152041362
-2086795752
227724502
-1497967905
1640339048
-2095133977
-785125331
-1427368989
1728826997
-403561495
1051437995
2066724920
1343858750
-349649790
76190425
807316591
1549962619
1438307639
-1223185614
1567642487
374995844
527612344
1809732561
2105402944
523539496
11514656
906392684
-34756192
-865540163
-633740678
-1618204800
-549380486
1873431672
301297542
-888450099
324243484
1122588414
-69544003
-1943607035
-1345805079
-963983302
1752607123
1893381055
1732302135
-776010639
1301491707
-1753088847
2032397434
-521050221
-959262160
-481532130
-1305479007
635964114
-81122383
-25312627
570248128
631361400
-1516953460
-429079621
-1450282002
42582773
1934782943
-201336622
1997360496
-76271561
1151702683
1671859418
1095013142
-901057986
-958997365
-322883986
-1535667995
-577512465
1126569364
-1722831437
1211096309
1867860263
-823896770
-1898191482
2092120732
394931474
-114457998
404931572
894569420
429404606
1526907269
-280820242
-1126107975
-1739604758
185793141
1903131197
834049470
1814490660
1737424753
579731379
-659521663
954067474
842733470
1208726178
693159252
-741603569
-439881192
-1446904430
976736734
670740217
60376374
-313556691
-212573702
-1305736632
-289366511
-285014146
1281214942
-365377437
-1873337273
-760875430
1892345984
-1978558162
1388926460
-648612578
414870836
-2107233305
424935457
-545474150
-697871463
-1967339726
1461843704
2044997708
-1139885642
-471675279
-1301392681
714896336
886731871
-112211879
470234411
-128563305
1991640541
-979780926
-1630971457
-1389098537
-1188439347
11726781
-1788020674
793923778
-1464667832
1234597867
1669380598
1159767801
214650436
1636433420
955762654
-584770749
-1690704583
-1301233706
175912154
-1019439239
-1283009017
1427423239
-2079897540
-401263931
-1814354666
-1928821315
-749376370
-776015093
1130451390
-1223361275
1155778190
-117263962
1336831721
1246514353
-1669220231
905320279
-653155849
873706861
576771468
-1707154567
-1356715039
1107545620
-1557001785
1340535417
969040032
-895504065
898038260
465942406
223359183
2094592031
-728047641
-1046798972
-1457378929
1734303372
-1458149626
-1186790587
2012876458
1897466973
-812233461
-685259014
-1727761670
-988807174
989121288
-510815001
-1081150709
317228590
-506328405
-1615368875
-32180737
46934849
735587267
176297421
551360690
904048965
-1074029054
-1491048062
1130342173
-1808558160
-1581198588
795327758
475056127
1130367019
1956416655
-422426271
-1934672199
1213086888
-1038857444
-213331466
-387782791
-1243827526
93888662
-735839674
906252699
625262624
-798266527
1676213889
-753329077
-1623630686
-1669317219
1766638459
1151793518
-1069009632
1868919979
-2059177500
-1028031806
-1127195673
-1842821905
-1517154116
-862646973
-1975309754
-1189986857
549114629
336840400
1100556128
-1707275748
1215564985
592374286
1127090244
1153790024
-832240898
-335395700
-1949033158
1874319223
2061699991
390384424
1730199647
1483002977
-769871970
805574832
1895340404
-814054761
-1329085072
1231467211
-243545358
1938009612
826455527
1444100378
-1478534047
1114738902
1281908942
882434714
1136817641
450701622
1499026577
1377299787
509821225
888761301
1953778996
1695474710
1459651399
1258280528
-891081082
18603755
-1259191225
494216694
482405781
-540073687
-1613424736
1094465232
2133859684
-1801536957
-272049652
4804321
2030113499
-1058992993
914159775
1512593838
721540094
-1431413055
-1429105381
1940707328
-268351903
-1528309080
-445244543
-1656059929
322064603
-240869512
-1033691925
1644300546
758310010
-1993619112
-1164541031
767361278
-473554762
1890358173
-262769592
766084187
495978216
1800665384
-1750044470
1071433590
-585862916
-797870325
-768634925
-2055119933
2082619237
408081778
152952336
1683324249
-1242631599
1234770624
710032509
763507891
297148957
1212615928
1506627575
-249802572
-990672117
820766046
-209889776
992771307
-226123726
1532172893
1974072098
288094232
1584519605
1934386091
-888779354
-910709009
-740085193
-911385430
-1401353530
-1944862949
-678525042
-1243584239
-1953562576
-164256123
187683510
-1620394037
-796479700
-1498701099
1250847495
957202463
-1355817744
136054072
-425342806
717616400
2109463602
-1770029468
192117321
254569221
894458879
115713752
-675134971
1508195245
-1896362037
-507295896
-1219129939
-1307544548
1437058248
-1581373960
1448590892
593541433
-389629830
-1377674617
-333385151
-2066919844
1059079307
979988591
2056472694
-1156881869
-909134885
1861998570
27577418
1498727909
2123781339
416902104
192840368
1119908472
-1030480613
-1562505282
-1877259844
-1546420105
1856926240
1227074065
650674075
490173902
1331309435
1112735413
731227332
-1611854343
1060839958
1774792128
-1243648659
119595101
-799219504
1540348546
2130048575
1312393461
-1209185716
-1132314935
-1683681204
-1592969423
1167804422
-623268256
-597632960
-626604262
-683092314
536891097
-448262954
585156793
-991886440
-676264052
1817237646
-1365304903
-736645156
894954975
1342964380
-2016021173
434252826
-350834234
1605745443
739745353
-724237831
-670773619
621442722
-1605367906
1636073136
-365198379
-322335570
-790094108
-439692580
1002035931
-1019834911
486579534
-1162880108
523058176
1770358034
1276019399
1406920890
2003785861
791517126
-719216805
1480594580
-1974309739
-1981761051
-524300586
-1758199654
23141768
-1482790736
1069927082
1492257681
-104368027
-1555914510
1298707989
1717064920
-1544629079
-1940814731
1451346051
-882499327
-877748410
-640458057
1325382192
1599239074
-1081060882
-585361186
-571484399
764539501
12917392
1200880872
-1018504204
-235969154
1112536866
893896742
1590690277
-2009372428
-590394975
-2140654358
1593498580
-615701566
-1719850923
1866023807
-255399308
5707718
-1297224103
1367104089
-423753115
-1875878117
109629530
190821773
1442652308
1499720363
-1574012514
1035000194
-592664350
1759286791
742257992
213318888
-853472509
1830691962
-35100710
66428393
-1649354328
1047034714
1573412090
1013364383
1837981664
237219234
-944132744
1874805957
-53731141
1858645181
893075855
-1387784016
-678023888
610513572
850670442
-822075521
-2074315712
-368395990
998905322
-413361007
-2126614182
326341270
1636721574
-1404107209
-1480401663
8025970
-131769806
1518303658
-304594005
-1541202526
-1461140060
-685376961
1510844140
648785079
-1834123180
-1763971112
-1387164460
-1142283387
1962584802
1466079390
-1333255788
-912129294
1299046524
1358062060
372199271
638145040
-1837634720
-1536009074
1917972654
-1701752978
-2087600736
1714831402
1266253917
-1820826710
46248484
1540665854
-1201673066
1861232971
-2109384203
-292633909
1176072082
-1074029107
-1280026184
-1109600240
193499848
-287911940
-2009785481
-431721349
1198309447
1543151493
1805932711
1792906140
-1065482649
-790339127
1931264102
589663451
1359933856
-202211340
-94618109
908636588
-1411931975
1344561742
660120515
384506624
-65308892
-1885520688
1210957282
1737251326
-1433595480
-575762182
-1985277480
1479081970
1349148992
740849891
745000412
1865953669
-444264381
-855961711
-140006227
173193518
176788932
-2045408630
214159759
-483111704
689543995
-551233365
-2022252397
77527845
359962724
-526591433
664524572
-1730940158
598985062
513050162
-68982627
114564027
-615718088
-1716612880
318497703
-808571040
-522114496
1909286888
1172562722
1648839880
1989463868
1659541197
1793085402
-1343867706
1619310181
-1453921825
-1592625603
1016637082
-1146155823
-383131267
-516737950
-850554966
-1140502504
-1845736705
-725318579
-118095246
-2002473926
-1921838398
-497359247
53094583
-442772544
-1042504829
-407605131
1676584194
-948718048
-1821088016
-915700677
-1226172596
-1339901851
1812282236
-1603308771
-182339339
359158799
-757271694
793612665
-2108734469
2013872183
-2087702195
-2131132817
-648963737
272795895
-1976617658
946578409
1432148746
2018261256
-595496915
-2007420197
2124803177
-534087253
1793519484
-457629749
1552977653
-1869198131
-975440216
-386014317
203853183
-1279965851
1477204410
1310983269
1527884522
65659424
-844534498
254913296
-2068232159
-1988334016
-1718706501
1908656257
-1279265461
-2122937151
-51508157
-955674741
1428972093
-787885635
2013244107
-1739110678
256664112
-1686368752
-557657187
226867077
-1273497933
588919103
1300974157
-1293698318
1757779426
-1436752491
319819786
483634751
-1985994792
-1887942001
440637493
143052015
1296185185
-62754439
44184119
-1880836030
-1939738124
-990740392
-1826833265
1657646778
1184043744
469016330
-2020412119
231356377
-535476796
-1506995541
1949432566
2116241454
-1138291645
-339268805
37803192
-913694318
-911387912
-1269635203
-1741811427
-467176529
277537192
1270772513
1615778831
1197310145
-66970954
384230181
-135207606
2114013856
1697562075
72209527
275158062
1149963261
-1756585451
-298331938
1053590742
486441451
962304736
-1185833445
-1162429848
1397737889
889191587
205052747
284390062
-267266434
209876077
-1155100529
-613964059
-1199061940
1086924512
633378030
2062697941
1560447432
1196378733
-1509888391
159415073
1560858466
1858056385
208703663
1112446944
-60887488
-232131714
-505078493
-906596245
820075400
1443969070
-2016966053
-123387016
-2021391394
722386804
1071895803
1273003623
854416171
380744579
-232775901
-1008602404
1615602848
-538383916
595321364
1342787981
1802712826
2010811411
-727837159
-949354916
-97074937
232315993
-515672924
-883322457
-1933913496
476219552
1531721910
-78341409
-719639401
-1458552461
1044054404
-1999341481
-1731157973
1094223845
-1595098281
134895710
-373786021
1546512067
1164686003
757118863
-538523968
-108328180
-2143406661
1843785830
1622436190
-2126286943
-72128557
-2099793897
-419015452
57053240
-826856569
-642751334
752574771
300865430
-740276566
-468387830
1258456604
517258493
-1560664894
135425327
-1447854483
-818821918
662559651
-352308903
2145392430
1220958435
-1887152551
55916399
-1347113176
-1930384649
1660275275
1347104838
1629661862
1515329510
-2007442788
-670272458
-1481121921
1615052028
98962900
64909803
-474858158
1410479353
-2136311361
377730680
124728851
1795403851
315541909
422437553
-565531961
212524158
-1413086630
-1744232007
1224302731
574377715
192522631
368047321
-911785510
281241295
-1296092694
141518995
-538841074
946788918
566022858
-1892612362
-1914935001
1107059385
513944910
-1520362700
-434059830
-942785268
-696556514
-973268367
-292465779
699166716
-1389655734
2120173021
1005227889
-203485537
-620394901
572119556
-334773073
57534924
1145627399
1099259748
-1654369353
-47881011
-1422258887
-24448960
2067785077
986145107
-1092351855
1248626611
-1047785771
-1396017495
17540920
953855495
1263937673
1987635244
-608521896
969414215
-303538423
291770107
-196370758
1499529490
-346472741
1396189930
759482031
-711624527
-1965997804
-1052258629
1406937652
-134038932
-2030167011
-1629135985
132856912
1392075032
744742074
974405529
-2018751295
908272884
-1648882872
1015213077
303134935
1948533942
879976774
-2141604232
354371230
-1010701344
-1953836266
-663086871
1202933314
366488151
-1442254333
-712178193
-1312713297
-352366283
2001529477
1005994858
-107380104
-513160995
591700676
900595911
-1435662855
-1971276720
1045151066
1566645359
-1905858626
-648612418
-1498315683
1363922048
1195463206
-1133549472
1099169947
1128898238
-1845492413
1607230340
962511143
-472841269
-1089940476
621533929
-1931471084
1849678230
-300986474
666153036
1733282176
-1723750127
1056752902
-1995503038
-1389460012
-982545626
-56102614
975881288
1947570249
836036843
-2047242559
1498696728
-1379764051
-251426029
-2075581735
-613842883
161666918
890547367
-1802523792
1451582441
586176183
-1533278986
-1832643490
-1550664698
732793921
1366097098
-40921487
1287842186
-623352115
-1688108324
-1698274087
-1863871217
-298896312
2018849673
1962101958
746782626
-902724594
-293681212
772483919
843844826
-304715413
-495124658
1430740373
1931500076
252043869
-32802267
745836328
1244657533
-780441954
1789343033
-168457559
-355232519
1871962850
1538367077
1183838383
1932999202
736732253
421295004
-686622482
1192286763
-1882916729
93839714
1078370710
1631279495
-309295837
1289720958
-644615944
126081212
871144572
-950357267
1992109423
1384142972
904729074
-1425149927
-184078467
1495534325
1270960820
-971100085
-895274444
641132135
-1128347954
-535466147
507168214
1645956343
750894694
335732403
913688767
1453710787
995716929
1235906155
1550617219
-2106014923
1467467404
-1501088302
108428627
-963308900
916853465
-744001766
1558714788
-1729490696
1598802535
849345097
-564602863
-355241708
1252323750
-1388274827
791963008
1207230170
282715641
1083271214
1994945924
1509059554
-1602056003
-13297606
909301506
-1922387637
-1090828663
1087581575
1143582486
898677454
-2003708233
1994925917
-992870857
-1156509936
-1292529885
-1970719534
45536152
835610934
1237137458
1301027459
1328927441
79165374
411192598
-212123776
-2124681282
952382605
406910031
1841894792
-1820883801
1698212419
1654684788
531976309
-634181983
-921158954
-843030222
2106171641
-1621173197
-1860781218
308419733
-1044715894
-1262249413
940177709
1829259398
-589886310
582429458
180190242
-47721324
-1133050100
417653742
-259024322
-1273998346
502243810
270650504
831762551
-1409505328
-2012014534
-798417666
-1570859828
-15889995
369141370
680015353
1381995929
839105133
1126075338
1406105362
351902252
-2019043081
1764634306
-1349544079
1421162647
-466999855
-1808705180
-998153033
-65153849
-1683704202
1607647308
833621021
-1637278507
-1332814553
-562869979
-2057547299
-1138133348
-1097283346
-434060193
-154051888
725693067
1884463583
1389497886
-1735791528
-2041210949
-898456160
-762328459
1989101183
-1537335997
1925318700
384839891
132709472
-1780652853
183540947
-222324035
-444109115
2014759519
-1391752316
303483325
1133038865
-1603494523
5477966
-373614438
-1118650272
-1874831472
1844687652
-273413176
-1879497492
-1116773578
-304022048
-1648036574
-217287246
1243367776
825837194
-1909416234
1416678996
555571009
-1727676455
-820498017
1787340609
-1066987095
849056249
1613089337
1460449298
156895643
-1507043954
1950773778
379350071
1296098844
-1397441800
1027501885
-1146522158
600094541
-795352616
-1541529685
555322082
1726670524
1142564051
-1085484132
-400963420
-2054072074
-757703275
675437394
1734326581
-1617783712
-76225255
-1889584120
1186666363
117768518
899404838
1323221026
-1834652346
-1650092236
830752796
-170043740
1051389873
1974438788
1662562288
891352552
358235598
1466422584
-1774426764
-1745324661
-1625365119
-1715693047
1293752027
-1889397848
1631900332
-1178216256
-1200438148
-1946642104
698420364
2079712451
-1399105834
-416689640
-1136761502
664635122
-909438764
-718255268
-583860139
-1286547533
1633378897
1651871268
867029398
-336124341
2060836573
-408860484
580484293
-1037991569
-1057923903
1793923944
1361327507
-823610086
1569947712
177994832
5408423
-1270034015
-1270270177
-152082759
1555899077
2048757764
281864295
1357105525
184034349
1091839878
1532583017
-912201571
740580929
1060923518
-1829461757
1679959676
-586046103
-1403768721
-1899074016
-1167726643
-1218236102
530942806
2139213444
-1867348183
2140503253
-2075060669
-4058935
-143488070
-287880819
-1438419157
-1510521692
1443960628
1386063820
577371644
-439433108
1113243398
-1745540554
1634190064
1577626333
1064715468
-1273977074
-2041719259
605218072
1489756678
1220029401
-538028947
948941038
-278324465
-666826944
-1131711133
-1913356451
383405383
-203289286
-501160258
826495834
408054930
113604970
-2104030999
2092467408
1670161414
-630451259
-1407917870
1365454824
-1822765601
-1274315913
1134482178
926864523
-1550911818
550222855
75332589
-943134172
-434282510
-1100574536
-624346741
-982160470
1094169982
-1192429006
539769382
-686710819
1324968636
1805519458
-1061804939
-1454071345
-733449543
-872150371
1740221674
-1630442075
-552810591
-1573167093
1801301064
-1619626594
-1760266892
1368969794
-166687881
-1325202604
1075911673
1075517489
-1331292005
-107288254
569842675
191745855
198515042
-1725609851
-2078940270
1577205939
-313839971
1571516134
-649851348
-1339778731
2028133650
-155643624
-1030665428
-969246890
-1963929713
-1274059459
354107466
-1463684500
710583874
-1861164626
1493293820
-495549887
1098573640
-664558597
-842349269
1735616269
-1594170237
-693844944
1480257834
-343836543
419736240
803674202
-2102890269
137920230
280776119
-1906561975
171314258
863664774
-1022286267
-1590791786
613239607
-1638826678
1340920983
494922727
-2117933561
-107021660
1523522713
-1997480591
140300835
1268101551
-1992102097
-1455016002
-718250676
1424332179
-41274159
805295280
1229065301
18044974
-643617443
-2027242555
-63426279
1760262896
-173835992
-155453541
-1920177233
-1835333114
-1617813675
-477839434
1219988188
1190553018
1672160618
-493290879
-732528696
-1726431720
1200393247
1108171666
419322101
-1827855147
1786103161
2055381554
-849315732
2044483948
-843057129
-2142782437
-1312851656
1130935178
-465132596
-415969149
1070102552
-885796948
48069485
1308456793
619426671
-1765809659
-1872132117
483958990
797619839
955831204
-553588573
-1539247850
-905870378
-1406169642
2044052724
1803064431
-990678265
-34334776
-756661486
-1616392350
328971677
-37655951
280270873
874368840
1953281869
20455086
350717285
1185906447
2101923178
1557354926
300209952
-1465359298
-2007897699
-1462396017
1551677467
830326837
-470465580
-169782199
-522850591
1823781305
-105697414
2106286795
1547196425
-1133546832
-630026263
1332994659
1767125452
-1507865048
2016583708
-850138526
-1887826730
1797716637
1927610793
775234559
-132090272
-1946352517
-1671084307
-1796056453
-1638813826
1712149729
-2061341560
-965842554
-1167260235
-888250201
-2090732021
450964961
-1353932592
-2005482590
-1320443408
-1452254141
-1113990669
655510566
2103961802
-800824704
2082959344
1239268043
1026210749
1806153448
1506421977
-1736951180
214382127
1052850669
-476196651
-387591027
1914713791
375426568
-349350345
-967940717
762647413
73239004
-2956596
-1558653479
1353243963
377104538
-1626015116
612014728
-1057626484
550018215
2114701043
1888469734
1170637162
2139973756
-483227384
781194715
92743829
565158350
297174719
-1359346767
232097785
692568814
-1231680765
802451483
850597991
234860145
1643596407
1672779896
395920008
1660733715
-1253555835
-918185384
-1330103026
1245138392
-1103765578
1088642622
-1987503573
-1213185932
949621828
-290264409
-479283130
304718316
996511725
1706976075
-2102883860
-2095395972
1334005769
1681602722
747989252
-1898638405
-1727969570
-427471959
1332996422
-429186564
-1549093581
-574486043
-1666130450
19895287
1911949602
-2067085912
313263788
29743529
-1729014222
-1037185390
-991553571
-183866504
-889865564
-1526067622
-787836416
902151833
379274765
1015098830
1065032802
-244343882
82588964
2058913304
-433498340
-1770079286
1919915741
-1256103358
-806922177
-1508192433
-1752125770
-1740286725
-1473886131
-1480240229
-412506032
98281114
1855836650
670030471
-1118998464
-1934024861
1724799186
-256071599
-623524313
-1149521399
804989965
1754319811
1727519743
-51918220
39397217
-219343724
-202172745
-2147138364
-1191086072
-1217033203
1662174210
-1301917548
218069155
-1754967057
-1284187796
1491256450
-540288914
-987295853
-1584066386
1857463791
-906591820
849886035
-914557630
-1130698493
686027652
1400903208
-496060616
-312759053
1671037604
-697761388
-504768694
-1545635706
232994245
2014673858
-364511186
1674001108
1640968440
-967305237
1155371
-1576594351
1560929376
405281018
-1910039057
-95146999
-1058377175
-1954377102
-867915874
-1052502740
-1934229576
264385423
-2078272722
767461581
144827939
1342578859
1722892529
1462400998
-1864108573
1206025955
-335353485
-993281633
1775681992
-484731398
1820517253
1180096975
-1675418324
-640242564
-255314023
169135042
960461163
62521894
-581528495
709395772
950546066
1076333701
-1202980783
1176815038
339524437
1448368604
2019468636
-1161785849
1365710918
2142813770
341749918
173870045
-1671218620
-1200378068
-103824314
1278737932
375341105
637399232
224716376
-1185819473
-41662489
2066741770
1517377728
-1287712339
579018347
-211307782
1811867305
-577720954
1631534947
1808363726
-731172081
-120093617
-320481339
191485109
-596452206
1275268859
174440401
2011459764
-106263923
1042017499
1511563328
-1916971315
601044839
-1017183897
297580221
690615901
-1720169432
-439997890
903998868
-1900024891
605774159
-1235758741
-1528546647
709797453
-1944405790
-1704534039
2025355690
2131953732
431801797
847303785
930100616
-2050857621
-1130605489
274727505
2141984034
886866835
-1839847398
1645493512
1299963715
1418363267
-233692390
1928622960
-928626226
-213202912
428820976
-82837581
1715603512
570976711
-352634496
1140764482
1479331125
-12676099
2119360960
173721371
344208309
1605302090
1452513747
371230794
-1458584815
-1975760543
-538910379
-303892303
-2117434751
-504871548
422863608
-243403766
-374485039
-16330970
1735593039
-51787475
1892052308
-2052187439
303779561
1666508686
1438120728
92668233
-1334976862
1374445834
1382174555
-862527246
1244889397
822363106
-1365286340
-438652562
1717027604
1708986631
675791029
1935224202
213493115
1733546647
806795976
1287796570
-1928291902
-1331784025
-1092173576
-989341023
-338338318
118444611
-514743046
-710176393
1023643291
1324576946
1078440364
-1282887899
478282212
-532245763
-823407034
689968467
1515012067
-1034730574
1077027022
-1945659547
-429872081
1170514661
-1935547439
-262033375
-217041742
995642999
695362383
1953000852
491624899
579865242
1497781494
1499510582
2121376627
-2085163373
1665662867
-1124511156
-1143810010
-1551492670
1654384069
1751861389
720930917
-1997458209
-1656297485
2011665672
-1093516301
392381318
-234876545
-549962940
-934736867
-1120368140
1865778491
-1237767000
1409341270
-540374254
-1106297573
321888285
-1653196286
3105459
-508456660
1078771697
1175275666
1310588954
950843845
-1491938818
-1436285232
-2055404354
-2086289157
-1641923061
1384904827
255478608
1947768665
-1100605839
1744021270
996498172
1742356432
-907147519
-1090375428
1499941615
620578540
-348271067
401880504
-2015962599
-987104951
-172448700
329954195
1745862451
1520373060
-917424789
454142573
-828345085
-81349644
1661800745
1540200400
-250476834
-1047050917
-210455367
-1875107774
398565742
1815477208
1777832806
-1396344358
666626997
-1463455008
-1025654485
-1237226475
1493593169
-177152787
1926701977
-32769815
-1849458943
-1956633419
298994941
630391578
1516346983
-875532897
-725391935
-1914206771
1791952399
-1773164686
228968466
-42847910
-390664016
762390863
1082732995
664043878
-1822558544
2050787297
-31084432
-1929600977
252137709
-1527309614
-1635800090
-1593595095
270861242
-553917056
-891833662
-707580726
1513174567
-1805854992
196603223
-813178974
-282117755
-129788670
-257205548
-2091577683
-1078524632
1538737894
-246858586
67970796
5646958
248517326
-1929292773
-1767289295
-1673689856
-1212661019
112973383
-659352773
786639703
1281770878
489306667
353405698
1655989122
-486933360
1859405074
-1159434414
1919655973
-1134882718
-1816200898
2067337886
22727108
-1671612030
71387844
642137357
1027233857
1032500731
1869921972
-1785772327
-1240334173
1946443206
1508792444
-166198311
114817816
367659648
-1857128051
-1564191653
128984380
-1481292195
-386099394
-1948291273
293897371
-216304036
-1437734159
1392851232
-565908108
1722545084
1688502388
-881246915
-776744512
1722927277
990267048
1268521719
1082293362
-1943534517
847382119
367623444
1860123903
1477106119
1236427683
1408626180
280774431
-1086390553
-1811067702
2105875835
-1388426539
2028731824
632323185
910584639
1076758701
1841130848
608301360
1733217090
809002564
-2058729823
-913997878
-1421584653
1400686349
1193330428
-357112943
-1365172272
1839312209
-102197365
-1362497272
1572345663
-1079777417
-1275843854
1806225097
696262558
-636170875
-122321265
832723113
802593432
-1698671898
1159326448
-893841127
489425082
-822349715
1158877061
-207272753
1906478661
1483451033
1036772758
1281574052
-875597499
1796913178
-1653467530
139516352
-1530010398
-845575020
710717689
1080776691
-983386635
917195682
988527138
393343590
-1076515618
-2077693923
-318532319
-1513736590
253671572
-1537182819
-356354437
203346127
-1622001923
2057003583
-918727030
-1497431823
-2045186433
-1596012888
150279976
1495752366
2041941206
-928724406
-1114910553
1650120227
451067687
1115612645
-1639089661
1444740568
-1225640107
1166319185
-358719398
1446849314
-1522126189
1399507322
127213980
-1168906040
-2101062341
962305962
-567468418
579777513
410644445
-530047731
-690382925
-981458147
-845741671
1458534258
1460726366
1336466393
-781808719
786541647
317366209
936376855
893389401
-1215403257
2137146426
864538165
-1848170799
2097274734
-1803798160
-710535907
2081158837
1459953804
-1465321527
323292837
2091867283
-1225767008
60191519
-715844039
-908829250
-1713867928
1298568882
589078967
276857185
-595313761
-482538401
1065274010
-266695466
-1137354553
2055586578
364823897
-1357369032
721323048
746121336
-50795759
1331723830
-1538730985
-898086407
-2114963103
-1176359382
1050417275
892162277
123301013
-918937751
1995570061
-888271380
-2084890619
-1405645092
1209264862
40044499
-208904001
1607526351
2046823582
-28393115
-1531822493
-436912888
575784218
-1326241114
-669686194
-1059864805
1131319430
-1512017586
1158235387
166970364
-1929366276
1388045429
1658759589
-15911978
-246312764
801431434
1971521583
-314937574
280201429
2043211913
-860392120
723124697
