-656927724
2028903655
1719959081
1141666981
1626759895
1311081569
995294309
2143007381
542762603
349469602
224614579
-687575860
592382257
1042168529
-1156673219
-269409999
-1267125644
-1157442955
1045721583
1979805406
-1211644755
835782254
-1228503458
515238964
-288998399
-1453464535
-787102235
-222639564
-672059123
-2057107441
-1936957935
449370385
-1525529626
544687677
-814792898
-1866874368
-197053605
-149116294
-589738111
-540702125
474522748
530187109
995911625
-1884507195
1276206687
319122670
30572352
2129890839
-845218271
-1471640057
-2121553674
-1249341989
206923563
-1723957862
2024523713
-1804026737
-1410436170
932610748
391453790
-2047699475
-302274160
-903470045
1282085339
-737614208
-1085802721
-955761963
-980751303
1236041594
959036582
445512738
2005810508
23909316
-585783865
1910648532
734348262
-436415913
-960030904
294518692
-1605002956
444240330
-77908711
-820893458
436981863
-917659349
-1777875819
-121740888
-1984631658
-782691823
501706504
723273616
2029965538
-545550351
-806803343
-1763559260
288165594
-1222043472
612941448
280350679
-1696483551
-1785779590
-1630350334
1682766081
-1743777714
-1603437871
-778646510
-101199850
-97953773
1910147816
349006387
-2020819046
1156706976
-573788879
946022948
-1756130732
-1670402999
-1430958028
1996592180
1881369665
-1605897883
-586833246
1667436991
-726475061
-1964040071
1934681258
-1452210697
341347387
-1384621418
-1489896822
1780756199
-1469182357
333936127
1801393256
572232373
-1368517442
-941820146
2058321762
1600027943
-1023283884
-762432681
-1148914718
-1090367128
1421995386
964297485
1883960631
2008364042
1773104480
-848517980
-304867743
381342030
-274314483
-1217677640
-1266272213
-1980185693
560933014
1431137325
2126779519
1602510444
-553985651
-1370726762
1595124469
-1845763834
1390588856
-1323588902
2019975852
-720284151
416331523
-1894448108
1541469533
793617100
-1154629450
223709371
651065261
-1720284370
-1448919574
456828419
709563073
829074836
1356927289
-1745566335
434651927
1777515309
1173331892
84541717
1884663956
590835836
1063336217
737032451
909571032
612373015
204820293
394520675
-2130715431
1876259244
-1099747097
1907055547
-1959391569
123846468
-1381418122
2134650346
-32504660
723888843
-690440092
-467718329
56022191
-937453105
-215623277
-1141040375
-1359920455
-1064700536
-1742305016
-1135034648
-959186496
463590680
-81657890
959543556
2138832323
-893941742
-549562244
1605709830
1473620766
224314688
-1665626102
-1990776444
1522784031
531399072
-1877562592
-1894554966
60810712
-1882410064
319484352
-956543211
1061480758
-1407547669
280655494
1068179970
1103437138
76137362
1938316573
-1408694873
2064274951
299396783
-425028619
-1201019680
-6868541
384558678
2028205362
-2041074930
2007508386
489487918
-1827994905
1224154684
-1554991432
669704239
-607931773
1323153282
-551390034
218412460
759561099
-1312678482
-944731761
-1231659884
-915268215
-823712224
740029155
1516547316
-955330236
515604468
1308735485
-1534455105
136108336
-316248730
-387599983
598507473
1475257639
1755066226
1774827145
-233702863
-9831079
-224720965
-95796712
-1602663786
-909842303
719058093
-1231624434
-1846505684
728645977
-711947291
1412310126
188462743
-1025134769
515479247
1034514237
1090070328
2001598073
1597527440
1600095644
1037244078
-171978043
368479271
-1905238247
-504343138
-1676488076
1319091662
690966081
-692087881
288678856
-500680026
-1307236487
-1167826960
-411006469
1912923026
783122701
482175252
-401805965
1874905186
-812687223
292536959
-1108198604
231474228
916646215
-19189463
154142614
1580301334
-889528247
496485603
-1047877577
-828939280
916592968
2136818145
-846218958
1757982112
136978700
-482795912
-935247472
-230439322
-1328957186
-1879041753
-739628290
103630466
-1112606725
-1590383909
-1315569472
1238071068
1360143466
-429139602
-36623899
-1097215389
-221013104
-1378996624
-1141501252
877781495
-767534558
-1746217430
1151269254
-617013365
1480456731
837757663
823874156
-1176912954
1540897232
1538601045
675477171
994471786
-1472765887
88064915
535860013
2053618359
-1683483983
727941867
219154930
1305687825
550662007
164082234
1640282960
1016323808
-691568106
-1722114194
-1728648705
1767141303
-144087925
-905360568
1473687193
-2067051849
253993446
-1656595870
64368200
-61245643
1513008668
-926379405
-1518073664
-993743974
603096858
-958830638
1506423152
1561231499
-1312173283
-437231816
-1432049677
1625895497
-2069360576
-1078442039
-509164596
1332515929
1513793878
2017956181
-1461909678
-4973721
-1488583686
-992656678
889499113
-1271324314
-142812189
1072190797
1307666802
1430964220
-199131268
1222342297
445448964
892804381
-542785101
564885735
-731655461
-472947211
1115141392
1084682784
-563330160
757838859
-780762102
-1342582865
182899850
-147838813
1382808213
-1283988853
-1206431820
2090371683
1402770687
-508188812
1517233776
2037715256
-364304388
145674108
-942921270
1984793722
-1508215297
-64074552
1374556656
449726285
1579173322
891545496
1501071586
-1858842805
613600840
-1588617340
1442753637
-1360723617
1377733530
1516985607
1710242621
385286387
1433391471
662681409
-770711142
-1892614835
2033495704
-1567043080
-1096984366
-1721439946
-1491012133
-589522977
-1344975280
1213499612
-353796090
592696603
-350992948
-1833534983
166263623
-1681132030
-385291588
-691987917
1819401147
1531932197
-2093644535
923987909
704004420
588188560
-1094220539
1025931359
-1301813602
1836497487
-1144563043
670663243
180317620
-137593804
-2129523766
1299084240
834379056
-1788831528
-290374067
1819288795
702440272
876759518
-667047781
323432154
-1883852288
1893492606
591601173
-887499029
484673572
-1978541759
828156539
1836971574
573422644
-1565929719
-30248798
1704363158
-757375986
-346552748
1172979813
162310526
976795142
44933057
204937177
1053718298
1065377602
-1039972142
-1237122108
603698100
621595461
137739762
225579854
671831385
995313864
1494870202
1437881081
586847163
-405702704
1528700527
-1022885170
1795208281
-787247876
534921935
372014040
1708192989
-1131743713
-2132225268
-1013352234
1764112324
106050574
-1155588840
2027271723
1632261955
1064566202
1796941603
109255961
1392853609
1780023424
1825704801
136703534
1987987584
224448959
1148308496
688889597
207369913
1507845547
926278585
-1490198767
-1005114361
1292214112
985535925
-335185890
1278822218
-95760838
1138967282
1898839418
-1854303312
1043999843
729695991
188382922
175036248
1449767596
-2075057883
2076553728
-649189321
1939133856
159575615
1545029764
1443064639
-176881706
891516459
221602737
-416276035
-873013881
-1976348167
322198658
-1031853822
2084588895
-369496540
-1081159028
-226340795
-1696331113
692251928
746272303
-1271338809
-1663212477
196128244
-1730985464
514634808
-1346398744
-638977136
880089001
-167455399
-1406560943
1061496769
1464660876
1329899234
357067170
-856484133
481406020
753310885
-1304469587
-3080329
279802100
-857632014
1945022340
-1959796107
1483700997
-257347523
-1341757618
-766705852
-910514413
-845136642
-86200482
1143392352
972040487
-1971448360
559659905
-569500644
-611004373
-1835623427
-1798505065
-1727281759
1814203546
-1660532784
2022468964
1630439990
-757125514
-239451701
-150472281
1549158081
1871482495
1130800546
1830581868
1817502093
-195717471
-772058200
-903701346
-1232726964
882826669
-2025196430
2098458335
-1920249248
-1181169076
1435898553
-984049764
-521580715
1222406447
1743941508
-313748389
-1776752206
1748738699
752678022
379306583
796229105
-1887446332
247261380
-361127859
1938744778
1549470312
-771929222
-625813096
1929750455
696805726
934771007
702803579
679221940
-1085617826
1015054183
-1174303299
-712015289
72948643
1194181032
-1911262341
1299736255
706813407
-242493953
-137109191
841067968
-2125241745
-11748652
-521731271
662320894
590030800
874564444
1665586960
-1833107129
-870862000
1262491198
-1447073931
1286085575
2090083080
2128607865
-1574407844
-296032377
-1068111095
527117956
-2082814397
85486902
1506374100
1594922422
1063845834
2041760556
-1286111216
10455016
502749321
288423851
140867446
1055813464
-1074282979
-577727641
279807247
1584586959
969699460
1134094408
-391429471
-1417637370
-1037778262
1842229357
2091678566
-1894329787
-1760767933
1760448884
1490880511
679110989
-723370789
205666296
446690727
-447479688
-1293070294
1269981018
-168334165
-1293321699
1165951917
-1154117180
-1478489575
193649465
-1435904655
1058874475
-1952735049
-1447974069
-1682672591
53621779
1479710007
-1998852482
1522702499
2144052696
-1137555032
-249946611
-584998898
943517738
-1021162450
400147170
283884576
-444993512
-1047446283
-856910207
-91370499
1523338962
-1120559262
1080446500
-1243008357
-717538456
-1515320693
451507238
-91472308
-921797417
-1422955287
2023617444
1800467868
534913094
-98085044
1301428832
-1906614948
894453644
-1195146482
-353233687
-127038466
2089475062
1689192331
-980637448
-1088872925
1586964806
1600713424
-506121699
1035657330
-1686526723
1302280593
-299866982
1252442795
-658479651
-717999520
-1013278065
565667835
1639911336
-1656483812
-812568746
416671889
-910739666
1323503527
2070654256
256088176
-1168866682
-1146860325
-1604865760
-356980857
-510391909
2072277693
645179671
722054910
-1918715158
-170738957
1014681680
120618962
-71907191
1130754163
-559215107
-626538845
-593206934
51538301
1351326243
823187660
-953271584
-1624167222
-2033218366
362167988
-1323913629
-1554532859
1946532664
-1535651997
-1929482353
1331891578
-1920104474
1023701336
-1872093582
938485517
1695975443
841913496
-1424475642
1468447852
-1210440688
-450512374
1667577596
-967108984
369923485
-785343486
-1558987077
1675524672
620030091
262720539
1353407143
211627103
1123148194
665967177
-1409282138
-1419493176
-391385148
-732735187
-593908257
764979439
-736982190
-1640082517
-1898325820
1934374283
-893016115
1509689273
-1121186990
53772169
1752308672
-1999832454
897260695
343075907
-189652259
1331476874
886835316
1398554865
24206950
-757080677
-1139408732
1180793183
-1729759282
-931716544
1940654588
-64825888
-282670689
1695262472
93104628
2127647874
-377441634
-2105168433
1909483621
-1433269886
-886343892
729836111
-885511789
1742342914
102814958
364033789
-207051666
-688856071
-2049004368
1047380754
-521111275
-902643094
-486054266
-1995436569
-352670822
-1869949736
1214379060
777798533
-295205108
-869168392
-1913842225
310955644
899820721
440511912
869254307
-539610381
791237523
292717088
-1624577961
-1983412480
-836371395
2020895846
-730940849
-1292264390
-489481018
441500935
404257617
977972875
-555382514
-670771709
1977835370
-322065334
-145515705
1033581320
1774310418
1310813064
-858758985
629530851
1671595150
2037735593
524701371
-1171324877
-514408299
698934
987350030
1121775455
-2027542218
664372722
-155461045
-1453189175
1106626552
552633130
999967664
148888131
-1012468670
1856243281
285307172
241651393
-441144579
1106899403
1657904250
-1447441584
-446940041
-1431926775
-902212873
-636066233
1510503562
28105429
750398481
404809659
-125525763
2047237102
2144753785
2109857335
233773609
-1881513257
1029772635
-827929940
1656304095
-1840792597
1665961956
-1828415578
1383902345
2035258549
1316224260
-1314009152
659368079
-225289858
1921575285
833701722
-1599203333
830756902
1043793403
-842191480
1438396511
-741786569
1107424236
-934430643
-777816842
-1648183242
-1768630798
1672339464
-1083621624
391114813
745777423
-1362895314
-1197217645
444627398
259697121
162161465
-1204814553
1054278856
748177959
909293535
1485640977
283443719
66222723
-1430569593
-745881925
684317352
493898880
-1408695816
-1064297902
934644995
-1918029609
-780510637
1179585449
-432553284
1575704046
-1579959997
1985881693
136426516
-17896800
-45665166
-750602184
5401724
-586921661
-831886018
908498394
-1003862933
-1089515802
-1227501396
-284455531
1826333809
1671586522
140731036
-1157061479
-1449368182
570421875
-1196259266
372998736
1109156535
-1982765809
754550212
886746635
-1847914550
-1349858217
-947608744
645628638
-197187199
623039685
1104031056
174652871
1274073814
1933228645
-988167264
-367605227
-2027441259
642401758
-1020220272
-1987170297
1940122670
1512052147
545529518
-345454158
-1457392948
-867780666
-606751227
818356776
1703325094
1474516766
81102990
334471894
469917332
-877985303
908627430
1344566062
893268964
148360132
-1891545535
-1861931387
730960494
-1999155143
849349790
-642018243
947481829
-889169528
-458301381
-159345114
828193904
-868896855
-1849593525
1543072033
-833458568
-734506095
906448102
-1648198650
1330142147
1741400756
196805697
1249409223
-2011947839
-1611505973
-1580758242
-840059947
-1686843610
498267606
-490698363
-331567678
-1113710408
725575268
1755419828
1347324711
-245353623
-1219810286
949191507
-2139707705
-455004504
-636510128
439767276
-1305304588
2102268403
-1523147925
-756988775
1831900977
-1188193104
-1931501114
909266686
-1682746600
-531013827
-1334566550
90231673
-1786333315
1548634437
1648591810
1029132440
1362406612
2093435221
1026037662
-1411736629
1196246479
548000174
-603842687
1430037594
-1415906997
326456924
1608929304
2038690200
-1975118228
-1729881977
-1548604665
1892700249
-1854351610
1551684360
-1903222293
1717068704
-45632450
-558228417
-150217316
1726155932
1102569840
-1369075421
101811634
-1369776683
-671608493
-1072554599
-664796086
2135494050
-1904350885
411170314
379863562
-1444373538
435996510
-1501948369
2078776929
-967205157
2102443386
-1907467986
1749559315
-1048056939
1791158325
-1701937430
249387508
-438858454
-1615166747
-487738730
-240820237
-488849527
-1354736047
-1174182261
-510449574
1502372202
-571433576
1562220892
-879377069
665653629
-447685295
-733358042
838197933
-1793037595
1530865907
-1657040341
1139692512
-752937753
1720738423
-1492414046
1345388110
402233822
-1841627077
1748348360
-1839619125
1687894386
1322599721
1626802746
-1687924385
2066426377
-990095592
-1417644154
1515550282
1123810684
1688983409
-1500133122
-526522553
1019223310
1675878933
-1217645616
-1247456747
1844809881
-1938450818
1378290515
-91626190
1793754377
464293668
1047752355
-624152599
-1226881522
-2129794271
-1934050449
747273871
1491181325
-775172585
559733265
-1822476536
1028183895
1192655441
-1409763618
-1742079600
913882524
-194877144
1900707007
-1639741001
1325758113
-1840446041
1970824448
1478017965
-1162280143
692055410
1511010407
-903274049
1452716368
512547811
89955720
1076467233
285732022
-1782930571
-664047529
215268590
908141179
-799155867
-1682710786
-33707412
-542856178
-1352788074
955676657
470473107
1213527403
1261631668
15521086
1515388623
-1920576884
-1011731812
1576055081
355320580
1140078624
-1917160709
120008696
-1490638125
-454767750
731701812
-1288277238
-1864323557
1776352716
249655431
-346502866
-81968190
-822696300
1830834543
-1996353487
406971829
-1193455275
-932361910
-25093192
-1226616532
749580938
1685565759
1196438864
1368262450
1567029207
-1773382309
207948227
-176696988
-1082366079
-338390787
-1929275475
1648250616
928580384
1409305972
1787622222
-191705599
-1402068589
1597949670
-686558304
-185338640
440218675
734280563
2004819115
916062301
1662790474
-933697383
-1114875112
163748103
1618423238
-1655702823
-1754241788
466978329
-1723230167
1946899355
753718295
934002607
-2068613437
-597997234
1759857876
-187259497
-1691357405
844613075
1146046257
1314741851
-1203483446
1229088539
16600170
474129023
1741071650
-2032695794
-1451246063
1468364806
-665434450
-261208146
2086828650
2054398523
-275814527
-1633280900
900723189
-817051219
-1222195468
794972698
387416651
-241065862
1404122771
-155542735
-694277587
-1949661488
1772502615
-661540460
1251863257
-1786416207
845959194
1005680293
1632201375
864232949
758136390
1901999607
657370292
1034412437
-449779248
340323892
-594742714
1396981029
-2075960476
1877132353
973019344
-170998878
333626337
789709983
2067597743
468676206
1549983752
-1335142636
-674492684
205142935
672357231
806881418
379527546
-1861852065
1787580091
-1262710986
-1876589509
27523064
-96639731
-939479812
2069315807
2030689934
1860875452
-1584606191
-483108459
1798473867
-1974831291
-1838763551
1143260198
-1325543914
-1145975681
1490093107
284459591
-355286309
-1276248814
544283787
1325951790
-1666940399
776663081
-2118208049
-31622553
-1096206664
-1767978906
-320274387
313374695
1296229411
-985801706
-911866053
-1204613791
210612917
-667321178
-720382369
993107160
-1593850641
545210708
721747824
393768053
-87893847
9816361
397961117
-23037031
221264031
-2062604251
-1837728115
1522505014
-614743505
-342330436
-899398712
-1966771366
-31259808
1880171137
-882983339
1582237708
738309414
-1232325856
711445155
-953876645
-1220733469
1623740050
947348140
1012387507
-267655119
-1664394869
777438295
1732044146
1719212510
1143023925
2124225053
-1162489158
-149203145
-284930269
1111198191
-228363128
-1365504375
-676122496
-226439593
-420183035
-156456988
-1348281210
660258269
-136309988
1135670562
1835292214
1277060267
-1496199348
-112058841
1713915205
-2038066061
521608638
1436388713
-1273478571
-585429360
-793156455
-1970822990
1786524260
-499340181
618861973
1826759204
-1927977591
1231890976
-1796059698
844287357
1082158300
1009088352
544546522
232154524
-2130060362
-1947225448
-1653025507
1210129988
-1687066598
-275500461
-1688809637
-285909473
450502258
-490520356
1337899918
-527033084
1205705853
-114528730
560418041
-821403012
1235453831
429825008
147570556
-1640257406
-1975668261
567945252
-286409686
5318282
-291724426
-1972315776
24671000
2034649284
2004318717
1235579511
1276837495
-1915037791
-423799825
385289817
-977444123
652186517
1809169182
1562553521
-158023425
2026522910
861454939
1344769773
-816804806
-1532452603
205441648
1451314244
-1293690125
-348573468
1611866706
-90914860
-519363645
-1855549465
749991575
159069450
-1059062760
1725461462
-404929499
556365382
902933505
1745558098
-1906064853
1604755901
2004003656
-442662306
635434837
-236918623
1928879045
1720400417
-1495732677
418159744
-1119120143
-1693530903
1384201497
-1302581527
-1822567239
-432677517
-1995418427
438699860
1835018644
-2063525783
669862621
880235331
-1380570665
796699435
-1736469697
-769575772
-145716153
1121475282
214785214
1430254201
-1916783121
1600182129
-447314671
1133645754
-1257516748
-1164114019
253122574
988769401
-1788919258
-923400145
-259682792
-793848505
-2142401512
-344398777
-1944502826
952804566
1070791794
1504528788
491959589
-75801633
198094533
-311640877
507473231
2047431493
-293093857
-346418539
1166511740
-335221638
1698936736
-2041499580
1276950120
-685317086
1547248205
455301479
-1132333482
-1273976075
-830328797
-327906012
2143370308
-2093029143
811658351
819116038
-1934517409
-167866737
-848856228
1197981185
7677881
-1856563012
-1305723187
-567041870
-498312904
-891098516
-346360724
1070351850
71838161
-1413947164
-2022629117
578069101
1698915062
-2112322026
512056586
1999981814
1914621516
-1178827448
-1050782080
1773976958
-1144832607
449660406
1075289086
292404413
-1742234083
-1700278025
903841032
359057392
-1916237130
642474975
1144703910
-1867158307
-303951383
-1904060763
1240443699
-174792172
697541286
402732932
562272372
650600310
-199142261
1610694949
-564926741
-519177478
1476722517
-427192579
1996681069
1153109422
1756681619
-454249484
91786226
-2070452996
120354459
1194760007
156105899
-1542274001
1319152578
-190792786
-2039838118
-1220773324
815088838
-1142860608
538409437
998838180
-1089484913
-2037657962
-165206774
490098945
-937892073
553626543
-1489744702
-1838204609
308934053
1154276627
1572599872
-1486520186
-1891449280
1749219514
-1222281806
-1381051594
-1271418525
-2125270483
-118403062
-1987054293
1619964140
-1304348307
-763277803
1639994689
-541210790
639656980
-1770467637
-1781213926
-452188617
132826298
-1227483415
757647646
-1770338349
-342649702
-2015730755
-2012711741
-1372557262
-1966173324
417322816
-548370674
1559251271
-640204364
-593915543
-1343595688
1558285921
292493522
86739647
935658069
-1386087708
-589535748
-649264080
-1788389550
-704384964
-886461709
-410935263
1513596349
-1686862065
-58742478
950171846
-1504075030
-2078998607
-1250788524
1823590322
1808515092
-690600484
-1665376074
-913771855
-1183246175
1285323680
1650925403
-1952837163
-293240663
375111576
68100112
1794851534
913143736
796828254
-822499120
58940799
2011956179
-130416832
1214896489
992271821
-13322055
2105093171
-852079010
-2027088199
808480618
-1891060473
-1386508785
215679664
-883985940
844436956
-714759145
-1658698463
527179596
678832340
1884131061
-609996464
-2124067869
1184316169
-418552851
-147723671
-1362632230
1322712257
-101167824
63434968
1079215599
-1145454368
-2129541574
-1541099305
-341949320
-1208238179
1852947067
2032199240
886540968
-1120382856
-1636210119
134867396
183169040
-1921626261
-1619576396
346766067
222794856
1878597983
328584842
-122299363
1670976911
2075724769
1993678685
1443451649
-653565488
-253963243
-1651353166
-1253350683
-1769805209
163174634
151896604
-1552362514
1707539011
-1837163377
1957425817
-1326785615
-483117812
192805
-1566434501
670169865
-1201044890
-1586348875
932391178
1373660458
-1195251337
287017059
1285420840
-328514570
345120935
-713077021
-1799688650
-672436849
1783158182
-2005778900
2001319414
-1367646419
553447858
498425964
748018993
-1787195088
-1897570790
-2144116677
-1272734757
1137932408
468323581
-1538171886
-972811404
-1997616908
-46773673
28638462
-1434275408
256626041
-1095722691
-1094138736
343120217
743762132
-2101567129
2137179671
-1132120716
696030241
1676669167
-41861359
-42640734
51146334
1873450584
1247003357
606902985
1679634746
1074845393
-1241584203
-2117554445
106471219
-806124359
15979228
-1429660811
1017364191
572005
831756819
740258387
-1830750327
-1297154783
2003501136
2132203491
668918527
-292483979
567848882
773631407
-494802775
824238504
1168941742
414091168
1568929245
-733699191
461244046
575655767
1862723442
-17264020
-94875364
-1985234466
1877702802
592785523
-1623753318
-1070697601
-743978284
765012494
-321477388
430614004
-1988764790
-1546992956
-1479318216
-1387348800
-463242666
1954335282
-866399163
-2021684261
508728579
-1048617644
-876365374
-43762540
-1148064623
-1056638973
1421470802
-649485133
1050904465
-783770946
-1079759355
-524194851
1866954163
139069612
86856721
885236540
2050406557
520184289
1854342593
2002760542
-110926339
1438359008
1351384748
-738999203
1951422177
1516612192
-334315478
-1129315264
-1637615547
-643550638
-2121931260
-862097503
-616623891
82989347
1002082922
112590991
-933654411
1256306238
2027267369
186017717
1958001574
-684000044
1201386012
-1590709317
-594327030
1197816799
2124212963
-1822323988
1427982529
-1335356829
1758031827
-1546921192
199153302
2135667702
-1689961427
-709811269
627969356
-2033272445
-1844305519
1085324894
2121641022
1587657290
1335461556
-1515009731
-1876469722
-53153494
-2054759088
1859491881
-2047769540
-1708887518
251593564
776392623
-1954391934
-1315720171
2085618557
32542330
-1327355554
2073129677
-1846024005
226838773
1006982248
552152385
1335400823
-134530252
-1260480891
173523994
-228987492
-1624074988
-1745342668
-353567629
-2137361387
42976416
623600935
901507808
-2048746626
1577419446
-915193835
-1493661007
1964323357
413173225
-716141618
-171899528
-1760333549
778108841
-1979549553
-88772921
-591788338
726419361
-1741132649
-261556162
1870648513
1466128736
1477892858
-1981554236
2069255255
-288290757
-978177100
-1860326893
-1577658588
-378729104
1941979392
2009809786
-2100881827
115299470
-1854831126
-1470803746
640861578
1400973844
90796579
-1618563327
1056906361
-875548584
-941261036
-1715220986
-1560769419
-215925078
-1366259147
1553964852
363467960
1283428025
-159317858
-676652295
919661085
2089212980
162901981
-1180130510
-1036622311
650992308
1582190602
-367213143
717582572
861709784
1274682137
516563679
1179638547
1325862833
1357383023
-1992393462
1036737024
240709985
1344891831
645084000
1041570828
-457448962
-1053734411
1642311062
-1564072020
173799355
-802730022
312507299
647100898
-1044547767
-496540070
-200397367
1582045175
603166074
1996192379
2037065941
-1404532634
-2041630936
-1452891792
-1691878748
1821796123
-1469670572
-1024071194
600961769
1188235485
-2084177007
-449024356
940049454
-79207929
-777408862
1688567353
-974245608
1038656638
219859298
1835068505
622070254
233851102
-354436636
-459612184
738655835
-1286670602
1664186586
-1791905101
353470323
394330486
-1924666054
-550390212
-1271632397
1954703590
-1462344162
-1383599667
1031254220
1846254042
-541372693
316288463
1887752162
639588964
146047413
-561782693
-1252753648
25533129
622582754
-761475311
433456495
-766108298
2110126348
216496680
1108790488
1769024052
1347893292
735225030
265610662
49528986
2097245940
-811954542
-472939840
815267267
-958468229
860598918
-19615274
1456056641
356893727
-1288560887
1388041193
1094851921
-189250138
2069740348
1752209937
-243401137
-121213018
714411412
1210747514
2006087020
-679110873
-1449830488
942231983
1007608477
1232758662
-1793582261
-586259430
-1426900522
808143259
-2147263267
-1049578549
731021176
-263218914
-1280624930
-2133885320
-222554105
-1661842362
1935708867
13989828
-1426202849
-1121652302
-1074652404
187552708
-2055456344
2018125964
344046230
-1103039042
-738420920
-1949501717
425868589
877053747
1435637529
-91446663
685106533
981007135
1512260507
815460181
633342889
1309655422
2029722092
-949688006
1256790676
1717022482
-351875018
-46359840
-1818919809
1926749539
2105872231
-1044621406
1361399386
1047234311
1292014631
1155693408
-1501828161
2091033635
97217286
-1152465754
-2041862076
-906933455
-1246282763
1694018829
-1772926448
23976451
1856657656
1464361953
-195028560
1750739718
680297496
2113031940
1405131563
1085561547
-938368867
1099904529
-1610529709
-1932533309
-1396718724
904494019
898483293
1723860554
526472974
-1365636712
-1754877772
-1016534298
-775338493
-1793732175
734309129
-895697713
-189111915
-235468036
629101742
-536951118
1210218239
1247513492
379560740
-742495311
-1209219024
-605821593
1323985394
-2099753298
1270275004
1819617560
-928436808
78391753
1424873490
2023322407
-71003005
-1281746394
1015668212
444180303
212141921
1078092787
721425955
-1104347601
-696035016
791605929
156984921
885082412
-1055095085
-1084352111
1157038459
-1339486059
-178723779
697981065
-11188466
-982847481
-1129821358
1426270471
1279305195
-2109745902
-656793710
-1327032482
688617006
-1778121700
-1219413192
-1890603968
2074017396
1303971717
669063562
-1834751357
-1504110524
-569053941
-425536910
-70359768
-910481459
-8555152
-706364594
-1583337064
1306811089
-325838246
1397276932
1442462255
-1627626783
1055002233
239521624
2111485182
2018713290
746691566
810670465
-1358642484
-1387468977
798262507
1413306360
-1932232098
209351447
-349353322
-1519235181
-1372462088
-340359703
457932338
-999017006
-1531336413
-1022173418
-722894720
-1897970055
-514163537
1258363701
1109152610
1249779294
152207099
532380949
858546626
-1365397628
-1251466637
1941754351
1251500465
-375135641
-1142008743
-866786085
-1788758830
-1403094887
383512008
-1050528379
219409145
-305855347
-759516938
-620435936
-1276163314
172100274
-357411143
-1183705959
-1078426057
-163274813
1916301388
-229108976
187562294
-434300835
-2009718446
1891578755
-616226801
1379704273
1363211802
-1905386804
-497475603
-132596677
479484451
-1404318003
1788709701
309411283
642609891
1360524264
817284155
-1060640894
1766023876
241495477
-645160635
-1967199560
804403310
-767109394
427440141
1108091004
-1634791861
1273332910
-1051463012
-1174642236
482352711
-2125526822
-2061282636
-278687482
735825367
952854495
-1543501956
881535246
-214043075
-288787043
-1252247198
-1149606638
1064496393
1988627874
25178172
-1156557309
1055658210
1176378011
-1902659664
1243183397
1474944646
-1313398522
-1274616362
-1676696607
-1283206642
-721338068
-1192089573
1456232665
-1183410058
-1473977266
188725864
1549982269
-1411033763
1047365918
-1474892670
1373146460
-775749368
-1555143824
-1337730637
-406355075
1717904044
1575273265
271349418
241187824
-1794020628
-1362790761
-160556641
-1208159393
-1536429408
-285107302
1275650234
499782761
-1480318505
-1792895838
-546268491
-164848271
1603961631
-995879807
-1087302209
499683250
-1214642429
-1720814174
-1018300253
-1751729258
-1696367660
-1170026365
1281657385
-811958712
-1070449236
-164788896
1058540220
-608353145
-229809489
-1859441360
-1883798452
1214179005
380168084
1719084500
-946457483
1602695759
1884201059
-1699074674
-1451363103
-342477770
6222207
1623376303
-13285910
773200078
1542821095
1742222484
227073922
707441902
1228861368
911519442
-1193087914
-716698568
659471350
-1253994576
-126332111
832202929
-971961717
-42671915
1672917662
-1994401901
1639637390
1936052546
-484183343
-803463326
-273679671
131689345
1972015559
-829586628
-1775802763
401079070
-1973678676
-740694155
-869198265
-1443965610
1290080636
-78566557
1230673071
1577679118
-410695701
345689205
726756446
1122515462
-321455991
368191114
-523893751
982117198
-992947423
678815103
-742788499
-926860040
-407990942
1174699018
378605202
247841038
1846752961
2104013765
-1628651438
-1768174650
-945658211
305572493
-1009953508
371041012
1568385187
854249741
-1444061963
-551309121
1188416371
518110869
906449856
-1611616873
-1448217213
-1747390928
-1326048578
-270404250
-1302813628
-48908044
-106625449
-407667707
1761671554
-1571741285
1691124762
1705645297
-435881200
-547601070
-20669183
1139671614
870557859
274367953
143054841
-1920270645
1767640062
-1230258005
1116553378
-198559818
1856677711
561129446
-288057773
1894639890
1472521688
1329893326
-1289492640
220041687
155742930
39273990
2115771550
1993143065
-389113203
-2106407457
-659146457
-510177667
-239986213
363912684
989811290
388732903
-1621622865
2003704533
-364018651
-839020936
-1947040512
1030130539
-115776122
-650448713
1623129843
986853885
1499185486
2070102029
556683064
700888809
-1173907673
-1210857610
-143034701
-1452724107
-1959483175
-2038376075
1561996895
2094273503
-217114680
321943880
-826693009
-935156814
1810159296
-166075555
-1616516171
1096052570
-370019339
-1978619644
117457735
693155834
-1038549180
328815461
517860447
-830812547
-1715138369
1873854899
1572724867
-385499413
-1341705368
133084833
-1824175643
-1303978755
416888891
390023445
-999933940
648807922
-1718864527
368454683
1865054898
-1510757469
-922143229
-658898404
-308885776
-1770914603
-1141973652
1794453326
1874365080
-519061810
-1275133005
-2040733842
-1993141791
-245060566
536579496
1156985517
-1396251831
1494772974
1430390125
84723175
1654158775
-1798145059
862566199
-1643312614
715760863
-1666020086
-1138731434
-580378859
374048746
-1747957330
1119710834
-1563548305
1468304981
47871291
1606755606
-429442118
-1631516904
-86323280
1092030322
-108881159
-874351093
-677033681
940449884
-1648982450
-1977328763
1523473100
-945622376
1189282295
479416902
158177447
-1376652456
1563723131
1161668502
-1112616644
-90492667
1818434847
-1978478163
-1702539783
-1098264001
1614655135
-1982240683
-1527117552
235764002
-1286056678
-537295923
-993596274
1007687371
1991247949
-1454135824
-1904316756
2027352858
2005205764
-449146474
1302339429
1885727928
1456512204
505984058
1911552840
-2138557093
-355300627
1412433373
40867727
-2064511416
-1166230378
-1985117399
-1766491281
-1390196455
994330202
1874306520
-1236256079
-68513600
-682553125
89227094
1386751361
-538591541
-1150468412
-253601371
1672192389
928760041
1286635004
2030830208
-541097935
1016124076
-1393379305
922232003
1160635993
-2105667696
1440011792
2060932105
2078513415
-790519493
-203060427
1506979478
-755711090
1378684422
-380413086
358300023
1935641310
-366253125
1224495217
-53454105
-1844182502
2039577248
1925124848
-1238821131
-1951509401
1430645940
2012764693
