-822956238
-3304508
-310284948
1843791617
655903990
-93288847
359990230
502292199
631271519
70422008
321612548
2070448042
-1192284360
-1874304762
269291775
-348936203
-700215021
46200918
962148305
-1593272527
-1365672120
-301180825
363958051
1394188383
644624701
-2068266384
-1517075418
806821415
662477031
840794257
796306358
1287078959
-1275882609
1684652362
-2009273667
-203380304
1500504793
520173104
19218645
1616537927
-1391709695
74934749
1274665265
1908271624
1198107496
1997930792
650003900
1167304153
2106581583
-186033259
1747454082
843415804
154866913
1678919439
-1479815345
958826221
1967000182
80919252
-1368373867
2021204077
1898779157
-877212240
-1230921582
-1554376994
-287578821
244996973
1236224434
-855115567
-460295462
1985940873
-739292367
2086908893
-865544540
-1003635927
1790534404
-1392478286
210960520
391730253
1497751545
434517613
-1327968132
1604897861
-306533092
2089506348
-1662276995
-1708083356
1601384285
-1245747227
1007077075
1681690610
422959471
-1752565901
-835730791
-1823287706
-271279630
194889969
-1311689604
-1973518124
-169637933
-80603317
1373850051
1438346660
1912828147
-535255023
-510480498
-1987392124
-1527501050
-1929328498
1989561442
-91244385
1367140029
558139417
-681013788
-1323080946
-2005494489
1956561834
-358527260
-1697405809
-383283372
-1778526544
-587621987
691390324
132438075
1469056288
206752314
379769565
-589795107
-1100746031
-1817258596
1127334953
958006953
-2033665018
-23087014
144141225
725197858
-1656847540
2123387401
2044387478
-1137555521
1468106886
-911658820
-280444859
1823769873
-1622729402
641208526
-1627476840
-1491626965
-236647843
-1498868514
705412535
-431918275
-1164887371
495778330
1018813184
1941765762
-646922403
924306624
559886139
1363092060
764051685
-1841831710
1599482898
-2109043780
1411592683
-820178071
-693251905
2075359943
-95594763
-1073440933
-737466362
-423912522
-1630439551
731763552
575680870
781715965
1480576091
-1834937471
1747691915
-407772753
-1908539603
-461827277
435709446
437519136
-617033892
-43211884
-611698625
-897651509
-708136943
-1413090829
1961986985
-507129994
-56249451
357118614
136196920
1185300627
-1377806367
-215698506
1188895248
-981586199
141166709
-996107058
942918526
1096416627
-43685528
-529211884
349701675
-854660984
745783232
101717063
-1011822962
1068767547
2061372163
-1820171093
473019554
-804320508
-1891785715
-294939311
-734510887
1420699551
1930392868
-1636047460
-1658930097
750173492
-558227639
1930128127
-1623799742
773436087
71344336
994309643
521238722
-2093703535
-1100984013
-980040792
2082596516
1243292543
-1502460382
938442402
-274568004
1428076474
-665487907
1387681127
-59505590
1290353240
-903337274
-855431154
-1875741516
-85918991
451714097
-311029093
-1842394507
-455927931
815644798
-1874733183
1638975829
-78949219
-654922646
1965354599
1626426842
-1462840401
1635783585
2132687663
-1590767106
1939950534
412925591
1342681395
-1931376351
-468539294
1267141015
-1407097135
-1288976576
-389205348
1505673499
1765530921
-1174100121
1333438606
-1366823074
1926791205
-826137244
-1936136463
-2112852177
-58481991
1975426749
1337788678
1725650952
907770731
1428221667
-1139924294
1785632607
1592517909
-208823642
1840183556
321932091
-1799428119
-2063941909
1046502545
-1104760311
528371382
-582502755
1679559331
-685325393
-1325216663
-992695327
-1778239434
2049624033
1332835797
-161118067
1290939236
776699316
-1622109258
1918826970
-2016901366
1600890992
2106134771
-115115177
767831210
-598796887
1360660771
4300064
-700655470
416510096
-191349935
1669593424
1642388542
143816326
1491821827
788958387
293706490
-1432723214
425183609
-511940928
647802059
2086836307
-1258133198
1493951685
1181338511
-34601832
1476570547
-1596527517
-600052125
-864186705
1711050122
480762173
1235629892
20096859
-295015279
580063724
1695258360
-272963766
-143770513
719878197
1445612334
-500229018
58040676
214902910
1767807716
1710315626
1215635268
-1533461380
-1205177080
1562563769
-382037309
394560817
776328546
-1686913174
-761824524
980971541
1213600688
-126204505
455595787
1839238035
447250706
-1497403593
1703058538
952524470
-1926301784
1250271064
-2048063270
-1018918876
-54312839
-684339502
-830843624
-1046980534
1923117974
329110344
-350909548
-248096040
-1605388674
-855947312
713787252
-1130790032
-1439171388
208923334
-1098424354
483127705
1272360687
-78281507
-1294744713
1847820281
-257860704
-981160586
-1336408026
1390121667
1240389370
-2010972108
-1435503844
987289965
-1488425923
-638937137
833191192
58390438
-1184234060
1950736937
-1243343129
-668251769
1799515857
84418974
-1484705238
-73976056
2108888213
-635687009
1275990619
225954485
-1797199819
1606702209
-1429525999
1353678752
1323190266
-664844142
552962179
883063449
-711978392
659796589
-1459938486
842834588
-1758574686
1896134287
1661651050
-597930870
2078465292
-188257239
1962779794
-1148228068
34580274
1023036215
1671874979
1232899092
1072594408
970778577
-596930194
-1339041868
1590492849
1456967360
-874628926
404238196
-598240924
751277907
556871333
-2079918354
-1082289396
1205763699
-822504480
-398394851
582142736
166665973
1276882624
803065798
-1963946349
333814575
-467380453
-711561419
-1407502819
-1210332211
-1459708271
435875116
-1902720646
-1174059035
1898264851
1947374616
-1054865950
1724602952
1633905065
-907490426
-72539559
-1591576550
2016507759
800883412
-1771309480
-1163391836
385150688
900666155
-1591122259
1890627176
-886230186
942329004
-2050474849
1801195893
-1827068719
906535657
-1574188203
-951760132
2129321462
-1811960682
2103248759
213596708
493538907
375417471
1593242901
433465882
1497085185
-1815541315
2035388360
-595787413
-821739743
1151276324
1152422166
-943877483
-1125953749
-1628550657
2116925722
167829978
1154756619
-602700802
-1100186268
417166423
650131629
1083569263
882852381
-388563883
1733927875
637540524
-1874558609
1820063455
-1480876091
1840063444
-108755677
-465105260
-1701061831
831967165
2071893643
1488148414
-414052044
947570985
-279000927
-682640990
-1926407648
1416506167
688111728
-611378919
583484606
-1989624293
1619926962
-1579673505
159447918
-1145508591
-39225926
137396266
1297545646
-1267826
-1946625388
1896719870
-1594092064
902472120
-1441818519
-879467585
-302718129
-776296424
-939489496
908620935
-998723469
45283982
-32178589
2111064762
-1754421900
1504436868
-1041858186
873444182
-500578580
-906364826
-970683922
-167978353
-537206543
184732753
-2113792985
1637385626
1830002257
-892934646
1054659126
-1076652599
-1919135713
-1460187087
-949343991
-1688655657
1183459694
-84139339
-103523379
-467277179
1153954652
-172703606
1072990607
1162505061
-563643054
286375066
-461610715
1836814580
1732464009
-2026661384
464301902
162624238
-2098440753
1673059163
-2140919016
1950759390
-113790838
328799689
2099520642
-670313740
-981685763
563214994
1113520481
115903770
1389599177
1376160895
1379824775
603452232
-1918218057
-1568672693
2085518113
-1288800233
487268020
-2147309486
861580384
-1454127468
1883223324
2070010760
731109210
-804205481
-1740019397
-1226414164
16542515
-1475620653
607951631
-1942116676
-2073475721
-404869650
1948599379
2146955179
441877194
-1621852717
2079781816
2015734353
413545923
-870100473
-1888831371
-2128793950
827926547
222807994
483508738
-714939614
112200173
-303264417
-804538337
-1353691496
-215632990
-1658770050
1279004443
-340913919
-1281794678
-1908755768
-490087342
792721351
-167120342
2073164140
-1930825994
92381490
833740435
1002783144
447426834
-272276706
-1603992312
1038604194
1937347788
818833646
-1693927965
-597433225
-661909014
354041024
102224568
-436224876
234256278
-895668254
1436778426
834223941
-614459803
2130204291
207816541
306125707
1978435221
1483147949
1835783229
1643712049
-1712058730
252521074
2119476541
1443720481
-1459786293
19826021
-300589069
-1897688077
1329794961
-664064692
505881923
210240966
-1876301185
1872993811
1837009993
-296724397
-1297051665
199422210
708061052
-1268106178
843132861
98340658
-984762353
685913775
1840878670
1215174461
1046262682
157540385
1781029588
309160500
1355612153
-54608775
1089399759
-233434155
-183957132
-1671954342
502003670
635994621
-498690272
1130551223
1917484182
1426112347
757203332
-1589771863
-540174821
-1089362586
157527934
-2098276990
-1892573106
-1517504112
1688599911
111084833
381643966
1129195963
844100213
612610183
-994668382
1638374380
700147809
-1343643990
1207963422
-1608792771
-1683781303
1116450697
283829189
851967000
1046661078
-652878976
-540528289
26753442
525710753
-1022864420
1481971947
859127412
-1389732910
1062443186
-482575129
-1050423664
1362754058
457152492
-86297394
1686583442
-1216000126
-1480775260
1242920161
275291173
-2083925388
-1419608652
-608932310
948413368
950565305
-1035448691
1521445565
-447699598
-633537357
436661576
-265033151
1222598499
-770790036
879721210
1198817966
1756676859
-1389211393
2022630219
1367247191
-1120304193
-117007818
-867341239
2027079722
1867406649
761997940
1121382265
2105393975
1791378479
-957596459
2049249327
1664111214
-1850345704
1583046547
2110128927
-341732436
1799856587
1072684971
-1282426061
-2070972168
410552441
948947647
1368952734
1514370825
-988680739
-1634948290
1355525936
701831179
1116580017
36528833
2113991916
1102870178
-1062593437
336643768
-907742761
-404560594
1668843784
-1307909307
-277397486
-1434434224
-1276385647
1490618471
-156077270
1224201133
-174211269
-2144926373
-1907213905
1003449330
1575075148
1495414334
434209795
185108759
77062139
-1669511177
428065907
-1194162714
1773702063
1167185491
210345099
1879171518
1117055340
1669023856
-2146268251
1244695956
1383680394
1356369759
-721259837
-1926789830
-1291420249
1301850885
-1247084130
-495830813
-1401791010
1846548801
-789159682
989891302
338619704
1171493715
1877061196
-1010539070
-864366238
1974910331
-538239899
1132736098
408228256
152284384
-1828663888
-1377069407
-528920319
829056947
-1464157326
-1334275057
245954516
-1363819628
1450917472
-2089124107
-807862182
-255506892
699862133
-1472881258
-752657732
-2134774725
1381941253
1167957943
-1512694721
1946024555
1081162770
457035362
-1142297163
-661766908
-1201700386
504230886
-624136906
724392298
-1151349823
-1587593183
-1040025840
-892332539
-195624644
-822301440
-1930327557
56343656
-723724211
1229891398
1381939857
207485364
-783271932
1225392013
-1675302404
1018683710
-1405702058
-907122806
193672176
-1625033361
159062832
1469644693
-1480603685
261708523
1858910927
2025044071
730505563
-2062771723
-660510386
1276284196
546231280
942707218
1752345984
-1529095780
-1733796366
-320830485
-1040791297
1357467853
-60836155
-620341897
529798021
2070108076
1061915722
190739545
996030329
-1787770844
466379672
-1767048570
-154000435
1676763230
-166391573
420346154
1501480710
-740728253
506346204
21302732
-1961498724
-618059970
953310418
-1148279377
-381571709
-891048890
853736632
1119327099
709931273
722688539
-770766864
2003163933
-1668046110
622628303
1917684614
-154675222
1281679745
110208391
-95470680
-1517477622
293834664
-273377918
1815903829
73322515
-319750078
-116504230
-1958941355
-834466316
-2078766224
860116362
-459242648
-1582167532
32973025
-807813840
-1538135870
954253242
-327603354
2031079443
717001397
1328033199
278567364
-1628936986
-2050446672
-155851743
608051404
127595469
305786983
756878537
242092713
-958245599
1977486163
-1389538992
1862936440
1772169328
1489633117
-1293466642
1393275677
1857497031
1001240789
-373543340
1807828052
1656875826
775938984
2009164492
1525815558
925360259
439583186
-664949859
83448797
-848004270
-1471417071
1886966963
-2116092134
-1963400891
1027305435
-878883969
1887299749
-32205167
641925521
-1090264804
-1474122907
-759304512
961196531
594655922
-1358857774
790250932
211509206
-211690465
-341475897
-9288469
-1765058795
-966117165
1180033436
718190851
-888548924
1734766331
983160436
1397668737
1610930347
-1896836895
566635474
-552586035
-748144910
827498642
-1961603982
210762368
1353413912
-996040256
-1653885866
-940110366
47189801
56452586
-268159970
-1709261138
-1794090448
-134318407
-1030187620
644724247
26397929
814596781
-1723435609
1313615375
-29581381
1559752696
-1531877585
-938616634
1241118692
-108496471
164410258
403979376
796987893
253164301
-1626321875
-1110145205
-654762111
909331793
1947386164
-1483202592
-1857762287
-2143069332
-305442362
-1082165880
121347418
1800392763
979134779
-2034051791
-1004756303
-1318386963
-1132978752
564479586
-1405605954
1567606177
91587622
457815164
-428515728
-1165231540
1330048246
886761537
2016687152
1021645280
-1041342776
997922202
1046136408
-1780295254
1544479188
-1669856876
1700866534
-1735443717
420376777
-74644309
-1071285652
406835466
36020957
-1412666037
998073419
1604876568
-1476959451
-1654782317
2048499232
2126790869
287066406
551077723
1688405373
1559516930
1286760107
416935288
608195291
9101911
2008784600
-1545860802
-1121019697
-1074666842
1579276927
-2022392506
-217709956
1627160639
-975589967
1263023728
-1679325880
2062773654
-1995357544
-647126997
1382513106
-1781317853
-1528652412
66066675
181686307
2000543113
1507692099
-1614025957
1589105443
839808506
204399284
629149132
207925069
-493777704
795848350
1648898636
-951504730
1834555040
-1082082115
-1416371837
-740594709
599702275
1904442654
-325882437
1182942985
1302636117
1464009900
-2080654169
186782929
1445432618
1769271817
984493478
36354027
-1359296962
-1419555935
587341896
-1687125749
-2041471339
168667901
809623312
-168280989
-1547219997
-85898924
382005883
-244178344
1273569581
1208795495
321790017
27697015
-300095057
-1821533554
-1561093414
1624450986
-942174720
1650651405
-709089981
1394903206
548824948
229756843
-2038157567
509570983
2135942593
-1638068603
-1725289370
-1398860193
1287023332
1813760799
-315511022
1125993259
116556101
-1992897093
1971389116
1970686087
-9973735
-1958318098
919949874
1846415300
-211127801
-976234385
2145753246
-1671152904
-1182756339
1549377585
-1360207094
-444696011
254177957
-897764172
1020831269
274804732
-139902173
1392216984
-2032128953
-1945050893
1729062752
-1204749453
672554930
-49386794
1514870172
1236094435
1708619034
-1729415509
1516138144
-1586340122
-1073202586
112319033
2028368931
-525542040
-1456140872
-978133830
2079621486
752877853
-1896169302
2030867151
1936992834
79055249
17034203
-1874836045
-1110072327
2083953276
9008809
-1147790925
1653808362
-599897766
1810716479
1093953501
296330770
-1508511685
1844629201
1692827383
1568969455
-754968105
-1232624090
-1545994318
1667527599
-570549531
-1337577898
-161920993
-348582518
-587682644
-1978660395
-1090739614
-1787300501
-1690362663
-1281490513
-1607259484
1508880597
1395205779
-958305516
1772068942
-265191164
-1395341108
-86515433
1842648691
-1490404270
-38097446
1597658802
1237235597
1210374620
761854021
-1082342131
-524087189
1475842917
-128087838
656669183
-1501391254
-104414855
-1208610272
1573604052
1351834851
-539568683
519933089
378285905
2056465891
-1164371962
314827020
152439028
1560181281
-88799153
-1708795103
1256495743
1584518188
713723087
-1011303923
1491596215
1588292324
-1396224797
-206704129
-1378298519
906311466
40623817
-1506217222
463524269
175624410
1900260229
-712374036
-2031244178
130096889
-1231246073
-1475434240
-8667096
1783191339
2134534797
903397424
1713072883
118751335
1733416774
1209259805
254920641
-441324307
-233703624
1015553826
-977979421
-1492885642
35090018
1318632614
-1280671535
1408290733
291986980
-1607736655
2049933866
2099773918
-1972357921
2092995521
-395524103
-132487700
-363506728
-1864426530
-2036892359
-664866424
-1716211871
-1655793684
-1799257445
-680466017
-362558150
-1991565761
885894533
838618900
1217643828
1990024308
-2017823906
288875183
849487895
-2027045250
1624605960
189199444
-556339003
-1699056897
1770987182
-1098092169
-408034402
1039720664
-1093922881
1551623887
-666107866
-136289789
285327161
1745643849
-643307291
-815442017
-2091405270
1975294527
133588366
1489562444
264129139
1314274025
2103075683
1997738425
1050864591
361956115
-454420521
-1181638022
-186284781
-1716801776
1443965300
1603311902
-365672522
-2081064722
1450312447
1932317568
-1187633260
71397610
-1645824807
-2006720163
573912302
-1275827930
-1486616409
-996624089
75895477
-1174050663
814197557
1039033880
1123683591
-914630330
-1564176233
777454473
-2139253767
-135928400
2058286737
625383811
-1411572073
-472729204
1042000184
1776201366
952547880
1810078136
1994157528
1197515497
-1195456075
-1195243669
-1608665064
-2080233326
488815052
1987601070
-1912074916
-668963545
465349761
1603125259
-997606806
-964441963
370631093
891086211
-1991000241
-1355872977
552722330
-1507220796
2019497347
-1437428471
-1054433418
-1393100645
-1610763189
-1985132409
240272038
1850983335
-338888866
19487280
-708701211
-2080711089
320162763
891151303
1106434254
-612438539
-1585625319
-494268260
1751955359
1980321643
-1229681489
-1256152801
-380553921
-1917397339
354231670
-1387293771
-1111715967
450123184
1052782012
1322845902
745273258
-1058529566
222625115
-1672501193
590246192
-1600850349
594554394
639255980
1874745540
-348772725
790766674
29840049
1342035858
-690246532
2015559124
-1045268575
-529479993
1615376050
344197898
982220294
611501907
1141224392
490550875
1567567403
-699362833
-1833219043
-684786220
-818417168
978830177
119612104
1276633860
1773490397
-1218402050
-937907768
-1097435866
114727288
-1651912336
-146156160
-1707124347
-104444966
-250255943
1997249377
2137060892
1673075071
802459256
-926341144
931439228
722243166
1267558761
313524171
1180140274
545175353
-1349758158
-8224658
1487106536
-1056351947
1398376795
-1188203620
-1700619381
-931098963
345532574
494316147
1988013998
1253956930
-693777568
386257822
-42545683
1948129590
-69251969
-882376503
1211469845
665430522
2060808782
-742289583
261281475
111412229
625411549
-1326880709
613629002
-1413977114
1071913597
132369256
-281980454
147281564
-1665431166
1348606470
-979694883
1924725541
1595795018
-1890560952
1934621348
1609492820
49098366
-2100281768
1060325442
-1388856857
1392556695
-2037555060
-479298376
801450968
-1900465500
508843736
1479577426
-774487309
-27751607
-460643453
-853093297
-1463010392
-865186038
-372279011
1531163079
-1485150174
-655837239
-304402512
-1556005175
1676561047
-731947891
1058953525
-477351741
233734369
-1070303356
830581066
-467289306
809784654
-1367996342
-1531239392
517031242
1137510579
-1959242133
-624277318
-1613948274
-443733561
-591947738
919611987
2107865283
-1445884499
-936984204
1724591391
1469292746
-485573166
-1829912760
-284861898
-806826629
753463033
460956439
931102413
1552889032
1608242579
-169508199
-1181578586
1519744801
-1852118189
-1880420399
295952841
55255322
-1766327806
-654955189
-849308300
-1986845877
-727253105
-953744732
1304344655
1040934007
622051177
-725461681
-331136541
2132333040
-1242655471
1665673621
1744713037
1895404089
-1445241878
1046802397
127270702
-403358227
1275494483
829538861
-1512685851
-1646443810
-837710345
2054977008
1153789696
713938304
805949283
-1776777735
-1148706577
1463948424
1718670040
1673926855
-2070953990
1016349392
1787291746
2077009674
-1224863884
1160592253
1250749737
20645478
1594218544
699696226
-878184442
-1919493002
-123438796
1740939943
-751912104
-1813922285
-40415316
-1682074203
-1042567144
-700809515
-1372902879
-1366713324
-1360765397
415593689
1538472682
-2096715928
331044343
-168905532
374881762
-318168713
-520114375
-1211790840
1036502362
1410525278
451223828
6336358
-799612335
-1339841371
1283262316
1009716147
-1649763358
766893473
1056565620
-1122961698
-1674843651
-112300006
562845061
-1605219536
1655973721
-1590015188
2031167025
1952302806
1027223209
1869649778
-508132200
-377060964
-82340083
-1001542560
-1723974663
-1412662533
-1560230965
658339824
1943614091
239961173
-750666946
-1431159680
-520021107
878971774
394066190
-1087452934
-294472036
1686735230
-1219973215
1677299509
1186738244
-1238722156
-170251056
763378842
1408792536
569834622
-508144163
533313802
1602854533
1947732983
1465478821
1221505023
2050069413
-849583487
-633888751
695142384
2114572880
1544534884
932901330
-969085958
-1160784839
455233269
1308273484
29117372
235232694
-1766641893
-860663854
574616962
-658442464
-1807390705
-1161450988
-59003228
-1778636963
-1289754270
850827989
-1418400208
-1158528070
-1831568572
487628512
1827806662
284944637
988431362
363020348
-1323137853
981496250
-1821597232
-794040674
-1690877534
-2074608155
-219718456
-1210664161
-1454901858
1200480168
-1754958542
2059244334
1919157914
-836992650
1301811718
-1904863545
-61105339
356063584
1470059438
589272548
366589305
-1437155929
-1673064689
-1334558412
119213796
-764563823
1411757258
-1704412662
1378065385
-695408256
1546381502
-2145374825
-854665016
-1299621569
1628933585
-383094948
741688571
201275295
-1792718352
1248118489
-928796445
-1374718910
763872851
-869440374
-1475919452
1116484790
-1612959739
304394771
1073434444
1894040005
1699200163
817295801
1037336890
1330804234
-782092445
1633411348
-2015966019
1624080839
2060311128
992039682
1534736891
2070517750
2057107443
-990841633
-1472425197
-2077763427
-626378548
-1588546830
-1111727738
541887590
1645244834
-1956614103
-390341166
1444709742
1178293664
164562185
1668330847
-1328596643
1591380193
2041297375
-462435681
1119873206
1469372214
-1348947909
1523733360
-692492433
66163494
1832251294
-400295484
-1696769340
-1127587530
-1042019982
-1350573437
1986068551
1526199145
1282967609
-2026062161
1281806907
-1928300279
-697459191
1306938057
2061344034
-2043230552
1002030647
-2042306446
-1849501035
912620129
1276333650
-954597802
1185899859
-1047420829
-969999789
1950542405
393403035
-424371281
-1429719022
2120274338
-2047656771
-1568319712
-1892379142
-1908929536
-859067666
-5963092
-450137856
-269589495
-394378660
-1484529432
713428432
-764769630
-1313178494
411494609
-548695735
1855264844
-75850052
524238792
-308310997
2069741773
2026901277
1309724638
-983495153
-328360690
-211836288
817200722
-407669865
1956228934
-1039386659
601802327
-1937153051
548865368
-1201720099
1427094553
-1327648432
-1113318022
136558511
132496386
1858933077
-1552846570
-257781220
-458864072
1820254155
432884212
389702104
-1672681878
1392140634
1702184344
351296027
1891358668
770259245
-575526168
155947632
1214199135
-669055514
1107883538
-711594291
-2084458891
-372680238
630603436
1371206882
898029428
732594781
1161255964
917381813
171376345
1106563784
1106701369
1455921774
-914043264
-394041832
-1469538254
-736151697
376782114
-997684143
-1308986450
1960534184
-480865251
-57059612
1962914356
-1360384984
-369390213
-1434388379
-1784910131
217098230
-1669607892
-104993920
855527912
-1096459231
789266582
-1120529107
465166717
1820875285
344855375
1171150370
133277555
1128033583
363290665
-849002615
308206150
-219529068
-648233106
1433919219
816409572
2085588542
-1756804244
296932747
1777836760
-727078057
-771827661
2082549390
-830758486
-53738038
2094818204
-707942150
776437892
1135109909
797770126
-490575739
-1760109288
1251479652
-489502596
513688016
843515073
-1894644773
-898268623
-424274468
337976552
-613675213
-547019569
1261170877
1850469801
67726216
2140952596
2026692492
-968805707
-919402896
-1622177057
1159836065
-635660679
-184367025
-1799791374
338565377
-1392460929
-913544215
-979541767
-2028151275
1590753300
1392753464
-408519989
-1949361507
1813293099
222905727
458644975
439332835
1453537665
-1320951138
-1332744095
1015770163
-2084415999
-1375823960
-1541499500
-1354656886
-216936343
1625796786
-348609093
690470796
-650692820
956769261
-48523964
607603387
-873123430
-1882222089
264540324
617200358
427363133
-1198622867
-2085580711
403496670
-865398394
-88775740
-1615124180
2007929711
1475651497
1417627992
568564919
-1404345458
-1397148476
-804111675
808709670
1495955406
-1477619642
1181690230
-964821183
897878297
713674894
-695830150
106887593
825936539
1447993298
1692499614
2134476897
1740504833
992181058
-960612681
266053008
-751489822
-677183380
-75770561
-477298556
2130093693
-2055295774
235664418
-57720838
-899852123
1949348889
-16417318
-18242404
-13658888
-1940205677
-600595271
-2081566774
1617677143
981429568
-313754747
830190236
-358422895
313843745
1948255049
1810295079
1028604001
-959940817
-766918038
-1900018177
-1206755174
1866571386
880556280
-1142386179
1588788128
-65835372
-48314810
427869250
-430447590
-1244836305
-1301556293
-1565903237
-1391205403
-503215612
-389654294
-586475162
-979259317
-677181706
-1915024160
-105796204
-1553044108
2022273655
-1114449730
1269826671
-234588900
509449514
1545691014
-37466754
1439650950
2032511946
-1714180295
2061644775
105723311
-1362892215
586182432
-944369611
-1571739705
-1422422724
-2126766230
-847056293
1094515420
328408437
1657355767
1296615417
2135991000
-1482634767
1810195570
1563435741
848844205
710409204
-1653492827
906847179
685889742
-1512732302
1862672391
-73052799
146059744
783952305
-1708887142
-1669774348
1724919473
854134827
1656297715
-176047136
-1033013144
182112696
1718944666
-408838529
1135814142
-2125006868
-1184020077
-670718569
1554711021
-2052528451
941769276
1179579322
1424095014
1451948137
1993948761
1536715977
233134407
1649210262
-514773651
-128281927
575667213
2036940730
1435223115
1026157209
-984822266
101612476
2112485611
2139631059
1419504267
-346465573
863233921
1086376881
1854035693
-1001067569
1578202315
88964899
249290478
597012013
-822459990
-808977217
-301349773
-2103043569
-151469068
-1086718712
1089484406
-87982605
-1215981432
-1511184654
1709163329
12867299
-797089118
-537878875
-832095784
-217610538
361024623
-945668991
350072502
-1286730410
-78414621
-1360678814
490444732
256058978
-1755834678
-1919675100
248853350
-914295915
-1732995811
-1252870039
-17322177
2046169991
1639159959
-391636327
512606614
-1459434638
1640790662
-1961727190
-301487502
-754145512
1532311782
575866144
1577963458
-456019228
-362901589
-1302941737
1212442841
431141967
-1926769827
1163569152
1960439064
1992164485
-1889705750
493532393
-2029962772
-843386553
-1725057353
190107136
-149707781
-854603757
-1620145417
1844647065
1948673945
307949441
2076996416
-1552603666
329395328
272216815
1351938395
-1185019545
52596928
1379771488
-464258725
-411287780
-1697714444
-558122847
-2089073424
-1569344873
-1011035210
590250413
1926957052
-1680239138
1778374228
-1617482926
706271846
-465147729
-602814269
-304144877
315288367
676507661
1954116307
1979083856
1688916162
-20241925
373640356
747204004
2058652303
-826193529
-195892136
-756405107
222005210
-1844320503
-709682423
-378500526
-1823946801
-977629012
-905591555
-1671545567
1999791834
415913773
-1230489320
-2071851913
680406325
-986615069
-1270649967
-492310588
-1650068799
527449342
854536168
-1382419634
-777130982
-2090469101
-721773033
676333397
-664128283
-914083113
-457631993
-282387081
1827810155
1488172074
-340353979
1375352917
1964339563
1921275735
-391287051
458117495
-422599125
-1055835750
-926799354
1854683500
1047866832
2090275298
1865075623
1803146805
1142200815
-1168986153
-1078435336
-1443470365
304973667
-350623971
-1006481660
694393727
278332768
243362522
1265457135
-415243223
561830344
998661493
-214437013
1171255939
1694250685
1910151329
-1470592144
-1330087345
1599976822
190771609
-1198414292
1481561686
-1351374250
-62456404
-437573065
1735510667
-343857606
2115377916
-1761660406
556385392
1283406098
-295845502
-763616591
-580764231
-19183182
35741780
-869992001
-855366354
-970811670
-498840790
817104515
-808226347
-71551533
145390622
1402176120
-403684273
1091838315
-2130891342
-660423423
167656066
-928043164
2140180759
1417006677
603642232
952696376
-1795677012
-1041693257
1375089030
-1969606527
1638624964
599820011
-714137424
745965958
-621469524
2006960868
-1538861236
668450584
2105730539
2083256257
1297449700
1214452895
1116496843
568804346
-1394326688
-1153100945
-1494471400
-1400710954
149868132
1746924639
1743629863
608692256
-565091081
1132367516
-465611495
1141893401
53346148
126279610
-257394079
1263481008
35509092
1740931339
-870920830
875845872
1400019068
-644571596
495929885
-1491981383
-1608700252
557990141
885717290
1970341042
-1425700055
-981793177
1409811077
2071977598
603590611
1957794051
-1961110868
-43221203
823832650
-75215743
-1722066745
581793780
990284213
764696199
-1581604632
985656352
-1286025053
-1398693693
-86684014
1485198152
2121021742
-1182883773
-1884963969
1519692482
522861917
-1329652221
-1513570659
713673303
538830282
-685048633
1065901914
1398591546
-1101531004
288819243
46659873
-1316956107
-80956874
-900521737
-1500474589
254833188
-1078891128
-33662280
2141483098
-833254489
442686660
713481867
896342986
395952402
717404605
761571131
-737708791
1584810408
-2109337620
813394574
-94011135
-740691191
2077983963
125912027
1958085365
-1083252760
-840744251
-1702038560
398336449
-1041170944
-873961090
1202178514
-1714315931
77686600
-133813872
-563312204
-1512417085
301081189
-1780421209
-276962324
-1264043097
-179767713
2092840494
1664373266
-724651768
-1301330537
-506721479
-2138280693
1910850957
-1003478024
-648861531
-329510826
626338386
738532460
-610449283
1919278757
1832230891
1975867794
1393242015
860355503
-581595736
-1588451923
-1569955682
-994308284
-1951348454
343340511
-681273110
-362027615
1886638550
-404589418
1791589422
1577009413
-1969683080
646004549
-1163587079
171749508
1901498346
-170243241
-449840737
-1604288486
-1337680922
1402480224
333477985
1433015810
-996702279
-815168107
937018827
1079071048
-1253957048
-870918018
2010724957
1998241181
982529112
-1236151575
-1049279379
-254103446
-334898679
-828431839
-564377781
-81485018
1769238691
-1660305056
1216333990
-345678100
1708006548
-1672306303
-1879404499
-1518613177
-1653789767
-968452103
826711417
-1311931824
1396496348
1192216839
339875881
1532056571
-123392643
150405418
-758079922
-1428450644
675551957
140292563
987272457
-442714352
1769597719
1744340316
154296179
1652332842
439071224
988397112
-2078695492
1376355500
-247305359
-1944988310
-1307646314
1213447816
1737872323
-1546253254
1612346579
-1669115963
-765576261
905700646
-699993268
-1065408106
2050546999
1948235799
-181058299
-1730546009
-1602325528
-310127148
-501688434
1001008570
1516510808
1307176635
1635653035
-919062158
-631583953
168800429
1932714039
-725169809
480360113
-1534930870
-1262276284
-345595750
-1471890294
-1341132450
-226865785
-1542949695
-368606771
22225562
855320563
-1944800411
-1756710086
-2044206970
1703467939
-1879425069
67703743
320983990
-918396932
-593330575
-1394772159
-1273577925
-1574773998
-422952615
-1394817637
-262845348
30029386
1562667563
-81186330
883670150
1411897665
1931760926
767939067
-1608740224
760983276
-1449434792
-225107403
-1555117598
348117248
288762496
1289060731
-777372729
-347097708
-560248944
152758652
1961372609
667360003
28746479
1677027132
-1544867827
-1289818601
-1764114498
-194504752
-80680697
1387951715
1510637681
-213078683
-2090648609
-2064968465
2019508898
-1610891130
-1464466291
-1499053798
-102734815
-112037475
1863938818
1889791932
-1521187505
1018306234
-887584865
81381514
1608391851
-1826672237
1757307626
900320702
698757037
1131432395
1481923711
-1671341577
-1875295022
1741637494
1870009668
-686843811
-1409752328
149027293
2065168608
-1668752632
22360555
705197694
670032492
-1562479710
1034391615
-1938072491
1098307691
-555158966
734016095
183797601
1068897271
-721621317
583409382
-2127497119
813745981
1505804205
-332784595
1380119774
-1394649301
-1331968901
-798858460
714580846
-2037908377
-1046600443
1596861285
1862510646
646709122
-1521865769
746415238
-1923185232
-1524628371
-543777142
1074409646
-1116944979
