-2022301246
922224148
1769953564
-939494668
-959577870
11652122
1449419192
882067231
-1773889226
-114227493
2118004393
-1729331990
-723196330
300910516
-2058528836
547099902
803250650
-1239702436
1983367959
-1163925008
540112591
1299011931
1319940253
-1851303467
-1775030838
-603545668
-1193762923
368014619
31855917
1192684033
-264959347
-223164778
196684200
1963261014
1938294140
-2059073319
833602306
1281463306
-1952986586
1151622343
-5322471
1645777466
409444036
-1295067799
1811526951
-864182834
-1408630045
-1228641024
849863494
422342825
74335884
-1140148386
-799082443
1317291035
592310180
1544086897
-299409572
1644761242
-423587434
736620064
-369351411
-898853710
1413675822
671871065
1778888972
699160377
493412040
167322218
395519313
1221662918
-12691287
533193360
1120298252
1185900642
-573507668
1383120077
364054504
1691373440
716057632
1400011262
1946467731
-190559958
-1449180944
669092908
-1051335298
-1433274243
-792116476
-938382303
-1563468063
-543862185
1121549031
1962785854
-978922239
-734319026
-1857200982
-257801076
-1551955019
-737119517
208605703
-2117198832
-874385371
-1772400394
-997326136
-1209035934
256143829
-1956101507
-2037579927
891008128
-260020255
68927600
-212471300
1701669855
1840318090
-1760238585
1616722252
1476767427
-1256019728
-1833146585
-446885307
-659082545
-288427231
559855641
1796453267
922585823
1659539538
1797723260
777322376
-1333215979
-224784021
347922301
-1804931006
1755555378
-717770808
128165700
1607344652
-213074394
-1561593795
1049726385
-252567548
1480462825
-252206501
318179399
-864594178
-1197832565
-1255335951
758000488
-925969752
1858320778
-1594068779
494335170
393881838
607982179
22865636
-599176951
-1949026400
1521867115
202049094
64788710
-1594517424
-1130534946
-62710282
-1102028498
-1944981888
71419192
-577522559
-757073321
1054438397
-945142333
1255933197
1413442343
1614571397
811925105
-431568740
-1981402451
-1750842961
-493411861
-1789800558
1357397365
-644819956
-1290954007
234303348
1582070262
-490359160
2047637443
2014644466
936624207
-1961449706
1433467720
-1937954266
135921970
-928530548
564356814
-236580578
-2094600160
-94329398
1125306762
-1551166825
807574742
-1700783582
180789537
-169760501
-1623871482
-1271953421
-449415298
-1616498706
1323581258
558660759
72526310
-656240845
1974299733
-1449645954
-1850436279
-1162503404
715735915
-837071205
2106549209
701115411
-712930030
1821328894
1466898400
-1764150469
-1430681847
855830977
6090702
612519595
-1073497991
486331176
2145220497
1819976276
-458992278
1101634051
2007882537
1472854273
-2033064584
431544151
309022331
-1295355497
535634374
-109070787
1621663332
1176452254
-1316733391
-753672439
-1012711663
-31773185
195367368
-628168531
-1240831091
-1034410225
-716909956
1858927711
1063266970
197958859
-2000988141
-1459646598
-22721339
-2000896411
-474277278
1201100705
-1434536012
2008612863
990797499
-879305430
1762890434
498339253
-101365597
-1265545288
-1916196659
1666607841
-1970814520
-709918423
1207604046
1263944089
1664707889
-280024397
420971177
1795040892
-590538313
-1687232439
-1820936251
-1351232338
1458071475
1633375811
-757202209
-1576262112
-1756391944
-2059870915
1300945819
-1410216940
-203642365
474888254
1436804700
-221738016
-389781647
-1247530724
-928187692
-1285356559
518965936
-1042313441
-1306755106
726482194
1884289785
-76459035
-657837942
1551272942
898230141
-1416404348
1776066169
886671059
-1746009122
2001073397
-396622485
-561572936
-126232608
-1276869713
-1142537194
1866846849
-555723168
1395590034
-999748039
-1706596480
-1369624700
-1659986426
696560623
-292984257
1613664819
-399816860
-1282745784
428866684
1080365255
-1277569132
-1355636459
1686392180
-1736401663
876644598
357773826
-2120118940
-11743427
-150339195
713368810
-713091764
-841093914
-1847768518
1487578470
-881932555
-776773077
-1101834066
-883661401
-770512587
-2095340814
931729154
-1862112635
901710962
-935287027
-1778985470
1000146135
-714374300
268662187
623195528
1400081413
1295784990
2000712720
-966258914
1590930906
-1827322546
-830641272
-901751065
-836409442
-1765983293
10320536
-912349506
648346723
1942576175
1279681911
-549558369
1033206943
1616958766
1818622396
-1040888507
6009595
1021965702
-1744996008
-1588137963
-56980887
2118621872
-918273851
-524791494
-882425476
-492797033
261233791
-542345968
1832713971
-1073575010
-1852505677
-1933197371
515677078
-791670296
224206390
234747965
-507595451
-1140453166
-49974344
65082678
-536125619
-1957844540
1886286392
-541771603
2121008125
649341225
971195834
597458303
-721335431
1645266619
1138346808
-1001161902
-972022835
1255122435
76046549
16360629
-468318652
441309984
-1207171752
-58793083
606516730
1634367430
-1232307497
-131852398
798569392
-642980727
947085490
-449684605
1361384159
2007042651
-1297712957
-404278282
318561295
1426985043
-1492874285
-2066608917
-562804632
1219801520
90677583
1589750114
1335239305
1083076636
-1369014726
1546021185
-1862868840
-212392396
775593829
-1715959429
1666075545
1119796807
-1429265698
-75513233
1915996163
-1187442339
1196446885
1464592525
419304336
960377467
-522530139
-494636225
-1451193260
137210405
778337250
-1422979579
-546482927
1898669604
-1729585426
-1083467806
1069869769
-462069367
-477881439
832976118
1496383379
-1843574543
1019571208
950425196
-374231374
1812045577
239061149
1001118869
-454992413
1586898260
-995107912
171554645
-712712203
-1832678100
2096347206
-817911619
-1839027041
421704965
-1744894025
1716194809
1119175053
1750595065
2098176828
-1585393044
389677243
1368868224
-2064249806
916517145
1528766470
799158142
512260057
-2106185660
-651657728
438103170
-1701944759
320521048
1586262019
1361582156
-807543643
212180747
327605640
671141008
2118322832
2137050048
-1296941895
-1186913287
1130201823
-857902549
1897612356
813132144
1327925136
1213128250
-755145103
-2090174563
965626107
-2133797837
828598646
-440005459
1187883079
-1478781927
1825091849
-330164651
-1611846370
2104110932
361565495
1434728983
265888420
746460304
769008244
1684741572
1852182436
-940247580
-560546062
216478785
958922252
1062497591
-333074123
1159533197
-785234533
-276757793
458421223
1414107394
1140641240
-1970505078
-679263512
450903258
2013723461
1042385505
1648848297
123788788
-1969243179
1875992682
1449523898
-1361505064
1455253146
1810471469
-660410208
198399224
-1538825534
884970138
150657004
-87769288
-1092695612
-1748489687
348342920
740270256
-95258411
-1985909437
779396180
-95905360
2092844449
-324682528
370928
688435460
-98809289
-1795793552
1375417051
-587802760
-1911915452
56987646
1490763708
670539678
-1376386173
-1132029549
-1244402176
1956261326
453051251
-995337000
-614711388
1090888813
-1894855605
-83531266
1822275155
-610627470
-1767004373
1200531682
-472703821
-744482266
290763155
-1350303381
1908019451
931986986
1306491928
-326588874
-1812323128
1962447550
-1046978476
2050418037
1530766897
742415680
935182878
-1100897260
551904792
-1078789135
-847400966
-397416676
1895960515
198797311
-1910073645
-186839204
-187505238
142857151
1946352871
1726917445
229832594
282044729
-1891534846
1331364630
-1118100006
-5214999
749294318
862569272
804292116
-153253692
-856713687
-540382998
1404828886
-1818016904
1250387928
-982362848
182526162
406153208
-1711016197
-930174552
-1439188188
-49913545
2144429538
2111067279
919369963
-863121869
2020435936
1648029122
-1899847142
-1189752268
-308312515
987056887
-610670192
668378453
-423870352
944041421
544778853
1528572227
1526561677
-780947407
-800315770
1588168260
-1901202180
1309758212
1251318403
-1974791045
-980636565
1359532794
869546663
113710441
-1582794491
670803909
1961454920
895615415
-1119666717
1695502705
1960171105
573796146
592409026
641456145
-553449379
30724886
-468587017
521150875
389475893
1673766030
-40028001
-640990704
-930397508
1080337275
2038087194
-252171808
-946558663
1680754548
-47600199
497768075
-1635108042
1029479181
291663285
-1504155253
1979162519
-1896806564
1065933410
-382744208
-493814035
-1763388488
1957086373
-1185762995
1113680140
1721589188
820732835
36590162
1711374298
1612533163
826518971
1983179706
-15893655
1616792236
-244659019
-264897305
-1058088120
1005777880
-1894702789
-16452150
-310421226
-20373222
-575960697
-735049336
-1588596649
1189130360
1969479517
1719600986
616042378
72049559
29286716
302800308
-1401010566
-1693544060
1293613776
-934761559
-1070791212
-1916292943
1886298282
207324301
842744825
1988164925
300167986
2052737499
-1873143019
-1506558089
-732128037
-1946665127
-575294352
-1890978140
-1799282791
836844921
-2029447933
1816751104
329254287
-803035646
-431382706
-303140350
1763125517
1008500463
-2102895000
865915876
-1983215687
-1381050473
-17535401
-1166952094
349459723
-1175069683
1833637281
581534401
796868606
-1775682871
1756849187
-994516718
-479010812
593084551
-584291552
-1347899721
33914169
-636334481
425878172
892881958
719693787
898600565
-2049945621
105022701
545346298
-74184190
-578748028
-1088601867
-390633877
-703297836
-769952742
-798194166
1606155266
1901252129
-1184631571
-513438310
1558625279
1639662082
-251882148
352776892
-2002383672
-885267185
-1837055041
1083653236
-1354167848
1444001862
2004950387
-552908747
285046263
-982281424
1470221877
-418752346
-1149363029
1095752262
2087653555
677235880
-524200210
2009380752
1939907680
1173799576
-692148448
1800452494
-1161933689
328477649
-1570922434
2050227292
1403301027
632820852
-1039168428
-1202175728
-645196307
-666688662
783844912
-1986488474
790633013
1341757098
44300888
-593003105
1901852661
-442155081
-510934211
-245589339
218444706
-1564720020
-1988602705
371291762
-942345659
-1481857029
95660691
-1043934029
921561418
1734926386
-361763116
1199740328
-2077100136
181533440
341707415
-1536147123
-399524895
1029707832
1652528818
2129436862
-803029958
1395800980
893575005
-221836841
202765037
-1548043525
-1817252054
-1479982822
1910625422
466472198
1230034226
-1933503019
1270621004
841743296
754621072
1715805316
1839276936
1526366125
-864576749
-803198093
-2126314069
-583547123
-1419692754
-521831001
-1515873996
425373025
108660019
-85352450
-480666353
909059886
10821568
-1963291499
-1045675731
552297984
1441922937
905156713
-514544304
1940175025
864885239
-655354048
1601347878
1241230315
-605007873
2125060553
-1253146215
860565226
-55726858
633268738
796682085
874430598
1910647188
-1452529191
654901994
1383065712
-100309544
-150947818
712010051
694911163
-1633251781
-1071104137
-678682986
-293366882
1391845416
996709404
2091315629
-1566912136
855474602
319898405
-1296401211
-1688018157
-1922850713
362936473
516120486
1658264620
1354435532
1805049737
-782858509
558977586
-469320055
1138253940
1400050883
1783552846
-479720640
-201465363
724680303
-1596458589
-1523163016
979988347
1806414765
249312982
-63252521
-1875088704
-159358243
-822447152
12125328
-1769755940
1141026467
1649651906
378647833
-1761890797
1988847797
410243433
845388833
-1548500564
-419944971
-1370758765
89724097
333530140
1228586945
-554852895
647067121
1302488420
-1588652406
896550093
755476797
-25032266
-130946653
-1352469522
-1933641545
-41635234
-1630742437
-1699670662
-1189459921
463507679
-1351032755
1159832077
-875483743
-1862195108
-688263947
1189231272
-1355178770
-1869012678
-2132063097
1763401467
1926503119
-829738238
-1430381061
-442809370
494119686
-1961015157
-1998058388
1098452541
-1875251755
2037858903
351398818
-1704299061
607330484
-1046414531
-1644492307
1906447513
-790301123
1850307400
-1187034316
-542316944
1205762410
-82098977
-226795188
2133441691
1736863747
-33503195
1844163982
412985840
1229516881
1056737442
878172067
1280617233
-2078532073
358674722
375752097
-1066529041
-1084276030
-931376675
1150001499
489186191
-1835617057
-1686330152
-978409740
-931599600
-809876788
1520481418
-1795852107
-2009670420
-1896672078
-654145343
687772704
669185918
-1358874190
480329158
-1735719867
-392682045
2085639262
-1475434049
741713235
-684049052
88480362
-1199082412
1998753137
1657018611
1942789026
-1568504683
-1560564018
1927713397
-305822690
271509787
1665992438
1379803680
-818754123
-2094686612
-2103185561
-2021841563
213161135
2131154852
-2047188124
38081072
-1430060099
1947250000
-500150520
457775725
554076973
1228363421
1893874589
-403110962
1486870361
321212593
-2029130450
1620785099
-1957414304
-1962141608
1844102490
816402410
1739226392
-1953211933
1046806378
-1666014656
2119125827
-1245267124
-821552730
1530696246
-1898467584
1102357662
-1542062109
928033168
-261402749
1765452435
-1756509344
-1075528277
625436424
883720062
1102982099
-1756781307
-240737276
1138003563
1932316094
1569800450
-827758179
1739564164
559763974
-391847955
-1147329700
351227061
-82335035
13712188
-1430740959
1523827091
142012766
689804823
-1387354026
-1214736007
-1459156526
-602423269
-1512619161
-641888012
-1849120943
-535363494
1732468849
-1104734368
-1097300460
-174838618
-2146052551
749240786
1156574825
-1219137265
1744301663
21235768
-1765681905
1662028713
-1087442990
109768895
-1667683133
-1039236974
-608478074
390761844
-2091762406
680004146
121755236
1633218605
-1525542255
-1608365628
-831987838
-1289848662
1673288674
-1301840875
1163258260
-676880138
2119780504
-745556340
-1868076895
-337859565
-1746780955
1353314410
-1376723719
-248309035
-1778028877
-1904878511
-308737947
2030504718
-824328200
-868002294
-783695200
1174988011
-560108978
-130783102
-1054596858
17693341
1996443586
747319317
-303897205
1381563963
-1556347669
1753029902
-1707054866
-1302760986
1098704958
110713454
966030381
1395619373
-677848415
1600675052
1475460411
-2127324493
1099656509
1019665981
273808112
-1969711857
-305096553
299813013
450544704
-1892220429
-1411624734
-389753236
-684413265
-672033649
1283885966
971631237
2022793220
1931630647
549030436
1190880299
-376142020
-1486362558
2033811029
2059269053
-1726025535
1379123765
-1204167857
-568151187
356133339
-639035871
-337254318
277776452
-900307098
-26363575
-1119393661
-901247128
32744389
1829052167
1246718976
-1266639967
535439382
-1754825745
561159731
112264985
1612051623
1485141812
2055972203
-1790223005
-362038105
2106265162
952854440
-833707586
-524981984
1304071885
-1784133450
89798041
715085604
-1042101599
976926076
-1364024486
-912341690
-1027478951
1149669525
125948250
-1446173620
-1629978148
1444303903
-1246174924
1851473698
-96023739
2051407059
865746751
184184336
-259511285
-236383658
911648344
-154580689
-2038470559
-791125810
-2070930460
-63664616
361244895
-1112983625
-45996012
-1558958881
476624482
93929974
-2118201749
-1437093825
457773103
-472429779
1919158909
739538198
1786953822
889357905
-576334600
-1124375277
-1687219595
-1958794886
272954600
-161273683
210735187
2111337210
340468022
1802437718
969337167
1045785520
-823576975
-1918249744
-1542019168
-1519977827
-874740528
-1360011392
1152931838
-1855251017
-1681098121
1157195808
-1817245815
799693821
-1167970823
830686266
-1806156822
-1909340981
-1125151458
-399385614
-648951369
528289903
-1684786203
1545490148
1719414043
4830715
153759691
566538255
171395254
1009060444
1378169677
-771388144
-1603162430
-1143685973
875756972
-1755564910
-2130651018
1255818179
-1475085585
-1165070332
-1858408530
1548161299
152002606
-953047923
1697713867
606117044
1104562188
1974243132
158538456
-957309251
1373475717
1595674756
1362402285
-301004330
1080988393
-1158366489
1614559192
-235365621
1479195431
497162480
41792249
232657634
-1094784178
-1375740315
-958882964
231041966
1564935761
1285060797
-1384906131
-1806196443
-827661046
643281615
517072888
873127216
642376833
-1944625204
1161510064
33693186
-623209363
1146569071
1624219137
754493804
-1145550342
-204432014
1167208584
1092673902
1513134796
1873360451
-2072036175
-1337766384
-922811325
-2012177673
1397518753
-1662783374
-1840954624
122552959
-1003490729
-989777118
-1674371416
-1628166632
1445499149
1314982829
-1099387417
1582550792
151248099
-2003426952
-1563797833
429722502
-2063276609
-248508976
1366167266
464142073
1188616814
-1306064578
1681760453
1148158309
1001710863
-758867425
788658262
-1229192670
-1857361488
-1655695244
1741143143
-928882226
1475939129
-1730209033
-1391609813
-1783089276
-1116595576
-2078858898
649189625
1487680845
1230722013
749670466
-511065008
1169530838
1983778424
-715894446
685787674
-1470689949
-168672640
830516740
1155610420
1612292099
-1013905113
1108031133
-1382986706
-796578043
340556554
-1894790446
-142058417
-202566742
645697757
829298591
-830482213
1978699035
-1593382329
-1059447210
170413207
-1257705571
-1757307126
-930768646
-539194484
-378596606
-1529905562
-1391800371
-943349
-968575902
-470392641
-1749634009
-338782735
-8012021
-1781108867
-1093053304
1659375916
-1357860683
687048499
1302396400
-1938897795
-1940615943
1039144962
-512385426
-1439073409
-265939964
1584080959
-2079376137
326013671
1210396807
887709011
-1042572679
-487487988
-1237921551
1087057635
-655077330
-488812374
1613144032
-1395611600
1864892213
-2086885150
1556565972
734878655
179201373
381506948
505376293
-2076873412
172518212
-1817434991
-828640969
-631843430
-1140162656
593184250
-517933589
1352680831
-1222585380
-676524370
1415864408
1602832863
-641577498
-661035053
411390906
1506121446
1786790727
61107794
227456426
396860699
1483624819
1319175833
297939087
1278528706
-2122389662
220358811
577530196
-1045419135
656823390
-1666455525
819616858
-1064951739
1210019870
-1763803862
-1173154384
1825479014
-1068879852
-556281618
-1703397247
-1840713464
-1236419069
401527460
-509408819
1728525252
-1221794861
-63563545
1845162588
1748282760
-1282088792
-789802190
-572675090
-457318213
-23332048
-762753118
1828752823
-1117893724
589718844
-644392704
-751457271
-1426415604
1769817234
-379391745
1429651283
829706529
-754125568
-1849054527
1271072329
-1601332324
335337396
-1835849313
1081907044
-465343450
715408331
-1999599575
-440085107
-864761865
-117085145
1780263787
379517972
654678976
498093701
2121795186
1620768230
-232450869
-184746035
2082378254
2067395583
-599922593
2058217900
2036268248
1365341981
-1365693080
-603992737
-211396746
-1450655563
1965206615
607559634
241418525
60284714
-1287141049
387158761
396089431
1596901692
-1713869727
647094300
-583273466
1836989630
2120453248
1896687689
-1908840280
1313035404
805257239
-473072443
-158769701
-1424881222
-1173981102
1495426483
1170339875
-1909844976
-1588278661
-1040746087
1476254443
634707382
1043000223
-429762001
786908873
704806443
-93535632
-531420550
-346007546
1791422587
-1953221779
1418580506
-342742692
985135281
-1212019905
1503896031
2105859841
-1287689079
2013834086
-2012598879
-402727452
-235089046
-576561900
-2098892976
-225856714
1351389586
-1367380391
1676183369
-429952981
-1699081582
1169587583
1729211883
-1796506111
2105911037
-1742498121
1648044650
-508154303
-625079972
-483850252
2042913506
-1119712444
-1804026268
1028591382
-332179025
1356475640
1890829418
481150539
467676155
951784931
1260275222
-1344343374
1690396055
1054334056
1085097047
1105959232
378093070
-996498359
1635543958
-1702658585
-1246686473
1646242925
-1060468691
-1878331148
-1575898229
-1385925406
602164762
-1561489736
1954304374
1479852324
-1094227985
795530602
-407819535
544144031
997392653
1727771979
1632518672
1875752818
108674833
314474251
773961048
117205365
-1950327155
-12004245
401640852
-140936835
-1467128070
-1508540637
175903976
1378374366
1202039277
465457669
1201474342
-602266832
2147320201
-896501663
-1225888
2000441942
-96075212
17553323
-1410484547
2068313787
472290189
-1312528549
-232818544
2084424159
-54352739
-400121068
1315239846
-118595311
1684664140
-905020664
-1351612193
1556524669
-1270546667
-2093848934
1296578303
183832169
565636861
324697412
-1588775994
-1082432325
-12021055
-1250575942
-2117679555
688328382
427851598
-501363889
1649723986
-324031195
1817093749
-566486632
-458811993
1196034639
-1930855970
1284038222
-1827777114
-1223909172
795199805
1892120952
2113157848
-937982433
-1104031804
1009869769
-950368905
-1890992699
1328489688
-172793018
23447361
485111926
-1783725050
1689708075
-806228338
1279984554
759930936
-60053489
-159650140
-1561236130
-1630112221
774112582
-192079542
1228283927
1633341955
-174546810
1888091546
-1543734489
1563294858
-133284148
-326115301
1532013358
-654982379
1772289408
-399958002
145770211
1746620192
-122272041
-2058215928
-910593004
1380942076
-2135873416
-1127385152
892917994
-739393089
1638592610
-295719638
-514925199
-1838841734
1539322892
1115128516
-1108803240
765578929
1638966733
-1790331601
-145470988
719966215
1354390653
79417856
494537866
-1238634183
300904797
1407404504
-1381459763
1062279757
-1246947277
362483633
1524467621
-1722527734
1521063353
1963153787
329232946
2075031722
-1988052937
-740010522
-1730996977
-1821558834
1643951726
-1121588351
-825154598
1531385265
-221013832
-1843669756
-575385356
-663853664
628068460
898019049
-814887547
-267935831
1071309191
-333460928
-30882366
373236114
1968063112
-242296637
871275890
-1757050100
-865413478
1728431656
2041835693
456730920
-1491655176
1739608758
-399614746
1802904842
-175589236
736772891
1146050092
19818971
-92653862
1074280828
1010863276
-842697212
203961627
1269599180
-326982022
-1132754024
-626193235
-1402819744
664228240
364311569
183920553
-19861053
1236005398
-1779348674
-602578219
1987700422
759853283
1345979772
-1386976835
-1039969316
-496374205
1704895780
-1802751717
-225789788
-560898822
-86224061
1742959487
83096773
-2024126071
1539690384
851137579
-308790527
-926789201
-754717798
-1388016577
1586012548
849219634
-997849792
123192853
2147017597
879263966
609956966
-605173010
-560191504
416686286
2047090661
154822349
1711727049
2068008681
2094575043
741811875
583408947
-58085201
-1474559324
-1147579221
571330090
-482304203
1342997631
-134162665
1222964302
1093197934
467981459
-1008478996
-1278236678
-591122261
-560073572
-1080736471
-1218157419
-283287452
-1735259326
-352138193
591078439
986581560
-1440580654
1638435676
-126214097
-694475470
-1837415121
1006618360
1965902771
2077357901
-658973686
379029076
-1831675241
1126378553
1079309392
1884590640
-497522126
-2108550049
789704164
-515345059
-546726114
1038766115
702797966
-530226269
1370115151
747531112
-1294908622
1380920036
1501788006
831925592
984959556
-1125674368
684445255
316383332
-1703962245
-1405694725
-888577560
-570288502
-425306940
1815535581
2123610732
1416801749
-351724423
-1307367975
79337583
-285337302
490971346
-2066002127
-1668876381
-1026838208
130119835
-1413774248
-2031016293
892998128
-1605619929
79793880
-2051012634
-338311250
-2119713404
1968254070
-1661808544
1959711062
-790568209
317190291
-354953532
2073950764
-1438379894
-1041016876
-234338172
-115912674
774560843
-813567483
-1951803428
775371339
-969330888
331531834
-1797998812
-1580469304
-1887264048
1960072503
-1995606683
318074528
1084473804
1301732881
-1297641425
-376315107
-1688068089
1363921172
-1847669079
843943749
-350126663
755391719
297974249
2054187687
464218603
-242212370
670090886
-1074998697
699013158
1839568879
1993278314
1088319798
-1760666258
664150519
1925341676
-489101194
-459011986
-795063170
-1359418595
-1839596452
110561524
2045891017
923891297
-978630328
1054808735
-973799281
-311446206
-390347534
-1783699755
-320116513
-1817925504
288985077
1482609147
-12061888
-2009017748
-407315567
437970912
85509657
350665333
742188972
-635528327
-979133101
-439773693
-565945062
1488997843
1501395004
-1976751485
-1698002915
-1573269436
-2032877138
-1724302142
-1178388689
993678820
158553712
-926670466
-1599127042
-1423865797
-1334833701
1105019706
1833172151
-779439301
-253908800
840544593
-637527161
868891760
-1723905399
-1104016306
590137950
1517214069
-2090278754
1671586682
-713949963
1106983337
-336323575
-1460545611
739326738
-1809574109
-841424548
-263121015
-599102198
-752229662
-1069395247
-476313476
-2120061817
1185185865
984078515
1690055077
-67412597
1938473929
1371786237
657374081
-521464908
1336322271
1568122688
541726982
364644289
2118284097
239591881
822914553
-213278380
2011836243
924309762
-1090582916
816896249
-52410912
-2022675432
659125226
-1176865178
10163974
438447582
-389668121
-1955303676
-141766544
-1380036368
1020657330
1933846702
651555530
-1771064805
1548744124
-233593673
177617521
-1653627652
1934062462
-2145921230
-761864342
-1746376986
-186637433
-1378963860
1095000214
802249737
-1791864364
1580699325
1167937058
862943951
1000635491
-63879552
-1994471612
1978042761
693365258
-1342914977
-435249373
1928204875
-831563132
1532226003
-1945215722
998715667
738468812
1742257130
803310609
-809590736
-2031136595
559424587
1661275483
-1269258527
-777415526
-1639360393
1868325508
-251998661
-692180806
-982389423
1578443414
2118221904
1915348551
1249608927
640683658
-1318193779
1038168600
-116386734
304249085
926618723
43027835
342230595
-470158045
1731077930
445964360
804633919
-141065988
-22901695
795201586
-1180288379
-365519164
-451033991
1383971168
2119625997
684200367
1550549939
1064311867
193522892
720318933
-1260935225
2123928713
-1001773514
971770731
852900263
1675210170
1621703172
279690547
-1782063932
1417947266
-165604041
-1210332619
-1853140817
-752217
1893172572
91509423
1685252355
16640539
-243643120
-1778882487
2067734403
-1072254899
-163939130
-571805300
724411518
145504955
-1222765625
-1226190699
-247557765
206101451
450637178
617103621
1137156625
227534555
301481701
-954425029
-494430443
-2134819178
-1374345101
-1035658555
535439355
-2001275767
-1413406729
-752230893
-296802699
-1687892491
1502066416
-1573198483
-2077378464
554353126
1344766222
1603433254
1142344672
-1161247612
-1851973899
-888881391
-1071109687
-917277784
-1483886272
1249412916
1303628352
-529631054
-910755897
-831817797
-1275768927
952808345
44802341
1799396911
971623331
1697874755
-2004447628
-1658430489
1107047098
-1562919146
-391639206
-1220244546
-260365892
-198167090
1430018633
-1933914363
569563591
-875641456
-109394687
-1375586885
1926272609
-1384226497
444694873
-825969157
-396189217
-1177708785
1588191807
-227531083
781896715
1201826903
-2006094595
-1343114848
2083464961
1242538666
1957968573
1113714799
1376726617
1670429223
854158927
-1271322302
568441994
-464304880
-1883586008
1881562719
-1012764019
210329753
-1506512211
219882785
-1162119744
1596614402
-1103427406
-1647740880
-110974963
-1975243033
1870186556
-168822542
-741360053
-380605482
887932814
-1130081216
-1907173149
1093076002
598078051
965918300
-1482063178
1969188854
-1626047113
1059371555
510278206
1501590956
-1023373748
-2081382530
1128065267
-1233201313
-421717206
-34171618
-1541870353
1275119038
1947879270
692515175
-1792567084
904211491
696958951
-1929824596
1282690541
1055599075
1965284325
-1139138915
1283560595
1783057639
1939375604
-1616221955
2037176017
1421435259
1321939265
573530519
314614091
59698021
-1861001446
-1477357198
1940885083
-1439982535
-937985869
-669823165
-630177924
-831366421
-1228668634
-1921834206
538249451
-956387162
-688561221
-1174982271
-1296026741
-1396199717
150594153
920363353
-423626488
-1312644452
-848992100
-135319131
-836002241
548219177
218711609
-1581026797
-598913059
-1400145461
1333663454
-757378311
817538373
-773785376
-489793170
1897808005
666365367
-579442633
850688972
1585790264
-928994386
1172457629
-1144561947
760917909
-1848515960
-885178185
1125947124
-860039403
-1975969172
-1128948462
1704455169
-325182371
628440679
-1554891400
261349034
-1266831182
-2036025128
-983137403
-435735259
-1127862100
-909217266
-1270999431
1242027140
1600601641
-628517585
-1499426738
382429755
-199604860
-899530917
1681549325
-45438497
1729225223
-1061716720
687451484
-407624912
-2133420643
1387346383
826435932
-702024615
-754268212
179504639
-1446528847
1845877877
1794850785
-40184046
-183242015
28013141
2004913772
-1083628058
-1633979678
806912896
-16180754
-1159590035
-1126509331
-1362370694
-1947548975
-1500685425
-625295976
747311945
-2087300457
2004192846
25198115
367778100
1345727062
358901547
-114021871
-190955315
-286989213
660435656
-220597766
81974066
507501901
1744671438
1197856671
-779602033
-857417715
175153168
-718401730
1384127462
1957245307
807176944
1829872168
1423140370
1766610690
1194565121
634267280
1220145416
1598977175
1230358253
-665280348
-468034976
1555008998
1099106713
1488642273
150643731
552236750
-1340112506
-1523059805
-927814010
-826122481
1693160826
-2037418501
708693703
682681666
802767199
1365304260
202966293
455992584
1959893610
1328362232
1424988069
770274438
-1173622401
243683391
-231729757
161727760
-691390509
-1964945207
1824523894
-1026172124
2137295314
-294032036
849660232
1964593561
-1245182909
553589424
-321099579
-814965737
-1322563670
1974457082
722036514
290749641
1325223405
-2144836410
2000733792
733126993
674854458
1510791945
595185873
-113992964
865463079
-1044491658
1007904219
12428854
212846362
1426608144
1742393083
-748620480
-861234454
1999924480
-902012660
-1364626913
-1099066
-108237912
1745251785
-1505285161
-116394667
2101348855
246106512
-1257643303
949393695
1864705278
1232562536
-409769799
786623531
-165805629
-1006838459
-2103195869
1988524520
-849686699
1430629002
-292789745
620026704
-1184319968
1483918030
544639283
-1288839862
-1823340414
1971704546
-1275253575
-1434900145
490236061
1550812691
1667279154
-123644848
1628108654
-2057446997
-1248403767
-40470569
-108535522
-538432322
-1360459845
-666977940
-1462117736
-1889486814
-436993530
-1547869127
739730523
-1048675650
1526136928
-1881179920
-1997347184
906176007
-844638614
-2132355092
-1337460129
-701182264
2105758757
182151574
1579381885
1782277665
1694721188
-1390679798
-1817639671
-51495215
814474243
-1839319815
-367886184
1151214263
-1183162217
1374243536
-1389222258
-1523794795
1809070950
785469465
413300911
1300912663
617733081
-1415557598
40073205
213862932
826075824
1918665691
-1991353693
-1053402350
-1216165835
612856324
851840921
2085764623
431731124
-1564539513
43786986
1689244030
2063223338
1650230306
394713003
387160207
1212054075
-16572600
-553743602
1361109683
1537334121
147476809
36025518
1709008735
1728258691
734947504
1405098027
-1293133297
-572965542
-441195029
-1435304967
-1567081843
-1691478086
-1487892687
735148405
-630004366
1011628952
913792672
-380290503
-322459411
1235861639
-2079150427
831862448
613638594
827211376
-1215674209
-753841684
-59579242
530102146
-1876346426
201502390
825767785
2015735143
974230089
-1592870426
-1663344798
266655159
2089448118
-994417163
-1769748782
108077489
-1923675233
542278608
884178802
-558559960
-1903463559
-2048547602
-1083317009
420505786
-1539410233
120197796
-439917656
1658065736
-473577865
1610311351
-320575562
1933268641
18622603
-1446995661
1514780716
-598615168
1458015995
281319290
1623245471
-1716492104
-1668335399
43563167
708221672
-1628839507
-1573895754
-700865804
-1843088600
1730492422
-1371454652
-383486239
-545353716
-705149792
1922821436
1360220919
-351273647
308460485
-122833023
-1644853948
65767050
1460121757
-1124134267
1546190312
-146720735
-1581818908
2069019115
-1992304920
1341254811
1329732061
-862646930
-2030697151
481536543
-760687739
-1192389632
631801664
98554936
391005964
818089270
-1830771696
-296995367
-1341136000
296006882
-1768222572
-1055119455
-1604047925
-435053311
-333705865
-377006496
1812452575
188826071
1453249152
-2056786470
-1130228945
-727794600
-1740645590
-130405430
-1772369056
-1009109302
-1083774861
-1504469207
-68380096
76187559
2112801780
1605932975
1935402998
898832071
-359247823
861571482
-169641349
-1222610754
975622706
-554538579
172243784
1682975875
-1888329646
-246004357
-1598741423
-373356719
-250318250
-1655071771
2107607089
