1491096772
-1964149566
-1032419070
1577522708
-1691060517
507308968
457804733
-253066244
-2098730969
1121938378
-428521950
-79148875
1626745997
-1669225888
-524082829
-2072828691
1961721284
-1652362442
-1705275613
1449425979
-830445403
1475380895
1965306300
1321244203
-180520284
1515111081
2103259138
-810197863
1674953630
501523345
874387032
-1445582014
1268985812
1870636921
-1837831581
-1356036969
-1062470089
1205748055
1659917549
1256112084
-563030299
-648411344
-1467480565
-1521810351
-291027469
-1135997050
-1553680512
1267082776
1692049004
1579758095
1077637476
403912631
688490906
1611866023
1678112000
1654777174
1073137283
-756644474
-1105432068
-1024529141
910679478
428453813
609413563
147015788
-1544237753
1068654269
704570630
1438899045
-1002966761
1281934498
-1175429145
2123152460
459123544
1049156879
917704663
1286629682
-607678129
637834450
-1575262181
-874217860
-1771102116
299660425
-814415766
791331505
1836072759
669762205
-790740525
-664888428
-1461448837
1006653551
-222855715
-1032044427
735630184
512059089
1573508079
-1367851581
-792990748
-745765448
875333874
-2133647898
1716990659
410381103
-466242252
-729920693
-1596771001
1814435213
-634557297
-748388417
1497633514
47494378
1799931081
1731810561
1918829658
777306062
753163838
593021585
1985138372
1165795115
810308284
1270404302
-794974379
-1538218611
937012909
-763606721
2069842685
436290959
-1140074373
1591196720
709774965
-722355312
-255423953
-1846664319
-899421565
1595088551
1111703899
39080633
1958856828
-2127885101
1892632890
1514644577
1502188298
1499227766
1750975253
-929733489
1419136815
-1145320188
-1350086425
2113261760
-1098661495
706795767
923223620
1232519403
275801047
-1644152058
-111115402
-339784238
1286254267
-1020642155
676486888
1538721946
172145601
-1878240402
761807047
-1129277538
-108690529
-959726415
-93006619
132172927
-1141424962
1970950921
-1468795167
-1779923073
-1078551047
302388256
761052293
-1966539761
1015744932
328665428
-1507900818
1006578341
-2072255281
-1508472918
-677372174
-1493392429
586129098
819329794
-901931203
-218044267
406138092
1174057100
-846646595
1438120938
876805776
1085756538
2007083200
-348653147
-962417312
1672681207
-348052390
-1589590396
-1422856747
-360076201
-1822692724
138292609
265126909
-397501297
-1319407967
331218536
244269183
1555142118
1439908059
-988741207
-1899214372
-116869396
1229177679
-1360603793
2106013175
694223787
-715601651
-719190032
-942295081
453278236
1968210819
-769457402
266200490
1558739420
135881250
1738382590
-1823253748
-26316001
-428095423
-839490896
1764604809
-1727262492
361676098
-1620971825
535189856
-921742742
-268109070
617734786
-433912695
1141262306
-237896139
-413117645
294667769
-275159451
-1753416222
-1566326362
-619869404
1159898920
1735519211
1214443084
410125763
-1942297107
-1912675135
-2050941224
861488087
1545220796
-424759050
-898586350
1976746989
-1472263470
-1248379613
-318581012
1639975330
-610554662
-1422054389
961116114
1247868521
499645530
1947985664
-1607486650
-112825717
1923721327
200528005
1488253099
887059055
-1913943619
989232436
286124128
2002093083
-1145541728
302192354
-1298320880
-1129279238
1723643046
1503874560
615900231
-1081872417
2075501121
-946111164
-1372579511
1072784201
470551480
1726407559
-301961953
-1981825048
-698097569
136517616
-1937717007
-1592330400
-2065115897
1258036306
53088155
-1932817588
1085535415
-27479598
1013153657
-1136677755
-953349989
993842125
-2113544827
2076215971
-1526330564
-417170184
-1266827868
-1062561853
1503533809
-972612920
660175932
210224266
8167317
563499795
-1480278775
-418973590
1819055993
1675689974
389841713
347884067
-1144307812
266962425
-169593195
-1584546675
1998359321
-518199183
362097257
2041086867
623582688
-836878299
776435974
1326912898
-1038041432
1501591604
-150189826
483429507
-1134595036
1315206453
-641806479
-1365369754
-2118991500
1840253600
68330398
666607776
1962128862
-51092885
66795452
-857438570
2125579197
-798967048
-523138294
432969756
-1373793607
-1484218579
-1420138204
-366450121
1502757175
1200815332
1310771864
-1018596310
1659685139
114933126
1388128953
-501345616
715684748
-1000880910
-1059330382
-390464635
11716735
-222463326
-295568931
-190847701
-1571306280
1105346832
1580247893
-1569364246
1691100229
-70549674
-906100535
1774605591
-755983829
-1293410028
1690372755
-1410654823
-1103768099
-542527339
-745644792
1884940456
2101841419
1653763892
1806846737
-1092451880
1922584440
258084860
-342116870
-1043247786
273613551
-729745266
704874122
-956969616
-1313710473
1231301703
2028610387
189627482
-1958890043
1570915745
-1446676406
836501038
357424625
454304217
-2100337767
-683282636
420223084
1709318866
-468870221
-514600349
-2027407054
-133616839
44655273
-1210653656
-1957528517
-2131707671
-1010918724
1270994277
-1451704778
2002633103
-231796686
-1109151045
-774763399
1386493329
1988103276
684948492
704561202
833834283
-644512200
-578867141
724736226
-2118712357
-998276252
-1615245003
-1161721332
-1395956225
1170440083
-1135860683
314519593
-773548869
-522916781
1288319555
-420732706
-1143430112
-1676861843
-1966617347
-567571856
-593053814
-979092353
-1667130471
-1653680521
-1108803511
909247176
-172985303
-1783872559
-971668862
-1202294717
-351599327
374385625
772523095
-1902661386
-252046570
-806623527
-1179923643
58972555
-1941156152
-1428520004
185928654
-1980086241
436406114
1118226183
-252563625
1298775641
1738620159
1409688842
-1222585262
-1727166274
-1292183696
1207413586
-2074956641
855983940
301598012
-975499935
288857647
-2117588188
-978516249
-811644768
1284950506
-114442764
1750002295
-1985801324
-1246323501
492013044
-803079373
315657296
-1445834904
910695335
-2128942675
203479594
-2074249394
1020888229
2043146243
-397691215
448565037
1349380015
1825535585
1345458654
-987522855
883617284
873855945
-976075384
767180209
-1927191054
-1521268970
-645428195
-2026434228
1115159215
1440425021
1396551310
2065291857
954799465
1021194710
1851596171
533136805
546651034
883655386
-222107152
105162700
510426785
-725346130
-2107944834
8106120
-1652109170
-65177248
-919810866
-1712966458
502026813
620815919
2014111617
2008937146
-62132571
-2033650096
-1609092164
1900835912
925882225
1704434159
1771188179
1328575397
925152976
1228589427
1937046851
-947755458
-1052661111
991323398
-730061850
-1493413416
-70493103
1934493780
-1695886239
-1293463560
-594162848
-539896174
1475960288
-556571772
1566677825
-929201471
1187564293
172262569
1702034409
598284339
-1346446819
-674625793
-982024437
1426016078
2007811220
-291258901
-843485526
-2073740657
961972650
1550484293
-1559725841
238827473
-1357402009
-77069254
1314964796
285577679
-1665289012
111409266
-1287272832
-1468682777
1451201610
208349044
-767074611
42672672
-1535300232
-1921589175
-2055395289
1592471406
1101555455
2213727
-718473571
-183165900
-324709928
-25092432
143583133
923939593
-1068647751
-637015005
854758020
1952475582
-749216052
164340274
-2052182411
1345451168
1785149346
802696908
-1938177685
519850490
13210214
813405308
1768270992
636836317
831645269
-632327735
2025662926
-70910430
-270164371
1497963232
-1592095066
1218766511
1231571556
2021599600
838625345
-1115847174
469560027
131966677
545768644
-235224629
668159187
1928344696
-803914264
-1736086459
-617928609
914085492
1475057864
163760422
899544731
-770161539
1784942333
-14703795
2019275484
-1684871939
14783719
-1581730180
-959055064
1776539263
-1396330163
280588639
-753384472
-148919472
-1390233048
-1403628595
-1715268900
-1839809693
-2070639941
-921146036
-1500809906
-570609547
-274331929
-1232879654
1786717578
-477810575
-1950679108
75139818
-1671359604
1535560212
-841265837
-1201945940
544818427
828868564
-1053478438
1039873937
2070822998
-1406284547
1677351407
-1518980594
-1167231124
1380606237
-274985422
-2049997153
357262609
1172622754
1285581333
1097491982
1687900686
282948033
-611079179
-1926533644
290059609
1568829592
1765143150
-511984256
340091781
153279894
-180946198
-840822153
1450180987
444451610
500610427
815936123
-1698468246
364978010
-790969878
-1005378417
-1587308293
-1264168058
-256497136
-1084162343
1639019465
1635352876
482471267
-394834774
-965739248
-910597667
-1036373549
622678203
-385512028
650454289
580726230
-1709332551
990815011
1391935559
-2142887999
-1125708028
-1357473427
-1512399504
619701850
1856787378
-979499180
-988165235
1282412202
-1813664295
1641919120
-543287914
297036566
1886784525
-1657778443
256811934
-1977972816
-203746521
402423015
842926643
349802442
-1443441080
-694437107
1612114954
783055052
275680029
-682475708
176067036
-1905031609
-24527261
-1221137706
-785474422
-77497527
-1036923731
-567685653
2062890375
-776336142
-1201036443
1760226879
1574789494
-43226553
-426635760
-79018732
-1330161391
-617747130
1682904021
-1769658262
-783086515
-832157383
-265868993
-1066101907
-348310597
-578827697
-1958921663
-1435303377
-1393454031
-1807517081
1863503994
-2112367465
-746891095
504512303
-1689265733
-984519528
1621534312
-1387707027
-580791611
-431588443
-864759966
456215964
-660841898
83506019
-1850292516
1237167546
-945721242
1010191776
499629139
1599675488
2138564013
1610162051
-1768161124
-229926638
2115682153
-187356155
-1493788340
-1239022120
1505006429
747825567
-1059445159
525682189
-681172964
1547480900
544210433
-1329072522
-391666297
1707605138
-2014666006
-1834020202
826851731
588157251
-845743990
-1995236545
-301279921
-469956631
715250120
444371564
-921815515
1577314266
-380766749
2072502350
-1911902369
171139688
-424667245
-1054214748
-1194321939
1631137621
80099949
-1578352817
2098462820
-604291963
2015367819
867942181
1667087690
1140925685
110488171
827350533
-1405988464
193569515
754252567
1424935722
-592052897
-381128337
1985389190
-1080525628
-1357810409
1385976057
2068454466
-1998412348
-381352812
533996395
1196335178
-572115721
-1493949774
1410683713
-1298789319
1112027478
-2108147437
-857409018
1659271846
-428144741
-701389793
1467513353
317942990
-1085367017
1786392395
453607249
-907187600
1441676226
537694622
1790221261
1334918136
-1312248941
1084796529
1445524175
1106125535
1758465298
-1594581386
-639457349
1135391825
-1018934997
-1382628102
1964049403
706099727
1321540
998602094
2011465781
1807138198
-2096205168
-1167266525
1343249600
1097998721
-2260059
1859429716
-435301037
-2037977813
1365076812
481902953
728235007
-562057576
1971677591
182492538
-465545378
-1665263980
1209746489
1199685905
-1952620532
1448686364
-755500271
1613937203
-1239000746
-1900385283
-150294009
1571464353
1089962289
402335163
1992287259
1476813147
-713766034
868167348
104870843
-1239235995
917543978
1315330691
-1990497196
2055679692
2086614410
120713129
1999210794
2122842859
-643380056
-1298085014
-239807124
1224225002
245856712
1527734260
1235057026
758506887
-644515890
-1797852986
-1009251926
2044081432
183723764
150581583
-1079121470
-537914160
-1625192777
169847253
373267046
-1790499775
-112059630
-1518172520
1479951165
2023426849
272789742
-1700481737
-1689055600
677932880
-1088735784
1267889233
-580900324
1169475353
600970996
-1036928657
-1242529496
1179552695
-611198159
806359328
-1852275752
1216319515
1414360253
325836133
18583491
1439137772
1408599483
1344837199
-1699820092
-1223636273
957346867
-734793498
1814796557
993165288
-2132104886
-1227091891
1209582465
750116255
1821640626
2012554531
504580929
-973170266
-2107300509
145694507
-1231792761
392242491
1837233290
1927435566
1268482739
-375230038
-629241918
1050953503
-1600000093
1427175702
1469572481
2137251456
229341255
-1306587273
-1830674732
-1143025404
-527364237
-1604141082
682925390
-1791489674
234373110
341817880
1538841661
865155801
1176054508
1606685735
-980483809
-2146958897
-1850370224
-1291262824
1178535764
655964222
-424089899
-1493960551
417624852
963862320
52560885
1887971978
409845666
510345978
-44720823
-1094312770
1999109313
-388743776
-1677180389
796351618
-1167962265
523221879
-1026214855
1398419805
-402896464
-1321343476
1016070924
1923390617
-378712555
1362336068
1722565608
2100907266
369258973
1148716740
-889717852
-1504605459
804491987
823045010
1939508589
906715259
1825018936
-2013758468
-1307360553
-1132756450
478869243
740387256
2047852852
1842789212
1541095719
1998432332
899940393
1849615315
-704845668
55333808
-822962819
-503603076
-849824511
-735355599
1559063092
-458787533
1964559608
-603790697
-1966854948
190704246
-1653808492
667702153
622269734
-1015035028
8401671
2040269104
-1168520009
-177291223
1201884575
85603355
-2042916544
-1863202768
-2116626957
-1291697054
-542710837
-1811392199
235124057
-2039599091
-1757652648
1024075315
1862299546
-618316874
1985044648
978178699
-1790275864
2105289068
-977989289
477173166
-1923720433
2093937114
755652656
687936205
1355173867
-545625176
-1465379652
32106719
-2013329638
2092860704
-370869220
-956252436
530811121
-1940392940
1841190168
1114361991
-1378797389
1865056255
2099634551
-85967205
749850624
-1371321750
1110739088
1474668650
-1368580726
-1341343343
457479969
1221316819
2028698383
-1794905786
1640999006
-2030119981
-1183502718
-1747335660
1410960461
-869617587
2018126475
518534822
-1485652144
1684482573
370205234
-125438102
1114785539
-525252598
-810409002
2001341552
-1808791480
1451750123
606285667
-386273896
478538399
1389721548
-1845593149
820760812
-1024500550
950530881
-1143021675
-950487222
587468368
1003939994
1366823196
-2001723578
-1476136143
349473128
195211641
1153008206
699917210
1103982912
-96381156
-345112562
1296788938
-2111710786
1732725624
1060559892
-1711690540
-797996340
-1316950027
-1344032329
1957705911
-1793848540
-146211285
695566901
-597130325
58905874
-464185524
1409941787
740899005
2017694590
-646490400
-1056652567
-1935249507
1747495721
1222237368
1934242293
1737542070
-1282501577
269779484
-549818993
-1223635841
1853409260
-758370746
425228133
-1511191280
-529971526
-1886487020
1114395433
-1515257608
1629223547
-2070695176
196410480
17008717
169834746
-700703438
1202280157
1859224835
-52893001
-1799523007
571833470
1196561281
1092164075
-1127753578
-1353445771
-1927595919
1313140169
-1758372469
-868652070
-372828201
-126626298
-1724747118
-1321143584
1173293413
1342892699
950828209
1911205942
-1747771892
-1652309047
1637312813
-684056401
-2005144874
-528855459
-1572198779
1881991460
1571663090
2030903349
924661921
1326098584
1021385488
156242178
-903488437
350046366
-102270993
1380522830
-1531220514
-1485606921
-1339770317
1089194432
-849344708
541391742
-391914117
2080879775
-390035195
900440392
-420040525
1080218516
-284196091
39854599
1410577830
-327112781
-750669843
-1286689618
645522902
1176732092
-18220987
1071339610
-1291095921
-1062901603
517877921
-19277712
-275921351
555377723
-1179842798
688508674
1607369966
335949937
-1400843297
1260085622
-28173748
747347032
747782517
1398141801
-630575477
1721506248
-1240924261
1949641680
-1663095599
2031239455
1146615273
334407776
-1153860412
-502641344
-553277062
-1558904017
-1116978847
-1149774882
2007550432
-1867313509
-1821593333
-1339539974
99359064
-494638230
-581018905
1045808297
-336845762
-627122893
447606118
1021769243
-613123134
-885915397
-1476832734
-5044520
-1966512164
-348567006
306000622
-1377602741
-1861860227
-162109056
-1397933016
1477424516
1038614022
1288209098
924692560
305664825
1650352381
2027344954
1111105758
76597261
-306827011
-1421101969
1982750799
-849407980
1507408622
1124534929
-584842880
842913430
-280963466
-1971477320
1447557184
-2009592557
1913293487
-479391602
-1255067873
880995975
1147521562
-480126414
901392012
-2088586513
579664338
-718776993
-1829965538
-446138613
1894463492
2048808141
-1983766223
2137021540
2033423774
886993878
57179061
1244865936
-1371162810
1394857565
-942373822
-1951477068
470225293
1901036267
-38521234
-77725111
-149474204
-857294054
30703715
-45213149
-205989426
1324611126
986403499
-81757009
-1162826793
-1985322464
-2020452019
1956859516
-915016252
1615203957
501985822
435326972
136361099
-2094979600
288044112
1508544394
-700204411
-426190324
278142286
-993986642
-1483154847
1474487533
254031564
1948908960
491801947
-375470720
-1566389735
482571274
-399259474
553392608
-1101335369
1205323282
1843459655
906083323
-1806814676
-2061033833
-546945862
-468220811
-2027606246
-1165672519
348668537
-575744052
754071949
1727975071
1990522946
84173244
3793556
287381364
-1735526695
-961043740
-420764398
-936669775
-351728649
-275041112
-1489132075
-1096643423
1454559874
-806688935
-2047090457
1982798882
1375572477
-1857872237
34363428
-1590706776
2075795777
344395750
586094348
-233142905
1296023661
530171832
1696210906
1007748208
-1696391654
-492300183
-1803643435
-16071364
1471937491
402642872
210090213
889414376
498869699
173215333
-492206488
-1327138080
-65949264
1510735382
-1900670138
-608436352
-554059480
1161896318
519959362
491237079
-725089543
-1121547589
-258129517
-894520915
-2026156059
-1714666497
294395571
1557702343
1836924566
-2016438670
-855984266
-1066819992
-1381500209
-979412137
-1484904099
1601358363
-73716764
-1118717075
288806955
-1458051920
1368184428
-284426089
-175241031
836015747
1817847092
1289969086
-877538042
1878874627
-43561611
371708150
-304886382
-1211390862
1964835401
-881294369
1755306987
-1728227607
-955962533
18042445
-1650050425
-1978942561
711971550
-2016985301
-2083744300
-763456662
1805942464
-1458810980
-444093811
-1692141692
557017374
1983947874
652211535
-1472326766
-96646150
-2144468605
576276332
-2092696606
1153414186
-1459596247
-453094147
1071850484
-648081517
1107326665
743346237
-691848901
1543957143
-973827192
-975313387
-1872337372
2035028171
1664731353
1700474866
-1214496425
-1358723859
868283498
1537961694
-711070404
-1371765740
-1621964736
1310008270
-431084608
1559955497
-2078437856
-1336387272
427846232
-2114749035
-1798226639
1027944937
-220853691
-1151360965
-122370594
-265547500
-1930335974
1192211369
-613828607
1671409581
-760058501
-2074441079
-574511299
-659377417
304651302
-608038563
-2124746325
979343452
220395831
-1287040917
-604975944
-60618116
-888784473
1423186165
1738849356
-658639993
-485095147
-1397239379
1363531823
-594157361
-1243191351
-1121446297
-2030271576
1904184216
1417045236
-1230954736
923237222
-1264018638
1673902396
823992798
-1046389340
1729295433
-1463089800
-721345336
418648199
-1838864005
-1698121288
1619063352
-2005816630
-101129941
760932487
-704568065
675332764
17384596
1215859315
1828290441
1139033800
-1838101471
793179597
-1203174831
-2094709226
495385850
2135330476
772830614
600262897
195292130
-733220040
-1656792498
1609965897
1675139391
1529423908
524973659
-1293527878
868776570
1495173500
675442684
-384858899
-427703159
-1855749216
-1611387770
1308260926
-369669175
1754486927
-2094799278
1024636063
-359133936
533362024
-1215353351
1736812219
-542264318
-1291510738
1064389310
892862302
334279331
135816651
1158196811
1417389331
154517038
-1448419241
-212635744
1236748302
1714537764
1143098777
1512309064
937078348
896447143
1171277261
-1072785715
713629176
1630835464
671072935
-2017268371
-2053797360
447737245
270653080
-412259315
1761764680
1736927192
930616399
183881325
2138128174
1673528724
813656706
882954140
-586379378
1882495666
205944813
503154606
12080151
-317046300
721853338
1147039917
1190945854
-1118507832
1258767715
732513997
-404381855
1878810936
323439285
-1488439326
222910768
-224184352
-857717866
1186600470
1873324104
1308012560
1792291816
1894154710
-609780960
1885826258
339084526
305544972
-756705496
217607999
-1801350385
79636883
1464198703
1213391374
-620735526
987135207
-1450002940
1494387309
-1025255350
-632069348
305385056
2066215443
160411466
-1124663535
-2037022462
241868437
-1990169478
-2146540059
1714296860
1866918393
-1395271885
1974877096
-2130622739
-484945784
-899512887
1550772053
-447250258
-1183168536
-1820104433
-383020544
2103007666
-974720151
-2000286689
-1946852021
-1650633016
1654409630
294423642
-1159742178
1035521763
-332038352
1170902445
-1046396778
-2117418243
-839922962
166113046
284235325
2046939191
-697379033
-174046362
1057400700
-376659900
1162245179
-963554744
-41048243
-2089387000
1205100655
1105274241
-800632780
1072161915
-112314111
1463543416
363662703
1096635859
1268050044
-983035911
930612076
-1511745310
-174053811
656062517
-1892406406
-1500297540
-429270123
691533581
-1707280701
-2056297828
560628032
985459855
-1678988166
439168519
20237141
-1905972288
1403451216
-827090126
-422562417
250973595
972707371
-1349844576
1851213101
2100473946
60515353
-529532657
-2074635258
1646896883
1572350850
1954446996
-1463879457
-1512727323
-732890979
-368588796
1560436992
1234530867
740777765
-1905825386
283127556
462459824
-1247058101
-330124858
-722914575
-732261507
-128313874
1499946875
-115830904
1461274064
-1115700216
1550653035
1769218269
644441590
-645662357
1057961406
-936101847
964298650
-217334098
-771033871
-1114980130
1704417351
-90531231
-2077758723
-703651077
2095150379
-1960202873
420438967
1129674401
192174365
934257477
-545708166
1804393702
2098341600
34301910
1953143042
107614697
783373225
946789057
1169116570
2086702118
90469854
-1903824818
-562003078
-629293813
522828832
-93718987
-121431447
1180649163
-561229685
574091161
-1717964118
-604619919
1071787068
-1457767372
-1820010987
-11093705
714415891
-1995112750
1898073987
-1057720296
1653477305
-1261439229
2083329135
530717859
969258980
1109377547
-1565268775
-223189999
141451481
1422898973
-485161619
-1527284327
1734239282
1516032712
-2076919835
-934402813
-728009503
76375473
888690090
-567848325
-1184697228
-364348798
-1568280383
-2057530457
738973849
380184354
-1302159643
-305634821
1927472357
-715571930
1116197615
-270726581
2011839696
738332038
-1339398018
923400609
-2072931836
307835795
-462141997
1785234256
-1089703210
943364904
-551831556
1428583497
-893354732
312489504
-1479414476
-2135554132
1402829057
-1067772665
-617336439
321917090
1468899485
-713500909
880923071
-1110545047
575444776
729523540
756205684
389158832
-1789405975
-734384854
464099716
1955161636
-929854677
1352683000
-629342290
-1730129078
-225753977
987786774
2038190199
-600973937
-135936663
-399463669
-1659127218
-1991322468
-451415860
-802268932
-14434064
-2075154449
-740641465
716539230
-657351667
107743911
-2086386099
-2019462926
1917606955
-1404796770
-375052880
-1312410381
1967978955
-768137028
-1513242265
-154990712
504738505
2076858506
392800656
-1555049601
-793290232
-890446587
2032771767
-828369092
-1486258866
1941501108
977672280
1252015855
463766891
245651196
-1124617310
158461444
888878241
-1361519437
-1038345603
-2048988193
-1868355777
-1978229262
1656298190
-1279154231
-512607602
-1271293650
1517340153
-639793116
605093361
797587337
639451303
395344102
-58682809
-1381940634
-1343010103
-1855296188
2064948115
-132309446
-889797669
-1756444499
-1243076385
-839950679
-92491923
143581945
853456476
518457297
338329054
-1247011870
1806740942
-1802694432
1536859499
660812210
-1013642970
-1163002900
852137831
-1635135682
-82838672
1682216706
1375157707
459441426
-1802976273
-131646849
1624222961
77242861
566693765
-1793451874
2049975708
-1855414673
697994328
-1140952494
-1759378629
1316556816
871732147
-1040202410
-1779543442
230905684
-1410462167
1629308801
-756757559
-583107268
681965055
-1803599010
1515271895
-2097024001
1917787083
-1662178820
708147552
-1377489158
1167331672
-1179488767
-687941905
-211008028
-1746247988
1351449605
80815246
-1241573563
-2131728884
-47881188
1600845011
-1135895000
574330975
859310260
693239840
596340495
102883921
-1082399071
-1071166171
628068390
-1319931431
-816985482
-201925207
385163452
684210878
536086294
844030858
-224885778
936828213
1086718346
-131677694
-2054946140
2004931279
958408212
-279027925
-5105471
-1034287727
-2131125629
-2111665724
-1312104042
-1909443228
-1032699448
-2146732235
1678202775
-403124305
-788208439
-359227952
249322320
-1110303422
1098028148
-521310375
869971353
407825013
20551959
1912518600
1917880584
-1642984048
-1229225233
1611179084
-1156847962
-1657704595
-379899906
1712174739
811956710
590248540
1544870689
-1500567480
-155877422
-791932090
1654622305
-1484029219
482639239
-521633516
-1706532215
-1167560823
653027811
-1157372335
2041437687
1130038164
1907768956
-1182650099
-695618377
-481162030
-1928649773
54633733
1544949709
-1248189844
1322233033
1443718144
411791825
1202421221
-835529391
-435840901
-1174784319
-1710366628
-681461658
1804412552
-744768238
-985724914
-51629761
-1478031630
-236680184
21789215
-130688063
-22302555
1315048263
43623577
1189941
-773770164
1644404648
1582800052
-2090764742
-1912148421
1041776976
-171705001
-395285763
1561326224
-1488527617
77113823
-1606814042
1230346132
727261861
627996958
-910181099
-700595610
1746234170
2054229157
-2068589107
1105648090
534646734
-1176348602
-689301712
1810203550
-2053554209
2026937812
213278956
-817983586
-305785622
189391148
-725575243
-880167511
869837124
1283725433
187585588
953157972
440420393
-1155425102
1905086270
-1383905250
-2045244651
1915592295
535381321
337208788
380860498
-1897618755
-1289044197
-257295561
1916663506
-1306964809
1954799043
-1398703397
-54711490
843445942
2022395853
829968465
724800078
-1252007870
32826800
966413704
1923214427
-1081543670
-19236469
-628290960
-142913999
168389161
-411099632
-1691739425
-1224152278
1825229482
1973536960
-961790280
1450699895
-803072946
-351016104
-677580727
337439168
89066380
-258232181
-1365117707
1545459440
-705497640
1919995888
-1761553390
594312009
-434027224
1897803069
-945268716
-1475820098
-1110378573
595703477
1777237482
1562612353
228438011
1413953247
691238568
1110423001
-466368243
-506327688
-1098866843
1719164985
1840442119
777323433
-884698266
-189714546
554099675
236367740
79412347
1952809432
418302033
-19654004
816252329
1869733116
728146258
-1004888068
-1444375544
-519340073
313010530
-1265814103
448309742
-1618513770
1530617454
1385731235
1084430413
-1017930684
-2099778617
727512280
-157293991
698997668
-1067143058
1338724370
1637873517
-240258752
-831330927
694116386
236005167
-467348287
191277397
2092878941
-1888832527
1510268801
-1655246378
1679374919
-402249894
-2113687970
-1882510229
548156814
-1382134459
37735633
656215342
1099506489
-1341622040
1584495934
-1129753925
-1528122335
1784313913
1441739404
945979958
-599094625
-319694452
2089258744
-1006313581
20907910
1324836736
-1627653082
1113269777
-852200877
1245970204
1560555641
-839400186
-141299549
188359732
-1468779101
1857987810
1612579045
-1183188975
1084474495
14137453
895839311
-192186800
-1815148003
576904787
615703573
-1158341622
-887739874
-607529246
812170712
-1594663627
-633204158
-1860873711
1065452380
812092489
-1077251265
-579446333
-80000642
-69527514
1291973332
92642381
2058158692
-1260501964
-1089803492
885938997
1579302645
819445451
-1467462873
1213399612
-655551604
416070101
2133028038
1175825055
925176807
1325361586
-130485338
563023512
1489345125
1253838427
-91485793
581087530
-2079535504
-1786058039
-1728017330
1212628510
-1457512905
-1484796265
1901199328
-1375312312
-2146295904
-255453722
583424816
870824974
-877589379
1729250176
-382140140
260985898
-297513475
1284544831
-506758412
730410670
80923492
-1652927825
223266971
995273800
15921150
133260786
-766420655
-1619291193
62954577
291303140
-353697239
-767398946
1302623889
58632318
1109493142
1369451814
-514109864
-65267585
257261636
1423937641
-463239274
2057064776
1422970661
291798301
1860288709
-1582993913
-158547255
-1466082259
-261281695
366161176
-1462258702
-663727361
1363621271
-1873654617
-1863922329
1007856306
1065990204
1791135129
1155145480
-447158361
-1861127168
1132167340
-494514654
-1435347645
-1399145758
1819181532
-977766652
166398450
-1712801050
-710769144
1692275666
-1694783634
-1322814714
619486933
2135162008
-1025615040
541295461
1767004370
-541272927
-1118510202
1358056650
1873893341
-491751159
-687629321
114824011
-233187900
-459586415
805426980
702617672
1375725358
119356594
742393856
683532187
289516220
-198804492
1382580130
-1312680947
-46217622
-1580241537
954712904
-530006261
-870328517
-1690259982
1425055
-1833449575
2100475669
351774067
-129411520
1055386757
-64307991
-2114834682
1999904382
-1504334368
-1839047914
2099044642
-1854129570
705878442
2066595855
2080689025
-1201232154
1186443212
1059347770
-830030281
-272337254
59625802
943814683
675507718
41533763
-1944162632
471476657
625019376
1679641586
231762413
-1805029344
-1869081076
681323844
-1797628170
-1625737585
1670553501
129823206
2140653645
-1611040941
-1971184032
-435026597
613397067
499440716
469866276
-6069508
426684890
337936783
1285477280
-23866560
-1088613778
2069544517
-1925266560
-242861763
473263925
777459666
-885105984
-288639890
-491836532
527680313
663912765
-223634762
-1294762315
-448833346
-213981303
748850853
734725831
163290572
-1398483714
-108644871
1014830821
1235519769
-945274091
2068796518
-44485454
-1797200633
2075843064
1663323801
1748400387
1198535757
-1144937899
-1554359942
-1107572778
-1052787498
96698484
1841551793
-1115745405
1703599336
1620823179
-217663636
-617013455
-1375138167
-1244816303
-1575114146
21918859
-1787937507
-1572236848
1205060106
-1975156558
1038635347
-742308993
87666240
-506655628
-1651566782
1581289871
101223400
-1384807490
-1033248050
141982853
-1797375491
1987231823
738235984
295457032
1333492444
1554205614
-274469002
864238843
15492543
1836403806
687029862
-1153588786
-16257917
1309708879
1206119209
878360593
-868517455
850425494
1928424775
-754952119
1784933051
-997227936
-1520264787
563608839
-3839355
-143519452
-923047209
1686196789
-1337462745
-1224973801
-2042583254
713942451
1664509425
1171508453
1222969761
-248591070
1696251054
-1672344163
1162727596
141972734
-1104056531
-1249059860
-1835608236
-1164112654
-996984324
-1495055987
2019335330
1977271655
-35910794
1801806848
1393876289
2069451357
721580032
1082307961
1126474594
-1676662914
981663375
1203093787
-1267928865
1639260528
2100791660
1218709093
-1946851421
-941617046
-2123753669
194746348
-236022712
1430509577
1378871353
-322997942
-1514422527
-4638620
-149353532
1204729942
441345721
755274845
637880864
-226337388
823904892
1191266618
1589077623
-1690316817
-610851562
-2123207821
-1714684639
-225003611
-1398702343
1935801549
1397326374
-1561662334
252328547
854912935
-934075392
1376459600
1783217600
2049674131
-2015324508
-7876979
-1655578548
-1838479576
66652867
-1079652770
1726348540
86403861
873452877
16911300
1034342302
1456083577
-435844298
-1716745460
-836992962
-277980046
1782093179
-622657140
-2067038004
806052595
1950122343
-404022645
-871948037
70306523
1971294482
-1072195712
-1291912085
-723386046
1167740970
-2063417473
-1414355191
-93816299
-2055393035
-407121424
-1303823434
-571292700
-76778091
-1454608255
671133990
837846266
-570758770
1205220445
-1060955894
-1635207762
406335365
1222107805
1118711153
663268344
2035263306
-970132481
1421594731
1879034950
975253528
-1655610411
-343907857
-291179632
-1943188709
-1163986369
-488763394
-1839206743
46293553
-1009220196
1071285511
1092784856
-1578027276
-508905667
1354143885
-639480921
-2102739464
-1911449765
826140166
-566480390
415885905
1225573451
138309126
-564461470
-756011689
-2063863569
-277437028
56064179
-1656508756
1403016815
-750086148
1187057363
-1551204226
-1554576087
-1988690338
-1031410476
-452045815
-1393852187
-536645084
407807045
-379030945
2090890317
-702341822
-606920507
1359871339
-402569317
-1849324326
-1510756392
-2089763534
1559525011
-594572763
-2017840643
1325989212
-1868332620
202251674
-636172033
-1579073805
1834727082
-1586225080
1381799819
1266991721
-1462858746
-1219166329
433088002
-138531361
256869424
1976932047
-1068220272
-995896412
-401028197
1509311463
-297508227
1111710971
1904150075
-1591240383
-147127613
-1760109279
