1227127950
1190555883
2041533364
1695677868
-1893067915
-877533057
-370227554
1724407424
-982793900
-292938215
582512439
199369791
1476860566
-2016157881
-573318928
1774888053
2122074382
-21741447
1852172670
-1437128602
1794380347
306339831
174594749
-2017629414
434732493
-1441930220
-650187055
-131373892
199811176
1959962787
1929446030
-440404187
1978551975
-608874582
1496474137
596201394
621395043
770419029
1204683727
1965494877
2140097588
1332684589
917605733
-235167221
-1921084617
-2071540087
236832591
1605966370
-1691101935
-1093050812
-1623170459
936103262
-115180492
-1634755664
2044851140
-521314843
831017569
-434505015
-191018254
-2025274728
771571053
-1733552723
-877427131
-884421205
-1698986937
1169401675
1575127428
-290453385
146333752
-172491429
-321275186
36829326
308862573
-764799603
-1438438982
-122478065
226842034
2071779844
1897235647
567696188
-1765673856
929050885
658866390
-388807351
-1088672967
-110046229
473143133
1744502390
-1781991759
-371580578
-1499644354
1510826335
-1177137424
-2054791484
-2019099056
-1311611502
330186293
290266358
-1845031939
-74418846
-1660558274
1918284855
179193380
204590330
-2052920890
833031009
-1782071489
611858100
554051663
-1590616480
365245640
-457197397
-189625823
-1728579612
481368280
1556481934
1421043345
-640085422
-932900335
1677054647
477486726
-857254917
-1831987778
-955105925
-516096711
-2130896241
-1504346056
-653256253
565223739
-1751184941
639160203
-1951418405
1602449852
1571852689
-133176232
1782800266
757883913
-552182064
-2032407300
54249058
1047827798
494021701
-1879613711
1825904472
-1352500035
619095561
-73293196
1674862486
1981266310
-309767029
1684493416
-504466289
1371996584
1746125511
-153992582
560899924
1195111568
-809217097
-1394965116
-1773872859
-1564027360
628259594
1046765110
117949771
-1812302342
1205947667
-156452877
1274123300
1506461437
1586928132
-1606388232
1269435263
-243340529
-1641281445
-197595453
655552554
-1462651107
-495787365
540686769
-1954517816
1875374943
991595583
-1621740823
1326485991
1903418336
-1911238165
-2034148999
-1703787696
944874813
-1896707868
-1502286915
1469916833
1533086124
-551145022
967566855
-1694406887
-1864621504
-1883139484
31377276
-1915788622
-1163128726
-48334045
1388069180
-1587243915
-2084553790
389163849
-52743227
-1226026999
-327866361
1364068548
-104554856
1880629900
1803822948
1359453974
-189110755
666692773
1355115764
-517138033
579474371
-2007037479
-475905144
-95769410
-1912015765
1552488734
1353542823
-510090460
-255248122
-563201363
749988821
1752236331
644742524
1662113564
-268910056
1692857430
788421071
-29604949
-428712521
789152184
-671751808
2032457693
1107870277
-1728174166
1993553201
1395607626
507489501
-1044945225
2026605195
1000561331
-1180157778
-975804965
-464236959
-1843181737
355059641
-1618598419
-1599978219
-1558815868
-1276496935
538048600
1867500858
-92098192
-862352381
1809853713
-481154949
-735440567
-832183857
-1902826556
1350561466
1080774537
1562372919
-659395504
510201723
2074786959
-1855882083
-1253571978
711132547
1998158187
1460870930
1820766412
-307093316
115131897
-1229044011
-227821833
132319835
1075026992
-252842471
-23146728
418768708
-1974850373
-558393334
2133724806
-1523663700
-657452855
-1818034158
979017150
326433536
-1839250143
-741934761
-1889240169
-513387771
1573864056
1767260808
-1703755847
1944009023
1785775878
-1757457959
530124879
-1442989161
-1083955882
-282174133
332545787
-1580626633
-1610273699
1349591856
466829578
720792760
1906638030
791688942
387512040
-740013953
-1451532372
-529934846
-1396279594
-1856846493
-700550624
861309256
-1492070695
-529265773
-1603749236
1285559928
-1001360907
929365431
-1138558241
2002224627
27247771
1338981972
-246918102
1797210304
1970371679
-1529108620
374378355
-1698002224
-1073690899
-1763567483
-1152016439
990109065
1059613757
1722662529
942059928
1503651457
1649238022
1576745551
1554799422
475737738
886863471
1699236200
2064040670
-585323282
-241029108
1046664382
1342688627
-1430795525
-633417464
161450456
775465767
-875783231
-1016580195
1870553665
314266852
1443712025
-1680988724
872791331
390975275
454823658
1871508042
1921183534
1119766053
-173733465
140891321
-1041666883
-1770236169
-1987312357
-1162657513
-369626565
-2048583078
2034099816
1401095803
568151747
-1213414295
-726518708
-1935203075
1888269574
346156477
-1935070042
858361590
1066120817
372496822
846671416
178145641
1895976079
-203010533
2054585006
-544038976
-478702421
2121453541
1363449055
-1810932038
-1221844551
50354519
-629096622
-703640925
2091714677
-1512579758
655712002
-1339407162
-1337390644
59583462
-1586608539
63493152
751009659
653855788
597306538
-247790251
389476086
-1428512942
-160049854
675861991
-657234294
751001846
-303846494
1921097381
390269125
-1655547720
-855976122
-1829555871
-197039595
-587706102
-1304097800
-599220763
-963074898
-305649847
-1613587886
-639905242
-1266596175
-1619818223
694191232
-918255174
932216458
1539683020
-733701302
-878559097
1597122969
-722271348
-309336239
-7988036
1180870932
355301914
991421080
-1455619067
1849073962
1834708815
1746617926
780750842
-1224931732
818880929
-566267735
-1478568489
1470766440
313714176
-1678792834
-886360718
754995350
1892094434
-906511761
-698375319
-506068872
1263268508
1472711132
831562394
103133692
482567668
-932760099
-992780073
227032868
182118387
-436668025
1816636122
630124008
-309843458
387184238
-1204245642
-882011814
-1485863129
609612907
-550639089
1287854347
340584896
-171943521
-949404596
-481217875
210564657
182050487
-1679450358
-1252400647
1640861451
-1904163983
-105502061
-1369165101
1406797404
202196829
1424201231
1016555946
1915260996
521956072
1658453562
-2014423515
-1608267064
1716993174
-1151343785
-1736791045
-1947963674
2081109646
1126863460
571115042
883719912
1907126363
-1816957554
-1140819925
-1850309123
-39671568
1714735078
1045484012
1208007940
827223277
-219396011
-962791073
-1759061
-1471947488
1428948941
-1534066999
-20118344
-175318707
-408756543
-1725051106
1868501158
-392391887
1977062870
-1812420445
1349357939
-1514484284
1197075930
1894168021
-2115887944
-1924313921
-639126795
1432089225
1412595961
1590311005
2029211421
-1225081004
1808490302
-1081706140
1440518095
123717420
-1684911646
1866420582
-603745541
-1979442354
-1989509974
-1670466748
1911099199
936028514
-893091303
1567498227
-603034792
1684828125
-1896719871
-1184625790
-361015083
1598624935
-1770064547
-1858859429
-705305076
-1453866499
-345957538
1298818760
-1051378862
-548508265
-1429271613
1855950521
-1255770267
-808194547
-403082643
-229054012
1398693677
-1275886987
-1001816014
725077868
-1790323548
1515106385
-416858895
-258443867
-2103817967
-1510696024
1913284325
1809219479
-997548421
-963363470
-420908226
-796576606
-957600676
1798380600
-1941994515
-985291870
968022933
685271804
337340095
2093299315
-476934750
-833703339
1748431277
-1911326281
-256949490
848062430
-852012943
-1725555498
310687017
-1469966383
942413660
206466630
-1488890121
-66910994
-328454298
-774645749
-1306791574
834626209
-766709882
-300212095
585780948
103124323
-1843333308
-822447271
-458053226
-246160033
1337040524
676755168
-2141662691
-1883558055
-230748477
690286983
488849423
1546362827
-1858053857
-894057569
199459520
-2012941232
-673309133
854276451
1179698410
151273286
-1112040759
353827131
-908437603
514869677
-1406456333
-1396633025
253982836
906997589
962112612
502460153
616089353
794958136
-828041989
2146971759
-408740438
1095252516
1827437216
-1507609249
780321100
-1923321443
-167233709
1850167756
1729699007
-1644676864
-283329406
1248918201
-2116650205
-2113880341
579048602
996698676
644117914
-1000909604
1213950431
529825685
377292862
-1489988840
1662068352
916447239
-1796636075
-1839245619
-1764589083
-374826169
1283704259
-1529938310
1359712076
842979500
-238581313
-1757771634
-854187629
-1942826906
136877257
1055160399
-1369761706
-411921142
1581130203
-856840963
596830780
71070029
-131930914
-1876469962
64225422
2096291343
-244555169
1444894876
-1712146423
975918235
118722178
1122687412
1990204148
1734443309
-791419082
-266382831
317827187
1028430259
-2010808918
414629553
1288551709
577559768
-1807113473
-342957402
-1436716852
121863485
-433509314
386493944
-1034027595
1376222473
-1489075829
-1471336759
1647903927
-1177666141
2075454618
1040625850
-512998665
-1287206978
-326509982
-1014436211
691965100
1704136597
-1038875631
-1005258229
155787575
-457524873
-1524649153
1629077032
-1975931786
-857267578
873370981
1873493860
-1314748071
1984999867
2103235216
998440563
150215092
1103213868
416570193
-825138912
-1072478378
-518828143
-1345150473
1883391341
1320059483
-1303561724
-359386369
-1173019905
2008273086
-10920441
1606213835
1347116728
-849362126
868781003
864712338
-956975963
-1551473871
1580585135
-1467275624
-690758629
1848929876
-542494202
-1953486946
201837084
500724453
1228591133
1663579546
-892324354
889758130
-1556630149
-680203861
-548125618
1072916771
-1042164118
1290345798
-104563727
2144742799
-1241316170
179162293
95644044
381072074
-1406477388
256781506
1825215781
-1370420478
-939530107
1931667375
539405834
1911889611
1514443420
-1560300184
-219148047
-1960041865
-1675392900
103138043
41094240
95390891
1229960390
-1414488761
-565344434
-977247698
-1329594510
1020957427
75361802
-578360572
1368350556
-1244610142
1534691676
672146619
-888274942
-845266332
1311679465
1409254916
-996638836
-1304876689
1564025307
-94312572
-1214871285
-147632882
-1814663487
-1737513492
-195932411
-1489238056
-1332746829
853889350
1433315889
566192677
-1218373703
-1884062318
1708777598
1371705022
1871811692
-1523480431
242702426
1357121235
1221597406
-2063570721
-2087011280
1549963569
-1281931082
1651759687
856904241
1098617011
-289253985
-1317962926
-97612714
-443156999
431634659
-525619167
1275401382
348491864
1443521362
438787708
198564276
1232992784
1723205480
1280890666
1499914091
436966340
1704288686
-1508540286
245094413
-2032385242
1502913376
-1654843838
569297273
-1626806031
438592335
-1781099874
-109624660
573293084
-2033862391
-1526066020
703653257
-1365301172
-1684380106
-1188931682
1559906524
486761865
-410799548
1351979072
-1512999268
1285656372
-740238266
-692141468
1684245104
1932303416
-1549252839
-932322166
-1076284300
213985920
228901832
-1123654556
-2078137284
-1843943512
2119343665
-366419799
-711090152
-639381258
-412200984
1516121129
1260309657
1788329611
939588954
-670634463
-445683628
1651502549
903160117
238318544
1683750885
269549383
721422855
-29063351
1082187318
-447276212
1171459621
476274571
918502657
1401041528
1632737741
-72090162
-1162446445
183078144
1316453263
-837776353
-1189785135
1813273964
1701647080
1348047150
-44864128
196889226
-948091601
1415843174
10729408
-1977998171
427515060
-1845242562
1442073817
-1490273801
-930793947
-223298354
-925302727
615054939
-219127757
739928229
1468645053
1380448838
-1963519626
1323816921
-1293004497
-315214600
312744078
1562180446
-414891249
-1758818835
-1496634742
141684379
1150022038
-1746814566
-741526644
965518650
-609614089
-737094315
-1463906900
-557374913
-1128077849
307807892
-1770044900
-113669028
674482527
1756617049
783530125
-1033849982
-1360159584
1450856941
-1131513647
-1188111429
-1404711049
-407771701
-851320126
601743670
-213275966
-1054388257
167444577
699861411
542370098
286290928
-1615538623
-1233774911
-446916527
-1192704679
-599402970
1429368372
1215792583
841016575
-1979754520
-1542296933
410369240
2069211774
-162448227
-910546462
-2015176656
106040485
-496885770
-492278572
-1562432542
459447588
-256984087
-188130317
753142702
1538820995
1858691728
-206551669
-527453822
369451862
-1199787440
1835444484
1365936195
-1923614289
1612900413
-674225288
376430284
1708539347
-382372675
1049104773
-130005194
1551294767
1009694315
1779890787
-1350293927
-1449588084
940703549
11212856
594098067
-779646847
1955350504
-1486843478
-443676473
-992463063
-1713228414
-1227147082
-61164888
-1804628714
-1073326743
-1615011137
-2030677705
1559987077
1182577507
-257905174
-889388918
-1690808878
694103558
-252393560
873619918
-1199270866
1059597658
-1483634541
1688792206
628237710
757047228
-1299842690
-568946636
-782543642
-2019532540
-1400957498
-258774576
-1177258602
774533098
-1397727506
-1975021032
-564909276
-744974939
1031378283
1532577711
1122271276
-15309868
-1922127173
1547499945
861534356
81636513
-1960558405
-1751321009
1991054083
1016125732
-1888204230
-1303985634
451276179
2021245444
-1995202360
-706192619
1825636804
-1152717212
-1333091372
-1354240976
917449652
-881107717
1647326453
843363631
-1518178164
1513307012
635938183
-443012453
146552893
1916940377
1331128698
-231042550
-886509972
536746586
911713126
-155279711
-2126496086
930310931
1538579937
1378603482
666918888
-1455522019
55870996
-468212602
-789699799
2046269636
-678560884
221887509
507165049
-1835966230
325339469
2092412949
1252746525
-878439894
-679879635
1059660792
-143750645
-1197624768
-1588016546
-853722855
-758328932
1685192103
591364171
-67724031
-111389313
-571807357
-850729304
-1249658907
893847025
-1201348671
1691637188
-49496205
248823594
-2066736772
-848631263
-739659315
-1082342886
1619180450
1026887237
273579221
1019839573
-1845650985
637554130
-1088694869
-1516958902
1904198552
571655636
-1989704589
-1043118405
-1704771677
-1053637030
676800603
243474025
1291819414
-1936819897
-770394149
62269198
-1787484714
2021040745
-648789697
489304719
-192012366
243059914
1515630434
1575956337
185664967
1119254854
-1395812677
-263779444
-407775067
1491870301
-1782559075
2073333247
-1165615182
-1013700278
-1882006854
1577671780
-1598433202
468123732
1733519592
638754627
646034232
1767581283
1383819047
596048331
-701938641
-324220971
1503491554
1502595262
1742866396
-1602348910
-1899382155
1534254253
-1058905106
215661405
1158043119
-16702619
665978246
-457586067
886178840
1388442793
-915193386
37705020
-1836898635
-482740704
-1496359676
-1590204514
1534443786
1026017936
690346835
1817308692
488581023
1635778636
1207779460
-498594975
-851023801
-560663829
1035329914
1770566494
-787698083
-1083272134
660974620
-728522998
1767974737
-98480013
-1999763074
738651621
-1959777438
1731363246
-389333437
-288028547
-665473364
973874839
-1766920900
308123720
1750548069
73977952
200122453
1820174516
1164578403
1337719801
1369537456
-1235729028
-1483875615
120212094
-991789294
1893345853
-993156479
1038634225
-1709770370
-384805048
2135129236
940431145
-1939533025
-1013801031
-812839015
441912841
1436062058
-2134866744
-919442429
-685005581
1516124547
-1734348193
-967225537
400031359
-1998031648
840085739
893063925
929768551
-1020847060
1058054262
-1133261683
1416088262
2079755373
1809977589
-945463052
-425340287
-28808600
-482948130
-464416609
-1163591931
1485486147
1370202878
-1015398449
979948338
867705196
-904292216
-674791657
1090570646
784769209
2116482160
-974710757
-2007016482
1255662801
-1924932871
-1647205735
-195719800
-857663799
750860428
-1008900691
1756360157
-592058607
-414574900
-1069053616
-2033367778
1639777425
-973820186
-815768543
534143229
-648912370
-1834889939
-66080408
-1891519410
1950215635
-1883874843
103979863
-1262174722
-437543028
-1784407202
379848082
1082157891
1400635508
1886651716
-808061968
1196747029
2022871474
399878453
737765763
589076700
-969296640
1214028948
-1659946027
-229303190
998898574
-2050103396
1478252148
1203285290
1782382373
1642910136
-1352650063
-474402151
1362241934
1515691792
-132872284
2062666742
-428995021
-537259161
187266674
1555743029
-1484572153
1554304547
-572410159
1062670136
-857891421
-592063571
-1687779380
-84802751
-1470630479
-2068850693
-1146918717
-1256810079
-871049843
576921194
-1170874698
45192117
973813800
2360016
-1170355774
575306002
-1722762448
62422993
-979431702
1647245311
841607277
57099889
-1475503590
-2112923357
-812961426
-551011605
608762985
-868091265
305889636
731867840
1820142238
1540294045
-646739635
1166594066
571613173
-1731930871
618867284
936146481
1972136226
661175552
-558325129
-1848126602
1488771990
266283879
-673489046
-934122416
-1533149952
-1373547778
-1756980294
-49212517
-316547306
1690686933
2106468917
-1517528008
-669289580
730145534
-648408183
-564916263
-979723131
-340165757
2001463851
-951927012
-1883079488
1822806682
-1316292486
-724451621
43371701
105774359
660778275
-132176191
1370306409
-815930335
-701437498
238855457
1854407614
-666587352
-258467878
2037857282
1718062584
-830203626
1371744205
-1179305090
1319785852
377709764
-154673554
2097745227
983802585
-1153915729
1377178767
-59988582
-96925172
686967275
1252576485
-1551717089
895438079
1588997718
613958707
1786230896
-500932013
1732939281
-1459986521
-269541229
428647518
-2091867092
-1980686972
462180561
1063611511
1881136800
-73602048
-916283952
445619824
-829694591
-1247606161
-257754656
1919477859
2024714611
1498831008
-1249895788
-1558005071
-378270371
-2137835386
-2068388971
977419335
-80126115
1464165914
1873947314
1853144867
-1348336389
-1885804160
-1877071558
1318615318
1493044896
491095912
-500093299
-74349365
9782856
1903580086
993290224
-1820365049
-602968714
-725267867
1328599457
-1821912014
-632428952
31265448
-95312597
313446933
77216908
-1211019182
-1446061829
301879780
-1756348366
-1319098506
306677042
566849151
878815618
1012258386
-1214430788
1672051444
-2055440721
-1401583256
-773926496
-1582928568
-1703118484
-1780953619
350334873
794079607
-1906063457
1038698087
-502312986
248424632
-1197669548
237929873
-1629213858
1999657220
1426435571
862204801
-873732154
799019225
-93455691
-2081758964
417804646
290915131
2020436
2095590761
-126019111
-2000084997
-1630664190
-1282334189
430116901
-1170494405
-478947429
-1167857420
-66861557
1695440688
-1577829091
-825999169
1885247135
720570153
1572985175
-322940003
-211926502
697039568
1858550752
1257886731
973017838
229235376
-1942035894
168395777
394903578
-471505161
-588163944
-1083078057
-810966849
-489001604
-405531412
-963298716
1887044851
2081756162
1752913540
544420328
-1848653867
-367852866
2071703527
2135486763
-1111396639
-1211223274
-1627898790
-1542106779
1405184645
-379623765
644669593
-748585632
1086540788
1235389081
1972086467
588140636
-719453127
1051167485
1207920021
643710770
292192398
2053003959
-1705695526
-699256901
1203714029
-23776400
1181810978
-185474447
194936295
-1756605986
-620078926
-394341801
1509338805
80917062
-1661551686
-1575309546
821069964
877891906
1774833101
1884869992
-1640413643
-1045121852
-2134641011
600074681
-1891938596
2099364186
544262053
266008843
1922141991
1101078451
-1208922628
-1063926759
1513017226
1154692705
-503463386
-1583736641
-1150051367
1657076703
-261272546
-489988712
-352153570
1070277846
-523645390
343913448
-557048148
1844146843
-1067390146
-566078532
-959962252
-676469252
-542983140
-736295344
1835325590
1334303292
2092034138
1779720880
-1592262597
1437551707
2064651821
-501698399
-772253791
2118439577
1032644006
2020054464
-1911380106
-1280899011
659352355
326693100
781124970
883585426
-1138664185
156469217
1005591295
1084038194
-692033363
-1161008347
1241482659
61702022
804872857
-1879165914
429368319
1774215564
738149872
1718845860
279733393
-331758629
-174639318
-2091755956
-990254728
1694047460
-1314914811
1082932645
-1260841586
503931257
-1824347460
-1108255953
-114862405
780771987
-781460872
205703113
-332381816
844841807
-1540337913
1665327443
2036126194
1198459706
733400523
-1299681133
559244672
962238669
1298954740
432261468
595640983
-428607430
2129141233
-831305492
-1315192563
961110633
590616611
-1929980266
1774872571
-634951619
-2038571309
-1345828192
2017236182
-826274278
-794472602
1402527598
-259162176
774478763
404045006
-663613217
-106516197
1972642784
1727131972
-1996845578
-228311969
-1031730890
1279366963
266739900
2059490349
-1573387718
-193086089
-1566461851
1513196452
1743348303
-1338217786
-977616463
826038514
1000712878
-409832338
1301551509
934653229
-1068587090
1421347904
-1561369062
-2092452510
908500549
-879511092
1760432516
1353652462
384191950
224342734
-676748363
-28554996
126536203
584894183
-2052696621
365016495
-1617399442
1540051599
-379012056
1166015378
1839235987
2058480969
-1381914038
798908300
296426513
1341900569
-2081311365
-1167119576
-2013293198
1508895027
-1770522286
774159988
1575065727
530042356
360055450
181758745
-1770431552
1449329685
-829619079
-1602655060
1417795394
1418023197
-860439596
543134274
-977276774
1878001431
-446782222
38432073
1811014442
983466373
-433690785
674306453
1410754722
-872874604
170564626
2008806073
2095015369
-1550827120
323703249
-1991849320
1843069
245876633
508425172
1186428219
891501560
791371671
769947304
-1441743389
604312660
-620200853
-1023414442
1503074658
919804496
95592550
1452472516
1457367462
399595092
1981652222
2085260122
-597203306
1429422514
1492097470
352987880
1945206816
1968537902
609752702
-1654485306
859393426
628769728
270032084
235415612
1734434345
-1591326313
-1675815734
1421945636
490634983
630773601
-1177554736
1771633870
1343146409
-1950803511
-750541580
-660525789
-710274696
259505473
1053531472
308698636
-1336131554
-162808319
-2135676990
1723972884
1754233084
-1956793266
-689503006
-1927941301
-1401613029
-1486544641
-426535888
-2070892691
1060752512
1483701820
1907429261
1157115460
1564647619
-486467447
-593196564
-1356962486
481647842
779875330
448505161
-779504751
40418898
716784104
-1647823911
1954364647
1619368791
277228123
-516409214
-427207884
249797269
-1031999896
-1899431283
-1032941017
1791053797
-2084592058
1907040409
1453625617
622908012
-1230364707
265881298
276778768
1779376106
585408903
-541080477
-822297232
414048591
681153817
1835963432
-302642099
-1321442157
1378639652
361206952
-1207526020
-187310138
1995433591
812127042
1714733483
-278376090
1816104936
-55716187
-158948410
-657944080
1866838611
1621236869
-1603271012
1258121913
-1662597405
-1117110646
497793218
858047997
385407375
-932629876
433971895
1827884088
-1033699865
1581013501
25858888
-2013265228
-1053242352
-361671514
-608293323
-15548573
446835213
-1497773418
2138808597
1975879150
413132095
658334038
417235574
-46783987
901898286
1727615073
-1071808696
512135961
2062276745
-2111813422
-1334068614
2126519518
-1550710421
744793183
754844389
1955991989
-2052641313
-1857941627
782435177
1254271442
369731494
-67427579
-768880299
713653210
-86651337
1733468302
74743052
-1634702663
1054845446
-514898245
-365786908
804854961
888578057
-1328254913
-588682671
196235189
-2101751433
13169246
-515671742
-1248223497
971781074
-769069410
620753354
930844094
-1197234904
1660324798
848096259
-1400312963
480149653
-1899443737
409890350
-1816795871
-1866500341
-571021791
553778463
-1779935318
-983060395
-1521352441
-431993129
-585091075
-379357096
1497758910
1930756978
1092494327
1771961499
-682244573
-889288637
1236889797
1309990410
662076739
119966013
-933737870
-221472010
118501647
1346737300
-703481663
403903840
1487020624
1286263971
-1272275652
1450031479
1886634456
1005257744
236715660
744818782
-1214587398
1816657965
-1335741173
1731693361
-2043497669
454335905
54119575
530215497
-1691954103
795779911
-1519898711
-112302913
-1498407637
-1075638443
-562335835
-1682750417
-741268039
-2043737408
1523433074
1257105598
-1341986993
2056400607
-1555141299
1088362845
-971404867
-531824306
14386394
-2091170738
1970572161
1362151956
1142180476
-569984025
806140215
1825843208
540952293
-1036878955
1009100880
-78510224
526098928
-900613853
814721282
-1179722006
2016077741
-1453275588
-1346215041
-245737841
1505069757
1561986606
-437808023
453098836
1150531552
-2074215440
863018116
1900671156
1298222796
-33573787
1615386540
-1202873717
1061753920
796332258
241299210
-181999291
1984459095
185513453
-1267295614
463087159
1881101345
-1438932408
-1229748881
963169868
-704314001
-550981075
-1312994670
-1523904284
-1988884498
-798977318
1753594694
-1677207304
-924035978
-1759188401
500295161
1417790593
531400612
212449109
1249218519
1326558746
-1437084507
-799527486
1616909767
-307385117
-2088251052
-106130693
-1679693670
-1813664087
1940287367
2138496698
928061569
-1607659453
1750972326
-864148463
-861494336
-159721410
-1229973380
721618607
1679129761
-85952580
-928685999
362659936
-382240086
1246836120
-240798921
1220049626
1098623761
651339726
-1403186524
-592510539
2034545775
-51323110
1066879553
967381179
-656588364
416753886
-1909631488
1540670050
-900487077
739806024
-702900876
1694163606
1554857438
-1472110669
492920924
-1480644166
-1560997782
-805458098
-1781804928
1031447536
-441387306
1060517371
68080832
1639893144
-2038223919
876621689
815980905
-1837890025
-278009765
660230852
705089994
695125465
76657014
-327966789
240570119
1753361560
1469467932
1272898307
-1502982100
-473425187
175739507
1801458731
608798596
-1152765497
-1820423873
-1473318384
855363883
363847690
-794129257
1717338499
1807087330
-179193030
1709532379
-2134945240
2106088738
-2142066359
-928215836
946122144
2115661171
-1620861362
-1634134403
-238873366
620876285
-438373753
-470097390
-1966297082
622417503
-986409823
1422073255
1439077339
-1994096193
1567661110
-1490862325
-1548484006
1481260577
-784727914
-1679495860
-2072835870
-725475076
-448825399
-1076720275
-593878810
951396618
769966548
-355506602
-268650804
-737409697
-228400069
1069125643
-306791656
384973245
-827188793
1260331553
905814473
964080678
-1782809975
829642092
-319327230
1982310321
-540762082
-284717827
-826353683
-317669215
1843120691
-136873397
432354012
1264584115
1056393035
-92876625
607275440
-479790410
99427775
-882754539
-789380226
1844631649
228356358
601657072
-2145439121
-1034949280
1912962870
-1264821394
1316521703
1257864367
-1638198582
1344105453
-280817432
1262005547
-245541723
-1783837012
886698937
1930059366
1054599767
1954375877
1835610050
466417338
525118622
813581402
744466105
-2034991456
-516373970
-661975538
1824177667
-686514878
-1004920140
-1709017673
1316963156
1534413390
1969210904
1230333521
281638808
845170956
-1494285309
928860469
2081973269
-266157902
-690165856
-294205303
1142349264
-1298168330
-628982875
830588154
795269936
-318510619
-1883549036
952005288
622460897
536486387
-565326019
1309331810
-724794629
-116286126
1433465224
-779946989
637916002
-691610745
-1772377231
916048763
936681071
588879929
285606482
-1998100447
-1596842801
641294411
-1945862040
-1975195769
470993323
-88218579
2011871887
10322079
-1891047415
-564028561
573173328
-2074123394
-1413514639
-1165324906
-1221788643
938369103
-1927638829
139875379
1740849626
-1608152695
3412136
295414320
1996495263
756303204
1211784022
-2069554067
-70451012
1677099656
-1431800104
-1332891766
-2000114947
2133787655
168139934
-178155770
99452462
1778776205
-841723215
-1162733175
-434212383
1532842198
301429530
-361898371
-1621053586
-810579617
190170500
-1581096734
1131826746
113564511
283840288
-1076448414
670865468
1876297976
1107279048
-1081392733
1566982845
110311594
841911142
-10724644
-345938082
-1342663673
-596520297
910840234
1404406111
1044487596
-974629494
1602438436
715533085
854028911
966508078
1035462444
-643123236
1537567189
-829348212
-1413098488
387237319
2000865734
-1961995152
133648176
-1085672396
-1885896317
1770294095
-87983767
-1966675413
1127030743
1597773924
-689482734
1534409000
-516130676
1223294235
-1736890947
1412835360
-1042567904
-267691085
-1349708800
-1423922495
1631030457
997755422
-200866163
-1173288706
1659797333
945549099
1452484480
-1911751990
559050821
215420390
-1319660296
1961311266
-558208037
-983407810
-434694168
1706679633
476308578
-543491608
-1194855377
-1132539025
1039061582
855300227
1514087909
2139262250
696198068
-2144883203
-1077829641
786730952
1715547899
1146445876
-414031883
521560172
-1397351212
368074976
1319988010
1200176535
2030599527
-1801589585
-917698323
-1296077583
-151487282
115251377
-1177039306
-721542839
1139960518
-310259210
-2111091085
-1222034214
769231267
-690015372
-601848420
1545761744
524048516
1807013422
694439812
345608970
591842504
1272446867
-1550876558
-1613500640
-669372736
-1143483869
-2075168016
1271742374
-1132884571
612885592
-1456922910
-1804309838
-1321926964
-463281725
476974553
-1662319461
1722620952
1058249332
513523881
-556365821
376141231
1131750559
1842567736
1866369560
-1620841745
574682235
1436591000
-1637650666
1547574947
-1582559635
-1792754344
-1532140785
-985302415
2057484134
103420439
-1433691410
-963545705
2103723912
-1712562599
806887865
1038029526
1127678735
1102635421
-1680558571
498059693
-66708114
-1892152146
974748687
2077314762
-12957000
-1284292295
-250181863
1270149053
1094681409
1237218975
1540718673
-1741392402
-1590633083
1708578828
1639509257
-674380591
1179492935
1476702152
-70592125
20817751
2036924157
-937413683
-167449604
-1745518425
-1380451733
1044252568
-1529338901
930010125
-864579699
381781827
-824522358
-1659185102
2048856761
-1260376109
1139233173
-1311012467
-2140060411
-1685931825
-1637926575
819392537
16824805
-836390127
-1796137265
-917730232
-1511886056
1931788511
-1284400783
-1222631625
-325855547
1945680701
-1404397907
-112442846
2143773664
-1482532740
570244880
1772257561
-1575106350
-1526716394
1970186118
-580522764
336019545
2003302333
41407192
766007427
-329033556
885585329
884328309
270644490
1010010338
-1826806703
-81871500
951861739
1545025683
-1740246283
-1783781159
2022146981
-1534190145
-187101190
1170580502
-747686403
1785205998
1965017117
-1811743019
-1573737095
630708121
-1260615924
759690484
1290558485
202388680
1066356026
-1724952111
1933602097
1789505532
-383045902
-1913683002
491039944
227060302
800862383
2103239671
-224186905
-430278185
782111914
1013069386
1201431643
1128403794
1020915123
-1238194762
-660298324
-1414321664
-213284028
1458094273
1218725194
1392830923
-1719856430
-495306173
1386266630
-512512082
-78620058
1830842991
1091087043
-1646566317
1642256492
231869459
-1169991572
720002301
-495043381
443159070
-1765774552
-1675172184
-903542987
2078110051
-2964276
-1876959379
-1908166977
665307804
-77231471
-809303509
529804979
-2036014928
777072646
626640995
-1662186331
-1994643656
-1593721528
1247282788
1571957700
538457407
-1082211217
-264919641
-533790351
-1787027383
1777908299
-1472257668
-326697195
-756743274
1829152335
1323215333
-631093969
-1551485017
200957389
1251610817
1531573163
-1290600959
-882852253
1948247340
118008698
-743398096
1898355637
-1920966363
-1885792930
-1961334514
1110594651
1632963954
1886749189
734040900
499991069
-1318830144
-289867943
-1235705839
-449349283
628872973
-1246544106
1381788490
74681300
823188042
2073479836
-2042713695
1207911040
250076475
755007494
686502441
-49708323
1206144930
-1048132486
-1016734695
-1509633198
-346350949
1082021826
978515151
125383406
2116497481
-1460087525
-662531560
-1611712429
1753543090
2078928205
1969767598
-1661359118
732139239
10333691
2029842177
1577193848
623494504
58419772
-232733638
-1764764537
48079045
-1699342231
560968572
520686761
158671240
1430534456
-1864711316
-1670968191
-510661038
1535548425
-1535303181
440938563
188248899
1202099328
457960514
-1645502619
1431114655
2066314579
313258774
574289302
-1726459475
817914980
787021629
-1680800017
2104037602
-1975985134
-1338090921
-1523829913
-2048240065
65236427
-1596416031
-554828404
898378487
2114689509
1479875183
2146490480
1942324564
-76230482
1002647864
-803708704
-1097770022
645787841
-1611617833
-1773177380
1820804780
382588570
-1341013424
-781523902
1838306094
-192884371
1260545872
1272879563
-1949372949
1291325746
1332611768
-694250693
1128466105
-437689852
603971164
-949749292
1555157787
-698431317
-1265273081
-48094197
-1342254363
-1069886345
401218498
1644064126
-743834842
1490008655
-925809323
265886244
858336065
-2124116727
-1929702898
-1029392187
-1686024099
308619003
-1331318336
-1246971731
-154936577
313432273
1093340686
-305977700
-1036293388
1496527264
160051945
89703680
39638387
-682724293
-1476379818
127845
-1321211517
-422408763
-1967339916
1545476396
582325914
-1520557689
-1476773699
1652459386
-1035511418
1881308675
-1954394740
-1606089101
767955856
355438409
-852771618
100762024
-1328762914
-86236536
694548828
-1952872499
-587384039
-667529497
-2102113640
-1711566417
-1643818673
1003558805
-917911657
894125156
299959833
-167666914
