970032551
1381031050
1118065671
-1972679801
-1547682777
1389588562
1101490722
126236022
89714577
-2026087082
-416387715
198459565
340151698
265141836
1049424804
1141445160
-166881013
-1361081095
-1666603669
1069497086
757064912
1488043935
1641742677
1061999867
-243419476
-1254209101
-1427939271
2053952619
-1379707224
2019423187
-1617551326
1128997688
437538444
1917730550
1374296439
-875636425
-1329537626
-1865038108
1172030043
-2065750594
-722967351
1260902377
-205282218
-166412679
369626776
-1484837947
-101971916
-2129467523
613758980
-328007194
2038103085
333473949
-1346937582
1351157464
-462153659
977929212
-349336095
2075770620
-1863867147
-52608541
-1834504213
1204054135
-560265205
1436788181
362549131
-393574291
-355427378
-726425377
539362750
75143023
1603490917
170775859
-352143827
2039775537
860673912
-174948617
-628283030
-1123423360
1622338071
-1396435366
-1158985862
1294432370
411261147
-1798734103
-625903981
1582528478
1817427530
1689475103
-312810970
1203878926
1445776255
355287874
-934236642
-1304197709
-1845561590
1048392300
135961194
-694830312
1719186964
-130018073
-1946690887
1342103194
145007559
1666479294
-1798887804
-13535145
725105388
-1000810096
-1928247983
-142678234
-572389931
-1255340889
-210134220
1890700486
-1670354820
54680136
856455577
-1448703655
798517484
1886981196
236664897
-1372882414
1270225375
-1307780625
-1932371318
622456621
324438952
-1108510489
-1867102990
-181138145
1442146131
403438520
1979139805
1868762383
2102827018
1340590406
-1017774954
917803140
797353657
3865003
1297960339
-1188234146
789752821
1078930506
1648855804
1399852810
-1867318247
-1115608284
1429762670
1000351217
-206442062
1695215466
-640804613
-790108624
-1425376740
932240210
547816053
-1540801394
919619692
979909933
446425324
1720182954
-1171402096
2069524409
122681460
1127548788
1348631733
1409887155
-727547093
373575902
-185755928
-280109392
1941533049
2041248978
-1229385473
-29942995
1175188121
-15498394
-572454726
1491367396
88682840
-802116531
-1511811548
1521640545
-194047715
-1158831728
-187270593
1445785811
-350144728
-1166018178
-1309240353
-849783001
-1768889314
-449057823
-725664042
-883695790
-1857396284
1213867634
670433617
-29325074
759499019
1507980429
-604427391
157441032
-1243667380
-320754136
392580477
269906743
-901828141
-666197503
-1760057498
548213489
1076382369
342159126
1556477899
-353607143
-874008211
-115146406
1217285199
-424831013
-1075982868
2011407781
192002185
-1531006276
1703221330
-793974549
299833131
-1270870804
1325250839
-52873552
599079269
576086494
592240894
718498491
1965959307
-964749030
-1393877678
1997916681
-1744151052
73263697
-1171444622
158013188
542971173
2042113713
-842590576
-776981259
1120476207
-708611205
-614363467
-263713098
890226261
1261576657
-986324985
-77941589
-1815485199
969035732
-198907058
-1777080847
-1958942057
-1413476626
-402523980
1906604248
1807522938
-1993487509
-1173200436
-1005758833
-1104415218
844796238
1011832789
1844575773
-784981265
-405321118
621234750
-1977892200
771928832
-1422308978
-732909203
-2043266928
-373920553
1546237805
-6798917
1876985547
-2109447592
-718883810
2075183811
179736119
-416732257
-598457768
-2023012644
-156230372
-1545311197
1544048576
874634979
-1989959280
1755514391
-1784779138
-1358371267
-1818423504
-1748066285
-992668659
1506087707
-1500451828
593322227
-339775150
1928754944
1140766947
486999551
-1938540560
-329516161
-367712113
-2026719412
-816652070
1546348361
35510978
1942175329
-1338095575
1719021415
924683762
2015200028
331657774
-1171023677
-1427047279
1025471190
874155467
-1072894484
1681774977
612087237
1582204926
1469107481
1494392775
-179251550
-9255746
-1237396882
-796448386
1981333643
551571722
1798120062
-732216819
611825450
-1753800130
907909392
-508581988
-1707070187
-720488793
1374724134
2026450883
74652791
-764630182
-725617862
244646788
-1554332176
1415437121
734778058
-492820869
72874426
-1660953738
-1828099049
2023996755
1423462156
-1131616045
-808879832
-1058355332
1148054978
1339398857
-941990635
502087706
-1066938819
-945098896
-1426505599
1791482432
-539782265
-522943264
-275123609
1559678045
2042651579
-517958722
105222426
925720310
-1691589981
1893760793
1280065414
-628411755
-864243038
-1979839114
-544838981
571175169
1509564372
1409457961
-1247386708
-652649042
-1916085901
-802490906
-94154445
-50792074
-1903960708
-1221107305
-1261257129
-1201033847
-638387566
-1252956561
232147153
1154757026
-1301509087
1952264254
198652876
-1548476037
1274434757
1671325446
-77470995
-1191119485
-1201988883
2046638287
349143442
1801540301
63499195
-139350857
-850634147
-64035254
1364600878
1776849740
-110255373
654327610
501727363
2018945053
-781074432
-640590625
-759873065
-1226590066
-1619901058
-2093292684
357407249
1306584044
-2038483145
1186147420
-2083932674
-1764079423
1259294088
-1898732130
-418882116
742765416
967393894
-699386735
480310108
-1806360093
1684433574
1895141331
-1259276349
-330485525
590290808
702465151
1233287632
1730987592
-2120893388
-1302242658
323474371
1098157155
-2009254823
-785199907
420174556
28447512
-754678319
-1438562432
590865730
-1822709295
-385840263
820306583
1426672166
1824999120
1407316961
783141742
444743720
-2099769397
-1979883441
1147605321
-394838535
581130173
-1391988726
-533919408
-556515007
-871946758
-1208304684
2112978376
-1623351358
356096644
-1934359113
1186405507
-376813892
1207550877
-32169724
-1720657767
-1097331565
1920972957
1372083864
2114532184
-1092552529
-908915195
634014049
-220159880
792896931
-2046036269
1300668192
1582397843
-505994864
1953802007
1091563888
-742705965
886108363
-859452474
-1963504890
-444738836
1413617341
-284021811
784839993
912898125
-137344758
1822606953
-9528892
615998865
1624682741
-1874459979
35781835
-1310866629
2056773379
-945175420
1138873115
483718307
-1557605155
813791856
1975646390
-1698765270
-353875590
-826902222
2063502221
-1009907020
-1864835
-705546188
464825999
-355074985
-1531140645
230114148
-734660382
-461835185
-2051298624
-717818293
1267537263
715148853
-1527822157
677336157
808343204
-1457681808
-35713545
1400738450
-399031692
1815380971
-1668022732
-1551423947
-951297374
1755761928
1222794839
1340370171
-145447617
1642293203
1344920246
1689600598
1464252785
-1115861637
-2089849994
2067338763
-1405922187
-1103202051
1879481136
1183406082
1224063718
72640801
1412830162
778980700
-122525122
1450069418
-1583508029
2114167498
1943068317
544494536
-1293828790
-1050456036
-291147575
-217922095
58997296
1373806872
-1597206410
-901058000
-300589661
1557559181
1015602886
1453788573
274080348
-762242393
-1299583726
-1135770482
-1263529212
597501827
-661019670
-983339028
1725608659
-698452219
1695192666
-915070710
1826376826
947588329
2107753839
1112996050
-1475458237
2063295512
-346384391
1205861952
833323637
-1221415876
-183760239
-854398956
1307641596
-764097386
1306680285
1096912323
1715502921
816398350
1242609938
587330478
406654327
791092875
1347595962
-1962187115
-339069010
-1690835068
-368221770
-326804914
1852207820
-1218190889
-765668218
1006174129
-1378798783
-242998055
1717157064
-927873578
-528046022
-2034000211
313044222
-85443966
1721337089
-344347687
69965460
1574305245
-1022002013
-1470229482
-138745824
1097383273
865817554
1447002215
-2024027157
1882548783
-1148080883
-1570587028
-2034414929
44834362
-799804675
-1857919753
-1390520670
60843337
-159709918
550219231
-61144397
457235647
334596782
-1615947500
-1677759982
-1210818850
-1455419472
-1977307917
-1876751370
-1908265676
-1667542923
250800092
649568154
-489828780
1963022123
-291457280
-954030969
-607743287
1767395270
-1406728577
531182361
1735783751
961295910
-822624591
1588187451
-1416148444
-2116631943
-1552989501
588795764
-363433466
-399558690
-1379482490
1147925031
-1636138020
-1315571382
767000963
779119382
-784555503
-146143057
996949330
-982620377
1469738751
-902507430
1650429227
321434731
1844892833
465237660
832227517
427246683
-1227680883
-689517652
464696382
1410960996
-812298976
420217291
-1591986237
-1259465052
-873399046
693209001
507819984
1146428662
-119990868
-1920893689
-1988173005
1465956396
1110095024
777324957
-594671091
1322574234
-1514495591
-798212547
262623792
-1591855909
-497087350
-2021628873
1096899760
646866895
1563574252
694247167
-1920978764
379174626
1373780315
-63634419
-451641460
1052836244
1202478560
-512127740
37918216
-595086540
1659092325
1941604374
-227111161
1401852910
634624357
-235279706
537959246
602320392
582427362
1338321454
-907185510
-80645272
-828726372
1577615202
1356612087
828813145
1367967359
758167445
575974226
811683982
-827329700
-1756481444
-1848333747
669011814
374206940
1190271344
7828050
-2034682767
516245424
-1482131240
-237790742
1104020274
-1863678451
1971416391
1598039887
1110478118
1767176791
1011628738
-729460161
-235310843
1676703260
188657029
-873001198
-621196729
63906371
419217191
-649808113
2010043625
1852363140
-1668093444
-1960156678
-1890252432
-1839692261
-331886918
1776665841
-804752083
-1249894729
416288862
337226359
-2060234045
1216700088
-143029680
-2098702383
-1901844762
-317012582
1997620421
-776047728
-1515526811
-591795797
-2131113116
1003307375
458547817
630999556
-1600271829
567035742
-861924354
-1894069322
-1903881068
-209211426
-35493933
-462727614
814775027
2067922319
522858813
406274895
-78441951
-901454841
1680405377
1409062294
382062942
2137414116
1535773778
-287888608
-1795380621
1057241124
-810876264
1198415539
710049815
2034891443
-1111261838
395758729
-1913413997
1555658309
-454613122
-2063651261
1040489128
2032703333
-1540619689
-1673887203
1042135728
-537690418
-1427902881
703132001
1471237634
-901542151
2004904637
-605804000
-596273509
591478519
631493033
23797792
1095837945
-82852224
2052297958
546597136
-1764563382
1842280267
443760272
1477289986
-919800634
282122143
199768599
1235336217
792484440
1962267177
-113071733
728147585
-1398989437
-923037936
-1698182375
-435201121
275058819
2125974086
1518252757
-1779633271
1461562034
-67519711
-72852295
-856822344
-1657301971
-1738415831
1025006317
-39748612
1438173111
1311328819
427009096
489687215
1502637789
-1043421778
883902230
-610702291
-1660298151
1563474236
-75430885
-1852013181
1821001915
-1023210876
68163032
-374134171
-2040842939
-2130521530
-279664628
1086890597
-419587817
-1625322321
-1267154051
587211106
-1231012725
153860846
997569015
876868926
722855650
1021291014
374677140
1252874963
-129088993
-1740549403
556627518
-1117770202
-870409933
-366893130
-1134211982
-1670059555
1867895897
-527375758
457295942
289319406
1072256963
-718231363
-293577300
-522050151
1958652022
-1906042641
939284216
-2129800041
-982516879
1942688880
-983240033
1592963987
-710405356
-1653122232
621877569
-1767875623
-158069056
354372853
-1656098840
199123533
665850042
-1334091137
70634130
2026385821
-1793204652
-1992772150
1361134316
-384838726
1661132366
1119627818
1736210272
1042243203
1163729273
-577304004
1019131473
-1214777405
-124444259
-1253626125
-456975963
1076405341
319619740
-1410726927
-665528701
128341701
692756950
1244331287
-2016787107
334622898
-815910961
1563119967
-604379600
835726353
2030800911
430575336
180675850
-2002608324
-1857561783
277929042
1042735820
-147828629
-1224056897
-293930165
628295217
-274756502
-477969436
-1961795478
207788302
1554642060
985411394
-1083182021
1931064795
-47253537
1976540574
-1317711462
294308209
-724030560
-1555709863
773821764
1743383829
-1010419983
2037060120
-1808919894
2037210292
-210483767
-1654718297
191431176
-1901556368
-1486145749
718360858
23952310
631482459
-1271072102
-235986379
1676498110
-810979967
-1445736245
1832071437
-415780690
870433579
-693607524
1709392878
-2597714
-764447390
455928133
-968958081
-1939257388
1244391858
-286603572
-1040078300
-1835881290
-1551643857
-1900845634
2065572259
-856965056
-1717308739
-1810091749
-1346664695
272038344
-1470754933
-309793391
164373710
311576671
752931807
-2105089811
-163622089
-1075525270
-1825068520
-1519485746
-1138434309
-1185360784
50476529
-1603764069
156087849
-1421184972
2042897922
1011795638
-1672478904
-352353018
-1393419892
-1833946895
-913113409
-50306987
1749589621
79849536
-1536594313
-1019454071
-1635349615
-159161424
-863556674
-1198536689
-855885022
1257761432
-1651941522
-1157805387
695560610
1670612493
-2146007986
-130121673
-568607553
346658202
-997331017
-294356712
608974502
311327536
76857466
-2047194442
-1371924092
2047545947
-179808255
-823592040
-1814167735
1647568566
-1514356301
905797898
-94885458
-1327964767
-823153507
914735596
1238978169
2094614320
1908333390
-486124859
-577412097
502499942
-17093119
-1583292642
1333277162
258400418
-1952470271
1295856653
2123082300
623957081
-1580848823
-2043338737
528240275
1511487237
2087289194
1713380379
2057840046
-95649188
1923049649
1602744819
652805423
-494610235
-185443704
-988744772
1276326818
1763907847
1462121500
154507473
-1070750019
-1244972733
674784832
425628627
653877737
1721785636
-1407786608
1914549764
-525223679
2026724180
613884121
1877160917
-750290088
1057728049
-1679231560
-2065031492
-51033344
2078510016
1482095488
194127947
-668228535
1637613793
-1310665631
1630143102
1001871752
-1501598780
-1134979899
1636757844
-420640999
478028187
-831061763
-1522835040
-321633370
1452182416
-169574116
-2102945504
-756051800
397813497
-1674121437
-1770204210
1557024557
1051055306
516727646
-582196618
-1930740516
8858699
-1502125300
1786879624
-1976419018
-448805622
-914090683
-866203857
-2017823970
-1572164590
1032741400
-784196703
-162926950
-1500022692
1154260979
-663632200
-1522535717
-1662930299
1717744455
629305282
-959506310
32146369
420529260
-363494252
1245761540
69853199
763162561
1441370341
-1299183432
-1976852562
933581847
-284674344
-2143223922
1998601166
-671472817
-1367171878
-1086817669
158343819
1517656385
-1771674450
481620979
-1466182122
-1761477409
664960965
-1431274833
1168263988
-1596190823
-415992622
-1122350672
-422954260
-1801285885
-999560546
-154968958
1547852668
-1935037259
1549503512
130646981
-371739508
1798545523
-664036945
-234832407
-633306458
547207308
544455652
160618552
359488996
1520667782
-1056511206
-989225959
-1942382614
131085819
-973766480
-1200092014
1676608790
-649088067
-1128872623
2142992398
-2103401226
1540414272
-1951625078
-1676320160
1705172474
1883929657
256429468
1575717639
-325107606
-713254270
-700057197
1552651187
422380697
758178368
-1885278570
-6026489
1001830491
-221529529
152277121
-2130911327
-435630157
1441896636
280309424
487948118
2037124305
-501580293
1365159709
-152099135
-1393953990
1965537723
-725756243
1387144447
-678905272
-777101712
1222918854
337975219
-1255181611
1206585072
1590945828
-32939184
1253725235
-1736846759
-1923863827
-1530893418
970089566
-1875396048
-2072517630
-928427940
1855647604
-1956600115
-1947342953
1069494928
2071626340
1364190711
-1782914811
1772897660
158096614
-1199642678
-913008674
-1943654326
-2002612566
-2051512863
-805047742
1542489034
1158689748
-1338746704
-520861584
1500137585
1609991334
-256680143
346807711
-1034426204
436644990
2046196930
1234342414
1844116278
-1403675645
1197101389
166273626
2015212079
2021542555
1361784745
-1142650866
-1232080433
488774431
-1883654593
1640386432
1466979282
1925076946
1284361712
-1346111782
316381940
1221130638
1049637686
1878646
348215991
192294463
551611785
64877167
1359271778
447435413
1318279427
499983732
-1451400627
1371230965
-974215610
1442100447
233420380
148088752
1180431517
1420928518
756947144
599810166
-484873631
-183579441
351093285
-1323240692
-463736931
-1258251383
667440031
1217315133
-1895862540
-1611817990
-1944953721
147950093
-226508606
-1575164492
-571984882
-1873987020
468886658
1936008620
-1327125681
-57159734
-1789039505
973867788
-797090926
1373455678
1632059245
-2056311481
721982670
983742348
1158878504
2014101358
-1308020625
-338084946
800772221
-1424775998
24071258
-482076845
-2143871975
403159689
1548825133
-432189234
1702227295
-796890331
262401739
136235601
863752591
2111102561
-412656105
-247112614
1684695331
468343566
1889578750
889627500
-1024936580
-2003915314
-559242309
1162441986
-2079318850
-854480593
-1257041322
-1191432256
-1681176585
1198396155
-1263441556
-693937429
1975664518
1820562125
-484819658
149834011
952199610
-85428761
55582915
1743172143
2034192313
1727224899
768757640
1630238848
-1954591582
-1442176281
-651302118
-1007284904
-1391621386
-1572561027
188666169
-1112725339
-768412621
-649658078
1385778704
1354680297
-1127876927
-215946627
-815386950
1554425972
-123255278
-1657038572
-7407608
-1163546411
-1383597820
-1691177510
1001407873
1107426701
-947344759
1494772491
623154345
-1343322874
-1894285175
559905596
-2116419450
-1649113405
1315781894
-172911187
-1127632545
-2102904361
1718074753
-426011679
303039686
-1978306917
662867100
1131203696
806400473
250091419
-1131124224
-751778021
738356676
1386212816
1845685376
-2037932511
871486601
1918739476
-611605890
1502781648
-1828480509
1456168402
-2100013939
-495973538
-759544025
-108438276
-404074921
-719722503
-175896691
-1478288574
83022273
1982426396
-1474737362
639648384
-1244850100
-62821085
-1870839697
-1274529673
-1249343810
-2131252447
-1895994786
-647614017
1821898496
-1220663055
1469962042
-1413021700
1507146826
-741686646
-2060207304
2089357135
-873052804
755804823
1934128004
-756398321
256344527
690265159
1425749381
2017903033
714435500
1112397409
901246565
-1737060316
-261530149
-1166855270
-1459743024
1818754040
358356704
378336298
-1059422469
620166497
1535282849
-1894183780
-1956423961
1591334910
-870317492
1170804197
1991636710
159781663
-1508746633
-1902249288
-185979810
-1989131984
-1222881400
-715416040
-161018164
-583251345
-1971130282
1422014254
-46030581
-2070204699
1454010128
-1130983844
-670186794
-504466542
666392669
594397073
1913534091
1285074666
486512837
-357333537
-1841774799
1013311616
-61017010
330708042
374315708
99467265
401658986
-2064742431
-207496049
-411267229
-502427632
-730558701
-1877447615
1966079069
1325371944
-656022982
1682812067
1288088857
-1362689493
-635057796
382340866
-714468313
1076941578
681143251
-1319102808
1488226229
-852009905
-519087255
1212584105
396695549
-193928830
111350568
2134377435
-212477699
-824923187
132266385
667589925
-1654615187
-1165649438
1921170637
-1650189316
36245742
-1260697060
-1772741631
761365291
788756351
-1244577052
1175941606
1648529874
2057332788
1872084310
-1200155496
2032486576
1183831336
342357539
-828383571
-581042268
-1740193101
-577754952
345994632
-1313026192
-970758184
-298215265
-1663295249
903435200
-55680511
1721322789
660080603
-775288470
-653332499
-2058198211
-1322588529
-1191392009
1519609833
682826148
-1114074644
742014306
227433789
-579601595
700177410
859178783
1356605673
-1890268194
-1155355158
1001020254
-1402222191
1737038562
-2110690606
-149088368
1164005044
396402849
-1745817512
1699832106
-216579292
-877278810
1162594332
-1873757784
1655163570
-160492449
-1527488880
-1272787244
469591848
-1291442941
-898149615
2147191623
1459001467
1330754479
899298619
-1256510672
270978113
-805455662
978862968
-1995155117
376590432
-1376814133
1087635162
166238292
879377672
1267296208
-1632786389
44792886
-1389852190
2103233297
-375653823
-77498339
62636681
706077724
858109333
1591166043
557125176
1263591811
-1540370154
1367023785
258113221
852277179
-2046991301
-1794017612
-2140480818
-1084559033
1518050902
-88956709
-1927325903
1631182100
948264752
1729616183
2016080833
1350090535
124732625
-1726376741
-762417355
-270801035
1491485342
-2019438756
1095960163
-307178735
-1103620695
-545715565
-62033233
-1738490996
1606298180
-2105735519
1030609853
9582744
-140982569
-985893325
-2035240851
-1131358226
-713977869
-438095098
1569692424
1790693233
1289337254
-65620307
-854522698
-919917165
-2075559408
-1793401967
1317526579
1640836087
2097910070
-1097651655
1006408642
1244891224
-440862186
1555379916
1901300321
1466107816
-1231677190
50647763
-2116791235
-696940676
711195409
-654633150
-638019992
1828798886
-1538426053
1518701240
815819208
775824931
-708747229
2136664069
-365594286
1309437751
-1433942126
1207388397
321212280
-1483877418
1735553794
602519851
-1599174945
-1405813690
367839602
-1489406536
-293350827
1212488961
-173432200
-1538696116
1619202050
83221471
-1158009188
-788246747
-1997677604
-1123163276
-314928926
2038796550
-931900064
-922171210
-1435107928
-2078515838
-1791357826
-1308416285
1697477298
-759545479
738740692
2029131169
743005315
1087371235
-1839192545
-262578842
-1796227858
-2104176948
1683105006
-872018406
662546155
-1343170401
-987216232
176774137
92021678
2046979494
-112540305
-2121668930
2069222645
-491011631
831975989
1321193213
118745249
-1029860683
400745422
231882192
-1833029240
-1251986985
-522195401
764625589
-832341623
-341020885
1681462454
-276747338
-1467195169
1645881303
-806753454
1094892490
1563188922
-1530757828
2057149318
457565051
-934693109
1594882101
-1716715471
-1476468792
63863199
-782820191
-582087473
-1765809332
-1803428241
-177852130
1341518830
1912581535
-632646859
-1193066728
538099930
224900347
1087360578
-1673818367
-61319014
2053686818
144194190
391652577
1579685408
-459325825
-81587951
108986641
-229018181
540951691
392754000
-1174329022
1780319183
374055538
888625978
-19808828
1931346632
-85186827
-877480908
86155013
-1298891700
-476401518
-629640847
-1595447465
572830127
-735951135
1083946375
921156853
-1979113557
1138091584
-1966317761
1008091207
1909950800
-418979406
211914668
2087819876
1527692857
-849019132
1375599998
789147609
2113802240
-1560170191
1075161495
-166118488
1437215475
-1184754425
977389790
1489458835
-1051048441
-157182967
-196544685
-1741246823
1303633420
-1939779177
1200556132
1333654209
-1292210142
1969145420
-201258882
1845442325
-714348693
-514970201
365380582
1774671089
-1626754559
-2126796308
-1089444152
608996221
447328554
-847232436
1592134288
-883415945
-30836534
-7987389
-869514120
-362864331
-1336831464
1466542401
603130209
306852842
631092628
104557964
1968798438
-1494382297
955920440
-2088702620
279998894
-160094811
1775626221
1573960551
1821038850
940760129
-622087360
-1924625610
-146821217
679944263
-1273169835
-1453189287
-280313396
-185714702
-2132621541
-57278113
-298422099
47158067
460972737
-2054549431
831134425
-268088655
776040040
1769632040
-1327629781
703466257
1208693017
-194781691
-1594979627
-1984171914
412591352
-345059584
1586941882
265754187
1197950394
-75884101
-1288042501
-1166876865
-877800877
1655022328
-1684362798
1742813585
-3443212
1856243328
-341461345
471819149
1484459060
77879622
1654045760
-20188075
-1625033588
-2129434164
-1538648155
594423012
1924213001
-679075130
-1948758878
368235856
976653372
-602606596
-236026105
683878991
1808310900
294282612
738564333
1428070139
1333406255
-1455081265
-1445328302
-643270951
766920652
-1529824013
1906118120
-1566147561
140851333
876361706
712994601
1803441684
-1296777059
-1721464055
-1783312978
-1244445658
-482555691
-2047773356
153008577
1887322262
-87302364
972691489
-910916048
62312431
-424767834
-1571118598
800449380
-2140995464
721404627
-2113977401
-922511439
-1159111170
-1614829068
-553200596
1205528814
-28844586
1431423699
-1377712848
-622490808
-555808991
-237354574
532172830
-2007422637
630250321
1677547645
1219296175
-1644242591
935805676
805563970
-1539383192
481039383
804127376
-979738144
-1805562047
-331612100
-1205306314
226948094
2031402631
1722886100
-691289926
-1022372801
-1264115454
-2095781267
766096794
-1281864269
-1971319974
1277903032
-1430105347
-612383088
-1782625354
-513366694
-1900265993
-1329297631
-801450075
-1695467772
-1143586037
496466941
601044033
-111319104
-82348816
-2043844740
98811025
1340198286
-711199848
955070055
151415343
-366417873
-1858560147
1306684398
-356973526
905375808
579878109
-313141026
-756295635
-227212407
-1890005992
1423839763
291529184
-468565354
1647843608
-1856218582
306218126
836809607
-762656799
-1972243845
-558023929
-1721958876
-36085494
-1538980026
-1039277625
-1662167756
-1426906501
1445702443
1964474199
-648732402
803117175
-1018784289
93695730
-1138737296
676086492
-1132684772
-283831956
-236852081
574081705
-454883623
380201039
1817225582
1982368705
-1179752517
2085076807
-955665550
1615492846
1888114890
273631167
-614735562
-1683714008
1643012455
-1487811893
1495464092
960662806
-1544484227
467064136
1773785636
-159688748
-1535532041
1273168449
2073746816
-1210680842
-1161532047
1757349780
-290727065
363770828
-2026629583
-1995413292
464183465
-1529855001
2024196184
1108341873
436205187
741712604
1328821076
1254649622
1201138740
-1578256569
144525720
-2046160558
1403137487
811779602
1376626063
-614089863
-531319725
-890658058
-1604728371
-1085471796
-2039061768
-520821438
451195015
1285718743
-2136906293
1925194971
-116761019
551027226
-1187748484
1426293635
630483925
1835954411
-1375558538
-2088761763
2056829826
-1333410918
893409584
1882817456
-1317941882
1885937878
-651568702
-1086641941
-377264196
-35258034
1085893819
-1861231384
343245977
1560487323
212390705
-1595407756
-2101691043
-577337764
507043864
318398223
-2032753787
-477650270
1779085527
-465163793
-1272201853
-1015164786
435903256
-893876405
-1772086608
848327737
-1096014881
-870845483
199406209
-2138488621
-378629154
2000446599
1342898937
-89724914
-1964180218
373497506
-1964006818
1523637180
-2023930527
1037667315
-1247299537
-485292618
-812315874
766152536
1148621140
-1321035264
70481389
-1397875326
1151320983
1360750378
-695842419
-1848435205
345347154
-1640544008
1997868450
1786239082
706385514
-1992842939
-183083317
-1666878955
1175106427
1452473123
1505803508
-1354285144
1074730068
-537445305
-139891992
-958468300
818125989
1431505060
511259433
-574435719
369880567
-425771947
2137531907
1275310440
918627803
-1112825921
-1133599522
418135266
398510950
1036007926
472600276
-1763468858
133734364
-1072241312
1147314819
2124010538
1519535786
-28898665
1442212131
805595879
-1055065959
955753875
1283473114
-1021979813
-1161644480
2009725192
714853454
-8194711
1283042746
833721357
664962428
1184228292
-1208367207
1494519294
-1117519416
-1807920019
1732874010
1733893282
1770209620
1635556729
-264967783
909371535
399668116
-900187625
-785166009
2086454220
780931873
-1869145135
795510553
-981096776
-471766322
-1687073774
1993732099
80353067
-79439879
1590206951
-915795610
462118362
-112239070
454070281
-611393338
789589503
-862822463
1708543771
1522719423
-1551588551
1893175379
-1574246353
-1578887879
1700903344
525628341
-2075860082
482066650
-1861114756
-1318060362
-188244040
-717500996
-434592185
1257909479
1920636073
-1348098209
224415792
-1796825164
-1122302114
-2100544543
-71480590
-2010539337
899084694
-1642937748
1889930821
1383592267
262676957
1122825454
798173828
1637857632
-1967990843
-490950385
1860700303
1463342990
-868523914
-1892404128
-1949481998
449427563
1232762729
1780705231
1028916038
-1787966687
-1747947664
621407843
-993266985
-858746566
-380409863
-533796060
1537983878
489248701
-608890222
1067102810
-351903759
-1743721089
-931083089
425581050
-612036144
30141106
-1367666261
659840349
427917730
1295605185
-1862825716
239781939
-1251987832
-1455492768
-880069365
1884724406
1861659759
1586028510
450135378
-1349359326
-103350667
-1559935043
-966045177
1149321315
-2113162363
-1092110972
2024211209
-815494640
1936107843
242939602
1997105016
1091198360
1799264559
-1848341834
1845559675
-45491014
-1684679676
1759396670
882756156
-1027194566
1902563169
878701645
1828696631
2011730385
-1669764693
1425804209
-722050636
-141872540
1609435184
883953268
1539177873
1204929401
1977217936
-1885767822
-1908607931
-1369766682
-1876781480
1120330540
-823978207
765571018
1132167663
-856361766
-913669161
-1422099519
-1186636363
42238150
448733760
1291633490
273294440
-1392998441
-1395017127
921598892
-1389014070
-333457301
-1733826930
1697870738
-1737690496
1291282538
-1557502405
-1109455470
1104842813
361741463
-1031302033
-141104772
-629038049
1058074921
1911031538
-1794100974
-911020712
-727828582
1389336968
-221742084
1585625617
-661463618
2061855095
1725202174
-1474152310
-1499450858
1799456071
1502476908
-1491454331
-638264987
-1568713528
1552784348
-1066929436
-1341429372
-515900071
-487274723
1482876305
1816616306
-239581594
-707364248
-1201888867
1935980207
848937522
-1060257323
1029322155
1362091977
1952399062
1623420432
1247325839
339780662
1375781768
-1865678260
2072289329
-338931356
60005920
-1306391178
736549047
-1739565810
1855931608
-70229330
-226057757
2048388305
-1523052461
-1880955662
1629762744
498383615
377295328
-1372857828
-72072349
1873499313
-383350273
-82380530
787463513
-351134430
-1750678749
585279274
2077831612
1676804667
892818617
1781209352
1078686722
-1826754967
1346966121
859458146
2142987992
1865352118
1097673627
-1890909869
-40824509
580973591
-1305329860
2065453248
1780113929
585829122
500721601
-99201514
-2040773298
1965538372
443253611
1779953205
271380609
-2086286320
-66896692
-552518229
961316984
1507550298
1104975754
1208772645
-2128423
-1964725403
-1644624541
1920680737
922778556
658288539
-131381391
-1949937688
-1856691058
-1040663396
-1120231506
-1888130885
-672343752
-1178899048
239670969
-1592160948
1399641727
1997934817
-198059559
-677215633
-1628375891
-1637601093
-765397694
-1555941103
-649218703
-409578122
-1258951017
313208936
-859124733
1478382782
1125581744
-1617541268
-314866805
2072035889
-1603071588
1481617797
1523361731
1127503154
743204841
-1412300155
-1288317990
-676243460
558304290
2062648791
-847885413
-1742703622
-1277611624
2055820537
1411629774
490303317
-2048595611
1002365223
30652126
1943515085
2028883630
528999512
1619934907
634623691
-170806489
216657261
-758942463
-1727198537
1292996571
1697250216
942334041
-293289593
-2046018003
-1986667174
898006559
-752410472
-1176126183
1794655712
1773753157
-1429944896
1626474175
1449381583
926656374
-2132669021
-80692702
1158699118
754273918
734538566
1848843564
-792101532
388539368
-774396703
-791561483
-81523278
-828433176
1623542264
665264708
-828652318
-1812818821
-1352141140
-1868986283
-1793478784
618444236
-1236354994
1343575004
-1300827191
1680353497
515647284
741790793
-627641950
-394959530
69011920
289515854
1156509131
-1128312879
652055805
1940430494
167820372
497681686
-1981686372
-1630470154
363929167
-1167558700
-350531745
-1192711840
314164934
-1918122880
889076964
-606709834
-1560134929
2094620537
-1221075707
499121509
-844496482
-1342996116
171329902
-1457840269
692180474
-982419975
806965871
1089961666
1180225907
1224454294
398212114
1920242069
-950157069
-187053133
-1191856016
-1269395117
1713641811
1914623519
-986926272
1236803723
-1738588400
1434620586
1647690416
-1591620296
979244350
-1264808438
-1336520329
1579217733
2105280444
-1155518718
1686623786
1158398802
-1654913880
1611080896
-2031703089
-415731272
-1756030699
-1584801914
1071472559
2110378442
1103078651
1251721101
1985382512
-1433149090
-666019218
530302501
323779170
1841236107
-24806381
-1203301088
-592483047
469307827
-1390276914
889124976
-1475353029
1617894851
-1046351168
995669519
-570131046
-1212409671
1949243248
871923742
-148943228
2041279078
-1103675577
2549073
1673046618
-1620566155
1594426945
1252156297
-1508253601
1722558123
1118707681
455409858
-739496239
-1325056401
1700200550
2033192495
360526141
1015496333
574317883
523139490
-2136252401
1234004534
588673203
-1793044175
526546280
-340273589
-996389643
2013814038
1740163892
-1553829926
-676165068
1400828887
-1824782726
883386088
-1106007005
-1017418586
1561109493
1238827376
1050253992
-1231563767
-800245276
-714401109
1223813583
-1465334083
593724190
1797051026
-1522914047
-1514301736
-1646885016
-1121504864
422693236
2130386733
1198945546
-366361380
1972501477
-402265869
-2060451936
1841985046
-906754683
1700169640
-877242323
-228187024
1740158000
891113266
2135691893
1494466848
-1813792284
1361627208
-744191093
2000024691
-1341094032
-1852537073
-1134778968
-233599212
315465323
-63158265
-2027754178
2041531278
-888762777
-1236699352
-1449886900
1620812814
-1611394713
-1980791480
1465198835
655343725
-91423859
-724717633
507439177
1078902894
770306583
833822284
-1477618067
-490543549
616111500
-1528005830
-962077989
-1723701930
-1577170126
990931390
-1593972735
386652485
-2043727422
1236434595
2022584594
1281665325
1585630558
498769704
-1767184103
933485354
-1773795646
1184426536
437935952
-2112349154
276240826
-1502834821
89427122
-1176502350
-1911787821
1874213276
697525966
1169669274
-631055275
-1751847541
-1709896739
-433067748
1050313327
2048296181
-1051976682
1559559122
-1519864140
1527981713
548131905
1325896877
1180218054
-1818402612
679656842
-1774071234
-1193543088
8833703
2033190551
1770403632
1076276281
873680608
-1624450596
1035527192
-1209847019
-235698865
-383498963
1013721457
