1355520373
801795155
1431194335
2009978422
-877370784
-2043162683
-399901173
1885989396
-1365112151
-1362973938
-776531840
-1946367214
-1749385091
1532222496
1530621199
27290252
169652742
-376145273
-1623850719
-1078039798
37463351
1170279902
-1423367136
-1336803880
-814954551
-1546307707
463048982
-1812888107
-222512256
-698629232
986764946
-1454435445
-1701961038
-1636150015
1786536146
440143488
1220161801
378478906
-1506770402
-1154637877
-299694969
1932160684
-1150739087
67416553
925108938
-594228524
-786966689
1370855889
1481438865
1622027112
-1888882382
-711410363
-1768420994
-1325306163
-1771163051
166644330
1108653597
-22351925
-1981447179
-659008358
1644944932
879239299
1074733797
-1280710023
-432852740
-1441701729
854297537
-687670970
-1780912513
1126073035
763331926
-1767960205
-196242941
2129245541
-212669119
2046713974
-178312809
208388720
-704828715
-1166314527
905338252
-546841907
2102094913
1806801328
-811176906
-240361300
-1599401486
-1032293919
587570675
-613325505
-968561610
-133266102
-1212025492
1228197296
-472109279
-1504315994
-1290133477
1191138133
-1320271692
-56386832
1238788876
268227362
-1161902790
869409268
-497696793
-251289506
-1957851659
1766850594
-2113999315
744345242
1189760506
-856141660
1336329408
936027869
-2068563623
1911811763
-562053207
594394148
1636954752
1222730022
321932821
718820105
1720740320
-698913973
-2097613663
163647681
-1235381296
901732090
1805897687
-2047793845
-618784590
1388399590
-695518473
127755493
-1070898349
-61978570
698195705
330499266
-1002851945
1626902099
-1558139438
-1642758
641469269
-1912300541
-799633930
1909580226
1146504064
-290849097
-1874085346
-934097444
-2037684346
1486657824
993827146
-1005311920
1356415228
-1821626873
-261221623
-391634084
-799552134
852575326
944022520
-1636105560
-553791293
500938897
991540871
102366909
-266738391
-681013471
-284736509
1379953592
-22958545
76143732
1004405199
-150726854
-1267789457
1290065382
486186741
-728428126
-2137155138
1689739299
-252520995
-90941826
-2118621043
1232580279
660297307
-1454897090
411785618
-1105868570
1366543342
-1221905622
-1603257178
1007683512
-1013545914
-1765651563
1142639088
-2012683944
-1222804986
1904008018
-1334299581
614307230
2135345099
1811944039
-1537507899
304254954
1941882733
1706897152
300020432
-823946701
-1055497852
-864948058
-544051428
-556597921
785404205
1264618160
-504082147
1416940244
-199729138
-923809287
-1802551383
-863564978
65265302
-751083053
-2123422243
62062323
1869274249
136811578
1653705025
-290514268
-19012165
1594534220
2001706538
-353661291
1412712219
1680992760
-1960133025
-311942625
2133532659
1219432949
-375970305
1340831956
206422893
775318774
1035672225
532747475
1063530072
-828042469
-740892483
1302637150
1277990188
-1136002902
778838857
1507236009
990989899
579060990
-1719553625
-1430348812
2061278345
-2131712833
-1261783106
-1791030053
1887444462
629967699
-1874406299
-1121173268
723378874
-1360160877
1348645384
796975226
-1998753624
378900417
-1527315067
-668908112
-520669577
1464510650
469636951
2005743848
-989514843
-740750233
1270233845
1392549437
-1219504003
46257017
1785321596
-1468471202
700080724
1517512277
-2105807733
-1323408219
-1721616370
49445195
-2115886483
1022211175
-902231321
-593881074
-886838147
-747698291
-1407598736
453801056
763903686
-1139938205
1012163286
517303308
-1466839063
1719519407
867020906
-1428489703
-1501297597
-1111207931
-1248662692
-876148932
1487464270
-263943334
-1173679926
978931086
682809160
-373668394
217753081
356991870
991610641
-88149267
2061477601
523977224
1627798105
560882096
-511747858
1222859302
-1823580166
-648883873
576194052
-116159097
-973869407
-618316989
1900340164
-184131970
434218932
1885857210
-1142772979
-335418564
-728128401
-256994157
1109894085
-615053246
545771856
935914139
1183459545
-720171504
527842229
-902246280
-1740838783
873745954
-515500606
1772614836
-994548536
784098076
366646408
-626214628
-616728501
-1250242493
-263123869
-245358261
-982195392
-14834641
1836314531
-666134911
2014061754
1769804478
-1374907539
911119544
1433412650
-185451956
563207907
-108423943
2143973161
-1688696800
82856066
1348258027
-26341517
-883134424
235521484
-1017218132
1110261046
231828457
-1252880090
-1927926813
-69111411
670332080
1171909122
-1551453419
1694735686
975138061
-279170240
1835208248
332040171
1774529921
1743655889
-1502700667
-2027840768
-1898633098
27688349
1833099666
-1825923704
1260444015
1588051623
365048735
1361126350
-2058587265
1900413037
-132135121
-979454111
-881360129
688642452
-1311043878
-223675553
-345934214
-431761980
-443191711
-537702154
-1852226836
-2034755631
-2054775805
1866055720
-293169364
-171476454
-1144700146
-1111283507
-636595547
-1576939210
148814776
-913768482
1283142476
-109890356
-1114510290
41098479
275705549
501248705
1697556205
287464445
-1926288633
-776662887
2086410833
639440746
1709509050
1065713430
824059243
-1850032572
1352481663
-1492229083
1041933847
-1220801843
306302456
1170480890
-375581620
-397304521
-1968821945
2090068601
166198965
-1574240593
1884352707
1655325143
-1052164991
-1908125540
-29967639
-1406637183
-1772165002
-1614205912
-783035248
904744508
491288908
2127001086
1749189472
859042957
-1503622344
81078869
-1227981948
420242010
1003564742
-143104723
-1839367010
215589073
-1709322005
198257369
487606779
139076744
232460378
-117918532
-201428473
-1259474460
461247510
1535264343
-1541236477
1977623487
1118975816
415616642
-1598801164
1429190725
-700637614
-61024007
-1341712162
-552744930
-513373917
1774097434
14140722
210078673
492467916
661647084
208667524
-1931160729
-1856934317
-1123478685
965013376
910283854
951320775
1503772897
995893022
-2064289408
-533997420
1095387904
937702420
-1783668252
-689575400
-565231474
1497403532
1346099444
1768855925
-1839071528
185541399
-798452321
-926291544
-1801407189
1823112672
-386827408
-1074329382
-1608737641
-1759924956
-1338304018
-1120940554
187000822
176324833
-769407418
1613364091
1854746668
-1291174451
999959335
749296531
763912367
1935403401
372404973
-1106310813
-1761515447
1925883414
-773754879
109280163
-1469042148
-1317416824
-1416140930
-1205984143
-1665029401
-1252272392
518677016
-112805278
-673458554
-898369090
-1986386119
1421442778
-1659946561
248933344
-407484820
1650005405
-1936810949
-895121724
-1999580418
-1249001051
-1642961199
-855505619
1747891682
161159989
895296010
1271888228
93370837
-1722641618
-995436319
613249717
943633858
-820357216
23946186
463013405
481327462
-1717211741
89382901
-1942901184
1959157815
1513297000
1622922963
-774392160
1161670274
-1879521910
2022627800
-364272116
925572306
-1430559063
-529033597
2043239509
-66570856
835813433
1468376731
-2136418489
1015441672
638684567
-1056464710
-324414761
807729984
30194269
-908645106
1908062360
-72011601
1529323766
-875879842
525242996
566910132
673701492
432009035
1362424983
1338619525
1105629088
-555297832
1873941166
1864898642
-1564144814
-1743737044
1910928465
1252134057
729968131
1571906965
-224854852
488427035
-2115646816
1973756624
-1989330491
-1180361440
-224783200
881917063
-591712758
-2081746889
-1810491560
474790170
-774043031
1692942929
993791629
1734065826
1713015476
709886831
-117328821
492269106
144763301
390033289
-1138042892
831352671
-244211697
-1013084238
-1876045157
-1606897662
-1994300586
200927608
-1678087022
-1746658244
-723249375
-1212538736
500238401
1475498681
1224320589
1968017075
-438229447
-348792519
-598018268
-702024254
1296275080
1782158668
-1429901618
1823649840
-78255282
613518684
-2127120377
393610144
1841430672
1602762224
-204357358
-994936372
-1328173749
855428910
-566156052
-1698929751
-478416436
663459490
-1338346555
-504763704
1969895230
1264636221
-1710682453
1594250495
-869698428
2040787359
2017364616
-146579896
2110540873
192437912
1561448014
-1832137496
1134590036
1566940652
1490378864
-1079467053
1832588832
-925833386
-327116909
-1243834546
170174635
1934517199
-1731288443
363833302
1600316302
-1255105265
-1389257874
878643008
191599437
-1440685741
-1291380156
-1744589791
-2014497040
-1712087199
643758724
-1815857297
1787764434
1771568841
628901918
-544403352
-711711560
-869123988
373524400
-992748878
1147687205
-547065022
608751095
-1432769853
668140011
-1547556521
-832349567
-1338925950
1326212613
128342293
1456712103
-964186066
-1349623132
795150025
-664522310
-1661070977
-630835833
1045746271
-2068037764
1874144522
72181903
414557552
1470080466
-1552599063
2066082450
-1555710594
2135766198
1437994394
1356751214
-1431923075
920202098
-139687897
-696186527
1590131093
-1551885814
1880274567
-1149192808
-1247562714
-188619271
2060621124
-1703098875
-520176884
131851808
1443966301
-689035659
-1666662877
-852211205
-1416479379
-1413698847
-1971687411
-927449067
-632631028
2061327619
786368050
273780670
-1065653644
-149975252
-928008952
-324036102
1091609191
-606615468
294923412
-1276447301
1905484368
573889906
-1789929169
172628819
-2032132952
461163534
1721494669
-1897868509
-1200707685
-1936446957
1940550395
791370648
-764764694
-745783575
191822055
962689624
-1737070062
-1377756733
2072872101
-2008224585
1542545326
1330788661
1167648880
1077013359
-751073511
-437938168
-1118457682
-233851504
-906494121
1078866769
-246992265
879384245
1190730293
1038900672
1327529560
-433185672
1099929262
-1137740747
1326136147
609251111
-1750557297
1904592792
-1621971414
886636983
784098398
998297577
1579249884
892964088
-1387685256
-777978731
1021615727
-1786148342
397935736
563983884
1221555952
1772003343
-2076251681
976446607
572964792
1666300193
-1542309647
264933454
-928291856
432796294
-958167843
1609068209
-1292887722
-944382942
1592934944
-427134731
-1864495808
1222032172
-1447500502
814983163
191421921
777569316
-1577400512
-510914212
-1129159734
-893222908
-1915685468
-564190784
-253554765
453300405
-2070786316
-1412947856
-117186436
603998404
-11169073
1928341544
-1301072530
1658571349
-1584248898
-1565859535
-1621229371
632398167
-1068524720
1962690735
-1959059854
1488424185
60727430
-1067247305
1105122076
-1923519397
-1307602831
1074309284
-1533495448
-1274707320
-1901596391
-827306197
925799289
1508148644
-1713781087
726510507
-1431638342
-660148895
-883281240
-1798678199
-1910614054
456406199
-273144335
-2114393540
31369496
-1382022444
259655749
-1405338651
1891617984
1016360784
546536087
-1673037790
276153844
1604310436
-1670211735
-1983096862
1728577967
768076764
-285846161
506624764
-1153813497
1135284364
1939206257
281798972
424625585
1502872576
-400851851
2108166335
684660170
-1921810250
1305610012
-1201154688
725619668
200697616
891939660
2005567026
458356222
-1272549307
1524382479
-472593841
-2012803161
-982606696
1790993338
133160304
-1271002076
800837837
706048081
-1888441377
14029249
-66758953
1530039849
-816077718
1120112902
-1341114923
1705555919
-567061639
1863074874
-168061633
1511631400
-1947395229
-788192468
240361308
-693729319
1678286332
-1550495952
1028364023
-769995032
1924901746
-2131936408
9901137
2132706467
1122880089
1297192260
644193625
-2012955712
-1025790717
1838002507
109251866
1970919621
1374431253
-1466335206
131235444
1755789482
-523927978
-1304735827
494972430
-1835524676
-1907681846
976084189
195430283
1225131715
-1508316673
1826060585
-1981820421
-227486617
143871909
271009976
-152359021
-1832296241
1459019108
217701534
1774445729
-1120178806
1480429034
62303582
-562816583
1896745906
-613716158
99367343
-706638540
-1386225074
1646687084
1053347203
-2085099558
-1275660552
1889678889
95040836
190261470
1286724799
-417215467
-656481952
-5743350
1268936014
48164603
660028935
2032801082
-239570867
-515433628
-1230093517
1957253134
-312158970
-965446799
870088936
-1825387814
470049355
802257642
-128373828
-1139544607
812318871
1932787862
-408883814
-75380797
-321453453
1923926220
710049474
1726991411
824577819
-1156657846
1619872531
-360232468
530289505
1074406980
490645388
-187970587
-1792877360
837021888
1271815184
-1115170365
334840595
261473824
-1050442391
-689910898
-1691417704
-508258048
654775182
975676583
828617584
1344801601
-1569101784
-1326962183
-1108513928
867733862
-320546478
1695983471
717230781
504100638
-1460724576
1280317605
1362914076
-1408427743
-783819165
-1054365471
1846854697
-113973185
-1779234518
-575160764
1829730386
855116213
1165066634
1801192508
1536268355
-1409439550
1205033506
-1881331396
1788766346
1274629497
1491780569
-810662993
-1264675458
1279970520
881278569
-1033432535
856441181
-1473993190
-1340814047
-1582986529
307187892
-500539063
-1334627354
238317145
-1595434749
-159530218
-1248493446
1526452581
414766496
-934614548
-2017827840
-333721010
1076266715
-1303336894
1611800767
-1042223794
-1964236958
1273212976
682561574
-834362304
-897571865
-188718011
-504756977
-542872167
1503076607
1793614231
506728007
-1752949096
-666526899
-66709734
-589079218
1607484604
1150180831
-794689995
-517909158
-1620565386
1612499671
807028882
1073481377
-2030157024
-1379855795
1510414133
402495960
-589702611
-901876876
-373125424
-909086730
-806198880
-900076549
2087542100
882833981
1686252482
-1910900299
641565899
1179291258
-993797106
1963872891
-496074908
-8078454
593099632
-1954498991
-1626926897
42656288
-652272722
-2099363897
1947883723
150738374
-1592771034
-1833249119
1919875836
-1640134111
-504729159
-1580816199
-925863935
677515384
-1590699001
-651703004
-1493445690
1439525238
1171759580
1999140244
-1302674155
705982255
-1389403415
1783386620
1490299507
489118560
699153590
-370800007
706998313
-1931235846
-321615657
-9440400
1302860704
1728018401
-1437939107
1115250675
1789038578
-1206383120
898989711
170669672
13959100
1087006784
-1379482406
293907308
1750337593
1666953642
-454946299
680478452
-155328116
2145176457
-200449368
-1684039755
786468956
35375556
-327245602
-1414252346
1267836070
409119499
-689098439
-547156606
-532508211
-466431648
1935334134
1408423858
-17173515
1528889048
-1736016015
687180780
889935506
1710086818
-1869720357
-402061259
1936478267
-1020050872
913217577
-1936060179
1713309636
-104928459
-245044657
-689981460
-183011702
825694326
1997524141
-1878814233
1501690896
237922500
-1364922167
-1513267688
-509143350
-308805439
1309691711
-1066466274
-988719559
-757230206
813251061
-2022175711
928504375
-1880286387
-1010180718
-238684871
-1153371245
-1481892701
-1012341200
431558160
-418006560
-174391936
1125923663
1766568901
-1086805366
-1856852256
1845954317
-215737581
1117693225
-970221947
-1876657005
1150748594
250272025
1728360183
-1555820078
1528043004
1155758154
-1609686068
-1314709393
64649940
1258177364
-1930760663
-1232395781
1096768963
1075921613
-323930744
-971310233
1019031907
94716382
-141985605
1217727414
1293266432
-1301488108
-2027371728
351465972
558256763
180109427
-463310219
2098937446
-1544974479
-1632971824
-724414466
-1423670526
-1264779107
1690930272
745014054
1976858401
-567846790
-852650869
-1414979725
2051089010
1033822764
1001943814
1427067677
1818575666
1968946592
-999031264
1715239377
1071145881
-980469263
-1419136933
-1927899214
-940682601
-569642483
532820541
-780533601
1921577920
929075096
-1720504984
-1840238661
-1239246205
1730238480
646888680
884871977
289825954
39512113
1655246540
369414167
588203997
-336936550
754846455
-1864613122
2023606000
-115306833
-230026441
-1782661081
1711243712
1607811265
1390817430
1460787312
1359156432
-2074907540
1978221040
-963631537
-1658455047
1027508288
-1407909947
1158965015
1081175130
643625379
1785653584
-1591319430
2096519564
-352134155
-1177391400
-944868786
1223170586
-1139110411
801828165
-717454188
1264082736
1051234659
1658408693
1100751285
-1534168175
-596592411
-1439537712
-348211955
-635505202
1531650094
1145066137
-660994643
2139652532
923175516
-1191015033
-1557080740
-1754465018
1336394401
1259168788
-153621537
650541931
-659823835
1956839443
808063610
905047465
-1202645
57494536
-2092842058
576262163
-903076494
906053811
-940076189
36195392
439593949
-271996946
-279932192
957645309
-1802535595
1669316792
-1632094823
-1258296444
246790382
-2026426224
-1655342639
-1970499347
-737363640
-529416697
-830252639
2006843108
1195087671
804671632
-831469505
-1011665765
690860710
-981528166
-613630077
-685966078
592143800
-1476392224
1000808871
-240900299
-2048375249
-1182214657
2088203086
-1703521738
-1861641967
-757518008
-1178160697
-1654177829
179166344
-605450793
306825618
-939531511
1961397258
-786044188
-871468766
-1431069406
1706263225
-1305832872
-1129026588
-1423483205
1955176459
-1682470237
-708216449
-352477294
-319515987
-192359988
1348367709
1448436159
594668964
420394441
-1353684374
1968813096
2041703349
1709366800
-2044158181
-266180550
41190663
-913581459
-1088234062
-1694634283
1651489542
485116694
-1642496833
373788807
1022639753
-1278740996
1544219625
-1083411204
-827075530
-978166429
1474611438
-1007342155
-1856038107
802139060
696041703
1922086904
101095875
1811286162
-1822441008
1954097671
1552233720
-1925534934
1403273288
-363233388
1241019788
1336884687
594843028
-1369491085
1370308550
1431922373
215136745
1620690065
1093525845
517573212
1583800042
-1099637724
59283828
401807936
1916710511
-382051549
-139198648
-1334180337
-1099222649
760951033
73984652
1179525420
172467136
201747828
-14695825
105288146
1985197733
1703974915
240735932
-1652777621
1655703943
-862140896
1194960699
-343513566
882104704
320611595
1442659671
103247287
-243323468
-766514504
-566756352
17166737
1922892762
21291529
-447313454
-1655606247
1065173242
285148735
-439764618
1731725125
-1837733257
-1644240466
-1646947256
-825414542
-1887737008
-1422810192
-1334580422
-2132910730
-1070470750
-705158693
1263833591
123638517
-1445334927
-989841290
688105547
2043894771
56619431
-1351664088
65050049
-1983685973
805200988
-1500283150
1544985485
1456421534
761561943
-448925090
-361619284
1595634670
-542380076
-599482120
972823625
1413640171
1505705095
-960402179
1291272802
812376814
2054137056
-106417582
1836111531
1134522213
-2053606256
-863342153
5327282
339076655
-1718426804
1141766972
1912013891
1739438122
1545955537
-1526772749
-819460851
6057225
-1824142041
-801139994
-355650427
163591018
-1246398167
-145125045
-894135543
-1647190489
-1175205053
-1903703562
-1715100343
-1561795861
1870296189
-1096174578
1323680482
-1329058296
-1426841159
1464657155
998255435
-41689208
845018424
-372611649
-1786772236
626869633
369661026
1237821211
-53957972
615753645
2004209094
-529675884
-971314366
368949305
1666980702
-1247728579
857481071
1353235933
-1729526504
-1464961289
-1960953357
-839398612
-504125551
1468109792
-2137639427
1070503725
106619683
-1412543479
1444972495
-537343191
-1262291167
-405177493
-1849068639
-1774724666
-1004303008
-2079518694
-1471582522
-445729964
-1999144454
-630175558
843312909
-303830170
888779598
-792664526
-442938263
1627923364
994788938
-1266596704
-1966958380
1001902048
-842151188
-921006196
1949864559
-1949522074
-101573371
-1905162913
-95087635
239359895
-1141678785
692026901
724608818
-1987621960
368213602
761833777
569646646
-189555193
-1243159854
547600113
1580226095
-1635940849
-1279472037
-1604951869
1749846255
225957949
658681905
466453751
641585290
-2052298062
-1072527055
1932446133
1908457787
1435857753
-1464536467
-1628636368
-512213625
-200920260
370116583
1516738843
-958207837
-761101549
1023982491
-370063524
1179310866
-1435888354
-1905830718
-1342171649
703167890
450199604
479469397
-905587604
-793530824
894461978
-1001877553
983426012
-371158055
264066840
-258121929
-811516663
-1031814228
-1637540663
-1197972643
2122882340
-661021395
-646134221
1082730339
462425612
1772027971
-511016170
544737406
1200504252
1721483684
1369640072
2061753086
413489412
-504266376
-335650623
407264139
840588667
-828979140
368830515
1956114608
-1023732045
305171945
1234917342
680493213
-1190511954
672829268
1827726561
1893949224
-1863558767
903157208
1768987987
110925845
-1257794409
-1349184207
-27919789
-992077418
-1389146040
-534920278
-1876295843
1049985812
1232360937
-1881599877
616266463
-240935889
-187361226
110533740
604126219
23508995
-231665842
-5302083
1151291887
-1603172179
382033902
1271148617
-80107582
-1529010419
-993508895
-1808572696
672633471
1145918156
1181473207
1960074005
-1152703561
11153056
-20416076
1057093072
-690989661
1157823694
762674699
-1351183163
609838200
-1220435984
-1437124532
-1921799506
-1015617281
2140070904
748396057
255709685
1502513252
-1513893004
2034675488
1684893084
1894534477
-1740333805
-2041919932
1949168737
-731382226
711314791
-164083171
-1568388580
-489093925
323281132
-1051496285
-564737172
-1238844578
-1391889848
-761918939
-931663982
1182544394
1746176212
1829668735
211723420
-1746156848
-638071974
1735176075
105236933
1104152016
1298570016
1939847127
656305179
-820970701
1257200421
1987097752
-782849694
1079868983
1248552874
1379898335
531717432
1493063050
-285703693
-675801078
1988689017
-430344996
859223118
-491289220
1704608484
1181696943
1571942996
133363600
-249981186
-1947927184
-1777403538
-596012854
-2090842058
-1949532469
1728525723
2049768015
-1381168311
1133188155
1203220079
-688003433
1078286567
-1857675809
-1669119906
660704096
-956591466
2018876564
755541562
1649428197
-386395689
-1163264961
1169233657
359457871
-1209956986
-1592545430
409238460
-1107872917
1969439110
1680896018
758940172
1982064542
1960207517
-542426690
299896422
-778112491
1539111067
2126074067
-121318663
-1902326976
1561096386
-1534072026
-1456664915
1311924096
53946977
187911635
1234417767
-839740642
2042287041
-1749453748
10066571
1229689215
-218899131
841454772
-1196809534
1510824853
273963212
431166829
414640636
942033305
203352921
-1717319697
-590006088
-533105674
-1565739786
-1466008357
-2072441982
-360827000
1481593556
-386120369
-306357315
-1500034811
374235063
1447294332
367112354
151194555
932320912
522239092
1126251656
-1297211525
-494732437
1166665032
1132989029
-1504945707
62959243
2105349458
-475070572
1487642244
-758100525
-689071154
-7359016
-1535685845
-1861941146
1319151279
-1825738336
-1374016958
569100434
-992513872
2027993228
215490890
1303189481
-1121600344
1407667247
706219592
1868997040
-236703198
-944599786
-93747088
632289149
1150512940
462064137
878278687
1486126107
343794543
-692306032
1659091470
-1199138640
53725311
-1880241224
-2088812092
1265541154
-1134703756
-224683498
-576360628
-499514187
1494760377
-59913204
-225670104
-2139765768
1741804323
1229283659
-2099731579
315174113
-842634427
1423238296
-461035089
-422288329
2145334274
1267769553
545072838
1900563248
726089571
117350962
1686034610
876850266
463238825
1395591124
1313013843
1381749437
445795494
-1867945609
-273723907
947187521
1549582664
665081216
1549705507
468774989
1385138806
1260923716
1044451153
167882673
226915870
-49359482
-1262426529
1247124165
-1742120562
-1561974466
1861819875
-1591461678
-198237693
1339223196
157084647
-317574225
1663621759
-51459509
-1325960997
-88422737
-472466721
-1870940934
-1788498227
-1675184198
-120155092
-521437417
-434356266
-329826631
1054617136
-345855267
-894599209
-1735557321
848915020
-1706445168
-1076093595
1750956100
42286985
-1745852153
-7256575
-2061136227
-200416276
1736106603
-2020810356
259134729
-541870323
59274557
353997049
-412715259
-1991261718
2055244701
443900996
-1833178717
715251704
-596501304
-1740932190
1769981614
-1016076933
-2110359838
-1591080967
-1732643310
-1656727786
2035310837
-1805427055
-1446639238
-1370454363
806148409
822088716
-1934627269
17770826
1509618581
682840723
1032804720
677493446
841260133
-710811822
-18132379
-695451127
-2033564803
-190872795
1877049144
2046315275
1711256430
2014169747
40048573
-107927076
1671993607
-1680715526
781427362
1194908410
-1674084578
-1215689972
1114890451
322573538
611992208
-192789383
-1966765281
-590258455
569066117
274154733
1639630363
1664106827
1890504952
-291254211
734949446
-453320060
1759029110
-1691617828
-1856983443
191997406
-334666715
-442440813
369449553
125673291
-1823452409
1203941233
904411014
-1829769100
1259210624
-645903105
822416029
-726572271
1568180757
-1274732104
-560976251
-996092806
1364336246
-5837641
189637678
-1598798210
-644880962
-1466042958
-954427282
1775872371
-1727143688
916240166
1936026664
-1588481138
-1188947996
-755271725
-1636283734
-1609541260
1249175547
729778027
-1596212649
-1236026352
1767948209
-1945300347
1331762053
-1285840985
-92550663
1796063703
-774962776
-1053245399
487738894
1514510500
407925423
2018285256
-1065302161
728942195
1943574702
1451713742
-87492054
1689018369
1435689404
419141547
850233181
1463759736
696257054
-533013939
173262329
1007102944
-19944284
711092148
1629742025
1161230292
1066923347
-33459515
681284274
912713593
-8168893
-1470253219
407356988
-1814088276
1881571018
222791848
1029588304
413216890
1076798682
670036148
-1430776765
-755632940
582701223
1212724544
712637203
-260001405
1815872140
681530842
1137224687
4040025
-1269486801
-660515032
1891257852
-776581976
1054719458
-284594299
1267691606
1615229432
-1288108724
-1894094641
1381607764
-1630202381
1734778440
-1140470914
-1244240369
-417373532
1700576524
-1347836167
1336454693
652418528
-471916402
-2064512220
763682746
941182724
1648842786
1709180733
915253183
-1488385056
114900839
-1962851864
-296633738
1057333490
-2088184732
54558343
-1580330955
824871126
1002753005
1353229263
-959403415
-2003114243
-248805301
507058072
-1319885603
-2005829219
54941211
1971553267
757897020
-890685720
-1715399818
95967617
-119371052
-770307713
-1890409134
-230120702
-1994323812
-2113380311
-135471321
-1030160852
518521720
-831683393
-586104619
128634301
-704339270
543813227
-1584517436
224262355
1768239340
1804206865
683968588
-197211269
-2013875508
360250380
-1091846057
871943303
-2095682921
854909469
507763781
784374947
797035402
-663628641
847445263
-392940886
391356837
1968050175
918050478
1934756149
-1354403406
949708652
-329467459
1469911413
2136495493
496641482
1253020509
1804369730
-143075196
1867287019
-1643542696
-1333542285
-1612343191
-985050624
2109474952
444612976
593014342
-748221875
-962096263
-2115000060
1114645449
-113175781
1328049997
2130371959
-2066614079
-1724739085
-661382944
-413198117
-1454605088
-1619869176
-914375637
263135910
-1560542782
-1128179724
212492269
-1955754879
-628414163
331934887
-2132039801
-837291938
1882411930
273195932
1362251559
-281400368
561443572
-495615924
1319880233
-1372523370
82298271
1796677351
-1528788039
1017684600
-1830339141
-51723199
2116497852
-94485930
-59795287
554891530
411707888
645285501
-187143475
-435608510
1851441489
740124732
695313301
1038735595
-1536299586
-27423050
1174162874
-1723086081
-2136616484
1801047802
-1212641338
2052890532
-130737350
918673744
1177858261
-536998755
-1942511946
-2021759019
-108976737
-2058290428
1863178014
-90340790
-852891211
1589879094
-207672807
-962680024
244689162
93505549
1535186760
1672235511
1886354868
-453136556
-398477912
1481696991
1271416308
-1401993865
-253353159
470551423
-152512909
1859561082
1571539684
-1827414787
-912356146
-862710228
714450073
-439499939
1533019732
-637605477
-1389833289
1683599894
-918552818
735843274
859719601
-1741625886
-1400857345
-2073802335
-270712083
-2070795307
-1359369300
838070564
-117642257
-1618803279
-324498466
-345092121
-1536471882
298729335
703126437
687910081
-853908378
-237123007
809573024
-376874816
1257910054
752283727
-1063334276
11653980
680577099
-1203947938
-1651381319
1594523118
1089473206
366050880
1657767604
-412511646
-256224391
-1599586647
-1656745759
-357150421
1272859328
248177734
-799168937
409246327
-506734866
-345657325
2129342353
-713791837
-245195258
-70998291
-1638573198
1896600049
385661260
-898144666
295351689
2079960952
-268533973
1360851672
1655200918
-1160128677
41846617
-1747594564
871177549
1349755965
-349745864
1651247932
398259545
444486644
-1985604481
-1138372090
742081187
92159868
-1559170023
-1926166430
421667539
-1071047123
1676159821
-589114490
-1390295274
-1829844944
-554359522
199747112
855293986
-936956881
1301007859
238505813
-954038666
-1942131637
-2032590981
2002969217
502383334
909858387
422840010
1375571166
-1404036266
-1349014734
1209272519
495004656
1774815173
425519527
765675722
-1566394015
389378957
-1411018692
-2045258367
1570562065
1222127336
818285168
-2024120301
635850353
1516991670
-615793354
1195295110
743070225
-419231620
-562305374
-403377563
-391133066
-1701924689
385107169
1134516380
-1186803407
-150269645
-826623894
2003144615
-1300976340
2022124062
-668445325
975769323
-208386234
-381911360
2129631397
-1116515741
334029346
2119444711
-1845185774
915106175
1366345532
-825009058
-1171644058
-2078601144
-772582596
-187818313
-1907162532
-2136361273
-768150642
1168586570
875552884
-441050457
857794866
1695587197
-1622023454
-2070063335
-1433541424
-403711164
-1482974775
-2079813897
-2096115697
-327265813
-1485448792
545821996
1806587942
-1540022509
1051875860
-1483131054
1418530226
-1232000007
1332546471
1807486620
-1070387766
297517310
-1713874632
-789251339
-1470207920
1676177251
1106233420
955296873
168507274
1308709715
2043653323
398450372
603102448
-498666970
-332930058
1268263800
1181112135
806959331
-282408296
-1917479485
-260971026
1030971143
280552059
1988506897
-1648890505
-1493388924
-207824099
-1107582562
-1343696520
1026329100
1924329892
-1603008673
-282552413
-400558450
2098322446
1265042210
864512020
950260992
2096804780
-115298829
2014396138
-1411487905
1840812752
-1567130942
1127129880
1680843763
300931525
-2146448830
1901688444
361743831
1063800575
-1358276333
-741985487
36168120
-1638101357
1546185762
500378145
223904476
-334725912
-2071535792
2132055773
1277072486
569880750
1773763153
1307417776
-1039721768
1610614799
-125423658
-317488912
-1645837864
520346917
-761582866
-832981352
-1047494090
-1232958037
964218537
603623187
1746527277
1238714870
2055277566
-1871076262
-1761762840
-1682874587
-1945390610
1635405888
-1273811384
1615360151
-2018698264
-1665809140
618390500
1924027549
2026824303
887200584
-1886789552
-931952528
1452306937
135325912
58904482
1239314277
-555766758
254227789
-1975161806
1964822878
-1256720670
932568955
46184096
980044932
-1837605246
1662109768
-1936184806
364883506
1487383861
-1250404666
-1899990818
-1955961036
1753718108
-1124587132
-1315676930
-953512144
537299435
-1123874528
540682594
-731305116
-760135420
-288100319
2083342099
1358933137
-658711328
1806515203
272710326
1713690678
2035992310
-1969202286
-1296675243
2074251521
-307803819
921800315
541137765
1941648002
-1817882027
1782549023
1752314116
828142625
-1698673042
-541059158
-956605823
-777451694
393690215
-245366940
1092897313
-322870010
6447026
-1650076346
-610751456
-1555595676
1039611158
186415824
-959060490
1839219896
-1232826994
-1526502887
-2011232806
-89047893
1125839729
-1571807705
-1102993781
-855142220
1320402386
2095918208
-2065773747
1111054030
-1188334039
2027480065
-1030293455
-802620053
-1983220686
-762411795
2125007514
1105073064
1130419220
-817732024
361207291
-920264511
-458675514
-1725260698
836815077
-1235124538
217554094
1133704382
2094079552
1812884622
-2056177014
1326734083
884563672
-1158558996
-597571437
-1422591115
984921883
-1113736928
-2130422817
825734771
-1556880096
-1182038896
880097798
1899411797
-1425095957
-1468227656
-422934776
938104
-542265105
830444637
-1883648658
794445465
-754932525
-720018168
-16720722
-1172740762
1662115961
1724322226
1681455571
-844108974
1029608763
390214587
-1374519715
1497041576
671086455
-133241567
1215365477
1907672547
-766278067
610297581
-37851387
831044924
-1803973721
1822767856
1145942518
-349191805
-185788295
1267901615
1661719417
158416946
-437714615
112379291
323532155
440851646
360816369
-1724135291
1984875251
1682950960
194205603
-1989554096
-552373618
-7946252
337785902
637312487
2025838478
-1043953423
-1949891201
773136753
-999523089
-1009343527
1116397161
1354656451
828888779
-981834303
-2007374424
-1238323946
1174574590
194152435
-1857895389
1251232249
1633847821
1409953283
927478640
1677072264
-1417200317
1430632736
2011066525
-1434626594
1304014621
-1285882709
747018029
-1509488697
760402151
-104880115
1955997792
-1236163910
-1554339674
-1517028923
-1571208520
1847544326
-1220788680
-1602416705
-1818079817
-1385952950
1206433465
1197697260
-2050875924
2113454633
-7978455
-1600164850
1259328816
-1465728706
-2140291253
862390227
1826095917
1892363854
-1459340849
-739459035
469682719
-1824470084
892053171
231849152
-988214306
-351159999
702055141
-695096060
-696458469
1446129115
1062956
615027980
2013916393
629169414
980315209
-1952458754
292431487
-1878721751
562929241
1110512548
-55286980
-78441133
-1567508867
58892603
1681235690
434188326
1842965436
678088587
1289138246
-1084169709
1422238759
-1897649609
873471936
700013767
-1026280643
1840144982
2094409342
1587321316
-365061487
-574837695
1934825894
418782964
-1659129687
-1681152338
-976828964
-1041396582
-1139191255
-2021253379
-2063499511
-1238995703
-251035343
-2076096814
-1457919906
-192285254
147232514
1053699811
-1821853544
-1887522727
-2103415833
-1251501294
1975910021
