-1662970875
-1090632766
-1718889615
-42326986
707865332
293955280
-20357359
-1669447272
-837379362
-1167365741
-160574287
1976102506
514285975
1653544883
1401557819
-269239735
1531021351
1681388438
415472774
1298571713
-1276167731
-854484203
449326587
-1578933211
-62470329
-986954894
667926395
571466402
-651093424
1307869322
-1341846400
1751047314
-1499112086
1283705670
227216257
-791175923
1309727709
583957335
1431828379
1278373318
1812880894
-2109003743
1652871277
1003021075
1417708980
-1678072585
238711875
-1741269683
1666641720
-864613239
492025973
-176809126
1048451611
-2111598694
-597810159
-569222521
653680269
1996356341
286863543
-2066776166
-1542556965
-1171380063
1613641156
1315812647
-394115783
780062803
1960403379
618326818
-2046349887
-2052166876
-1327602241
-1480244299
-723862341
-1002561917
1672067019
-47777453
-495343329
-1722817940
438931078
1818366477
-1996971177
1636062937
-2080900150
-787254236
1204883528
1172044921
1344391493
-450220066
-1550847853
1202111647
-898892966
222892701
-1007323113
466103420
-1816912311
-1270491348
335026618
-649767023
-1692024436
-335902884
621153129
-998908578
885114244
1607656143
-1559460260
-259572129
1650089813
566812435
-511948898
1200501816
-655296755
1243649266
1459033292
1969246510
462504971
644165383
634013980
-1776049447
-258520162
36547988
-1089032543
-1104589801
621028844
-1253469293
1975920588
8604228
-849367788
-1268592374
-378278603
-2079008345
719551127
-1809613149
141845403
786443566
-527575309
-926728581
-1082798551
474705246
-327057520
97080890
-2063376134
1346515588
-1056872736
1762514531
-876054561
901246512
463852225
-1848286484
269088095
1986197475
-1151697627
-1098354415
-139981313
-1831915257
-1668572428
-230683036
-1470430270
-2141031394
-656282320
879723816
-1576954382
366756670
-78888870
160657887
-1426052831
-1988269636
2081881619
-247194078
-1893995670
-40139481
28882183
-1114491728
-164792068
-1943033480
-335234298
108143304
-1816476456
1596888199
-152875661
1936439994
-1958721063
-848550721
1774244833
-1962349637
-1964128267
-1045231851
937175290
-1277713671
-1071967807
-1361784779
-1246360157
-209704465
436055610
1057355006
-2023609763
783455737
141578945
-1172548048
1016873710
2109938986
36272487
-1266789532
-1467318209
-285842339
533632875
318478652
2118120583
1979456138
1143322624
1571299034
-1767850583
287798618
-444629166
6620821
-1568970277
1843028732
630184395
-1437968918
-222199161
-1215199943
-1953768559
-387991376
-1694277259
1028409797
1019712595
1078051727
233944105
1223537624
-763962555
-248223310
-1561767543
-924341507
65034088
-520447557
1286882755
1061937962
-343783410
1742091767
1727346797
393916943
396153245
1502796754
2137034989
-296131150
1133367954
1253125773
-1539769062
897511483
866550985
-1141925587
817577507
-1319174900
-387748101
-2142717002
-1803591761
-1033321707
829647494
-565250151
-627851963
-493868955
1988280692
-800075926
309885422
-921892093
-880039755
-2044654123
1718111769
-695876866
1874696879
1126492114
-104476738
-1315491390
-1423878664
-1305375209
1582471364
-671223124
-1086880670
1390141902
-381161561
-1328971551
1378635319
795623560
-1195452843
-918854053
-1667605051
1136630640
944743257
360826948
-931391716
46550467
934250811
-1583487865
1955727381
225797759
-1584091099
985420962
-1905142633
974543194
-359676471
2001611201
-1897848043
2032945909
-518772862
-1316014584
1012157786
1692757073
2144733881
639047472
379640200
2088900994
1144539018
1809307221
1634729821
1300410273
-1174820442
-305778419
-654459464
1678265862
-169088134
1301602236
-1435155365
-1981548874
-1988313200
-1817350874
-2029799950
328385050
-1568961483
-1876528315
315000404
589109746
67943772
-1407168164
-2025129720
2109353864
-379203390
-806441141
-391609334
-512220888
-1359249326
-1308204507
1821907661
2000454351
-176312630
1913423359
-1199135356
-1032307167
1502804637
2078073098
-155113315
908393888
2113936155
1294656484
-943890291
-1118726373
302345166
1858198314
459920850
535177571
1702840871
631121489
-1550013131
1100996932
-1778636454
-1990031435
-194463664
80714163
633700485
-1706434062
1838451279
-882521277
-33097961
31913587
-1712876294
-1970700578
974222191
-1794574009
-105016846
2124363696
1231941571
-1154150853
-560939974
1384122470
-1018283709
781320996
-1993368071
-68139113
-567804547
1193597820
-1671727491
1550358402
-1272395261
991035695
-438797181
-2026162950
116908618
-2071974217
-1060536139
1078641053
-316338220
1643603558
-372984717
673643852
-135147375
686263042
-1884841771
515318486
-753629310
-1196986986
135027184
-1545544714
-403991648
-1342806905
-1549591976
-1860829057
345010427
1427619813
1104540390
245535957
1536772133
977317635
205957819
2000141215
-2057728048
847670088
237071236
986156730
-715610955
-536626105
-1993345537
982586224
817855415
264907021
525146813
2054864361
-1158884792
-593204549
1250982696
47003617
108101899
-1544227757
-1652107577
4677275
1756157115
-1051417642
-817141568
1654631444
-816115382
-1555894131
1637554590
-1441366148
400982861
-1904596313
1900185940
922745057
1785578390
-1819303932
-137087614
694377517
1954025762
749779535
-257671178
-835113134
-1418009291
1556834898
-1227122316
1253083075
2078418371
1065448580
-682847046
-277398747
-1736533486
-685018393
47130045
-1786255546
-2041281124
-1255563248
-578072263
112985421
738102585
1443741575
-386101144
-1651540941
678906493
-938821808
-1847513840
-1939446158
895365470
1405857481
-1661675069
612171515
-218977254
1604175542
1703283298
-1162548884
1783271767
-269173094
65655010
-1678620286
-218670965
-536601784
-406175150
-957456949
1050652829
-424959304
1736943644
-1383296608
1028218060
-2138095330
1789198730
521812562
-1570145328
85961528
-1648584308
783315875
-1148216002
853168615
-2097040200
-1603088520
1474447664
-463701247
1864407953
1289538763
-370549212
-45182107
-677477109
1442531814
764471588
-521531825
-907074226
-829528627
823090215
1831691756
2039342266
300123387
182994615
-621342416
1539638059
-67211951
259519699
1836679911
-1850922115
530820427
1745524758
1208452618
-2137769134
574997108
1381097240
1633258324
-2036186350
1610199835
2073173779
-2073969645
293601843
-1431367865
893776841
-640817597
-550345799
1530039527
595687845
531863000
-2104312064
1866576718
1582073376
-1613500582
218357945
963201501
1354596966
363470775
-360701902
1288666625
1360317496
357594452
-65207079
463860832
-2035105516
-2139785628
65355778
-233883314
599840658
542869629
-1145962777
67519621
-754423024
1483930984
-205989648
-1836186603
-185066095
-305686216
-720118219
1448747673
2072179682
1098376605
-1528985024
1937865899
-510488578
-654449031
-304963817
-35784295
-2106053197
997589939
-720884616
1069857624
-27376252
-1333117876
576997222
1878841784
209123793
1232402095
-2090060316
-1349903143
683782709
1609564748
518198016
390359773
-1543206610
-954622361
1306537746
1468783838
1463578627
-1063085524
1538568261
754233122
1385245922
842392071
1835808598
1657110669
1896388424
-180679118
204246172
-1428843178
-2012825947
-1558526322
1869912391
-1862266627
-1705072833
994381751
1031483628
-902014084
-728602282
195482962
2096262976
331031996
1360920200
-1858255448
1551674915
2020262218
-1970505354
-1706372488
-43231264
-901988534
-1411652696
-409277688
-650634829
1135741611
2023693741
1266598781
-1482605941
-321785444
-1952768634
-721502868
-417195504
-2013015491
244264772
-916372048
-1642652698
1854561945
-1766974480
-287229059
1769243443
215657428
1766349482
914044085
167772766
1006141600
1636151316
-111529094
-215153894
-643524875
-183574544
1709285635
-1020859742
79742209
1080972551
433824179
1652874821
-1055309476
-1896291508
1345328743
-136917979
1828812415
-612497343
435805967
133413947
119937398
1360088474
1242903167
1944956317
1524463572
-1003179489
-1868882041
2031059971
-1873137432
2126920918
-1637119168
445499783
-1816932819
-91152800
2032681128
668682411
1023143686
1501889699
-1290214031
1646183072
63830954
-2053339991
1503193109
-1755888187
1832031068
-5914937
-852640978
647030893
-628151840
28221697
-1720389117
-1906054171
787318825
-636982355
-570486171
-233534540
476980310
1290558549
354758588
-95814364
1098089695
-2029673759
-2144033956
-256417023
1799627531
1220740341
1244493340
1249491360
-305954651
-1550527592
1896173353
530186018
-1933941522
-43903211
-1305871337
-279766022
-1372490539
1305089317
1595663928
-324055125
-1512007067
1249219917
61475121
1309222358
-1024921730
-1106409595
-572637494
1748514675
976625607
-1230835430
423752708
-336446370
473920995
-559004716
-1458529424
1567437077
-1146091550
-578124965
812544190
-875064128
1996535545
1538448598
705651092
604504945
-528091531
1917818068
186855328
-132796245
572427757
1057582959
1561927664
-1063287256
47172279
-890702162
1075760000
-56628522
-1469131620
-814136533
-899488492
-167283165
-2059527729
1857825525
-1352791992
-1539763334
-2074016230
318241463
1139860964
1042700812
-1753777831
826613017
-1589091979
-1535959853
383103276
121918565
2121102360
1022588627
-1142646297
-137598354
-1871714152
71817122
1434565325
1575516845
1752712379
613340202
536162686
1735277228
-16878632
-245579858
143093933
1258677414
1495795373
-1381674742
791131669
1593026671
36314223
1749276734
-97555539
-1064515951
-877115103
-1148008404
-933369830
1312864696
1598754089
-1941202784
787169892
1103172175
1671279135
2146714769
608709868
861464682
795648232
-877664090
386665373
1429145574
1635419395
-174307845
-890128031
1128020686
-9187038
-180474588
-1361661737
2104579584
-2035451652
-686090895
-306738110
186575887
1278538849
884892787
-1394601788
-1955935637
-1569398898
-917689921
439630027
616408255
185781442
-2085399823
836432330
248877722
-1461708015
1319214067
-2115337940
1859142480
-1459558793
2084814719
-398343035
-1538651102
1091134767
1007332322
28885258
417150108
-1962719675
-1537294335
629552707
-501275330
760341866
-724937567
-1419827202
-1209050018
-1534760953
929895906
1773179782
-1345958580
-845539437
1720512780
-761084907
133205431
690130217
757176973
-1919354234
-444271282
1085309524
998502466
-2032706482
-206924886
-1195812051
-1137001483
186932652
749576298
1467006376
-59598298
-254141665
-72300129
-1511732695
-532215538
237983256
985302122
-1588803235
685695968
1153894641
448021476
540304199
2042547793
1745929757
-1410614723
1463464857
534271066
-705472865
-737900505
482201413
2013577788
316558271
-196411788
-817852590
1342634180
1660319739
792647165
-790514445
488620496
-1394834628
406258118
1880668884
-1980471023
-557052343
40763231
1952311223
-750805743
935664000
534268300
-777488833
465624184
-749165886
303878440
-922294772
1012855690
1926016687
-2094948283
-733820409
1370902003
-119852781
1025313688
-1748850690
479469766
1502775455
507385364
-34488974
862695619
-988446245
537193172
-341918288
2145597656
-1385949861
-1735487171
1514134814
-647351062
-2076879568
1520779107
1427881430
77796564
-243384927
-1969688917
1849430392
-2088330321
80239899
-403040590
-385350597
-2084081836
-298416283
428520045
-1884175035
-1402954722
-12253161
-950537327
-8142787
1755451636
-1573517236
825313333
332356637
-1296410747
686955414
-1948805452
-251112628
-370340651
-2077218766
-7744552
1454700779
1436147193
1362566780
1161975604
814546798
-30405346
448738212
-682978864
-1834642321
744932047
-6319198
-1677653237
723707326
1439870838
995147367
688375741
-623615044
2020983075
-937753516
-405831781
1185043688
-579997300
-1270098449
-724155169
1393069754
699691092
-230434092
2134278696
843278255
1261350287
-1042611223
-1332907362
-359582043
-1268316026
532090069
2081323097
2101080936
39528119
1879318705
-1056246525
1984154764
1646933790
1422300672
-1215526725
280807036
676177338
-134744612
1327094588
41859027
480969546
638632562
-828615874
-1142409494
511059287
969126064
-1293983716
-1687532367
1288094327
-725202628
-1786234442
2040266946
-1254814001
-1362221913
1794063000
-1762520397
1292180697
-760662302
-2144192421
2032694443
1403061862
-1798644240
-697729461
-1590666441
446570982
2114889693
710889033
1011807838
9029607
-1676868626
-1278997517
1766205426
1686007003
-445820135
1507292673
1310837544
-1320545507
392432567
1478595057
-774282901
-738502346
155378807
-1973670426
798963820
-2093307813
-2031338858
1834491085
-172794499
1864976186
1650075468
1370984641
404877855
-1931979531
1518139529
-418826320
641316313
1090908270
1773928672
-1335493058
285268298
-1007743035
-207686973
-915563287
1186688641
132697118
2127903473
-1315155091
-990377332
240919975
1110707755
1320580713
-1932759986
-2031385639
-811917779
-1817398462
355810454
-214338051
-767874596
-232378810
-1154925716
993818609
-709305157
269213460
656502444
-1971077333
-1000754781
-364720324
1641883097
-1567796226
-1827681101
1081679650
658630442
965606172
-166395772
-1513884377
-1952146967
-200297637
-149654879
218807049
1858765309
-2100048965
-1847225546
-249672310
-2050629435
699520423
-1110287354
86049359
314265382
-1342376069
1519258274
-2066831349
484058343
2072863558
-1465857577
58844380
614695227
1696855504
1214250600
-557410572
-1103050593
-71679522
668084988
69147516
375630822
1018268596
2052628313
1939644340
1798769809
-721979174
1810392786
541646942
-1014410652
1667201059
272574974
1986132828
1338902069
-891542038
1545074602
-1135659112
-1675770362
-868994913
1043278096
-1337989341
490268246
-25001599
522442056
-1881946208
1308775603
-58085972
-851933186
591299811
-64122988
-1495338154
-1159975068
1481523668
322160485
-1603188907
1207924074
2111261593
156335330
1614100196
-842401748
-1283106061
2089758887
268870053
1166415276
-1221261336
-756221944
-228749335
-1915666752
-704752734
703728414
-1367103185
-1618344627
-2042401641
1012834338
-238285077
97802677
-1885007639
1640998909
-1809342585
-450909299
-940559602
-2130100193
1804330414
60940691
1462682803
-476713585
1145255879
91577567
1396689885
-843713214
-526332993
1186429783
-486988207
-1585748559
1224459019
32001384
739745590
212116901
830501613
1201894130
745028344
1200659540
1855417589
1909805955
2145377646
230999729
-1097462838
1594828231
-1727746498
-1758540288
6588458
-976258497
1499389824
701526952
-285091282
716979505
1792850593
-1491212724
-645010734
-2094636065
-2089805943
-599534565
-2096703052
-838944517
-2014731776
168545895
1416518428
602307673
-1535602355
-1788161420
-1814531524
310233574
511424032
-1238430830
590678968
-490931240
918225585
855581294
-424002457
2101705766
-1427181272
1244573092
-454219685
2104080699
-1544721345
588289943
1168365086
594751973
1764367909
-190214779
-633703874
-475476845
1957841317
842124245
-472201460
1762061759
1252692359
-722019405
1969024160
-608304728
920080950
1797461470
1899263263
-610046651
538866082
620363456
-1588750017
-519300491
2004601191
997576638
1660037387
172430202
-1009807570
-584859183
-2079963933
-463347288
-260022445
1172434261
627647175
-1840798887
-1201615416
-855977183
809919444
552013091
-756899528
-397942057
1575534093
-1726297523
-576709521
1405457020
862387806
-338497410
-370804232
-2137466038
546350814
-1850377546
-1821442553
-30462012
739224916
1079443330
757875353
-383828213
34151932
2072778347
-519855655
1325537648
-1629575541
-865656657
975168197
2044824137
961498479
-1065522893
-50033647
-497960184
240507226
1850331063
391217483
437875593
-1710772991
1983017803
-515846593
-340948054
-207676640
1712984065
-1767160676
-1845927392
201881282
247268323
1795608535
-919114616
-1778818114
-106615001
-1516526769
1513764028
1225665412
1937712033
-413423951
112678760
-421455335
-330410120
-593902435
-1674881060
365700959
480595740
-795541623
-1257874142
2034593946
-136187273
-1448775451
-230740909
-540326353
-155352734
-250112384
1802171430
1650250157
1719851866
-2086366679
-1102201399
-1513580527
-818606478
356269977
-1581213965
1391090757
152789387
-1363131248
-1744320198
1418077674
-1882763837
-191004867
1401205409
-2147061674
150739755
1008957154
1800672117
1312802272
-936962884
22000312
86173016
45894490
2123532170
431823631
1536233373
-1489633314
-462618311
1506134201
1444580567
772715725
1247904176
954721960
1710544300
-1107230187
-166423539
811895254
1138205934
-80364879
1755677400
219784036
176515307
983410037
613555066
-1710853882
576255492
338132491
-615598865
-436465763
-127709572
728138296
-1312068166
-621669339
419271570
884871012
1362810137
-225358127
-681544752
-345303976
-33721478
-133882765
-1558992219
-1827906744
-455547347
222685729
-836934351
-1177096172
500728410
-2011836651
755146848
-1078712630
-1482640588
-887988011
1361499194
1851459183
1692239726
2144150931
1747615864
-145810433
856170989
-1441904427
483225177
-2100627023
-1119485504
-126126504
1490205622
775743102
585127244
-1508442319
-122551468
-1100971548
-973026101
-1062621898
1925330553
946364391
809803767
-328472421
155188161
727114072
1988999937
-613870625
1381672753
1322634329
-1618655544
-513654296
9445260
-1546622689
2009202759
-240932243
-1051638555
-586406151
-692579506
764575891
1970121845
792202641
2009033844
518983642
-1084308050
-257196430
1037612619
304169786
74955919
-1651438902
2124969429
1906571913
947957050
-574463632
-56427977
-704261601
-1533477693
1248237863
-1327819860
-331595589
-341447862
-1431020764
-980367940
-1200607320
-984632501
-1253199411
-88315732
-734432997
-975123917
-1631354941
-1599738312
1991293151
1652561463
-1440029918
-648069761
-1592394957
-1619514015
-561051385
-1812735426
507729394
919269867
128857426
-762361024
-335353868
-646832176
1511588524
452916245
-1780467020
-1700618337
-826859829
906712577
1467228722
-747523439
1881474804
-1720718281
45365019
1805143006
160598209
1895307079
-2084745434
-1828574389
-1828582620
1488636883
-249391168
-1935962873
1178919851
-1814693751
-868141334
1051296439
-351192059
732288844
-223177118
757483983
-749581372
-1434214988
-1225409280
1079784227
1805380195
-2049294151
889870947
177139645
-1430864501
756498346
-1237423924
-64203024
248154001
-1326929309
1880721737
1274739117
-83862973
530110142
459243029
156112661
-171003420
-882149047
1809147710
1856751182
-1967276940
1843860793
-569662072
-993302119
-91074252
1781594015
1210615697
-174080348
-961389464
-1336856103
734930229
-427745252
-662846626
110577482
-1544024781
885116038
662897839
-860913075
-2007783152
2050967119
1915164868
-528210842
-1168082117
-1658773215
-1077127525
-687544902
-1512858767
1076285559
-503553845
-1650296896
-1886644894
1693141875
802512581
737345337
52170133
10394094
-197458340
-1160791715
1355075720
1126342353
-263177850
-24428458
-889049062
-780553310
1623604323
-672980239
497275693
1011542369
-505755777
2051457938
1731812231
-1557593451
-1683064237
20492905
-1971288583
713456289
1395749393
690943715
-1227708222
-1374540197
1534855329
1571421282
1317090356
-1059227170
1011220454
-2055137745
-555279976
-2124030049
76455237
316591791
-1175503794
1185516734
1085045094
2102818260
976113976
-2045817186
19138620
-987782442
-1011822503
761253303
672144707
907779363
42196152
-1047060054
-1378357240
-753672044
-1224063350
-265088363
-543005458
-1931464480
-308474993
-2045535320
-357654994
1360392277
-855049797
1648919288
-1011476193
-1479955004
477190169
-2055202158
-1862476873
-754508356
1194965484
-1384612141
-453478831
1815278331
1796694039
1880483319
113171887
1187858977
-208876354
-925510417
955932995
-733832025
1696099628
-562016906
-399490646
2095345422
1535737334
460671333
704359288
-301846949
-528708255
-905570490
1219959354
2142105794
1127432192
1429171240
-970299464
-985657952
-2012136543
1040334513
1551108986
-2056798034
-2042471318
1146535801
-490189171
-1731834765
1806473278
1061552789
1946777478
469061626
-728615836
-1801703823
-471321913
-2102377531
57618794
524174306
342604544
686051841
1223102791
-258223238
2109048312
719912442
-247047233
-1846135778
-1664321139
2069319376
1466795275
-187953450
-1334317831
840724843
842078904
-414100508
1559427670
-121633365
462772943
-1077351145
1959060579
-1029338396
1594464565
-1189691040
915641480
-527196279
-1624631468
-1321869915
160527639
474155046
315961851
950523605
-461886508
1046655379
1321929090
363837756
-1709836105
-23256474
-1965225934
142350615
-896811793
1694437289
1915022051
327751787
-38408662
-1914304308
454111205
918320657
-1038419437
949579485
680464419
692779541
-1470243300
-1407243531
527984261
2140656449
-1378093187
553703413
485370262
-197936652
2114539387
-926067854
-1448191129
1999301687
-1047599123
-1200756243
-570518606
-1037150447
543345659
-668626361
1202882625
-1676312294
1363798313
-1367085965
-1972881520
-1476654515
2041574547
2046621549
-410412623
-1659448030
-1396580230
-495865238
1245576047
1904880860
-1132747266
1476730192
158558134
1296792863
52586285
1784433767
-506805454
-944869691
-877646533
1780450129
683114037
-605651471
-1941518573
427658039
-2083651363
1405312355
51612686
517060677
-2125843083
-444613875
1013319425
429937239
-343288549
2128558567
-1537749635
1562662132
516709027
-565070593
394528593
1474607738
-1320894533
-1482743853
-1053726125
-193542501
1873242191
637573090
-767971745
-671742969
-1105141714
1321237376
1462091168
1444014442
1833455341
-825976342
-844749554
2082232729
-1100298741
-939339623
1979943222
1669559047
-927281834
-1022252582
-1533336767
1943298685
1942081932
1913376926
-1237874130
-1274270454
1898404164
2115399054
1884703841
1305912631
-759421938
1430765922
-126935710
-223674497
938842073
-55799693
-1554408483
-1648838147
-370663275
1325413262
1681585136
-577844377
1284859417
-443260406
-650845786
1083329850
-1437762491
-1692202724
-542910531
-17230538
-936349333
689292393
1112690351
-1890586099
-875569430
-1535915044
-974946321
1859878742
-2017042404
-2124387655
1662521715
949863623
840242033
-2145299470
2008249714
-876997469
561351131
1313171385
-1242496402
261348721
1758513261
1593425494
2078541685
547119854
-671989698
1076104249
1611554979
-678522300
144171155
-1950960814
1261260778
-1659411078
225355580
656676256
-1863016939
-119764434
396186430
1125907720
-1905506295
-608551038
-579527246
85404775
1428503630
355245908
-1006986004
-807244310
-1967264563
-228079951
863450590
832287388
-1669875493
-1511681654
660979646
-643229888
-1289063563
-1352213080
-367837721
-111484320
-185366067
701597917
511103996
-1016672347
-606958075
892575355
1028806739
-1568916375
54340153
-356030454
-1612765041
1259735434
1456521155
-1638181580
543237262
698893953
300431033
255586052
1781789574
1502935474
1463861690
1911376463
-712706198
1546951173
692099562
2128915826
1362006673
385093044
1394538298
2018139453
2102371225
760431206
22857964
483837230
-310092919
-458444163
-1057885610
-279089439
810799669
1163881388
-930410523
-53773113
-189268762
-730174773
2054162532
881237014
-1663308999
-744398610
678162046
-2072731136
143027783
-1882180173
1100150401
-1178384346
275090950
-1675371813
743146596
-586498993
1607561454
1763984667
1640732171
-2099447980
1256430047
343186996
-1416884792
-1266741410
1160355905
2106328129
726114597
1990785364
2013841005
594176591
-1556910112
284913038
156897867
1650617906
310085430
-2019367986
823970875
-1052100714
2045629796
-459679121
-1298692040
-671959980
-1839050390
376167646
2015239482
1189463558
-2112398575
578682185
1664429788
1600206045
-1943693521
-134695529
858926399
-1282573391
765381673
1371169687
755035949
1598865753
-1021345094
947442811
-844739967
-1829792964
1339256561
-39087225
-928428347
-1209912024
1080616320
188739588
1241712155
1967037025
2037375282
-290263429
1926160481
1146903549
-580559683
1463589151
1056189584
490291310
-210500422
-914660470
44254308
-852875168
-251689488
-154823252
-284733887
-1595050811
497023960
-1909329409
674740565
1530214957
528958301
281545471
-377300999
-1152330406
-39701022
1952185305
-1562559396
-1308445421
-1721495415
-392136606
1758968674
1980263736
-1672836174
-885692342
708327881
-207067370
-1458739518
556302737
-244340851
603570940
1716808741
-641690055
-1226191474
382746382
1291530645
-1228699332
-1982213777
1585395544
647633051
888282816
-772762688
-465300698
-1098886314
-478930040
1134054494
1482273682
1472393594
-1516083282
-1809643239
-1497647267
851523995
-1220269937
-1307577704
1656334338
2076103339
-2094070267
157645689
-1796774904
-684162623
1854541531
1532812732
-235316585
-543129573
1526067325
-1115846047
1123052622
125545830
1993635311
621637454
-924678829
-1297538500
-669744640
1386559350
367674539
-30284051
-1568212802
1023797560
848905418
-1617505663
571755564
608143108
-923936403
-814819843
1114742834
84842052
1552307880
663238629
1416608212
575713400
-1864813254
1323533314
-1142084186
365855395
-220551128
-704171163
1142456703
1151065829
1357739912
-1600696149
-1186581140
-2076916631
461780125
101489793
-2090211352
780697984
-1614472412
-1759840662
1098975561
848450574
-860081171
1477381567
2016465532
-550425564
291277996
-1368940809
-608144652
484865262
1163827472
695124264
1655941599
-1824651313
1478955285
1725695950
1641627290
1042263498
518709398
1439726794
1742998631
1349309219
1416231973
636588
1289524573
-497856187
163720990
1262063412
203706527
-320310554
374879993
390348309
363014096
-131230104
-974733344
33479677
256563142
-959311230
749213313
2049216977
-1163712387
974930207
1401463588
-1176963011
1171075149
-895626106
1453163007
-1854772373
-1684335009
-705307974
-1476670263
1974425361
-566425507
-651881693
-708679284
623230641
-1562683544
-1876985235
1827762879
267159068
2105602127
412102831
684166291
-562938313
590914300
1030954448
1896790925
1768782337
-1082987215
1031403558
-297299884
-653332524
-386843532
-714567329
2050669772
-1520571670
-187770040
1676578212
191260258
-919875294
-1156645475
1279453435
457034153
-1668038396
1788518536
-1574441236
-142146778
-1211659262
-233819850
-616265625
126620007
-1287941888
577908510
422183908
999384154
458701590
-673104522
1529592779
559255003
65546388
-1503569945
-375374057
-930945138
519192134
1014046339
-612769739
657801710
1666657016
-1909101322
496946737
-968691546
1047797564
157987067
-1354294252
2014955551
410828138
1601221650
1244224135
-520757159
-96041497
-1495479185
-1096505413
-582930178
1151878058
-1404458699
1705073036
-397911372
1237662972
-1311035933
164603364
-1419628110
-539743106
-1184886514
310242653
-915612266
-1620162960
-580767152
-239694806
-715349388
-579678673
2098322304
1743738167
-1983535310
-967835649
-720936669
127081357
-1140110062
-2041949429
2124011041
340782587
-311104369
-1670948951
-1606367557
-610604814
-1609495699
1412543969
-161337668
-1887124816
-498245621
-1310715857
1414340334
-2130152031
-1682229765
-1530868088
-1808480817
-173036287
-1663236140
560534938
-637087868
1140774853
-195861946
1749380696
2066960654
215287227
-1836293010
-1978736203
741061307
1544155888
1668968810
-1970303826
1455508958
-363403951
554428208
-280104818
-1176260158
1010647188
-1301877093
862356333
-422984741
-1486359464
-1064716090
1750025465
-2003816642
-2144130934
-1574912611
616127352
84596562
-1781019637
325701552
-209650419
1194213831
1533995407
-1525409462
1826367801
-263115833
1893394120
58349250
2013066916
-992625044
-555544126
1603658256
1533311261
-1647503759
397418640
1641964450
-93355041
589239083
1587447592
1043545200
662096918
-336879431
2051393419
740883790
1332752289
-1401294470
-1075699672
-1310294144
-23649256
-715302209
-2109719422
-1369279853
561943055
1841219777
2116078608
-880053398
1129226396
775224789
-318495901
921829526
-183159530
-1853550371
-1012118642
19718123
-1690817761
138927873
1034298305
-156907185
-242972443
50881695
152074551
-519738667
205927332
-1757793921
669137234
-195880439
-1719146386
229010507
1281303043
1464714893
-783057618
1340152125
394040431
-1329004060
1254534634
-2059429862
401501647
-181260147
-1101989305
165973342
-1045558633
890189907
1337153362
-2096846152
1045157850
1485389795
77773181
499845816
8263404
-903130209
-1954891034
-377809978
1734719304
1831207857
-394403361
-723970474
-1842582860
-2031726751
1274366890
-1312679335
1227708322
-1042320981
-2141601916
57577462
-1190392359
894198540
-1714655772
2070075257
-1405902508
-1800985444
-406462460
1372312715
577900394
-824104863
1933958048
-147521373
721572398
-1974899999
1731673853
-1972850500
-308689384
-205385224
-1167648468
-1927118264
-248265244
1068541164
-224492913
1078403940
631283898
1311846846
1130559900
198437452
-1651814770
63304642
148457440
1122758672
-2080667959
-918401167
1552102215
1217372807
-795861720
306788222
1850769306
-1595473532
-620246812
-559657178
1560282184
1423309639
-546522605
-1724228148
1968560744
1830132790
446275918
79751108
1148708606
1451492813
-1726673518
-1414659986
-2028845700
369647825
2057978987
1940695431
955864716
512179915
167049294
103240635
1746368268
-499704140
-91782842
211899517
-1110400166
1366034668
-1331069997
835806491
1139182288
250377841
220656142
754745100
-779364462
1414592332
-1534692591
624011660
-486691194
588467278
-42025835
-1694725014
-1108956253
940107772
-991241509
-97657824
-1891705233
1112541895
1342563024
-2018118876
1217432258
-1955205504
648391275
-1300288387
314683855
-1341147894
683549530
-688204904
536782692
1432817232
-1695728676
1290583387
-312330384
1031195001
-2023134736
2066669178
-742645818
1971504474
1504396463
-1628998902
1436475936
274330668
-36909066
-1203664045
1676292709
1393059454
-1893769657
2137068009
-644381394
212504940
1579363568
-1907843331
2011333254
259146769
-887480723
-789009168
2101305585
755040313
-1038010614
1635058216
-1741853521
1782753883
374521804
-489266137
51658561
1110361285
892154769
844883929
1547594540
579185177
-1063691658
1892709164
-1527996420
-452822281
1051473784
1590576102
1487440523
-372133125
-790123427
1152618418
-491850365
-525887254
-2088306732
-256339589
-1094914528
-338624985
1586655707
466130940
889450810
-11796117
-1203230112
-171644521
180708482
-2070034252
18697771
-51277466
1649795083
-302684546
662074874
934898064
-766702580
-8692176
-227326995
-1661471011
-324069661
-542082087
571208484
-221451893
-1071052963
515240731
1971699110
-941205663
-1891012812
-1283196569
-903005052
-731118843
271794648
-1129099414
-1852561859
126305418
182506354
-1546555962
-897446044
-1574410419
1760117797
226380037
949883264
-396128000
-1877288042
-250748726
-1227785166
1707902471
-983492434
-413725112
2109863069
1339678466
-275416674
-1929624072
79931137
-523402326
1044791331
1196166
-1769312599
1328119520
1466873355
-2032943349
-974448633
1452638211
-456083977
1011932801
7086364
-1064657535
-833127327
-604262797
-1904763875
1918905520
-1897397024
81460980
1240864851
-995245346
-863799382
1548196305
1043641666
715371430
1743022938
363289353
-1384725491
-398679931
1258815220
-2082677635
-1279943912
155184556
1436553253
1633265891
-518553617
1379282967
1652298190
-2010371584
-875508890
753789149
-976599357
1933690390
1051765760
-582999606
434857167
1487462554
1909271188
-1381384406
1135535099
824554026
-1411885779
1732745959
1466859023
-14144579
-287132622
-888095530
1256432217
-44017381
2028826054
-200588211
-67509844
-1626212720
435207025
1894635256
663590571
18820572
-1004431873
2020124908
339103303
1305325165
-2104771672
728658428
1496364165
-708274993
-876383120
1166468171
-1334572668
571790691
885307600
-1715898334
-650419522
-606790066
21733014
339255556
1712012430
588604596
1028403209
-891109378
-624943119
1285919014
-1662119600
-1573951678
-1262788464
864943960
-1479370733
-1233861898
353318653
2082456855
-407750302
-1411761335
-1965311171
-1337068423
1271427542
789226440
1864532870
-837005995
1884523509
-821457938
-345052343
1019417077
1574955226
1119126785
-301119887
-1695616246
-445862123
-1951239909
1231783149
595543775
1727136719
-98553978
484575852
-1651245103
1571762738
694893133
-2083799449
-1008724482
-215390969
-859830001
-1061119900
-1924376515
1831458464
-1048883946
-1909052297
-1052649395
110402295
-311797081
-1879180276
867329616
-2065733609
244863899
-1169060124
191418233
646054074
-936712402
-812083107
-1483615228
-1070586573
-324355306
1175825653
1661601894
-1857606002
-1488924201
778718224
1410078150
1909962741
-1540128171
1269514745
-1331819093
274070100
2055394474
-238377434
450086133
2021768768
908941369
1873607103
1592224273
-1430190060
698599171
-1953289631
797493864
-1590238627
-561837511
-1294238434
-304678121
1620175479
-1357810671
-38296120
1098864869
606372727
-327859492
-1667854737
498602865
26399563
1986511192
65311527
679196587
-1769935328
-511076286
-1951582706
1708027269
611177475
514991407
-673869940
-1876108055
-2104613686
-2133005668
1532427996
-456135187
1027845685
-839553725
-1990861109
225433668
889010255
435360432
-1301790016
-1662765577
-719571942
-1195649774
1327300603
-1616507563
892612714
-480386986
1125353249
-1743518168
-304989935
1570598001
-369536521
-542622167
1278772284
-1428854531
-104208018
-2058194764
-1336077796
973000199
804964319
86009279
-197123384
2040243750
-1710449770
2039077896
-1650874783
1786783184
428846484
2052350605
-1993667722
222651368
-1874759536
-1017719487
-1678438486
-1093236838
918912063
-307531524
-1738049900
776109931
-807634731
727364274
1721420518
1175033227
1193262794
-1351059993
1023577552
-21006995
1836101345
-1907358110
352876710
1028617881
-893974939
-1311565536
