1924867399
1458619367
901742369
-801731391
1311235419
1681156467
717595027
-127994648
-986386665
-96529004
-727860594
416779886
1302058701
-823971745
-798461578
2081516971
1083741786
-1219690462
-694243661
-121637856
1752963499
-1755968104
92929496
-2139688501
1566695300
-1657923753
434007558
217647036
881912444
-1378137971
1483183250
913383399
1745632843
1090168555
-156199451
-1523904964
-111710904
-1287328800
-324446044
504147700
1605892652
-1897186038
-1261877488
-1957554642
-2021354981
1646426089
-1387117906
1613014201
27222757
1584071893
-2107855319
1724782131
4788616
1099851057
1602204023
465951826
625874169
-2094337823
527899707
1827167105
-1117226717
-1304856840
1784318570
554491054
1506561583
-1937787466
-1240486096
2049460322
-613070842
295558577
-1831081452
1350041361
-936357357
-2087414703
630688346
17916595
-3925171
-2105267840
1548182696
-85465709
-1136140684
-1069747038
1594334955
1948562022
-739775846
-448525117
947705467
734544286
-666128412
1533988879
1286538364
-230723584
1489589393
-1385501050
897827975
-1139086733
-456190405
-575673361
658760074
95486747
-1549075619
-1917694707
1609714924
1784628134
1650301205
-2030050288
133751796
933384421
-810749654
1718612046
-1542346901
-124783714
2121837647
-183958222
-40285825
313023136
-291425112
2112482420
-1847446039
2125523478
-773360498
-73271414
-387090350
-258200544
-1941750385
-851938210
174138610
-1247299937
1519033272
988428608
-353753222
-1726866864
-417031915
396327965
-2035180492
-78106852
1998992760
1569417457
1030494055
1191858605
1524668025
-1786107015
1544257279
910124612
1205056446
-253140947
-444442003
632599753
-1754725508
932323437
428981452
-1945701853
-1173492931
2018188794
-863425212
-1251865911
696121571
-381910617
-546164301
332038809
-1282856980
-1287225009
1939300233
-755204632
-2002602249
-967384823
1492195059
1242154969
1128878470
251188122
-1560261573
1302424050
1461817860
-383914453
-717094034
293644524
2091393034
-522837189
770466366
255228617
-1057952035
1385691350
-716145622
2036320812
-1539481541
1494838790
541736155
-569107740
-292860074
1909277578
1188697297
1453286345
-1562687456
304061381
1939491902
-1491127861
1359769289
-104323591
-1887690702
-77174713
1192287109
-1053341516
-1252585993
283914908
623210130
159842186
2090266814
-54527234
-1176215431
-726704125
-537143942
-775587191
-356904301
608827863
656976139
68761241
-1346903090
-1171356072
99361951
-475070632
-1220997711
468097839
-587097003
524370840
1250545053
530404426
1404933154
985746914
956390996
-636802795
720649976
-555368754
1459848639
-1070767897
1571179556
326490260
-93930773
-392439106
904046327
-658149405
-1979176876
910629935
-1575875416
1203672561
-215544218
-1265378409
-1429496712
-804040750
-1464513984
-630687338
-1449146857
1526918925
-1084029766
-904651330
-1338426810
-607920276
285724073
-297899386
856277437
375127572
-479484063
-1282802556
1840455246
1606340052
-308885893
847456475
1740266057
-1616241471
1542916567
-1189630223
-266982878
-1825640702
2065067748
-1922346651
739198033
-279067929
1519257118
2024311360
1811141497
-1687518656
714419160
-1767125399
1015899852
1779283180
1984235835
844829790
559613101
-131217233
396665230
-1251831263
-276348010
741638729
-921571401
-1339365777
1856802107
455207875
1038145536
-76799689
553119727
1202672651
1783689758
-486252726
-228777401
