424121583
632616451
1877504287
1765740435
-817139970
1238057733
-1683214302
-192067219
234665702
-742850198
-781843805
-859004997
-339854866
-984584277
-1818070905
1498211283
-1189072157
-1685373169
376379251
-708831604
-1948895718
1996204384
720412781
116741905
676420020
692891106
-22025277
844327671
1100881443
-1756059264
-97282261
-1259654256
1662638829
2008858184
1277772331
464233601
-1769229393
-814563815
-1263258438
885395345
-1486268059
2118290587
363678759
65722820
-238019608
-1034998674
1929007674
-319558232
-314634313
1341320101
400630424
2081652461
279399417
-1475255435
-711114133
1962079035
-2093775678
-530759895
-87765438
-594082752
192447893
1925119577
343138869
1906011911
1507086377
-1305926054
-2147229620
-55982960
-1428561040
-1225156872
-1333380832
1697918876
-1610354988
1791948386
345021123
-306822201
1607005635
2125752421
694331868
608905692
-1496340627
-1510669091
1313581334
1099545956
-1968542004
1057735015
-927419717
93089664
-1620214044
1782301275
1958373531
-619445512
-589111476
1705527033
1364934194
-1341033069
-1437319956
1350739169
1376633097
-1428903256
-1994751225
1431832264
554468188
-1595757836
-627081093
-974134680
805014780
21990830
-1501684409
885479864
515208823
497376985
1160897614
-800785571
304910965
1394775768
-1550916262
-1518102944
-1595225756
1336932167
-280546461
1665799456
-163509417
1670832391
-447511793
1420923785
1390509099
-1342277733
1953017212
-1520819067
531480043
-876141134
-1208214723
1512176306
3472757
-1044293884
-2013963357
2019158102
1005823325
-1112179872
-2041877443
-2052232561
438360848
1451271942
179336353
1000584142
2046044732
-1276484559
-447284629
235039110
-1156578705
1007520248
1225249157
45222175
-2057049346
2004298838
1651526824
-1890637776
-408710872
1102838151
453276195
1804796909
-1247931270
-2022336363
692664539
-344910882
-829213324
-140583631
186061202
-680619054
-1520809364
1985930438
-2002435989
1754544402
-754377038
1740665035
1563609773
111773400
-687398924
1121194584
338296007
1584166401
1062960612
1318124284
-874001261
24077314
-3465193
179406541
-1574921250
-579699432
-1740270032
84267967
359669544
-995289661
292447805
-1199048135
-1405457241
-20011148
-1425908384
1679997669
-18843758
1657169028
565102257
1960097223
-1431667813
-153381016
-1695896478
1726447249
1206852796
646988067
-608139484
-1248648652
-651804874
-1754617093
1702428618
886829498
637721558
-832970897
1056810795
-1073633710
1973376121
-1439416729
-1915434933
-1934347604
1098648787
604938413
201701564
1370740103
-255308949
1864220315
-481866942
1002914183
-597055767
247123478
1741703349
-280236469
-1195998317
-1790997574
-1606675669
1817306814
-1105435371
-1191369898
-361506987
141928621
1043536000
953461658
1907290153
432007578
-1152779628
-1892734705
-2052890431
-1174645553
-1785930174
-880915386
1361676418
-411724107
917657451
-1488036012
1831105921
2014726502
-1677890066
1334122109
2108848417
-338454913
-1032258335
-1678755794
1908400896
1413456443
-621592035
-100511696
1246758419
-1100016707
514089471
46850587
225373199
-482455892
2060641133
588959496
-352298230
1035481604
762669079
1855775370
-1245245086
19492907
1996563711
1723185885
-481731619
227071042
445177658
1534951520
-404329967
-762443586
-314019593
-78045120
1002571014
-984239306
-571139392
2078277237
-949842919
1795881342
-756341504
-1877585166
775380002
570147827
2027263428
-1680628200
402392281
1929269528
-1846214971
1974476907
-1974538123
1415835233
-990468186
-1219845753
-803708523
-14816689
295540857
1919210068
