-386770422
1723564080
1736855232
712191310
1125220032
-551948441
1455546404
1846203544
-1309780130
-2044392949
1147170333
-875932079
-586062706
1060307365
-249640160
2079769381
-1858395346
-1637485266
-1281200328
1173885063
434614172
-988312314
1566054117
672372677
-1202529998
768467499
1432546368
-748228010
-995399148
37430438
-252535197
-373045386
1540138792
938259784
-992408825
-872259852
-1681830811
-1989826922
-23175571
-1167454902
1002670417
1823201537
1037880706
-1691628306
1705099716
-720492966
-946123203
232560871
-962062607
-10661756
-957287860
2074238114
-1045758810
-717707414
112248814
-1684042491
-221290798
-391472589
-1317509854
-950616380
74521416
1684055988
511279361
1820380660
1666241474
26042918
335101800
-1369085219
725507111
-1975879144
-1425665319
-1183899629
-1392162544
1086063782
-1131456350
-1783552569
-155884920
-1034587925
1964512063
698783322
-1732706541
1731453107
-68131076
853006386
-2000188687
1944639605
-1955087138
-410234671
266518435
-1815381377
-1817989181
-1199852253
1987137454
1733673331
-1792661560
-724333802
-109966690
-1997115919
72304618
186298480
435076429
1294441365
1164841455
-540673316
-1400483227
-349884124
1933370502
65946949
374994722
1503502337
957691821
482967142
-954120100
1634379493
1618492242
1015909537
1776667588
-1895363634
1781546045
-797107440
656816493
1297187128
1898509100
-1152670758
539384206
-1870910838
-698670529
134695879
2084076165
-1039436845
-1542839146
495739669
-1306934497
-1111609163
-380087240
-1234198645
1766515990
2120496801
1612802614
-1970707505
1709372378
-397941180
-1135067889
-1893881868
1962042260
-266184640
-266895018
-834578601
-1939311513
685318431
1080782994
-19449942
399347192
-1296047996
651459172
2039197009
1330204464
1007095714
-119446545
-1244139284
278091328
-1901804814
474052979
-913667532
-572914459
1402688288
9811515
786179082
-979712787
-1186127547
726795961
1710558669
740004089
2043406939
-1284634386
-2143748629
-470956669
-100311571
-1665732849
-1158420038
585006626
2056645646
2072668261
-1923348856
-1673985268
1646657163
-1277381516
-796243984
344197852
-960163485
-269859745
1615589231
-701836138
2063162999
639078026
113574198
-2045813273
-344846211
-1467484031
201634369
1930639792
649408826
1579088664
187311015
-528954683
134334192
-366156590
-104267980
1087825649
-181283564
1346035334
-1323120332
1786062397
602879044
-1837099457
-322765935
-1903730063
1481209207
230962276
341392928
-14472485
1693074549
2064744216
1485721655
1815228494
-150405750
-1193586717
-1857718398
1381035373
-317363594
-530333807
-528119786
2142834473
1511840423
-210391974
-1386096186
927687047
-1737749847
943095362
-152256843
12928166
1327730397
1730497986
-37597396
1265233408
-409225880
1217613992
-1672241490
-567805456
-1412426898
-1925467845
2013769288
-1714941581
635056512
1063203746
818458668
1194960946
-1928983726
1898597765
1592356992
1239357119
1048729265
7508980
565704563
-737503969
-916863565
-1052597368
684701842
787601800
-964577233
-562436409
9364312
1333157739
295571567
607641292
1412933899
444373683
1960910628
2032194087
931105733
-1234396337
627694233
1946420737
450628304
672851182
-1527655125
-1991645820
587022391
1476427529
-1799379208
823311225
1507607449
-711622362
-2081833257
-95100366
-808688064
571580249
-1019163001
986942889
-765748111
-1643480306
989349418
-843738135
-20994043
245349382
1150718707
-1659512916
458414136
-77515361
-1105324770
-329434811
1484550848
1444650071
888865056
198193600
982391329
628920210
-414080992
934837319
-320813761
-2092500069
-468999259
2033545670
-535749580
-1562568728
750420111
-498861358
853823075
-982153823
55575883
205077446
-1403275827
-1029352861
-1878155454
1442406191
-1089545309
-431955136
-1927412847
-1612307863
-1085754853
1681001482
1549020927
-1256781687
-807528570
402773713
-1010437845
-567847043
176223906
