-550895336
-1125737811
-1378593818
-931926129
1288133352
1724005343
2012468808
-491811613
-1859250969
443632405
-1951616641
-2007193007
-1631362850
-2002069572
105626973
-1715051963
-676365310
1611429414
245862902
-1171443488
-1762323152
-257826182
590881157
1514557966
698504058
-883990805
2062781583
638217430
120406241
768033068
-1730046904
2138251252
1357225316
-1991875805
-175550666
-240368732
-1501405639
1843030748
1030947860
-80284480
1097948506
145759680
1127370488
-1362510579
-571212478
286733062
-200608585
-1952813871
410764536
147609960
-1836775288
1936947624
-1419364276
-1611570150
1214990311
-926943593
90665056
-1759063305
66638011
-841582239
1743206505
-776394243
682202554
981238041
-2037599561
1376242683
628307212
1512124920
712034802
1785875592
-1503521490
-1377338768
-735055195
-1871418057
552659993
512030080
-1265106688
1969764872
-1758522206
-193192375
-1942546727
-2081883872
-265529821
-1769101086
1390210548
-917970500
1650917979
262542439
-1318059389
53923427
-2124182126
-2075538856
-561225233
-774873509
1214448897
-1932304609
-646307368
1898986077
1537214319
855427058
459653978
1380937867
-170908641
2137364955
-190511470
487332769
-81673239
-732584428
-8981920
865519979
1137508518
387745688
1935021165
-1918151562
-791671087
107214326
266354031
1997612298
-1680466582
1255403879
-1396228693
1680477527
-1982738403
1573198883
-512596549
404108525
-1799178333
1890505967
1395707793
-446249103
112159848
79947514
-128404549
-71279987
72626030
-435559703
1907379944
-982958296
866137456
493122864
-1237247062
248459735
-283508662
449793443
-394369923
-2100093294
-974820712
-1718195124
-1028361721
1482746794
1991002524
1829103486
-1673143903
2076475386
-1135294108
-1442349270
1569763349
395081820
612296491
1119195504
-1783782231
-388087714
1668591103
-1185921927
1473726556
-114916810
-1244718684
-1183123069
510133615
374088178
-2016689224
645225789
54627110
305870835
-613564649
342141268
-2124893745
-2046771557
1933985152
-1762202803
1162681091
-1828264123
912792440
-906795883
1940132395
562907765
1288883822
-974628906
515010885
360146768
953233695
-1252534389
1421446632
1161766478
1939388987
717908438
1685549701
25187117
2016258376
2001180048
1672144879
963461672
2036995527
-1339970398
470815516
-1060367255
1833192596
-2080151662
-1067275475
-1575006277
1918050194
-150788512
-398521429
1653849475
-1823143034
-1251415405
-1886673133
-2005351184
1768511555
1376870030
950574484
-542657423
1459132167
2032762407
-532972522
-460214681
-314825947
-1214008199
2051630974
1710435611
1261078755
-595557639
45234224
-106475022
-796330331
1746011591
1531136468
-234589217
-1455416246
-939333306
-675216547
1775149336
1846877397
-362896146
1353866055
73664524
919434832
-1218310304
1084873759
-1584235629
-120650772
1320722362
-243536568
1875150439
1253801581
440135724
1066034171
522699218
-1550246204
1536185803
1699324047
341140393
-787462403
1414701476
-2002535430
606156664
-1235200677
1731747604
455248279
-608012546
-617871936
80028503
1024553257
-1815267877
-127924910
625787485
928277791
1890210951
-2139317156
-719094556
1203861785
463941254
833983089
-1671791678
-1398874966
-74090535
-1846955818
-1837618046
1572814431
1183251895
-391805151
-847162573
-1059923200
-1497874820
-394570211
-1147083397
-215761643
-965210911
-382450448
1426719474
-782765909
-922111378
-436386689
26255021
-1908625577
341984556
-1745599215
1881845272
-2008430469
1618551965
346071602
1867837704
-1027814969
2146357744
-1960056615
1634969359
1461693443
-229861520
-1327604787
284739090
-955840502
-313347266
1739905603
580814361
-133162983
-919233
1327238348
-107063706
99027273
-907468713
-1992885139
-1346793528
-341679783
-36884778
-1126860785
2053797936
1195932849
868727346
-1885279207
-51811452
1679845539
550301175
-1286827941
890977715
180329971
-340357638
-2046816211
-717542903
-723886183
1724934100
-268300073
1986257859
1995751877
1815472014
-115721677
1983945701
1735302434
-181943399
-847731311
-311947189
-784010658
1803285504
-26552614
-1183778818
-309886486
1203333344
-2063293449
1727029449
-920019970
563360791
-563761549
25678347
-2118030113
-1298785734
-659926178
-1405990707
54085988
-418726195
-819907211
-279158506
-290799691
1728438189
38585727
105201790
936603734
600658896
-288723719
384505344
521139043
-2074623695
1806647029
815743764
-372683235
288112133
2005160766
-1970568707
1325776036
-1140960974
-519360576
-1238196897
831902726
-2061171199
-124459994
395087124
1902329976
-1211955439
-1505969212
-838398913
1509336034
-664734578
989964727
2091973792
1100896416
-1072010845
348640075
-848811223
318250118
-74357459
1509809308
-1203353134
-969152475
400755120
792189823
788738729
-792299956
-65804146
-2117331806
-925906900
-1673117743
572083317
-459544847
-7469350
-2083131503
-1962395879
-1175090885
