1718483889
-734110393
-1449501585
-121179791
264851929
1071991088
-141456456
1605862654
1739587704
783544685
1301827245
-568898001
-199735185
525497791
953777186
-1579387876
892738194
-848473493
189046938
874251918
-1252214100
1827496165
553124588
-964079659
-1289154874
736276427
-600584413
884469720
1567301288
-2093980140
-124089434
-1795419028
-1163294816
-1808325239
-601801576
-962239767
-763238271
1939775603
-1521231487
-1308203270
-1579841042
1446401685
-105318099
-477914443
1809958616
-672092836
1047123924
453139435
2119694660
897242964
-1901978758
901866176
-444534959
841432798
-1302529384
925470077
-2085344135
1560766496
-1337218820
-289466972
-1255441642
-2073199044
-1530188051
-347569596
314544680
-438501437
-113373550
-960369777
-73215147
1022705259
1049648019
-519543895
-1946458832
1700242944
15935744
-242050878
1284386237
758578840
1145467250
1615397990
-1161793227
123477514
-1233724049
-1813955565
1347295493
121617568
1770458130
-1371195637
-1150359780
1872781579
1481785835
-288842388
-754640538
-956917865
-2121227741
-478448515
-1827389037
-57087841
-763144732
134921289
744969500
-2138815934
-533641737
-1902849422
1262041478
232048982
-511489362
249605694
203641064
1212564892
-132581885
1204046325
1221184171
-1630364363
2006801409
511167855
-1628062575
1274549077
99974498
-1923592728
-1052162056
-560447947
-2011678599
1215706902
-1329967266
-1074010034
1643766866
-545738371
-1513848793
1805078723
-1980499434
52468225
-401886050
-152207586
-474779468
374005437
389280313
-2102878657
-1170297154
805000466
2017757216
-722955632
-1639041392
1526095105
2084573680
-1087881347
1682010294
-251599427
-1359781189
-752013277
497760399
21211003
-1667654573
24942407
1007161133
1808246413
-1844185401
-200549751
921311359
-1127263314
-1168638930
-1332601640
637879986
1798364575
1553939618
1514372136
1900566483
1376487410
2114961039
-770312606
-1663727176
-1988420827
121941805
-1304745572
108537888
-259407375
-1366091958
1685676937
1147296025
768731108
861837389
1052881971
2077281186
-649663187
428766582
-49809433
535309456
833930166
-1099731606
641535087
-537229899
-789329544
-965531666
-342186618
1319168829
1942975497
-53068814
-1871481720
-889709733
594780537
-1990061615
212965225
689239077
-149052833
439887319
1079542503
1487922109
-1425321682
1342729987
33479683
391427760
1853082316
1732046349
-1735920468
2018928802
1660591205
245409962
-1062477891
2124208937
1036483195
1801753869
1683509290
358389497
-1971727039
126433713
1138997109
-1289290942
198237737
1792804181
1387222886
-792494251
1112920763
1143186248
-1184089350
-248976755
-136339288
-1341730842
-889042277
1006085740
-593217761
2045604194
-1386745967
-29061372
1761417566
1356069061
-1473512776
-929700456
-884341109
1124421429
-1860517261
988432770
884329155
1479529338
1879223264
-356787370
927894899
-2054280258
2039190348
-1720717753
-1927008025
874835860
-774387735
1036381129
-801859808
564293179
379358910
652103031
-1089019927
159257890
-1857330978
-711143113
1339290668
-2117518674
-1227597604
-1883812964
1248588417
368791867
-2044886147
1223998603
-2073210617
1981793889
-1613625425
1362528800
1207683191
-1704193416
82270650
1797260754
1878154357
-693584803
610659765
365862868
1638733097
-566209163
-672785094
509045950
817643022
-982273551
-1475791779
300212588
-628343287
-1100816045
-364783143
563734822
-181773123
227453745
784221836
336443905
1174407453
-512846791
-344326107
1065749380
820213058
133410676
799279899
1649120141
-1770677378
462471118
2078394336
-842076811
-1481441104
-1545310762
533065558
1813139314
488490969
-995453503
-430546303
-13716931
-1489179921
-1402605132
-1846361730
-820949260
-308957967
-1014782910
110689716
603494208
-167667397
684615474
-677094584
721816506
-644570085
-652254586
-1091136042
-1750297462
-1821622109
-1030295624
-968745891
-954646447
-503742528
1200082246
1260886137
-1003582136
1642433675
1860404849
-1555548968
428384425
-1949230626
1201607488
-779004186
1434652749
958698794
913503435
1092468683
-660659562
19935880
-506834507
-816625514
1932765326
-1405606387
-622274823
94612922
1514002000
1190829666
-1517854487
1590304184
-1766015578
67261586
1151578228
-356090083
-1384689933
435275045
1816113319
-479026769
1621558355
-1944033682
412160118
-2002989341
134191872
916746273
-873843525
1498836369
-1607565577
1433995304
-1850620291
-539185942
-680342310
-384177994
508453237
1634495145
-1684468200
-18164837
-1103092018
-357447544
78910282
-1034787110
167393324
664216821
-1986096928
-371906952
-1934991632
-247567611
-1108909572
989253526
1245537209
1781198248
377787805
2104838338
-1462576595
1045512734
1774692864
-607009911
196830456
1042664873
-1043359166
-1051598000
105428500
404355716
1029415498
1038876003
-1821978805
-1501345773
-609493787
-1540438450
409618169
-806966693
1263214641
-714735509
234329366
-1202328397
-344998849
-1170014276
631483508
1395919803
-900268044
57218810
1445880900
-795821427
1389996079
447431149
-683969058
-409303245
-1095394000
1556717822
947327680
1403671128
334209591
1230150154
593450711
-1570632127
676715371
1815392888
985406205
-1971062531
-1182380547
-942967155
-211620925
-1144601125
1447739021
2013463038
930949231
1933470236
-2061135412
