40071761
1523775522
-1762417629
1240159385
-1630040785
496440037
-1453870957
1182821141
1187774139
1184963118
7779431
-210403582
-165923358
402647680
995619072
353606914
-1105382177
1554487638
1631128706
-1080436829
-1111813702
-2144877228
-835915781
-744082257
13597456
-1099287105
-934812726
128949185
1574257946
1373076783
591826494
-1776838117
-388414745
153523075
391362685
-1737224265
-372707348
-1854432492
-1150616154
2048792987
-414995010
-146193108
-1693136838
-283849359
-1105487331
744196537
1947877815
-2045273514
-1526775500
1539941949
26613893
1455776497
-1550471138
1666226184
-1330561002
-473258808
1894427564
893814185
1856573256
251281614
-425652379
907725729
1370382605
-959334081
-1992451891
-780296102
1963170637
-878511952
-499342614
-1312193705
-424034294
-877988255
583636483
-684201045
1221258437
-235025451
1444351914
-1760695889
-1168970720
-2119823452
750978813
-1803243537
-1769161276
-304182897
2141352232
-1996671132
-1874446204
522884053
872688173
508392168
132721346
-595411516
1446192615
-672610842
843816209
353403794
1962683723
-1517505968
-1519445221
-1823658131
2054925297
120975830
812721861
1392850896
532435410
-441356716
-210945648
-1174229225
1643613523
1616891275
-1926039486
-1808361387
232071554
-1225161709
-575046460
1231172965
118971550
1082958736
1734531662
-121724354
-1376406820
-1630742493
1152466880
1077039499
-281034392
1365330211
373382227
-2054603141
-1249968727
-1352445683
1140058736
-904009771
-1477602103
-1996734280
-1771404065
-508663730
1014841204
658481612
429533732
1694122014
-191820321
-1606243211
-1736961499
-847600688
1153003531
138994770
-353650160
-900701095
-957219254
-1444343629
-59028869
1553974380
1356121602
1301087236
-2116699188
-2075930868
-1003544912
-1746803069
128998618
-230161566
-1667216593
2113271865
-2069651500
506489296
-2002097350
-937689562
739070305
1527080517
-1138589393
427544254
-1749246455
-761668653
359960597
616214932
-879851054
634877310
-486730272
-979532203
1332198958
1900423253
-771136013
-13506825
-77409772
-1967045945
-635131931
757774641
-707235732
-107111122
1433370247
-1863326931
-312934225
-1029062736
-1239639258
1051203451
-1341803058
246026567
-1173569268
-142676919
1345398611
-1316985827
-1272382131
-740773423
437115078
-78679268
-1748887873
-1790395375
-1447865519
685778117
1093171785
-734653503
170440102
1989650241
-534763680
-77217150
1739447840
-693454411
285761743
-1822347693
124425000
-1188317478
-1060690506
-467519416
658329050
676738252
1510258388
-2083122564
-1478915353
-1101771231
1615047688
1361248583
2080359868
149350460
-1155113452
1433172908
-1214807581
-1139045661
-1040537436
-1823187179
1393952425
1691327759
296831118
1047472705
-1054691071
-144041213
1576426075
-569609347
-401342552
-869131872
-2055947002
2102660625
-319898231
439986934
27680003
168530685
608366178
1631189022
1613736834
408895717
-187145818
456565830
1592051188
1480877896
718737317
2106313996
-663023154
2142949624
909485290
-1754579952
1188188300
1469440454
-956637213
520265156
-722702344
-36873348
-1014717241
936235397
-295986517
-1948189169
1792142259
959817455
-798864172
-791054571
-1258623722
1573690476
-1032228553
405034100
1893019727
2122347278
1957481080
1613753948
-579379052
-617567329
1115565210
2022145142
1529547797
277299445
889473729
1048496733
2006495584
-353225847
251796799
1283473228
-555958521
-848184758
771761101
-1845023463
1425697151
-103273297
-599717864
1283168866
-1559528629
-1672087030
-721460097
180616197
-1747287208
251478564
1056617243
-910913067
-1098447445
814605061
-1925863169
-976528759
94999097
-845934574
1529381312
-2111646985
677897749
955303517
214826807
1551168643
-1891140912
444903992
1410998661
631973585
-2104547300
-718579189
-1730815145
-451995455
-1041318990
1774035559
-37009814
-1527008100
-550655115
2024800090
-2099110831
-634608758
1913669079
-1739462908
-1216055435
1170084935
1689584763
402217322
-6283171
-1261061866
396485916
29266314
-2011632848
-2096549643
-36442964
-1709624402
1640294775
-2061152239
27343040
804359429
-1940687834
-197330052
-1788853462
231585903
17584604
-65172452
-1127400473
518765719
-2006680215
-810423066
-1202676421
244774726
-1724231535
683468876
-942121446
-1911002634
-178055409
568744179
-634951990
461814694
-1185919524
-1583468119
-174773307
1119093740
875762352
2098434198
-495873309
1589949264
-278362167
-206745168
-1411414344
1876700374
-1486737430
-1202400140
473619514
-1979652900
-1175877978
-172300078
-2075890009
-1306322650
1439586525
1355421544
446272933
-112298441
-352083577
267958515
-1314235990
767573474
1613164208
576753922
-1481373026
1126220575
397054659
-1649877012
-193192771
1740132130
60499466
2032869379
1575055298
-1184578647
-545448843
1317659145
-719821759
1670811285
474444697
-277578526
482894676
619758268
1464646907
-724990837
1384627321
1754360317
439617679
670383178
647822778
834954387
-1539869829
998799398
834349582
-1842058834
603348768
920101274
1407218175
-1747780289
-511339431
-113716347
-1613409652
-102142189
-1303914747
2004042083
1984183888
156383011
-1078088254
811687362
-398445341
-671399127
1210278396
-1612024850
-1248662401
1422330230
-408912859
-1735415570
-1785630234
1944810754
188497989
521377716
1807770243
-162857275
268365493
948108431
1920935119
490047556
-387986138
878191587
-947666186
-2000434322
-509854744
1910116380
-2040050759
-1361480792
-1550558359
-1133278496
1193074070
621229093
948831739
-573729405
1462485029
1363636091
-1643699751
1631317183
-282644540
-1037745037
248287083
566334372
1885650806
1200034848
2015049672
-1243702835
-73632504
391304498
1608843133
834113748
1848378229
-1783379829
-1691639412
-868588281
-1419196533
1429103378
-1577077065
1844153691
