-130271377
1732967391
1590693297
-500790932
-589756181
-1390834811
195539449
-753734425
1311226625
855936913
1700205785
703844480
1208997787
-1999582764
-680894198
304235783
570929069
-542261805
811327437
-1794508810
-340174915
-117191425
-1801669873
-1119040318
-1872992091
-2088017367
-1720939065
-2005518476
-1142650729
1189535796
1204424354
-537842568
-1063190430
-614447093
1346085090
701282741
1391059187
805751253
-1446312061
1980275933
255556893
-1938311833
529266335
-823891195
-1645659236
-2141094406
-2102894830
-2025775753
1654457687
-1199127267
-915189663
1657673671
