-679954641
-1352916904
165006329
757429844
-1894140290
873701300
-1359924374
788414135
227360363
1414236448
-1168877262
-1346183179
385520057
1162243918
-1818830980
1015017669
-1173152892
-1769946547
-148497024
-1554281362
367474748
1637088833
-1679422932
-1961459043
-598734095
2039583062
-1670509312
936390777
-2067078448
1028762865
-964890311
-452569355
-429460243
-280922584
-2143570127
-1836350876
-1305579966
1308576116
-1450565627
-1430005934
-2038423049
46859685
907399032
1562466448
257906659
-256142827
-844683242
366344848
-1542226094
-1861610464
-1994570340
-465365005
-674641400
416712659
-2042316394
2048072544
-1920535674
-623857694
290123338
1583575703
-539510645
510365919
843731924
-130933051
-426589475
-571413591
-1769358446
-1029474791
1894190408
-1741853919
-1043626559
-1175852394
-1004665881
-1463453404
-894466712
1373825579
2015945889
-1496453452
1475657332
-585552896
-2038094858
-884796552
1100374564
-1794244846
1987828219
-1146380186
-493769305
-1464832511
1870429090
-1612924482
1960349442
486689832
-1886165953
-1347480519
-1966132169
-2091352082
-1526664377
1707391362
250669219
-1046143397
-822197670
-226353179
-182786905
1762601966
1325971330
223643973
-1346243702
1996822188
970848189
-1249190573
1614943134
1244937596
-1041891912
648377085
-624593760
278993074
-1939777315
961838371
-701335452
-742336536
864934031
-1717301616
-983131727
1949206804
-1839978572
-816846553
-889299607
-1650254633
1312103539
-1373074340
1246278125
-830940141
-497696706
-1256835354
-1190764353
-1585962305
250958866
1910362034
1551660648
1446278141
1669911805
-1449727462
-2090154853
689847148
-1016347423
-1191093930
-203038054
165597115
1842232182
-2357454
-1440329768
433687166
-1518042220
-834272767
-1839948577
-1626994364
-2065905486
-28445231
-1519075725
-1643844632
-1998350167
1701020895
789638903
-1970166745
-1496826434
-1935592627
275169808
-1266079117
1235104990
-1961043438
-1931522425
-1561940986
-423017429
-1915235023
-1530555789
445941305
808842679
482828589
-1128499817
1577132821
-1789363570
-956245061
1822952968
1498188586
1258830330
-929244231
-707523821
383565983
-2031185663
-559983522
-128226723
2121545610
-777812430
-1218299981
-1183589558
382140289
586904992
-740078526
-645827422
742421105
45414703
-953341428
268279922
1484029101
-991522546
1209963199
512123440
970248778
-1853894525
-1370318552
-1978049758
468952489
-1591078163
404704230
198193407
321041236
-1542390521
1959253856
-676709675
1809233678
-790933911
240800504
-632711122
1680121380
-1751070892
1904258432
-1270344082
-1523643639
1580345006
-368087828
-718632833
1622146593
1020560459
1620325705
-549489489
-315377700
752978797
-1831777555
-887079720
660023303
30562702
909280240
-749067072
1085111902
1632830812
320560346
1765202627
1393930341
-1940319740
162866333
-1728944465
1921124471
2048348851
-539003963
-1071209746
-859762145
-1706163623
-749444371
454206442
-493658
-1491201105
104150133
-421088852
1383572716
-1686962821
-1102355087
-22825018
445727611
176588562
328554980
1739018099
-125312040
1530288414
-2139809747
418105340
-1467258852
1998280353
-263534656
-426389156
478806980
1036976697
2141972249
1222618406
1181803716
-255102043
1862495470
1007421862
-526001695
135700871
-1938405212
-1526142137
-2059105728
-1414397077
128644611
235751476
1245647417
-439103481
-1597368276
-1509803456
-1171580560
-2038473788
251219913
-818746614
-1937656282
1717984125
1626390663
869047900
-1247170100
89460613
-1084294719
-345342253
-595000615
1946655470
332805757
1115623621
-1579970596
-1570305272
-1824970597
-718835874
1780125652
-569322712
1733083979
-116213748
402725823
-504119126
-1015564097
-1746253796
-1120942736
-352736456
-1676697823
860729509
938100645
-144349877
958329031
-1891662684
-976772264
-1962888975
-1534174299
-1911659160
725499477
-240239407
-481356797
-476581584
1622857484
816835948
1489706607
326727698
168976808
1429337765
784057587
2023529245
-242474400
145721730
550873995
181156290
-2050844404
-1043457484
1321023441
182473071
-160493062
1184399956
1588412410
1708503932
421326850
-1009548433
593835269
1427158346
687801303
-2135331388
1871920176
-1000849751
-1108179809
922939211
-884872274
923327098
-748651066
-1593880839
1410899607
198552981
1365755407
-1294034878
1522045984
57112556
2126959595
-982222113
-311407093
545784816
-509738226
1340269265
-970857888
1250601011
93855550
-2029548379
1171272797
1653129038
412108909
-1250420232
-955103062
-1273808380
1621722122
-2121504195
-1997854512
812167079
-650276973
-928040003
1752697324
-1169059654
1011730542
-1540794145
684567199
-692428841
-310756103
-2078550615
-260498360
1698567379
2133867231
-979230330
715615093
38866463
1409478317
2036134217
305847190
1960785008
1916135588
875775345
-1102337549
20329634
1470798544
1025970350
-1392669729
-985730087
635380825
2096054948
309484589
-594042391
431881752
-2032059666
-516576285
408030711
115563629
1926228068
-821810643
-1674567328
-1560913329
489101473
-275966060
-596466471
1359036835
-1846690881
-1107609489
-773016618
-543849263
-1061019548
687209113
-128941520
876428693
932146178
-224214428
-489662463
612713746
669766489
842633932
528017362
235419948
-872196288
775914735
1616405240
-57408746
-1008006747
11322044
-1260916678
218673961
-411754798
1483405547
736323767
103335415
2069778161
1089762348
-891977978
-209705312
-1355723822
-1599382110
199013534
-1693941149
-1144697110
1275316882
1659879800
1904656760
621347742
1175622487
-793882125
-720979684
1159418305
1774069145
-1460322570
-1114150164
-423113637
284018110
633054299
1136354678
-627783508
-471403617
-2009040501
-1490675188
-403873424
1104143999
-1327067035
1352154076
-1814959517
1464423480
-1550377373
1547336765
69048327
411105206
828453887
-537446325
-501719132
-1002337623
1787741779
-2142704715
-453487729
479995510
-456249601
922516692
2103836591
454180974
-1046919602
-3951104
-1706325444
15119681
-1745781861
-1889173473
1433312458
1672452020
1947897841
1092530814
1875990917
1370076817
1853085425
195005411
1389813950
736759263
1915363832
-247519006
-1299802
496539475
-1686455936
-289436817
759052632
-1708970490
-1377695546
-1366161484
1058203420
1879996775
-82387027
355805733
-622209815
1576407922
1180528354
1128426192
1071594795
-1028891103
-1161076160
-1403829767
656584391
