1582710386
1372929447
1814325621
465347257
-1116062041
-1033664524
-1061352353
-1627765279
-606579170
-335113161
373846667
-400701863
-1497535903
-1886387982
-132542230
1619376220
-1028726028
162817676
1750894436
-1893451649
1347052762
2121713291
2125312507
1567068162
-1670954402
-494978558
-1381095376
1243105896
-1938250993
-1400270009
-564769115
-1249210294
-90462197
581953257
682450691
1779030887
-374534016
455094240
-1969812963
-498903042
-1518984592
-1794407674
-187262891
920946527
-1380394061
1754301894
1584999486
-2115438657
551530306
172629010
768543619
1919624524
747983537
-867794534
909513222
-1669736319
-1949474819
1639596602
964014924
917804474
51302279
-1476016717
1552887319
-1199115766
425561696
-1109695843
1223349844
-2130452148
2117121223
1539255452
-571107017
81744248
-407428881
-1090981423
-489676892
991274807
8681988
-1935402092
904082128
817229752
-992157840
353396319
-1891416280
-29566012
-2039101351
-1151228660
889672049
1228658703
-2048469138
-645135549
-1940567504
485021393
-2089965853
-659719379
1898513227
417898133
-246165319
-392400275
-939510801
-1200704943
829863746
-2104577457
165732020
300623541
-513486364
-516214974
987592191
-902825785
360481309
-1207151741
260858536
-1032013393
800371910
-1977630437
622776540
276341711
-361245797
472629003
1679615811
789605654
796773114
422692292
-1651782556
-1062311274
1578772458
1416158940
2141462088
865655123
-130051489
1111608319
1485160541
-1179951011
164243387
-1441650397
482354077
979247136
-2034861672
18021887
-1957401361
-1302469895
-620546876
-651005251
1934171597
740180749
-967330676
-905995283
1446847270
-1979197098
-1368783299
-487419459
1373793924
2054277630
-373088025
734152295
774274417
1891058159
958944612
-862138390
424768279
-1968260694
350042776
-198305540
1422567462
399642968
2086771193
1873554750
1455150330
-1799103970
1065558097
-1730177871
-1933952516
2077188277
-422390078
-493784472
2083482183
1053183289
1678419978
-63939969
-592339825
561507392
-118524408
-1927802037
18196030
-617908946
-2130672769
-1510492718
1677919455
-767041082
-1207093736
-1365974659
108304831
887696132
-1311345491
786560779
-132711471
-53739733
2104567236
-146239799
1964999634
1106658585
-1502375335
-328688129
-2126154068
-552337183
-1236291360
-643825747
1849225759
-370840165
232299657
-491432841
-745963618
-1969987467
-99500859
1664904669
-794267274
1268009230
474636552
-1594246994
231829045
-1575918845
1953551568
-1058186562
-2006593975
-1842811703
833892326
-200935466
1626189799
1802336188
20735716
201740779
1455154477
1993844088
-919314442
1244149907
2103451786
1886709351
2144997348
-1564836940
-991624355
36375963
1191502671
983487870
-846335268
1929432542
-724371398
409468826
-56436937
-53971962
-298718260
-500734045
269887740
-368348532
-939507629
-1107478827
1421078716
-991260065
1137745804
-1384865533
-598827793
-1768956682
1848147233
-572412210
2034815508
-351497308
1772608882
-1181419757
422156572
5163055
354436248
168623013
987402248
226454178
-2038623834
697572667
1963327696
-741154718
-1178613199
1177901740
939852423
-404522882
645339666
-1344188583
2066483387
743330123
-415265943
1799365865
-918125279
1891664688
-1706476827
289696827
-101154959
-852777794
2144209987
-597814888
-809023601
750124035
-1072159980
-1771315160
184067563
812380447
1450222530
-1988278105
1250569769
-1812097513
1296761044
945643352
880318467
405559273
-1300146064
1174095161
-542555538
-2076562209
-1531271647
-749506441
-901364485
49075240
-849621798
-1379891164
-645942400
1036843684
-2131706565
-758003930
-374671369
2071091454
453721106
774904434
1910728357
1495998207
1047072036
-1728418182
719155326
-1101119455
-1223981524
1268047844
-1479534649
1978496355
1577504291
1517142907
1752075005
-1730869157
-1636873023
-420038294
1176898037
580172689
-332394941
1195327399
-881690300
-1261542391
2029854575
461469612
878594016
-1589901279
-717150764
-1597435028
-1586984185
-1058498659
-1827293098
1172807044
-1537837985
-1162637056
-733332503
-882339663
1596163678
47786013
1383418012
-345312638
848702187
-960642580
-1790387495
-2106759858
-1707831227
-321594975
-534653717
-2123045529
-1733300189
1835574010
-665873217
331720079
-1332042467
1065942488
-99048978
-1981235542
597668426
1790807825
-548554758
-265247051
1287168297
461378180
-544427817
328835830
-1169630780
-884917651
879301549
-335369867
-237774574
638300153
315116508
1905157546
-495588963
-1392637668
-484717504
1136874615
1134379620
-1894922334
1006871221
-419615913
-587485182
-1911376508
-1836564515
-684654888
-913888242
1446720124
-792561888
422108230
-1545468219
-1761655077
-1951073548
343067304
-2065070362
-1481535590
1133173086
1401579248
1337205725
472537006
-1700610889
-1132228755
-818495965
-1996852577
1745286323
233820804
727349732
-950490021
-445740129
18846878
-1681711135
1490412103
1742990313
-1350885020
-2011158377
1997609366
1223809509
2076122153
1726010785
-714725666
486524366
1017840552
902167898
-416892184
-2037204470
610778350
-766350138
1972824263
-440899151
2044156313
1556415409
-1562150613
-1825168561
-1101099710
760606488
-472277258
275622889
248219191
1528997320
-1769152241
-1551481282
671423853
-322270395
1368477046
-880252338
1667797428
779640044
-750958183
637464863
-1704246740
1714605403
734499813
530102462
1081678839
-401542640
-1119139169
-1217264509
744468271
-157980848
1929710579
-648208999
-1155457254
-1573040567
-356940979
1123415998
-603364964
478054778
-1721305113
1908727366
-1802272275
1883429714
1818800290
-361730716
-111945077
-224146665
1397506330
-230728788
49773168
-863669239
436605940
154064851
179841415
-420699449
942917241
-1947566407
-878198692
449766640
-1108334232
-1640026711
757909267
2145480460
1789262599
410137823
-1305112677
-287966035
-1416909189
-1334137270
2135310115
-2134700335
-1086073767
62061714
-2099676468
-379114358
1606613116
-898320805
1590864799
-1026749984
72681752
762413515
1782320576
684767478
1219074831
-2134924214
528088804
-1469822614
477077379
716786312
-541048832
2071230978
-1233232213
289000643
1747787330
624189572
-1743598614
-290163895
582596420
-1113510940
1166378781
-1907065028
-1804743553
-193108828
1531911988
1259240341
775477757
236277623
-982160893
-1249437078
1303995474
-1122740696
-1512700582
-399236493
307671500
-825386310
-1066445486
-2074070838
278946537
-1864886065
-2062904343
1308775154
-718627319
-1174341299
1220462033
-605635303
