-552930719
-986338516
88631041
-1145278720
692384900
-672486601
93118872
-1685930135
-271384463
-915535178
-381819567
1822653830
760281227
559344893
-525033336
1299246004
-2083523375
769239656
1460492591
-226339639
-878077856
4706701
-1448302607
985698921
183810875
317884336
-1355103846
-863755112
2029284431
-823264133
129987253
-2000376175
518426544
-2064915218
1292874102
-788337451
36150568
-1790037612
40364506
-1785497466
1324696307
-2014153737
-1843632116
-1518212108
2138173635
2001315669
1660650763
1554594936
69701385
727142546
-1701611128
957832576
308799094
2070817137
675805972
329220331
1171094463
1747962622
1161955194
1105168535
218620832
-306705586
1627816553
791838007
55235364
-684457365
270960982
2001935977
2137485346
481290888
-1136221792
235855879
-1408522742
954617724
-1461181196
-459609924
1377534689
-762429075
556961778
-64887334
1255465097
1649245899
-156199152
926599275
61726278
-1219573376
-1446042178
509984645
232975997
1607195493
-785732661
1605239778
-676234051
-1143099913
1855544583
476334256
562589699
-2032334518
-1901639896
852420004
-968356551
-909603267
-1423744527
166334036
121568768
-1094406162
296418704
-64771386
-1020624977
907890800
-434949305
681813315
526122650
2138567867
73808975
443203953
59154838
-513752092
-249244936
-1767944032
-270825028
-448019059
2128216596
-788506781
-1035744659
-2117659746
-938342762
-471009181
-822911593
-1087245516
1789601653
1912027247
-1568630731
1343752409
-1887328299
-690589738
-60824804
-1399907338
-1780074647
-436273928
945535987
854138245
929072402
1533676570
-526564734
921921034
-1942628404
1618053242
1884935728
-1894293821
-1908026934
-1202615645
494831558
1396705821
-62012962
-1088301054
-2047188103
397090666
-440064226
-1473296456
1473566502
-586961455
-1517532476
-1362747216
-95569697
1385134725
-1043327914
-470039308
639152549
1847037498
-2011923450
773275196
-2086793097
180856275
1871265626
1933256
1548175755
1808235103
1474477071
1929343343
1065199066
-1811147706
-903146181
993335286
23455458
1108254143
27133617
-2039320923
-1999904089
-1762039676
-421262680
47695383
-1755489286
-1934419255
1713878430
617135186
-1283220739
406533993
-624268167
2142380567
35621349
1565160802
1345050864
-1850187398
-1738253823
-1872979325
1347010600
1875720628
1195963644
-462369437
221519777
407168054
1254669918
891851413
732673107
-219154686
-1817155240
-2084771559
33509396
-532637642
-1959008576
147077653
278831420
-1302931735
1888923481
-1254420540
136269963
-1673970374
-1986007464
-571684947
886806857
-96735323
-697806813
1148761112
1629470638
1407839640
1375172955
1141072061
-1907488380
-253147322
-683447780
208334526
-1850270454
948722874
-819703421
953203671
358541851
340752942
-273443472
-860239660
-2050719345
27485596
-1490218356
-1859480766
-2042265887
-1940213355
-1470769011
-1338354071
-199497710
-904337070
1423697592
1155852153
-964712500
-1384125944
391556263
-845045502
392365513
-959906432
-892841140
767103401
-707542667
1010600422
-50589131
1119511064
2004923090
2027186912
-1675750127
1410115126
-58845797
-1618851870
-1431456398
-1985507944
-1386159444
794065856
531827924
-1748883658
-1167336544
894001540
-1607654691
1325247585
-1055970117
-984999295
1111374822
1585284852
-710555382
1774395816
-823129159
1589446345
6939848
-1981661159
-993931108
-200902033
-934530557
115783421
-1076979058
896966425
-219167873
711570066
1954169552
1957862360
-1194935846
1867668102
1803016102
1646656524
1567235824
1183454089
-2115731362
1828805912
420057984
482002461
1918770577
747225940
511030031
279592624
2091723176
-724317625
68309516
-949814549
-2062705247
-486202347
187431476
-41158580
-1566908909
-1343611850
1929267512
290871282
975107183
-900460184
-647031396
260107191
533043336
1754340070
1834778081
1834942595
1127730772
-392409894
-1818606106
-1160709665
-1767040013
-324448241
1788683914
1056084680
-288646159
-861585174
127464342
-1171531835
-956272696
-1334703718
885046234
-577819077
680416936
21015438
564545429
1799355648
1915251833
-37606361
-1096247015
994232877
-1228188384
338565295
691491759
1959846455
-1394124799
1637406088
-1968493385
1800854592
1192374212
-150786904
1691470611
-1998155862
-1516268964
-1657811132
1884141766
727338733
-118770363
132300491
-1076802857
250641322
-2028776948
989450517
-901405829
-570177536
2039017236
1057801180
-1419955598
1660270877
-2018545514
-885615766
1478711217
480657174
1872639465
-711915372
-1710158784
539784699
1706247939
-687427098
1766372709
556917798
-354658753
950975519
605652482
-1634547245
-2000184736
-869704225
957157947
-805612043
-960903979
1152043678
398981467
1684198471
-1042900930
2127421664
-1104098824
365111456
1954407214
-1859713114
2027848788
-847500405
708240178
1646456615
-1845338363
-1548239850
1824543762
272902336
-1223249448
-1810064662
-209997994
1133365800
-36230413
-798268772
-1664196597
1628999655
849654329
931279169
293334726
666055432
-1346789647
-1980180665
-2136446487
-45750771
2075730857
1984995202
-2006807004
-474206942
292492376
-758119291
1049195326
-659061354
-1740412222
869525299
-791035627
813731974
-1086903008
937761429
86683875
567522522
24550143
679106796
883121858
1082223733
635880552
205256202
573910897
-1884704601
-120393920
-1356864803
1043353176
1423784422
-499093774
-83241396
-1030518839
317097662
1253429834
-637227195
1443431304
1755831813
363629476
-1360567274
311796621
-845496238
-1833797819
-1148644612
1897466632
-850363218
-2035096568
-506656775
-2145873500
-317006708
-1674247620
2013842410
1127196431
2113870582
232250572
651399384
891579066
1619303177
-2009972576
1198493581
-1052279843
51646883
-2118175165
603138666
2108835261
1840453210
-152702522
107014520
-546878415
-97300561
263609571
-1086676036
-1349763999
-710168958
-1830707356
1477274062
1580058065
-1165660983
-1341634107
-130480724
1467580317
-1865563268
15599128
-1559288885
744119814
404261843
800912168
-1013745297
-483886036
709836723
1719733729
1692892219
1491418653
-57995931
463883503
1140948747
-1148645618
1775235720
1858753188
1895319553
-763871257
1718227529
-1294149346
690582494
-947336700
1225636560
-191349592
-1324205422
962263609
1676529149
-384972704
-770217707
-1687992297
721650003
1033349402
-420305801
-651960979
-922900172
1799137924
239618614
754487825
-386071730
28320394
-1085636145
2009096160
-1280953259
-1948602628
-41725033
-1042574590
-1855361806
1333700972
1076418762
128334450
1835723258
-178948772
-1677993756
-267739971
-1552497693
-1120858983
1038247983
1933554953
-618806925
75460065
-42640483
-159122344
700457401
994300363
181446103
-1478163698
2015793473
-1233925656
392425877
1730715312
1436073602
1290055204
125963567
-1091260434
