273029478
1375120135
-896226088
-1070904146
-392223663
1546778948
-894599683
-615982644
2039589830
-2017786185
1096379045
-910187237
189066499
1351414971
1385590217
201422707
-875553272
2008752574
404698466
176930161
-150614626
-1459838228
-1223316469
-1570932158
1346813851
-771152596
-40240924
-2040982591
-252720796
2100193615
-638117446
1626229700
86667955
-750465146
201096036
173669043
2132827802
1620878869
-659671953
-1500618919
-99761976
1810181958
-1360280067
464525310
1806656265
-391540065
457672425
1816205492
256704275
-1878053546
273095983
131347185
1651044478
-448530940
-119035509
-541523362
-1809153260
1187178393
-1144616609
-742829331
1848140107
1165993872
1610207961
184439857
1133307663
