-1287204623
-1606044910
2007599649
-2042173791
1604247004
-85703708
729827804
2126865040
-1429033920
260619585
1926935831
1577083449
-1995756705
2129264091
-1351810546
-1851800998
-587305448
-580882576
-708109165
-5001689
1100210280
-476747789
1834598705
-605059674
-329789134
-1607800308
1855170195
1316771129
1626821698
70940867
1227708711
-71126404
168411279
1463874167
-1758941955
1916080721
1945980608
2113447700
-946673163
-1574900680
-1605329935
-1711137404
1505170969
-1927397661
2040206518
558840934
-1170210233
-468039159
-394097569
-615790083
-44303085
-42757766
-153320323
569997162
900616171
1701477747
622717093
-1243288803
368634491
-611636173
-282836365
2017230473
-1792352175
1021987021
344959441
2108203798
136748228
509082432
-1365969543
1645290076
1281159442
-2142681660
1436807095
1081716109
1351114952
1902732134
2092274547
-1781305295
1202081894
-641074218
-489515666
-112682471
-1006503358
1354907775
1034075596
-2090724211
-1493217876
1744455384
2111428049
-155789625
1821514834
1881224185
-1067504145
-203977307
-1322239514
1822559601
-514260992
1579190937
-1663864323
-862698666
-116051505
1934044643
-141920198
-43890788
-765641764
1125597186
1382430379
141674154
-1369753504
858254951
-998039950
-37858006
-1206755698
43474796
96755367
-619665632
818769435
2136412547
433137021
663331902
873058048
1887599026
-1807593565
1859775861
-1936823938
1927058750
-1259263508
-873224241
1372158562
-316120410
121514289
-2121424773
1149298570
1423668690
-885998475
1152130601
1217714343
-1477895284
-1715495605
-69930088
256677955
-380125137
1889747572
-1042700436
1990328581
725192093
-2079696693
2122040644
1048574772
213677174
-408787355
1054649356
825020025
-845867898
-1025180684
350973327
1885424616
608909438
1757157483
-317156529
1092228161
-903489306
1184277223
-708780904
-314540430
1222629970
1294999245
1362971090
1746723424
-1825703213
-1277362641
-1147664105
-1722004506
-1800297808
-396413325
-1530193915
378526237
1736150102
660405046
1768337108
-1263776035
-1476626548
-959593619
-892680022
-1904962940
1399938026
978320589
-553624275
-1172164619
1270599307
2073825644
1274290010
206245091
-1922134271
-579886168
1537070484
-1875647921
350318473
-1617550265
1539088128
850606414
-1935733633
2103584480
-847136241
-457117680
229771027
658315384
-586637221
-502625507
1350481725
1244216431
924093367
-22751520
-1238267666
-1083436131
-1166493567
-646472343
244938887
1767215543
1662122297
-2021100434
533291662
1920648439
-1416794281
-82450542
-481158498
1359008764
446791000
-792427799
-2087551585
1912567278
-1390721511
-785153605
834270007
-2016392987
-780907159
-563665528
1978471040
-2087540085
147394008
-19728052
365125115
-1937639681
1698863061
330204420
-984593725
959861244
-997028361
-1713162896
-1420228859
-1245290950
524423834
-1265992679
628863919
-800946413
-1198949714
165637013
-198965913
1902690410
-1620059701
-1879616503
57966782
1274667208
1448000391
-372694034
-720714331
1745353159
-1161322996
256086296
1106812447
589779635
1660813796
-1733407244
-72170440
-1327371923
-1631444202
-1768763631
693211957
-1570267758
-2121945225
-1741855519
2072975372
1869834717
-1112207815
-1691374145
-2001652458
-150974519
1889864903
-1800821709
-1723478782
-353445510
552469717
343854453
-494786292
-1335470627
1292554162
-148812753
-1971974545
1842033421
-1096607008
-190522489
-2141833448
1758862072
-45223451
752350812
-416734821
32355906
1527943523
640790222
1985768554
798964073
716887910
1699150340
695742531
1815093289
1298916605
610432041
-242676246
1107671841
-819018485
1661329590
-550444264
-1606061131
979119198
-1546851594
-1495704909
-1713706442
1836820224
547154631
545442878
1145000512
2002241229
-377114211
-581099886
-617631389
2131633989
1987290060
1979687374
-1053432827
1392204451
1595122181
1475351691
885165190
2127565870
-1555200223
-1753724844
-858500955
-266460210
-1446887907
1456281940
-653588190
1048647393
-1794722715
1417719121
1305200547
-1167093169
203762773
73739737
-804989221
-520111653
327332860
-2036043334
-76605208
-1128646468
551470114
-467383882
68970492
-381894804
2080328588
613835895
519626047
1244007103
234596989
1158544832
-1763761676
1255327798
-1891802496
1826933989
1799237338
2098457492
678788709
1297868413
-1135534636
1316768178
-248383864
-1510177451
-170921525
124554383
-1615948456
-276304218
-1777698605
1776407723
1563500567
545580426
-87249780
-1317233772
821610462
-60005972
-914475830
-545608768
1036330724
6192447
988082296
-1380433507
326716927
-1855730127
-687036231
410626534
1269016169
-808542561
1901351503
-1728057032
1157344199
1418901643
-1983676096
805337317
326287975
128039115
-1781468490
-1740602106
545631689
1287986500
837636390
336795606
-967808160
-2041675176
1555273397
-2054640066
-1346472551
-1517698148
-1093488170
-167398997
-2058505444
1734603726
-1378201545
-2014465241
2021299793
1534418949
911143901
-2124495961
1817194789
-875818454
-1727547763
-1025933919
-1610661619
-1615362394
2065325934
1969722338
-49580214
-357725860
-1530876181
43776413
500072815
-1117032998
-856947490
-890964026
788829728
838211274
854246634
1834599328
1611565595
1850638510
-271246040
-2068682091
1439805820
1423426508
481104645
1219635013
870191420
-674840218
1920465513
-1489407008
1124574458
-440209362
-1789543652
-709464648
-64504578
-597492744
486312037
-1744871919
-2054702983
-2136527695
-632951053
504134715
1103536145
155109519
753163521
1405304034
1813996701
-1719343735
874940596
1314308772
1879950893
703880713
-1541383993
2129019876
2108434252
-1164321568
1407660905
-482641443
553963656
2030449786
-1677076635
1360555258
1832216626
1555199314
608838531
2141532771
-1259625887
1978300327
1059156014
-1031573797
749628733
-1956000657
-1090625706
-1139363128
282533241
-1524479604
-961198441
770573203
-1521328351
912434493
1384814490
-1607719374
1215884949
-502868777
-1680807237
-795771134
-926130732
1740841651
1821020140
-1063019815
-1486591491
1966485354
-2061973032
765179227
580756755
-1753394625
1241585483
763809932
107116544
-708178724
-1653395760
1620521383
-848052004
-97614271
-2050977637
1968199469
-1717137042
-691912455
-1449078103
-684475328
-1268723214
-106987378
-1154741467
52821297
1828113436
88937022
1160183053
-1071042218
1411899997
-64000786
2043865877
125996577
-1827080348
668425310
1227699403
-1171347603
-988853785
1068739485
883499515
-337059557
-1508456286
554599103
-1037008812
-213916195
-1309990241
-745116722
-1377962165
192558929
-1775560776
-180473090
-1011993026
-173331631
89247066
-1388440029
-1097637667
193587849
-311809141
1404303207
1797807557
-710851511
-2111011283
1762101047
1073212269
-1199019109
-1636362621
-787310211
1847959365
1329721752
823527668
-1990387180
1233466140
-1126199049
752362255
-222342024
-1592867647
-1436639514
-2009512497
-323714371
-295375891
-526764772
2109493279
1188222914
-16004513
-429037266
2007115167
-1031964506
574519881
-1041160926
-398205528
121117049
-582844694
-966363839
271736462
2118857014
1945049979
538402609
748546340
836958449
504935503
-779774398
1336694916
667069004
-621896139
-488660729
-779281905
-1823952593
1801191456
1126843433
-1199169102
-317209417
-362632438
51725943
136666731
-75228306
-1200550892
827318848
-1065979125
220409533
1528995057
1487042532
-1647003843
-1177566818
-1880328571
-430418520
