-1240906412
-422983260
-2093690438
1684854000
-1485865476
-742485380
421688412
-221063220
-415794059
-1647739772
1514139944
-718795177
1621550937
219668619
-775802610
1774288277
-1521994504
-1855293280
-1915987859
2095810043
386304602
1241574595
-317429832
260415812
1014630020
-798689569
916374101
2134616452
899087866
-1406184969
1869660104
-148636291
420932229
1624238240
2105060112
-466938320
1796870966
-1996097873
-236202927
506094007
-1209192278
-1253305806
-1505650510
1175549777
181309838
1044860835
-1476623224
-1872365378
-1673362587
-511183526
518058932
1926214861
-700513400
1893560899
-380971960
-391389390
443743342
-1301902383
-2125828240
-956599907
-2140302547
-1801324750
1699372175
-1062335993
-1162983104
1297273284
645857960
-1165239730
854521482
-816862010
2021805055
655785220
864346011
562700370
511995903
-1344158845
499543089
-1542973045
1973745502
543347012
-2143862272
-983082990
529882750
-1757079440
-1558919243
1477889725
383318550
-1942352969
1660507192
-788997238
1158414865
1647417697
-1274319
-1394832687
-1244272970
-2043231326
-1214529586
-429172295
1154044936
-1827870159
1809654466
1577855980
1538688879
2120194331
1464690832
-535598962
404413335
1864364243
-1996029176
-828149142
866299543
-758645874
-228134638
-1960841362
-211745194
2045608909
-1496640598
1917424473
1840420649
-1458356165
829574954
1832870322
-839380799
-364877640
-915997489
-872572165
699258180
601098421
-1562349451
-759051994
-1440383304
-1165319486
-1592748379
1312726856
-1819814232
-721290908
1998515921
-905863028
1124869121
-814739157
-1688050211
68665961
-172231876
2080358404
-788540191
-1071809001
-991380287
1888902603
36382765
-1380317890
669715850
-1293194716
2091217549
709660144
-1172761081
-116114549
-1426951987
-426907175
1784464193
741542824
862208383
106421429
1706018369
907670759
314856699
-35199487
1900424626
-2035829432
793565606
67269109
1519809989
1672301171
-501864329
1724032432
486027860
-1953973489
-1253050953
-664126795
1015068490
412262739
-1126807033
104734102
509043521
-549369124
1764657063
-1817459730
1043427436
-1145208383
-218562572
866807187
-1858113610
-892185884
-1297621710
-799881972
517263915
1323459978
504652939
-261385408
1756636311
-920471506
932697176
996244080
510714220
1929631377
-119709026
-1190466457
1661074664
-256910059
1928798170
1123602415
-1615949961
-1928012469
-979910143
1411877255
506479189
660109258
-1125147711
-1326752942
-209886601
-636829886
1758151693
791564369
-815350357
1262205136
-1401507368
-1782241580
424914429
318246291
-170930145
738455085
304674653
551993726
-1759523283
806505383
353196926
-83164305
-889016294
1040882358
1049167872
-464885120
404284308
1794006127
-643087664
-762760035
-2085167903
-668095942
-1212942129
-818718121
-209518556
640065477
-1368059215
857902070
-164472098
-119738309
-1367755737
-985764908
1603858871
-1183245643
1648347456
1261804008
743089790
-1809714704
-441285108
-1702665055
-1185547666
196766528
-1764049790
-958450955
-982372173
926476485
547630243
393214904
-292645589
636252891
-320523554
-152084943
2034822000
72848598
97024182
-242405399
1940736534
1636815087
-561083487
-283274298
-2113804751
-1869881480
1788313139
1848176217
1871024921
817507671
-1509755012
1712737139
-1909458320
-1059304015
792155309
1226705150
-470888348
96162532
-1568227071
456907529
2043381809
2132034235
187918298
-952861404
-31896343
257628636
1300374825
1731503341
1988313719
31855237
-291678189
-1865152021
1708085985
1442456183
-151012399
1705023130
2074741708
1867310129
-449221929
251860678
1460949061
1159683937
794783799
-678430948
-833363267
-749181801
-1147630776
-1981027843
-1915483307
-734236613
-96466558
2006287765
846454364
-1060353855
4315820
895627052
-1886132459
1353894938
-1528741064
-108140613
-569558339
1950195821
1565380845
-1390228030
-1420281909
1113832455
1619031494
1500932184
-1748404871
-40372081
-1324028646
533204867
472885123
55911805
-1888366852
1844250057
-2105181650
-952873524
-1093405212
-1934878969
387361419
1781867757
167254670
-332148608
-139993348
-856961281
-899167711
104048184
824509431
1455847485
2115836564
751933826
2052206857
-120557641
-192757427
-549767976
2000116254
109033797
1946972170
153743594
1035948287
1718962871
-1224893436
127948537
-997795045
-689477551
1857229649
463893604
-245309559
-1057958794
1931871369
-1591643262
1642131789
-2106145118
379935916
-2058654285
-2054309415
-1962746467
-1641242813
51235505
-1150220329
-200441619
1536007364
483508523
1674806821
-469211765
-1173050566
-125842284
122576672
-2076169766
-22723291
-1801442249
641552421
1202142420
-205049186
35372942
188739925
-754219898
117088447
-1237462060
824259991
-648316994
-248788159
-913525031
-865573150
2008456961
914693221
1259873044
-1287183684
139505858
342419224
-1036396290
-674489603
1877851345
-1253433519
-1414137443
2021301976
-1154409711
1001239741
669906526
-18665445
-1906306706
-837520482
934423080
-1428576075
-1093376755
-819490832
694906797
-676744071
678054596
-964673843
706169090
393388832
-436704565
-1056636399
304508017
199218836
-375919692
-1839363519
1459014286
-888974997
594393240
-39300440
-1281400441
-2022954575
50689682
1621842883
1616212416
-471145494
-345907855
-1402230818
605546399
-502138282
-470980696
-961716738
-641266013
1184961654
1404145033
-1952925951
630972859
-185748785
1206517682
-1679943420
-1554805547
2051298029
-1100180281
-1535769340
764998580
1751732138
-1363812767
1874836167
2105496070
1393623471
1425381701
-1903446276
310266037
731571259
1081437400
-523407455
2039540861
953401891
1030204882
2072113828
-635524674
843001625
-1194125262
34556621
1919816082
-945237712
1059828849
1329254106
13558818
-1966981473
846748666
1796390635
732556341
1100641220
2129105112
436851744
-696614903
-637000340
-1817338704
-2075548032
228506470
-940543151
355543794
1697320220
1009305327
-1897414941
-332737973
538041459
-1230192454
-1690129845
-2035334819
-472144104
564927011
-1417051220
1264779954
1994876049
-1023901987
-1314873173
-1886254099
1169564290
-1602905783
-686002639
1976863810
730014731
1027753994
-899663761
1200467495
422843245
1975982297
-2037190878
1730691147
300427763
615586965
-949655017
1589672391
-411602417
-339908451
1868165617
-1104589421
312575938
1420482914
2079658282
388956474
-188908735
-169022921
591130967
115342033
-1447904811
-451692949
1365559471
-1447036379
1528635650
1670018968
-1461576755
1448685875
788307947
-896592579
439998389
-119410724
-2022503692
-1906665078
547719188
-756754727
1276708265
396074875
747187659
-834353685
2057119454
-622784984
161642926
-1831536297
-1041319146
-1062947494
1688891272
1683032721
-1821914840
-1282760863
-2025867934
-1291335625
-427803361
778251300
26219268
-1488512704
265182562
1707821432
463201724
-1513726091
297201172
992435381
1683393629
1831865631
-428759363
1835708806
-1483534454
-2117967359
-2043879895
1894154753
-1663268300
-552959096
325423248
1199107063
625874528
-2009308096
1094132726
2133157772
1433813549
1893543562
-172454188
-609905911
2123256085
815605388
-2085436168
-384145424
537775474
295253864
-447312215
-403493552
338112068
-955539537
-749326834
-576668837
1598199089
-1359580905
-1154910513
-1610554315
139978956
315217772
-1433846788
64427534
106549017
-994878780
-1617348562
-563836302
569855057
-2006806282
184931307
-930900257
856820193
1910698572
365784654
-607194473
715360696
1123140983
-1379726361
1637287352
883673538
2050119363
-464351265
1559532937
-26731601
1595010699
-1729305760
1315529237
-340183816
