386955771
-352764934
-477506096
-85349655
751901727
1477692434
672732025
-2106994941
-701712346
-306977214
-1800942571
-907362204
-2002447685
-1833308127
1690816545
60395390
-1733092759
2132647234
1344659349
1953896784
302955870
-448656475
131727177
1819228924
-1770530959
923448175
-2120400748
-522835306
2115075173
1612914141
2007097142
1282279742
1035018863
529962870
942987639
-1088814480
1033335029
318001536
1226729103
-193098598
1444984728
-2012240204
-500633784
839360238
-464039564
1060337460
512519393
-82120583
640841894
-1717907524
1752584757
445813876
1643138574
1584418840
-624663779
1694730202
1570904405
515441877
-1786044911
336659514
938345777
363243579
-1603888107
-365777971
-1451631641
706248314
1813973714
-56040757
