-1028900479
-1329415863
1674750713
-1513542341
1266412335
-1537140370
-552912041
-817623123
1022185285
304669562
-977625450
1701518986
1720864516
-265125453
-1660450168
1568420824
-1296877511
56635288
1349348615
-1386208822
-1159720510
350064145
1344618004
1548256269
1990472784
2089273064
1447481410
877187680
-657183891
-84937864
671368020
1490389098
-1326832960
1787869859
1784118565
-647137593
1382376336
-68462072
-460075832
2136904035
275097222
-1160802699
-1110696977
47763211
1073954230
-145420390
1981829776
-879301056
745626336
-1035693312
-1995779899
-1114754225
-1257769486
370772536
-470736141
-7113826
1931941841
312807511
717837358
1777664583
-1933734568
619559585
1171751644
1928221162
1280919200
1181696131
-308438120
668164030
1229448833
429403846
122773080
-1994441751
766658137
1821579778
852169169
-2039332078
-704253429
709624912
488737049
-1019093709
-1196695478
-2089162173
391012238
918869427
-549721321
-645944553
1350536950
-289103693
-1622094713
-495534037
-2039888921
-1632820825
421045194
2078898092
1161892969
-407255255
-117815704
-2014730605
322174169
901255177
1080549836
160171472
1788790543
-1027289688
-461655802
27242183
-521420861
-2064992379
-679228724
2113694459
-1737040340
-136436712
-781300799
205114120
1477558761
2088434398
-1571331847
-1488176938
-1255199964
1416049589
-1903233348
363100427
1686851828
-1819445399
-1400631414
104943553
1654176259
273200526
1197475679
-2048246663
2135915376
-816659569
888948536
1304789326
1517748726
1595234567
-276747051
283830637
-731854515
1612578127
849685183
582484676
-712202800
996850263
913269900
1522646777
1813349471
-61953863
1171344225
-125128803
307217542
-133519093
43974327
-404467295
1559269598
-2111316364
-760842910
1247091720
-760751693
1466351233
-1625181489
-1455143459
-1316170265
-1292973511
-1329558387
-79202457
1918316053
-2020064146
994755598
1946016412
-597871112
183138645
1419999405
1554464466
166844430
1711172441
402863602
1532838844
1229133688
-752944853
-1748098539
851427219
-326874076
-620965603
-1027600192
860148883
-616727251
-1965177424
1283489305
359688616
-1337229951
-208382101
172799487
2017327721
-357388604
-1333426195
-1702450285
-1270681019
-585068941
-1680848315
-304397063
2042562299
-1491701428
-1039457151
-1164239009
-650951089
1299845357
-2109614460
-1559425219
-361772294
-1796288581
119937565
103932126
-2137830175
1227151109
-1174155180
-203088608
-378077046
1064924008
1480208390
2042549879
-4949557
1662407540
637585843
-1579761097
790267331
460557455
-1638370154
-1211555310
-12505074
771394073
-1787463435
794968542
1178363700
113658576
972131258
1398640027
24114273
-312504202
-1091997885
1844544436
-1551975845
-954604111
-686600843
-1464727675
1199206319
-2086625743
-199745769
1910954013
-99071954
1737569559
2001450076
-754176188
755122583
-17650283
2122592961
454020287
1705248661
1546639825
-1567941607
1597829586
2068685547
1379183630
296694501
871239941
-545953811
-542312947
-1046491159
843265579
-913975247
-127583567
-1523614469
1183345311
-46437498
380925409
-1641748195
-1142449712
-1168018395
2078277297
1444841934
-1447708160
637309478
567863235
-453083748
-178045624
-891000267
482640363
-1533443074
-166457633
1102418821
1840768273
1371348576
-597450597
1897918724
472425307
2135830142
102616246
1730472399
1058212491
-628972043
318607317
2099000551
-2080860251
340663062
-519119034
848112677
-1361084204
-851290371
224468873
156621419
-1650034291
1268920546
1955331857
1064843548
143529204
1349929646
-1100957365
-881241907
-1408537985
626557649
-851573281
-1228590788
-1022500647
581185362
69023797
1095103616
-417578232
-234457562
-1831644358
25903490
457933777
-984918330
778638691
146997675
710136666
-2114373381
-400998159
2023439838
-1389434095
2031490299
-659250057
-1372563800
1089778636
-191985479
1948231577
1470761910
1180281393
-1838649735
-107651051
1566377607
1032103256
-965752670
1167618823
1382931553
-1809325138
-1230629161
2050639464
793623433
-735870436
447309896
1977960151
-382191699
1018544487
-2083930300
-530627172
1079830949
1100987865
-2581998
-310037783
30856794
1760263457
-47729407
-1785612191
1446957318
-479562121
-1612097090
1876195294
1489325213
-1009649405
-646590491
517468783
-1600958326
1187845247
-568409383
542137247
368673950
2041702426
2004005080
671997180
166692933
537033631
-463489207
131141079
802490618
-809531690
-809086888
-1635212473
-1568060420
1276496682
-2046700092
-1133798284
1308958529
-2091588725
871750903
919826193
-387029589
-1163350378
730644566
854456362
-1923370375
1039972082
193259994
-1583925985
410101759
-553435652
808432351
-316208913
-588575335
298831013
161344828
1677693370
808964317
303001243
920873363
745329280
-1410439665
535231398
-2032398615
-1070680786
420363225
555881300
41047928
-1944934181
1195980347
1088663257
-1005566269
1519542350
729113792
531852591
-924766997
1807840451
-1800968206
-976159355
-602158271
1361834222
1518942735
1953057750
-806244837
-572258240
-796373253
769610711
339333099
1243446888
1940995961
68468245
1572460941
1654227740
-1816235115
-71521442
189961183
-1760688616
910327908
1334137440
-1383506282
-1814050970
-1406259984
-1416932464
36814927
-348739616
-2122493332
1398007629
-1500027932
199753203
1138035631
683231812
398071553
1244328613
2056316895
-83424235
-2026725898
986131160
1751389292
154805302
-579833651
-978435889
1468969536
53670168
-1804749409
-1795894799
1157024308
1105560967
435686435
1495803085
1870107845
947316822
595721863
-2142655650
1186007303
-33805766
-396743805
-1316362865
1254942425
461010422
-10322518
-1452251135
-196235175
-1038778696
-1540160510
-122221814
-1286650214
340521155
1111048151
-134576639
2011700628
150456397
1008597963
-876414280
752171868
-1983728983
935919666
730543433
-1182108012
387767720
-1795475300
1536533525
-731666396
1673976125
-1024647502
1221217289
1883948073
-672829601
-1578598843
1472806179
1576144429
-1180658125
229762723
1628523316
-1090462567
901570665
-1241031379
-1412231449
-863723673
-1347350555
12526886
-335252735
-924901861
-2068861278
1584050381
1187598826
-1954144013
-768159277
470749100
-561387669
695728476
1161194314
-1010471374
509090488
-1014260312
-1929392867
-802456961
-422517583
1660570622
-1154006138
750043775
1572296292
535554193
-1171592949
1684758330
-1185217578
615418644
-1820321570
-1161854615
968087298
-1110118547
-1537531002
-873811125
658083618
-1023492696
406530494
-446372935
857567276
-1463231186
1123959196
-2009690504
-906959201
1502824246
1126189557
-2016111154
-1456725122
464325754
-376893441
-572022441
1840510108
-682720722
1382329144
-1893067240
2108579098
-1194014163
483079047
749009876
115978798
-1557058955
1672164768
2017813406
890388517
246540245
-1011054164
826876847
-332481622
-1603168284
-25726936
-711263111
1822163784
169156149
1936070924
1445165819
1111815469
391104712
1709504816
110439511
-1185194704
1781022658
667455979
-91228511
61030164
1869626464
-5927171
593537785
45220110
-443794647
1440898734
-933288741
-778618236
-1211654813
478652470
-515994955
863841047
1933897159
-449362849
-1027046471
-919921181
-1352582025
-184050584
-592087308
-1389085435
358401583
1232835372
-1209981025
-364799651
1636457147
-1163043708
1211908789
1083075220
-1771424088
-1488656664
584102341
999934816
1865172030
892910428
2000144136
-1887341050
-429852755
-1461553271
1514051254
-1163049696
-832619899
-2132916695
510005652
-1532265312
643373675
1790900648
464630993
1385832212
545271561
689351944
1813046035
1014616874
-30020794
-1326575868
568081099
-1987371657
-1101836873
163756920
1268874704
-1264651661
-1974033324
1774667519
2030951979
1347413192
1090344814
379969757
1097843760
-693537845
180023264
1538305823
-1304010291
1679244874
-1646408572
1736001793
1290184486
-1160897144
-2142946583
-1099238513
-358454176
-25334651
-493623486
-1390836594
676848828
-801702015
-1878730848
1794183067
-635654424
610308035
1035495011
-2104442476
253302417
-1335255146
1471279086
1031638584
-1042457796
-1070785900
1209411481
-486566903
-339472298
-1013565914
1506101227
1124555385
529656457
-661367222
1902875144
1806061125
1907658320
-471729513
1255526504
1231560731
-2138623027
-1596000387
184471753
-141497982
773665753
503218129
1428556134
1998470138
-1400909219
-733101431
-1450254999
-1868071326
239983071
1704992963
1519072413
-1608762215
-1518281633
-902152181
2137741927
-1473950360
839200100
-1801093923
