1525365424
1113913685
-1845642614
2053277060
-1434801771
-1097045523
908047492
1360302754
986752184
-1018441787
1823687547
-807766913
-1508116856
699101206
-1330432637
-276804709
1707435079
2032733690
-1673100228
1617269124
-799072498
-845897444
-1679829126
-982052688
439075092
-891993169
889196072
-2043673203
-1715381457
1110084513
1830678889
660847830
-2020518247
-326253809
548632063
1154630440
208023287
2131342331
1871917040
1251998165
-1267447657
1209465659
-1062282138
1190208758
-1028954375
-1820977484
1587684822
1181206214
-1362458736
-740318520
-840759707
-346858450
-1735383863
1249278732
-542413690
1682394779
930948428
-898715074
801506791
-1127862505
-650052735
-1223191179
1503810701
922554007
759806293
1386622618
1353871933
23824273
-1034216387
2013329942
458696222
336219346
1471927674
1889846220
-859492197
1196118413
381194911
2093342538
999879054
426499766
-684684720
105918266
914082970
-180213360
584552779
983281694
546369496
-566935675
1796602796
-1043170756
311779509
-257467595
86953580
-1990168874
637104921
1242035920
-203881174
-1751907170
452464332
1497640872
1157689390
-719657112
1813145365
-727625983
305327785
-864264415
1318914211
913738795
-1031730879
-346115585
1937072561
-1678222382
-1983303475
-1534855687
1388652644
-1315381100
-749066915
1866335609
-869579913
1420185812
424757628
-2132767920
804788505
587818445
-286530120
-374122006
-928684011
361965546
-827678622
-1739161150
-2087710925
-932533165
-1513214575
2142034711
-679713058
1696634827
2040560493
2071525087
-724299514
1945598648
-1066541399
-1843156228
-518626489
-1152558461
-1002044591
1172483501
-622670006
-435946462
1221895621
-269945785
-929632917
-510999566
-1541515260
-1263417053
653266332
-888783159
-202516691
-871183142
-105221496
910075979
1266857283
1506825903
-728327429
-1983905156
-690332880
1597171788
-1082180224
-550792553
2130224908
-892098383
-1740580277
644077341
-1792693602
-188671383
-104986791
1664699184
912936482
-109281026
-1041638699
-2133882079
1022221132
694397358
-1441523779
-111694266
-1099778931
-618525858
-1866923835
490072593
-699351916
1241477582
-1161759365
393597533
573583895
596748301
-2110112341
2010237707
1135608786
381277743
1415161604
1908899533
-2108759857
523077182
506779899
-1652789439
1889437928
-1470725010
292782830
-1479347647
574431626
-1487663469
509790349
1681993849
-175598917
-644151593
1638436981
1375795513
1622945885
-1017504345
-1215653603
675839883
1181299635
1638016749
2006415349
-5679992
-2059482844
-945680764
935192268
1655976679
991868479
-1085726744
801178481
-86675498
1204280319
-1415998163
599680413
-918084340
1076894031
824222002
2019897103
1412655134
1027297743
-559388394
2076932601
-420338926
-954884904
948674793
-457061990
-822910415
-564993858
458866598
-698719957
1184901921
-1655284140
-1846149535
1079289087
-1047973582
-1280773964
-1756719428
-1921324571
1524366071
-1441987265
525137055
688084688
-443790055
1300991970
1973866279
1374338234
1177087591
832929691
-48014114
-246773564
1580210480
310998843
-1858136275
353973409
-1993789996
669372013
-567557874
1305925941
-233932136
-1679089930
-1971215099
1637730168
1693134010
1217651261
-739099056
-1675015264
-1841381691
1267327758
-2065710755
-404554113
1895331878
-1488287846
-553633925
-500610775
-839724546
45561794
644489684
990379737
2113918265
659514260
-70002789
12988692
-1089157666
1713761813
1001264001
2017108495
1597288360
-730070976
-447388564
-167085747
1369352150
-418936753
-652380822
-653517172
-1648502721
1720445240
1890869475
1967283937
-2069452888
-573596038
-225737970
-8241119
1791857497
1348589592
970358694
-1911019901
1767476717
1599034085
680029916
552022147
1581053802
-1659506430
1388471695
-1782059768
828211857
421189285
-89797447
312070088
-1329292426
-2065756389
-877642708
130877419
-1823005870
1852505615
-1527919489
-1570726674
-1439918697
338239756
883561538
-1649740342
696969796
1122821440
-1374206856
-1845416364
-317863558
2003473794
-1394206650
1874058983
869590095
1563534485
-1824486425
69089855
587106018
2123028398
-1354461470
-1964071513
1399895983
246420787
221980031
647901015
1296332836
-1293165627
-1902400138
176064278
1816918644
-611670656
582105578
1830575399
-1486495574
-345457791
2142976661
1831750498
-723724032
814431656
-1716133309
-1138316128
-1707857039
-1579457890
575799428
-1845426596
1656163468
-771279847
1651851932
2085218454
-1221998198
1845185374
-1256255554
-2132121606
-1353113182
-1835183609
1144091769
-1439787454
355819676
-240694522
-2061971086
-418341673
636227236
218097641
1823686995
-1622647362
-1320400544
854355550
-1301026301
-130433358
133110340
-1875054086
-2117227241
2094662284
-1503764956
-665065931
431221639
960943339
-1677061622
708201657
2075611300
-649073648
696588617
-58588197
170907721
-1847696119
662687954
-1069811351
-565935023
-1909244399
948437957
1435518374
1991537992
-441937098
670766411
1912238738
-565421468
1261928764
-770673758
1049391981
2016308405
1606341313
-2135971719
388960382
-1614648933
-517678175
1613142653
-946418928
1300643961
-1926158693
-217459661
-2066448964
5203879
228645172
-1227758584
1394162926
2132282540
1573056987
1214654885
1790524321
1366463405
-283655091
-1443453816
1844557932
1869683231
608262202
126588880
112342722
-59379517
776506920
-959768745
-2132178827
1849508052
-1173016936
1843515909
-1629787268
1237274745
1496663910
779988323
-1307852811
1435376256
-67994763
-1449261458
-1332176276
1816669517
-512087925
-387535955
-861096355
-723122928
-272136328
-10492795
105385207
-2126097099
-1370674562
1197414860
1328845858
-793709280
105741804
-1694960741
1910073795
1800365082
950546187
420937831
-838930626
-1475012475
350002494
1213741394
-1095067332
1333857879
-1235240604
-2088437825
-1293846610
-968537915
-697960576
919875619
-1983071728
41433918
-282577252
1254688290
19641330
-1614852710
-55262487
911019482
307439027
-501157997
-187967957
924634745
775015824
522186611
492386899
-1830725099
-1022458660
1890125839
504558189
229314235
1320447376
-1871259149
266276284
-785460024
653652998
-2078293026
1377896738
1147694711
-776492799
1296322160
-1523490107
307866811
960509936
93069089
-397917200
835165519
-1046807181
-963991947
-95525578
-732690934
-2068905442
159645037
513118428
-94191241
210001276
228435520
179070840
404738213
1380861269
-2087836597
1872186069
-403425734
-1519366860
-1483104443
-1863150823
-1257967922
1008310819
-187103818
-568298967
641243765
1735986872
1252811433
-1226364596
-990532707
-734416043
1041259168
-1542818546
462696218
-2061050198
530187207
-1883942042
-1550089857
-1244929410
727420269
-1892186085
-1265269329
-170180433
1160211119
-638811294
-289001293
1080405111
1758393461
-1101558068
45055693
-1012311056
-1638615390
282813534
1412900300
1942384089
1289346183
1563530241
2143590561
1412261786
1737584792
1730698012
-1107087310
-580317307
1299932001
1987302015
559779181
-952817826
-1437299270
-557214078
-1677424480
1307036445
71836217
-280212115
665141768
1313568753
1774338535
1421783066
-1642649689
409206664
1552590903
1196161241
1032062042
-260510835
1313448499
19782803
806972458
-228321934
-435632904
-984190415
276044258
-2050263442
-1453058204
-1631146946
1844122080
651785161
1312269069
1352681674
-1466832
-696833193
-438263692
646732690
316962774
-1287617471
-1326927238
1392367197
-446189206
-1314781174
-597367534
-815156312
494941930
302827473
-927374537
-1476089979
1067251403
-2144546349
252581920
-886015297
2100365393
-372049100
114274226
-893291454
1008821024
1342898686
-2107921866
216429753
631110673
-1797043351
1085110091
704948344
883907401
-1795440036
-993145826
1048703901
1337917320
2034604596
-232478505
-913867663
905061054
-474613309
-1176387242
-294127597
-2037140509
1967772314
146160926
476814679
256088583
-1126602613
-397016431
-406986261
1517196456
958287209
-857341603
1406625211
1005800771
355915025
1591750710
-1725910890
990801453
1109280174
-984796731
850437649
-1343171934
-1455339465
-1111567137
1796461483
100672542
1355439420
1584784378
-709362383
854817003
1371167202
-1764689956
-447116444
1275250683
-1633865428
-1177992812
-981024552
2121876983
2146143611
555581358
-1876502242
761790359
-852623785
1159369377
372340261
-1003010764
-1073824145
804545676
-1901789219
-223691878
-2074913314
-1550247903
1318115868
-1680529885
-1605919569
2031334113
183669957
867581440
-113778269
3323529
1332967974
-1743901991
-1534052047
2021285324
-1375330398
1972859033
613628109
414281793
2033835151
