970097179
-1572274909
-1439012465
1885380205
2009619887
-56005630
717124213
-928429365
-924806053
-703631732
1540549195
1513910369
-981498161
-1298114950
-1477193315
1243956011
1324112619
-1137458034
426503230
937415488
1454716547
-646134262
-432241740
-203642516
-2083134878
1973605733
-1596691501
717822203
1635195281
1402843708
1730162087
942299863
-1279457063
912409734
1572306071
-1524185643
25150085
-316801268
-1702209082
-96880565
774941291
77690135
-1951233604
1631848165
1104944685
-2081286294
-97238971
439616696
-697901636
1829129330
1069754009
1151170711
1964701725
1798199227
-1068556356
-582282331
-426753937
165659814
1986948903
-1118290645
-1120366804
-675264423
-1963907672
-1308932181
1754813359
103304950
-834406266
-2045418699
-659015179
-467359730
738649831
-1038163720
518318247
948045400
681464182
-2124702693
-962716841
535053981
1540057152
-1649632307
-1746494198
227979766
79893214
-1961803109
-1757747466
-1360941255
34125529
171679488
-276011124
1015388080
197427273
-1279217342
-872696392
-1279155444
1352863935
-1398359429
1374434406
726212249
-305743772
1453385973
-55580088
536372146
-131031710
-748096069
-1431137834
-63028874
1670018434
-526612628
351741334
189124027
1436530197
562916946
220949661
2033701186
-513843688
-338621006
1623804756
1672102700
-1775386990
994870885
1224072319
1942456237
1256187201
-2009041241
-884304261
505308671
1966116213
-558865618
-810221370
-1113134696
-1055343814
665787774
660454852
261595806
1702126780
64666491
-2008027968
-1888880230
1996344807
-1477970881
363210800
1025739372
-1372554675
-1178208723
1821549628
249936510
1380899149
1675692614
535572865
-1054605764
1104416880
1973131451
-700307439
-1443593789
21858326
159015618
-300581186
1526081752
-617734575
1945765292
821400216
629283355
401024016
785455927
220422835
1569606011
1001490559
-1664906464
1581663277
-1811302932
-1187785042
1197531644
-1662430610
-120435113
1004005744
324059464
2049515441
-504385070
1282242949
-1502757698
1567451588
-927121647
-1125848581
1042299114
-712845557
1231103771
-1094715696
-1318052101
19201994
747992896
1905011164
-1705149986
-313964638
-895267255
-577422867
1115508872
1568623452
666874097
-516179917
551113107
-591141147
-1191399020
1732161502
2145788940
259004313
1962467110
859141
1531801994
1237139139
-2019414171
-1977722935
461766019
1844217956
67164242
866053306
-1979359782
297237043
1162988765
-1397660807
24914107
814477029
1358942430
-1554449763
1665575851
259391918
-1601873844
-2095159334
-79069222
79605254
-466573912
1088227168
118656955
678307760
-513352774
-1456923264
-1316199978
1749888759
-811993473
195432085
-1155875620
1911612730
32563041
833466657
-1009452805
-2079267413
803213480
-1323819466
-469527949
-1507875245
-270238672
-553278442
1665913193
1847158105
-1938183844
-796737763
2051906299
1358833282
259997258
33045727
-98254956
783254779
1926326343
-656937587
-360686976
372464982
1226495877
1327007644
-283633982
535335890
-820100597
-1407606361
-378507995
810253023
1193320940
1421010580
-2124664944
-1011114528
1425842875
-222304266
1186657694
-762514382
217772605
-1649659214
249118318
-120930196
-1055758240
1335462372
818961335
1722982376
-1158792596
-134976509
-745440738
-1974301054
-599282312
1927890498
-1356309813
-1206066529
637795358
-949028295
1450676793
1945208176
-262249614
1640077764
1350131789
-28578952
-428766417
-932020949
1160607146
-700870325
-856507085
618731394
739064387
1622474903
-1574658003
658648403
1969580336
-2059558552
-1825674860
2022789497
1586304453
-29041753
-1537230118
1545784398
534736353
1317883107
1035509217
88756488
467586435
-1155459501
1183863981
-840096416
775747490
-1873770725
1101852763
521969524
1223526461
393914062
1237902162
-683663891
-1574636625
2138399796
-1264385353
136568420
1366796104
444820556
59288358
1823757825
-1317920998
-2027819629
454098078
948170853
-1757674224
-321336442
733700540
1286822089
811969859
2145125990
1637013035
1018343783
1763738512
368401211
756719706
1406426392
1209548389
421093402
-1965002128
1360019262
-366220581
1887150249
341517948
1256232419
1151542794
-1272348957
1266452977
1036834
-1318250601
-781460456
-1647317936
1172378309
2075918737
464244279
593913126
-1368185553
891910525
244770127
1819084089
1977102460
-373514577
-150747821
-2057804034
794455782
1156375003
-1998579683
676614733
554211690
676409834
-1786963019
1113417559
808118698
-279666159
-1625272110
508953815
1340855829
-817439456
-1324216928
-1077486201
-1970410428
833616407
1992030403
-49352491
-1623560793
624199167
352694427
1959647958
1359647328
-1194338570
1463689929
2005839738
-1851287954
1123548298
-1463527438
-865544959
-1191447282
-878714550
1854584770
-391147091
-1372424611
1916891546
1002178867
-819969863
-622464191
828562375
863613711
-1920310647
-1305545846
-1666761381
-1826684749
-403964894
-1603630509
-2035527247
-991072491
-1867515429
543691950
368833995
-1497217529
-1369208491
492945023
-42887838
-1816788548
-351101273
-2130841176
-371141314
-1366667125
-540337954
-2747546
-171176248
1574152435
315177380
-1209977862
432959708
-1642611746
-1748540354
-1192782709
910612964
32130858
-1961470021
-233953462
-435306719
-257553308
1757567082
2128047575
-875449012
-101191722
-1403192180
-873899549
1364946525
860783555
726306890
1321079829
-1028439895
1554023408
1710048488
2103430449
-1943041230
-1876884122
989306683
-1565655689
-82539718
480271990
1322441048
179091016
-639404263
-1195046147
1587358605
-1488655857
1426059856
-566750999
370094229
-1293496738
-818925859
-208361221
-925443834
1508752471
1357729744
581119950
1172939278
397882189
2126438685
-1167875305
1966539614
525656490
188053684
-1175703763
1497319525
-472131566
1170592975
1315213516
-1516091199
265374408
705104778
1672433429
1425847282
139953489
1877712824
-522317352
1788994640
1841558614
-290025741
1201575958
1932225854
40987086
-689263372
1956778689
-256452448
2016411484
478404645
1993926597
-264419446
-18466059
-139521164
1752768843
-1007162823
302864837
-802229910
-144306885
-1233157306
418178387
-1276593029
-1359752957
1518627352
-2062027038
-1258956641
-211159657
1994375322
1710279962
474733089
341061560
-40513491
-48392217
1020669366
-2048857993
-1184054816
-115106143
754560464
-1753134596
-1741019682
923542637
-1557415628
1190581379
-1824719321
-1941393694
1523293898
-952713305
167854210
1161990895
-1979288909
709602275
-89848910
89910267
763011232
1222797396
1529269223
954622285
-204353695
2042024131
635939447
-1560912467
-404952644
719456227
-1761401651
-163603125
874995840
-1218735658
-70642015
865220064
1823734232
1746080501
550306665
2019392787
870760932
-98519344
1622510351
1578135837
600109189
249987955
234223075
1317373871
233625720
-404939541
374410194
-1407056110
-1607126106
-764756728
1890298584
741297552
-1694211911
-926194845
-155397965
-1183405294
778397170
1744667042
-2075653160
-91311862
-51786439
1343662074
-1881569366
-1529668462
1019522421
-124258827
1555703785
-118571307
-1719896803
-1651354763
-2042271896
-1569650770
-933869041
417773048
288484866
526325390
1081545376
-1393625572
-1292299826
1498052001
-1830585357
799013221
1503180689
628482867
1732874638
-553765826
-1582414220
-2026713776
-300697046
-305543107
1033937654
1160274859
2146315722
-1982348629
-243636957
1105159104
1407531278
-2132656318
-1015759354
268174140
1892934088
-2064551112
474398811
222403740
-633356081
1931207804
-2091646840
1930560019
490218771
1987858751
1427161038
-371942736
-862202895
-1038087243
-1532946757
1422896576
-1098253624
1066978844
-2145660189
1874886768
1542989260
-1861661955
271645647
220539319
-2001711078
1161035185
-1015073996
99958898
1654087947
-24641754
-1830656921
1471465424
-1269978420
2074075874
-776374512
1184824815
-1371521490
342024264
1120401693
1163718855
-1822742598
188271642
-617352198
-1399456442
553249288
2042996287
-1200660226
551984317
-978007728
480886725
115339560
-1213455238
1031715905
-1911571160
-1794171894
819616693
-59697647
-610141996
1834461700
-805696593
1642020308
-703264280
1571106229
-1094849000
-65140975
118321980
-718462801
1385012656
135233426
839040677
-363817111
-767791823
-1220721028
1981974647
-632242055
1545357420
-514277218
643448650
-2005949694
-1661271118
1805237773
-774464511
-1111895958
412794229
-2031524624
-1632365049
1967979856
-1440991698
-1504676457
1653331932
-709184067
-1730395520
-956482606
-180553777
-2040160103
-2102150244
-207175296
973732108
2058028639
1906020839
1264064102
-1239492391
-1416524012
-1632836134
-922238655
840182812
1456565108
-1316009174
1930210845
-1974988512
1989762414
669358632
-389861913
808319384
867652563
241955689
