842911730
1489456185
-678357548
201562813
1989805537
2029754909
1778697174
-595239703
-1334290267
-1914944219
1084831870
1878486928
-380964783
-786940779
-495773866
409344640
226088339
-697928777
-1618067839
17274110
1454765882
-175910127
1294086618
-1773143011
2033746936
830638297
-951085987
975034963
-1325949847
-1009161048
-62827579
-630254520
-1528454829
-581342610
-1011717513
1471631089
199270959
1461332134
552819614
938353373
-716460056
13524426
-1064776298
-1375948594
379852770
-1140619001
808380045
395799435
872467261
1540882996
-22851737
1728719604
864712282
971871488
1246888162
2018106455
1071582365
-82961557
1495219963
-1577032703
1664863348
727370615
1380673167
1367114774
427098008
842411038
-1273794236
-1531388764
-1720517742
-593238650
1534809001
-1924507402
-1939855743
282648691
199072155
1933024806
959185946
-1972803332
397272299
-994029835
583241455
455755905
-1030606275
-1456195362
1721721331
1689586395
-120518606
-966279576
1145861692
1355735765
928052425
-481029444
-1784907509
1861542363
-867697406
877075062
1584856585
1917286129
-1451236668
1592788415
991236563
809134310
-1342282497
869463963
1476718776
84787144
-399581675
-1199616385
-789846591
1785155994
1671226485
1065968166
500733425
-844372412
1411764617
-637416796
1800944589
2050107082
578900690
-1489926982
-341469411
1448659905
1230989648
1006864236
-143616780
-1792229635
1700559654
821665489
254407662
-1612503921
452090750
-1793875927
-626104135
-701071634
613903530
-1695724748
1222706901
1240818291
1789608075
-188191551
326955423
-335254518
1994545974
1904088708
-1721591413
1459384102
-874972205
279642157
723847600
1219038965
-1316024376
-854039115
1054869897
792409813
1326298135
983824122
1101534969
-465164795
-2103908092
234794125
-495879025
-1378549089
-891921413
298030539
1012664331
5384133
-696489041
-1696271318
2032477473
-774331622
1940572806
2139043796
-1470472068
-602172044
-1103076557
-66670215
688035589
613837519
-1684511836
-54653599
840193380
-160162428
-195915233
1773202368
-1770771514
97188025
1080643751
1800350285
-1415710240
1269665307
286913188
175813397
1523087156
-714550582
1699367106
161670283
2072148883
-95250539
-94337255
-1431968028
146656226
1644875879
321972621
669090465
-164401376
-599433472
-1695106441
-1419621268
273272743
442062055
1099210628
1320761896
-1805308751
-315760482
2050117853
1173157187
118431774
1055676951
-691265912
2038267469
820657267
-899538329
1563093005
63305166
1462961957
-1183561031
1734437468
-562979245
2027934488
867317380
-1244264467
2054581194
444940129
1295232256
1450077993
-2124893169
-2126684589
935464405
1181008648
-291449658
-198457159
-1944871659
-2085344774
1973740139
85533023
-1579476372
159704843
2136323238
256167127
1524438934
-1092722367
1189077987
674488697
1382007312
577224008
-538538974
87069611
-698280942
-815403696
1999038731
-1180851615
1716166843
1370512182
1940987716
1383434215
446263182
-29126431
1691600647
-628788514
1969462044
782992110
-727905298
762334083
-1005803773
-1258987121
833451537
-1652143817
-1173044970
779293616
1782952018
104979514
50225629
-208093093
2000281590
-1425870918
-1459027905
1423903324
-1123393160
-1280456692
-1086927747
370860583
-1391788391
929235256
1509860962
1164317178
-1652624965
1423602107
-1704279368
-1631459266
656493167
-1606224505
645379070
1280287794
234260300
1009083726
-1769026985
-2104457014
2076014850
-706134529
238157508
-489047596
421708462
-880952176
-996221547
-1035581603
-247755921
1318220286
-997120996
590613330
1711355192
116822929
-1482357340
-251773591
1305554151
-1587115164
-983282783
-1686970047
1720788886
-964457180
-418855640
-1481739576
71917873
254358295
1924250016
-254053156
1946923081
-602839200
-2106502470
-888551884
1108837158
787946880
141701534
-819208063
144185890
929865760
-121330842
-142187056
-732196044
-1381861619
644229327
-1312776143
-1950967093
229124483
-1156758227
1569380253
850515420
-1904189267
-881932129
783917588
-740599490
1307979372
-749663868
-704409082
1072153141
-1531347881
-518733523
-1904154893
-1795963829
975496962
-559775789
-35445675
2045788262
208636291
-517542965
-1537953091
1892694295
-852394703
1492598776
-1253118149
1672558639
1128927663
-1298481792
246893826
1135344024
-1230831320
-1064500031
1970957644
-326865055
540812507
-1776776826
1088835963
-1806863590
362769882
1172805237
-1905063040
2055583841
1385506317
-572681268
-121925504
-998714180
-890454659
-1800305332
-2074177100
101216425
1085188047
937292660
244940688
-1146161676
760221197
-1056328718
1911429927
1708019527
382294188
-2075114154
-549111347
1265798407
670881226
-1945652728
-1945657603
-2066119843
-1762984010
-1911738756
-372240259
2039330194
1325803445
25224867
-1595406144
-1141628257
-1026586365
2104274596
-1645040758
840025860
1107560471
-396850485
-1287659303
-230234152
-918609365
-1987362111
-1048856061
-1609860319
-916532997
-1645972483
-1609792229
2040086885
-1201969460
1059116922
1169437337
-1859820416
1995613871
-1137660246
338686265
-736841800
1454742790
-1353479254
-539286493
-709708530
922549319
1512827062
-183953589
-1297779754
759169536
-63946018
974853658
-2082712438
713435162
-871977990
-980498354
-2074964518
1013720673
62064602
479918366
1642743558
1488521283
-1991284542
2142186656
-534312080
252205783
1569275669
-2138265745
-2132581524
1088075553
1167413327
-805974904
-326719910
-575787884
2063051064
425391476
1040013815
450121687
1469841238
-1615189844
-1475890449
1037300171
2072917410
-2108075464
1989610166
-1602174259
1114241151
1616437912
-1590927721
1741907512
882091239
-375982104
-1212732404
-1909409235
-1833177369
-1741064898
999636560
2004309910
-61670580
-1028150186
-1756806861
-1525248409
1252450462
-928875151
445066540
719479334
95732557
-957083271
848486580
-561231187
-999096022
-509701527
-1445037359
-1948205778
2077106200
1235453419
43731696
-1419394696
1291416578
527674946
130640375
-1611196552
407875599
-1292790423
-729853798
-1899974399
-1257318636
1534011004
-1025245458
-1279228977
-1560395958
-996083369
-1192523461
537196488
-1060856512
-1878510468
-108061163
376272261
-1549841901
654190905
725014957
-2079925999
-1433716517
-1902440950
1755118180
578145520
-1828499608
-1637647557
-2049488223
-1182969502
-411101651
-1421963823
-525544477
1087370216
51901308
871421099
388706073
-1455523065
-110467597
1903586275
1792017969
742328907
-1993608650
-1906775431
-825189650
-957087090
1648736221
1254360626
508716798
445260410
-1328619088
-1310322243
-1996150453
859417419
-1136564975
1582807320
1254093969
-1716613671
-520698695
1629003825
1925714736
-1135090731
-1868445017
-681261104
578933826
-547407534
-397054636
1635835059
-558328336
-821269881
-956804054
769250554
-2085838591
23271891
-653807817
-88703035
669690291
1695744512
1837323805
58714907
-707130930
228894923
-150445491
529515533
-315881483
1130378660
717142132
-1514007269
891797566
1090810033
-1072614092
-738588971
74678789
1715482136
-546344681
1251968709
1270200061
-1405048451
2127777728
-1944717172
57976711
1305187785
-541864349
-1383443126
1279111238
1854137645
1857144182
1937333571
529644786
-110850714
-1327328856
-952844354
2040405101
1298975810
812111890
-977773264
1957036563
-986861470
1765988780
-108066918
-2005776299
-626988480
860162561
-1550293714
2002929801
145566067
-1511596762
796383544
-250487814
-2026075598
-1041694488
445552444
1966463558
1242421014
-1976339132
501302362
-107894551
-38690013
-1800849381
1718340346
-1996640236
363888648
1675524133
174867620
-660617021
-622340955
655000358
-816308689
1492383758
234821582
1567482720
968677917
-749401154
1739551566
-1862770616
-394259131
1201269794
-1816915154
545379964
1846063538
-1588218077
1138337079
1336154867
1578453963
2123757718
2064108724
1752391030
-1398645325
-1277455407
210210428
1026932302
-209406734
1606431360
-1636435666
1293028158
-679272876
897797305
-410874434
-239544397
-855348207
1977032269
-1005769680
2089444409
-2045429202
-1174987424
-2052093788
-353433295
-1579477726
-208222661
913992849
-1296099136
-289347909
-1647259552
-1628485547
603089930
-16593598
757866718
-1488791316
2074021792
-1593982755
139267559
570287615
953271094
1409919796
1027524511
1809669153
-1253949287
1173017943
1504311862
1394820948
-846168609
508678111
873135416
-341937711
1440177887
-1683015341
-1840569309
-590959864
-1288402461
689112780
-1002044359
547879653
-1330883684
1713713882
-402865257
1698121044
818673238
-2101348695
1590084999
1649353223
-723810196
496103775
1341147153
-1791234954
-376150531
2058412488
321701591
1269452839
-1486356001
-1167337931
1028405026
-1690577617
346968531
-1271531872
1493135671
1966682359
164776442
460410132
896097007
521297731
503716744
510865483
436184966
-455555216
-1250940234
