1004920872
2085862431
91140708
-1716007927
-1647658629
-339778296
-1739609382
-1984852990
569978791
-44080646
-1461547045
-1276882791
-457640747
-1579062479
1013876371
187599958
611417838
1209224006
704610441
-1987720784
-267019427
-131931744
298548993
1490039963
701365017
1001871402
1881024673
-1261131419
-353240350
-914653114
1068864854
438066370
-2121389110
-1480815872
952464504
1337880869
95182838
876580998
1971581227
1354698064
1300840358
446929624
1702230281
-1036990418
-2145408398
-1781717061
-1545156355
1189117408
-583898923
1865635315
-967777167
-1119821291
2105602543
-2018102864
993843883
-104045666
-983807610
-2077699000
729579124
1684616513
1134377549
-1557050586
888108026
-1681616948
2135781481
634092034
560478455
-749239955
1265186864
-556045230
739707665
-1994858943
574088499
-200357377
1582452867
-1006295510
-1793776258
303326043
1340761853
-1243712540
1516619037
-81000365
-1850671927
370395482
102147554
-2004869408
146429998
719342902
430763878
-941773629
-127848167
1571311030
869972812
-1753823119
-1099169544
-1583145786
-1661222452
-72964789
-759370519
1832786250
-502150545
-697454831
1310961172
-1332315718
1259398423
-925931368
-1678042028
53259252
-1480085694
-224198213
1632780060
1103978060
-1599067761
1224923279
-1401223016
1624868328
-1564876416
362174938
169287442
1071117899
-689540224
1421145284
-1025681257
-1764729298
-593647320
2098730447
-1161245479
2107162006
808368061
1555913988
-905141929
-1103386334
172516093
855212910
-264899653
-550572379
-511047654
-892361780
345474690
762801908
-1729374970
-911746431
-1431235615
-1286586112
1557966833
-1732546353
805202663
-222793178
-1848077553
-1573124284
548977374
-39061563
1512202398
564032371
1691791607
-2063489519
-1183288537
-2016852761
-331461595
741425190
1565224451
-1418582700
-219837624
-1461586592
1920143904
1525975056
1372412302
1381162985
-1630201083
-895525696
445930774
-72066926
1512990739
538884438
655723477
-1901972506
762246669
-1937658054
257993405
1968979068
1209887961
28032967
1285102363
-1336181107
-683719289
1225040888
19503680
1975007429
1435421842
-1087349918
-1534994589
-1950513571
-375880602
381990501
-2072181819
-1606085015
-672289758
-1852780642
-287391466
-1387887506
506588830
543041695
-1002040809
-575986121
-1012499025
-1017487902
-104058496
1160798952
490020265
-2066504198
293565219
1479534419
-1037966043
467767306
575181648
902187914
-743262973
3585403
-1748297605
759561652
1636281522
-1024503063
951560988
678266404
2119179950
1425800285
940672982
-608864089
691784010
1913053377
2052485083
1853597469
-1337960529
1369788560
-863323250
722889034
172453668
-1618052148
1998680937
1010044397
-824587121
1504418613
1674744608
1721223442
-1759496645
-815466313
1777326854
2105979812
1918584282
-1949136093
1391121328
1246539845
-1434497330
1538136354
-1094391849
493504866
-592321373
-78637211
1481422978
-277226367
-1455766048
-673204703
1100615524
434874077
1062350591
-193867334
1819022210
1503495987
1465047480
-1487291714
-1239178216
676104414
-646566779
-257292012
1179516349
53185569
1285906018
-2146242956
1733430725
-36986941
273846997
-1322337255
219486182
-298328095
1912156717
1495568309
-1819176419
-1963987457
-2095775218
-225158235
698702546
1250514527
-1823227348
-1270956442
2030742842
-1737394538
-994225835
1326341446
-1379829764
-1211188901
13278901
1213183582
728037911
1041841058
-702289067
809475519
1346619906
-2014302487
1799561188
-756557334
1255058196
-1657631536
-1296090438
616862598
-1873488602
716632047
-1496180199
1025805388
709530230
560440803
1123690165
-1998499515
734091213
423972522
-1062362506
1345051703
-242828572
1277402416
-819093637
889018460
-1227756797
756616489
-488447134
-326959531
-859992085
-1210867167
-1634780474
-807978147
-834260234
1267860432
-733871864
382310337
1264817787
-1851683917
-978919342
1973031055
240492407
-1271457833
2133986777
866375821
-1532775063
1099020023
1209894497
-1606503315
-1277707140
221479369
-832631034
2078107198
-1226043925
1504589204
-1711866312
-1595745244
-1896476000
2126930950
1517555974
151983691
1041064991
803818563
1015599264
-2063599592
-1190553694
-878792383
-665629674
-632194911
-374401148
-1272889006
-1413469595
-173283745
1367715554
1499292418
-209823564
-674876894
-1273386114
827292450
277403866
2051896644
1611839975
-1984430044
1151366180
721561377
395960278
-1498616151
895964756
-1955678778
-600164133
-1711967400
1617745131
966948327
-2030151368
1351998961
177727147
228007446
-985236723
2076127649
-1891430570
781599026
-604907084
-910760297
-1622883396
525827101
657973102
-1082085162
-1706325516
1172785841
1144260926
-430088115
-710583831
-1594771469
-470702827
-1244713436
1056834072
-32809591
-1796026834
218434392
1075352727
2135320169
436227003
1653851273
1178869848
-385316653
-775539263
1484590866
-2054407506
-1762514048
211518528
-1175334054
-257286895
385231387
588311702
1094600809
1673747229
-138089232
-2100973276
-467422018
1699706080
-89864221
1841776433
-456333218
-431109804
1811731618
-1381304562
-221789136
361344298
947305502
1021237883
1128227464
-1321031223
1777279798
-928916151
-2024295167
-1821693803
112438965
-1293376448
-196826225
1326452340
34132606
-814776766
1740912851
765463437
-1511989243
-929578064
-431765583
1223795538
-296679423
-642693109
-479267297
-1085067072
-18332833
859226590
-1284593344
1910532837
-1546168455
-460436261
939314864
-2029179486
-1541903993
-330470844
-102605023
873302706
699913557
370287500
-625314266
-2084608278
1229404982
2046374717
-315714738
-516282430
-2069956296
-808232932
-1467131787
-882035437
1184990104
-977652086
148789589
-25275615
-1191751560
952593452
-2085957533
-1960503076
-521057585
-2051622450
1692159192
1146160739
-1054146400
1080452996
-745558515
-465829944
-513474450
-88652014
-1379139573
-1813827558
1487084014
2139093133
-1326314142
-1493395297
2116122110
190666049
749910585
1931464801
661567958
-983292715
1151827110
-12797973
-1272403588
-1823047507
-1702263232
-1193073324
-1380188803
-1841198705
96039665
-2088055684
-94412839
328094600
-1248685808
-214243435
1233962046
970664976
270669486
-1142594587
-1531211911
-828334484
-1349789649
-1178495287
-732872151
-336078253
-1024764900
556711676
1709546165
-1022467884
-1793513416
-1905863143
-1588436353
1781341046
833242064
-892438946
483809881
-487112288
-1073779881
657905842
420870711
-991449029
-1164910287
2083729128
-2093221850
1599707029
1057703887
-67969467
-920204675
332637064
1066406139
-2010751425
1622120785
-618987045
-541258124
-1165181049
-2098572499
-1073354009
373553085
203693897
-1643783934
-530870147
789838129
-707294542
258897244
-1601595641
-1079730085
1512642226
-213642538
13991149
1477622148
-1174458365
291038672
-600665031
-575343988
61368169
-234586786
-1605668227
1071077117
1385774650
-379424893
1037564660
-1431701156
-593774816
-581757794
-2042140954
-1604297277
1986047773
-720894428
1784148049
1782872492
2044674767
390943887
-89390395
744054030
2096022517
173779093
839325327
-346629971
575406897
-334576739
1591384601
-142035538
-1157434866
1193218926
158174608
884036201
-431890107
682904873
-345000761
2025371778
-500441284
613565305
-1888255141
-437354438
-1785464114
1015049224
2027431702
2067141890
1222864465
-2069903308
-379628392
-1445318831
-1744242988
-1721096958
-12535245
1061001143
-261104728
-1739528622
-1488503529
1433175856
1088514593
-1465855660
-928881490
-638371651
-1239684707
1387498042
-707225527
-208437200
303451077
-288442066
636293884
-1631815097
2107120915
-1768158586
-594103867
189049340
-2008974957
-349929930
-695009293
-48752869
1251412460
283949702
-906811963
-493796844
1952599201
-747153916
938909008
-951254766
804695956
2085440699
-1193160282
1589025356
-1661977140
-1896082268
-1065546700
1200271258
-1291262601
-25426596
231363692
1717882698
1542298162
946407191
1078404515
-497762764
-1043540089
1789050068
1660493627
1488310027
871122870
-7823919
-539815164
1179900662
-1557425481
2002367041
519181791
1083092830
-499738241
2038884156
-620202332
1390806281
1485414786
1648504311
-649674939
-379235225
1217279097
1317263924
-2056182733
-267904212
-1069565852
241366011
-455997952
-542873826
-1523383342
-1170968438
983591237
192068143
1758229088
1706067593
-1870952251
-1272472626
-198951554
-2070113918
2081088978
-805016711
1825643897
-1452590961
-236684561
-1886762858
13465268
-282342316
-1546586954
-170712189
-534014152
1748832303
1470108923
1061309419
-1550727056
-1849236818
1111335986
-1166077861
1321154860
71399745
-757492467
1807827732
-488176657
1250435888
1912356457
-1432307678
-1916873370
241223630
-1568026774
-1810493267
871561013
843092975
759587300
-429103218
-1467366663
1068075670
-1398911236
-1060588763
-488849014
-16519950
-192108018
-186322839
40761984
-2070827637
-1682700847
-1662358721
-1086048264
1565090488
-446961735
-1976059888
-555662696
1632201812
-1438151268
-913034603
-2054071857
-1888796495
-1233065576
-551807500
1644391521
