-121196999
-1350798093
-116265859
74125340
-1010075624
-1470279206
-2131463737
1970624747
296329130
1441879244
2076572583
789404429
1916463539
317001942
-2015795539
1735225385
-561589068
-800632915
874256412
-252517121
1906708588
-780956447
1502423825
966429116
-1611359
-2092142511
-1005073431
1447392143
1970351647
1920924641
-1574083100
1469039483
264654081
450781290
958564101
1481410159
-1102661842
-965497358
2132516413
995558035
557237286
-1529097444
-1736116280
1218119140
-1521377538
239181793
-1864131627
-46462462
1202126761
-538394752
-1551699092
-1177271992
1388622968
-1776689741
-765634676
558752029
1462812643
932145954
-1898189165
597835145
910233225
75871516
-1427342366
-538605046
195692917
-829930364
1605502400
-659074136
1475184802
-1052657655
-872450690
-745994169
141027776
-2026730087
504993244
653598524
-514765000
445026071
-1943006293
201832225
-1360704658
830985802
332620979
-1559053076
1296268357
984194073
-1666729770
62189630
-1631593753
-451655947
-604808843
-1302570760
-2038316091
-1824559979
665393937
-654179820
-843253027
347978473
511034677
1583746481
-591384518
506068040
-1587440493
2079356527
-1966552895
425962219
1896168301
1607209469
541323049
-1203976290
-698088394
873900271
1797337419
-945690701
-59573640
375011284
1683697051
-463425990
225394168
19967367
354358518
608183408
883155991
-701187387
-515636067
2036442484
1684147066
-579369216
407862401
1914196288
653526509
-1965269390
777287104
399522518
-360792956
-700928652
-2033263249
-1552038471
-1588415997
841473295
-1787463783
-928979298
1549813631
1147659475
-803705208
-1334887581
-1164368059
445425127
-1857875390
-797757888
-800916999
740647777
1908116566
1914542140
316525058
558951383
-1620866088
-1767205151
327334181
-277723082
1856581033
1804699954
2026237040
1719731153
1894229243
2059626461
-193932712
227369405
571172883
1450831020
2132289317
230822747
717612369
-1785905855
904092557
-1649261515
-287767443
1651313922
-200195681
-1403252979
-658311166
-1355453871
1948263394
-1858817997
-2120801456
-735663360
440249022
-166393577
1834555453
642460676
-721079271
-1909307106
-704974435
428660839
-119963324
330813368
-1452241486
522693507
-141500648
1632934834
-161649418
1988469356
402205788
-815801400
251345175
375640238
959144553
-1705151362
1999845442
635931704
-2097380336
1810140975
-1849347932
-599399274
290723515
-461928858
83525677
688839014
-99710510
-1912749205
302804118
307299332
-158060449
277176609
-145690715
132229255
-776752908
385591311
-860781649
2137022961
-103215156
-1796687941
-1071401890
1917640097
497596207
841740606
-720144460
-235382260
127410715
2071721749
975934287
193191084
1788087584
524703284
1558745582
-206089417
-2007084661
1404578912
1311182131
-1500703724
2018234054
1970954174
111562666
1141928458
-324205058
-1002357850
579113737
-488286406
481446918
-1275558212
-1085645127
-340124849
-1975077509
-1001232831
225364629
1732511987
-1251270361
-166681946
-1533629967
-1116060028
323814570
1522868578
-848502051
-271968761
1424678743
-1975539708
1293055401
1144692828
-640518309
-39043957
554236076
69582771
631457060
-54085899
1600293953
1905163582
79802623
1388140565
-1305572590
1903506984
1414399747
-542803543
-959808872
-619406395
-717470419
503491499
1848836065
-1829633271
815278028
991023847
-85402476
-128010434
500373535
-1584456499
-809879502
196035569
430956859
449240200
-1056917090
-1639388627
389697330
-1909545650
1407792351
-755714837
980884593
499463674
-2057178845
-404037432
-799354518
-364049961
1352190726
1543539448
257718898
1197384381
-339560684
-661857414
-1847371797
26009698
-1518704500
825892493
773647525
-1851328279
2107383911
1162510690
-1346695551
-2067208513
1314973847
-1843436014
-839918249
-358326361
1843117971
5079761
1828176921
2138679570
-1323337709
-2106113948
484436024
1457053107
1098666264
-758510640
-918967482
-1397131181
-1649374673
1083346771
-2058214692
-318818335
-858294283
-1910045033
1217309373
56668365
1536613597
1202070053
-1526860485
1075126165
1573030448
1610362391
155139545
99897503
-878015147
-628658159
-589856207
-1777553079
449342802
-1613762446
-987306729
-2141135298
-1715192686
-1839848763
263102463
-88128757
-1743617304
-2134957699
-1367726437
-491020559
-1242020909
-1814269727
1535402184
-671382788
1657971971
1819835717
1914445482
1434721620
-783025892
-575649670
1473850133
1019798994
-868207943
1345714823
199598126
-115343402
1716454323
-1738585704
-1451924910
1731880279
-1921373022
-811733706
-2088770251
2139828026
-379404125
1898942648
-1972461746
1969917671
-169844389
615905528
448057202
1953910042
444184380
-817934006
996899007
1534779894
901097990
1867633578
-262752069
357399135
338238865
571293748
828890044
1571847816
-14862648
1504171992
-1658727543
-1881051702
-1578734344
-1615606195
964424769
1460151223
667216714
1123379013
-633791621
-609428881
-1700067698
-2006895901
-1167612498
98270769
768527161
-1805836951
-752822829
653272628
2042095537
1809204790
-1310420152
1903281848
-2100595001
2137575918
1599644151
-31625129
862678660
-50975750
167819447
1016443040
1205319463
685337395
32971249
-380704795
1348152942
-1229926951
1761841798
1653254228
-1238426860
766410953
938017520
952201796
-1390160741
-187554321
-1398810969
1828413905
-943348917
-2087727624
1337331141
512598442
-643752839
713054540
-680280852
-1430538456
-742752500
-251497413
-1074976921
18414499
-159394755
-1888312714
1444534159
1350031105
-1162487651
-1122759232
-1281730193
653889423
475787612
-198505500
659323819
-1247100141
-276581945
-1050308631
1315453597
2051398945
-874728174
1824324228
-1596081728
292953773
545116247
-1128268339
-61935791
646646497
-1568612130
686458933
1099294259
875908400
-2036942178
-1617106249
-84755950
1105423531
-1811088636
530755150
1036693963
-1142562669
-417872910
-1890792282
756292619
-2031658450
885891849
724189205
1015075382
717182942
627321131
-2019221812
850625929
1651660142
891287099
-763775671
95042178
412364207
-632079066
-698330096
-1295346050
1031176515
183632935
1134150809
-1129127004
1893086904
-957110970
647600524
-1111691519
-128423976
-366128351
-234303957
-1655823116
1347964990
550086126
1980655887
836931532
42799404
-1724025665
-478996970
410426543
-1624809828
-1512407288
420473755
365808317
1450469780
1663347294
-196620568
-1655527308
-199976002
521590913
-447861784
-298925227
-425068489
1691392412
1156903968
1342139848
-1463077465
2012626634
-1226368800
796294972
-1220156015
-1214181156
-1881934667
1854173842
1183530219
-631918759
-966567903
228296379
-221752847
-2024612923
1594961293
712099231
-1662786763
1307260198
-1316296578
379721024
-945226758
-171923517
-115854329
1273673503
-452523581
853579054
-1405381506
919198174
-1060817114
-886310779
1632563314
153035046
1301290981
-1889072396
162215131
-8173622
-1742327234
1442851965
-97941357
460668972
735596929
-1873406725
834650885
1284404959
953781731
-1992191645
752949795
1105599373
-651033198
-853061299
560413597
-1394240485
-1042922743
1562020019
-94943921
240025098
-207246172
-673093129
-937864966
1196745248
-517482122
-1321681878
2146469686
297172551
1393155930
1640239498
-269685337
1289898420
-874910136
1961648716
1248814191
970037067
-2070885143
-976810084
-521435421
1835432513
1818102380
-1522822431
-937794688
2017022211
136640922
440294725
-1685307617
754555477
509987112
-983848076
1253496680
-1708885826
-600879797
53825955
1501616260
1796573219
1953189521
-767376429
-786269674
-1919096398
497054191
1599266390
-12683413
-426792447
274861590
1447244434
1066784495
796255606
-1554546167
-1856447484
1273771234
197938920
-1907760909
769859976
-992377524
595917958
-2059401419
-1735366954
-526286546
-456286472
-593597249
-1016974769
-369609991
652183235
1891715232
1656048377
-1424075197
-1795154959
601676255
43987656
825720504
-1038177296
-2057770613
-1036877537
-613991858
1692840378
-1952851440
189784469
945922748
1072430134
897243084
1002552059
1324290604
67655389
-1058930975
-1279475042
162131758
1381537952
1360038476
1858076617
1194902512
1371618569
517890102
1114833805
-1514793812
-541004896
-265187446
868833475
1427810657
-1344695921
-1074294073
1637773393
-661242171
104788360
1844407318
-1385329235
-1660038535
-1677472282
-1963921762
855472031
448134782
-2098392814
72272151
1863315786
-63760409
262445096
-2068437603
-1751040148
-1777335088
1350271961
-473435450
-1908130332
553123214
-276417646
1289038326
854313332
1731112231
2128236254
-773282063
-348487224
1569023236
-1487306488
-1344379727
1820207031
-658286620
-67515644
1945187193
1024203719
-714993644
-416903282
-1473954775
-1190608650
-1478585124
1138998675
1804002516
1996212151
-1426918596
1527692496
-90510705
-1104173766
1444093400
-1263599431
1423295627
-335889680
-54306768
537027995
-625105818
2046095950
772645139
-1861239804
-2034522179
772067536
-708915115
-1437850014
-1512698107
1918584896
-429171777
-1836700439
785812891
119916343
-1362692281
-854348870
-755169512
372395492
-1109818240
1248722753
76565994
305761036
-1018231469
-1808133410
-1432111329
-465615535
-2100853265
2003842502
1468110724
1773769910
1172779517
-1406019029
899153390
-1573670814
943065368
-484859237
-1362739497
-1691790173
1960961660
632578469
415180076
-383515339
-261304324
1368911809
-2011374492
-1913409596
-1434664903
2104949617
-1073682476
-1854901584
94461968
-1948305501
116112193
1422625807
-952671404
-230585255
1344063670
340899063
265845949
-1833292405
-1937434728
-253661956
-1069408993
1577630795
1415821559
-847513097
-695438882
-1752771030
1145351462
-427810807
-1355917664
-118638886
42995340
596235743
65154629
1839321108
-1486842436
585267510
2068502291
-1488618565
1010158276
35735457
-1904792011
-977130431
-578324542
458497930
408278630
-1240875190
713371835
-1123758730
