41720169
374696218
279886824
-839887497
-1294302469
-107237864
-1265694936
1358060208
489586499
-1557166850
-1332007294
567902009
-1177705183
-1761195112
-793257009
-1345409523
1872335422
-736252813
231265162
1167716027
-1560795312
1305206743
-936913741
-644443780
450118812
1478395892
1036980982
1488291976
1045383868
315530330
-525422836
-415530332
1241736098
1807947950
-147402399
380476159
-617424932
2072208026
1435912951
339259966
37811225
244685573
-1949835127
-1291008811
680870635
-439071100
-1987664909
-471412072
-1328406834
143276303
132382673
1805200273
-816586648
-723906313
1992317285
1460352531
-1401017070
-387740393
1427205309
-249101809
917580182
-1737090487
-1141913836
-1615053403
-417819334
724890651
538379128
-1664786690
790827261
1293391043
1780133293
-1426778280
-594536672
-630411185
759951185
-1539349662
-739809561
-533385440
107637568
-1468871479
1695869088
1561320344
-1208161479
640397586
-804237852
222672658
148161473
1924440490
1881666076
-1861080558
1946751559
-217829061
1476050758
910263229
2128951688
1513734720
-693822727
15957131
-887603148
1845504731
-1805574234
-1846104006
1613297105
1616265701
1645913632
-955432187
-116588064
-1112889017
-260316323
1773807126
-1879097027
1597598087
-536895874
-1489391816
-1114368565
-915459419
-1193131252
121599952
2127596623
-167815640
-1751428220
37664525
1928559772
781635187
-1122172907
-2103342242
-621934608
1357375324
-1045437017
-1985550556
2088442270
1819237374
840775967
-672787288
-946090516
252509646
-1321606431
99747151
691594046
77019372
-402043243
-1970937844
-1626891917
-1741551173
886502190
340230933
1506976654
833042355
34723624
-1530663719
1512968089
780593525
1487246608
2081734704
1923565765
599057951
-1019173815
266164180
1475385302
-378005535
414181900
-1606345457
1704576445
1734812624
-1351362896
425465270
1658700934
-1880741127
-1003252949
-1696473771
-383286668
966199481
871826136
2031517099
-2089923735
-111238580
-900162182
-979903912
1152146571
246881186
1198286208
1386587092
1656262181
925894009
1764327050
-872348253
1945515978
-2105878361
-185063381
2086437830
-1076055361
1198740151
1071522032
-387466380
-964026726
964200376
-1830832735
-854983927
-1062515674
2103754064
365691078
-1709578946
-1992494455
-71343337
2031033964
1359975323
-1270312280
463846434
1066227752
-367924183
-1157518134
1956384221
1748405596
244784746
885927035
-700291043
-332309576
1775991693
1208954546
-1861920140
1987169284
1878072797
1932363318
328477383
1283950363
417207163
-926965188
1802199326
1118558010
-2107244468
-556483755
-866403141
-153618054
-1015583948
1271622278
283305581
1680901018
-150721917
1222119096
-592677851
563798530
-728783953
1170318418
820449737
-2011287036
976540228
413266724
1887626056
1342241892
831605271
1507866246
-164924434
1923716122
102869185
644588480
-132069640
-748741290
2070882891
1387098796
-600285846
644186307
-1959439066
1442860186
-1182251744
349097743
-90050211
1257588083
1389069603
-939468629
-1455374579
445432608
-1515160770
-225051185
-1891131372
-1173620948
1698102992
1898740416
-1156634361
-1568813401
-1857200926
-1658342315
969854314
-797410226
1765310843
161171638
628300570
-2001796888
1380246067
1204807783
869775629
1416123890
-301793787
1766734724
840310078
-1905516930
-1943304599
-1319348402
473247202
-141622697
-1049328222
2073987045
-1114291745
268900201
660739668
22311511
1815557246
-229442209
-424509351
-692596007
-407601058
-1677422707
-2018586924
-1231922349
1202296235
-1972743920
-962186363
1064597025
1135796112
1394669364
-1737766050
1817112855
-1137693462
222869013
-1206675369
-573713210
-32935875
2108699528
-1381710722
183692285
-1343550741
-1325317061
977568337
2052243346
203364258
286906138
180231759
-1841362334
311191574
-1065504012
-494791220
-111810155
-1044698640
-1233917346
-1736489212
178081062
1598711557
1915562455
165056115
1824943266
390124746
1098794028
-174430877
1403864111
559326983
-896753378
-1110354490
-2115740209
-2097325621
1837134401
-1777641659
1985833702
-138041697
-164965850
1413966232
-1002212871
-2028791554
600584636
384303128
-651979592
-1995442684
-1727416333
1196036754
734900797
-53777564
-2048493663
1165748061
891709846
-241747553
-1417699415
-1412568402
-1346879360
-1252438670
1939409241
-1714870486
1936323189
2077817999
-1627797228
-1430506564
614214633
1062656400
1265542448
231254696
-1454295601
-600222936
-1354590431
-513245728
-2145036959
2139591323
844872406
1275313302
1141302305
-1114682001
1999458403
1940168210
-1190566886
1386839651
1167438815
694216132
312415339
652032416
432631695
-420678500
-566703611
-1654714322
-1210397629
1061034905
1191448755
635352745
-1820359680
-1821965408
-1401169830
108782387
28080862
1144143502
-1241501054
894867116
280601139
-1800645232
-571612140
389956896
-96572943
1930422449
-1762209947
155619713
2046387276
-1449413708
-1425507726
-1539338091
-451149921
-385643485
-1004653203
-965032143
-1082295664
1605020839
2033231224
824530855
1053193841
1692852634
72136623
773001852
-791098391
997288666
2130198636
2019384926
1489864147
992192224
933939909
-252433580
-1759697307
1298848528
981818457
1601070391
-1541105003
-1564496558
1490825548
843749728
-1166311497
-953998624
-221137777
1739047842
-558456982
-1184090015
611465316
998864506
1987823029
-1303484617
548680481
439997061
930764140
-1112364012
-524745677
-2020671183
1110327000
-528358701
-1998158491
100738743
-494322538
127437701
808578146
-1780940984
-1678214465
-2021045047
75022456
-1534157946
-2063922103
961857376
290252958
1777528885
-622865748
-1013805313
1902450104
-482988750
1451736008
-84911001
775097624
914886563
-2123138555
1705626803
154507080
472818543
-718136645
1424769520
1739855622
1992501232
817372884
171948274
1743654031
51121127
1836906928
1732683877
380176672
-1545194320
62331464
1890860322
-508832071
1730086070
-2014518635
-881227837
-681715677
-935078616
-829214414
1914662776
1638786356
-1249716500
47735104
1766620700
-757848238
1812238035
1984226441
-1026369149
-239683019
-740007665
1036573671
-409731563
1643189488
-1151213599
1482707430
-548598113
888831793
1145819542
-2115109976
725077352
-1763174713
1363222963
-2071550967
580489859
-1777653404
-2123157137
-1050303230
-2011507869
-1317738844
-1000850591
1533350738
156700596
-1552634291
712228473
1566212186
1623078760
-1028227368
-263838668
23295560
299752975
452675632
-472639989
-516222344
-222703765
-843241799
-146196948
-177970666
2134956355
1873660563
-884920469
1737188615
-144449929
-2111992033
612192379
104389385
-2111666348
725485249
-92527016
-1424802024
-1857936599
1176174311
701221383
-743860973
-275214566
1733378122
-582560383
-1653936737
-1205979597
-1506111629
-1342753812
37209163
-1147699520
-1078283903
223953164
-1171743755
-153667365
1750169896
-764613640
1257733483
-509550011
-1965940739
-22425328
875576404
-682962055
1885368304
-339312850
-1692031407
1135454718
-648511208
93477915
-1998061474
-907049988
1573785526
186965059
-1990494594
1284432146
-1147359629
664535468
-78421609
-1342555034
1204967660
-2050009564
-2138994790
-801197059
-1915606416
-1225009990
-145311258
1881755979
1210400007
1539339886
585397742
-1176778995
-1714686794
-267758037
1671785496
663664727
-1824376062
-1861574667
-1844637464
-1807164184
814575281
-1354776738
1998363741
-1728866619
-1244460073
826179902
2050890651
-542454524
2053328912
-578872158
-1131644727
1991188456
789798665
1832736516
-88498884
1933494830
-1602835643
1606039484
-1909321260
67814310
138389278
656473782
-969948762
-532481788
-1626603000
775443045
2019803867
1418570999
962655773
1260640503
553208279
-404007301
65038805
-1224101686
-1590547811
550080619
-1542985196
-2018345954
-1258320783
-1684214183
408338537
-697175030
-1996508226
-1048393055
751348116
1376859828
-1921776070
-1410768453
2070343753
2136163516
911256903
1666043601
76148787
-1472241160
-289834340
-1073431151
-75414213
-1528541850
626389796
-302258877
-2097599735
-1409121186
690005029
1823449373
-1797795638
372966663
569648805
1819359702
196453683
105071627
-145066744
-2033208200
-725623098
-1015658098
-1991674115
-88196486
1476707412
-47830693
1942087579
456158989
-2028111422
1401965152
1307834822
1637238198
656495887
1250570588
836722391
1244016156
2131427221
153338582
-2137353348
-1887590109
-948443250
198651984
-1815636261
-1559389384
-2144418343
-1280441156
209350653
289992686
593640446
-1757019089
87565674
1625383626
-898576785
-770190636
-839185649
-2067300006
-63717616
-1643342046
1620281960
375405196
-1912435719
445582161
663406810
-1045196996
-961997190
-971525623
1679741024
-310560754
-1712671137
1392190044
-1085923734
507597949
739032436
-784556298
-937247487
-1693157580
-343462069
-996774765
506153518
-974675044
-1952272068
2064423856
953323932
-1927409483
1639380653
-1669973627
2145164412
-1841576663
-131256942
1907629105
823810984
-1495703394
-1164038345
973848119
1077104651
922396235
362576188
831511849
1974916415
329948366
792081121
-1008218206
-98241929
-610707653
-348405116
375506552
-1170680418
1453636471
1947973478
1514892594
-1715643200
1844894151
921504693
-1471177289
-875146839
-1040602717
-1555234106
-431023288
1496267723
319373264
239478689
102074544
2016078948
-288697939
-1765134398
-743764550
-549639968
463477196
-1566521826
1360420834
1212815227
-1558974012
-2008448413
-93707698
2071810602
-862571196
-848326524
724816126
314885051
-794148245
1584516212
-1659786430
-885411014
453815127
-1570089423
-1449635476
1501864342
-41292548
-330505725
-1492645433
-403776123
914964278
-1520219899
-1696800569
1654583716
1928057376
-1947984412
1178867841
-1632939807
1544686758
1775716838
-1573610659
-41884388
98410584
-382142930
-1836095991
366044172
-157251967
1384858941
1955077296
-266891681
693516920
-2029281092
870661995
-1258439387
-2105162443
-540500104
2007675383
433414510
1056992806
-2094938195
-524776792
420764209
43656515
2064298374
521362590
1958167663
-919209376
1677676004
472543541
1555442071
