1558953645
-503531665
-367335042
1281396274
943710551
-1108603566
1824184222
413997431
81195390
-132957631
-1564170610
-224722652
932755372
1217125727
-243239458
-1285062779
659766525
-861321613
-658199445
781678772
1615910953
-448948077
-914131195
-1557283214
-120355135
1140974623
-413201069
-1746846406
-417982792
1393650673
-1136467725
-1595906413
-1535646684
-474510894
-734127387
1487957158
-125817018
1641211439
884869928
-947117297
1437748935
1309144843
1661824677
-1500538633
33309252
1445460535
216510284
-885342110
1495099660
1473306305
-1589804420
-1784236347
-654614232
-258092630
557484456
1299088091
-1565044069
-259563046
-260974281
-670737480
2142644970
965570392
1494321578
1547816221
-604861218
-223061579
609990403
193350926
521631879
-956161591
44405349
241505954
944697220
2059367073
1594059255
841375257
1839208834
-317995593
-1680684274
2071278131
-1284723454
-1861020061
-188603765
-773284161
592814174
740743314
1661435776
90432625
130770701
-874305867
-949068775
44161528
1259224869
1017404155
1442746553
82627152
-1582869727
203458497
914150755
1631937620
967554020
1228637001
-1775798949
1884327830
229011197
-1604093270
-132638452
2039298675
-1273543380
1177501703
-2065839572
13661537
-414726875
-405354493
-311388643
-1206423670
1427164819
-709784973
1272083094
-1331418978
390512991
107854421
1254574210
1616047077
-1809654479
-714176255
-263698136
677636243
1180996918
1525606558
972353931
1389722463
-414327772
-2073460265
-2113511405
-668926635
-985027462
782094541
1953489004
-1443550229
1497125132
731225422
1898041773
94797395
-831442498
-2054340025
806505149
1405025295
-1777194865
1456765047
-1744756494
245131465
-212819239
233085029
539178234
-643507868
-517401898
-146503789
289090046
2055669326
-1171425946
-341719820
979626755
2004676375
-1639190514
990464154
-2093768044
1037869895
-296563900
-2052969805
1713637534
2091664491
423841001
-2114501194
630663834
-1129605775
-392612074
-2013509672
966660592
-1281971403
-20648166
-1714559035
1729686682
-1333095845
577933507
116666508
1881054216
883818078
-1978109476
1474894042
-1005334973
315446761
-1175725577
219470186
-776469163
-1682263963
-1023217044
-1181436229
284242151
-1858627373
693580449
-432524796
-612057558
255306203
1204538507
-278145691
897008122
-525838557
1502600563
680005470
-1782963903
-354715676
124544765
460181892
409000857
1987536571
1644844133
-742267279
-1425155019
665373372
4001804
347288316
1155593472
-830513715
-1105040077
-565750103
53471238
-853523408
-1884231163
921460579
-1510759661
1762511201
2069466586
784696424
-665120359
-798124511
536012729
521411716
-1918981930
422818770
-394858209
1350386561
2117997110
-945164027
141940990
973071069
545495029
288389969
-1715733752
662049213
-692111352
-1064451482
1187612460
884473889
677740861
1475410017
715038048
-1994006183
-1084449120
1529594720
1296490913
-1312716360
1115960609
-136514471
29084727
-447237242
-1742014605
42948391
-2056963523
566501178
1492063286
1147989989
2146697824
442172136
1672798807
-1101514369
1271566823
1094024440
1479634871
155335045
1877202418
650509848
-448997878
-1582465726
476640518
-2013995405
486177281
1388008461
1059757256
-1437298142
-1859938133
1294064350
1564141576
-889179933
-1482504424
-985748188
-2026823423
246301960
427116607
1382239956
-1234115618
1806505393
-1112449759
632660933
-1352505984
-1071849411
-555814099
-1982855110
790749822
-1290816259
1136809190
-890118464
-16221587
360573738
-1802583869
-1823824070
1439759200
1668898841
-999224747
754381626
1228890546
1710814636
-205477457
-857224303
-1806036990
490275851
-886579967
-1402840279
2041578366
1380233876
1912193158
55505681
1863813220
-284726257
-201883488
-110380071
-1392168250
1988420134
-1959523776
15247391
-682418291
1305039891
-740827765
926383209
743227839
-1861546854
1467803322
-365690827
-380387324
-1164883142
653558081
360033359
-1766414747
-1450963809
-775419597
115173985
1721397335
-1861523878
82222820
-1618527792
-1050398984
-346265133
1811480783
812699077
-48214121
-742604163
889102266
1839429769
1496925818
-1251638452
1248153879
-1597966315
-190340646
1321260900
520045485
968357865
518113586
-670725614
-950986121
1130257436
728886456
351181311
1055674828
-1761826380
-1451431637
444353442
-1389866305
-21553097
1676485583
781151990
1959712968
-1334421375
-123690315
-418984851
-327774813
-1564836648
-987110080
1276243235
59834232
2145480253
-1029226269
1827385942
1893684539
1276734212
405587503
1919053846
-1806473899
-474019161
1484321292
-1631944904
513348227
343843542
-1133727930
-506234224
501093118
1484679633
742616139
843553630
-265517604
-648549894
-2045753038
-339744504
571407029
-570647899
-2066636289
791621641
-1569009783
-1140149710
-1195607771
105968681
1298663649
-1076591266
-1418361269
-1477914130
1531709491
-1079113771
436596051
823264082
656327818
-1942404597
-290070121
-256509003
1021864294
-1851535285
-1495811723
-1472442604
709853152
-2108375281
674379277
116742267
-411171310
464214162
-815725751
-136031304
1396054197
644134819
275690525
-492511663
2136281866
-146328644
1029422863
-1150086217
-443660034
1997535827
-1887813895
454867130
-317407352
999319919
280919053
-1189795265
-209877163
1957560189
1705017626
-1622342863
-1281712729
1741747299
791363853
-1811305035
-156731526
1216008149
-73789255
1091064737
-450454808
1585418472
-1163036454
66773550
-1621759282
1592867556
-437476265
2049250539
2011007150
2104941405
77131463
1523235828
-675188522
902126980
-1418897611
562016612
2011444418
-511590726
1503386407
628961799
-604014658
1933146214
-1424556579
-1121481388
1536496079
-862506233
-732561450
-534093671
823459027
432477836
-1851356521
-1103048329
210923495
-144749597
-66661202
136477585
941935880
1347847119
-1414561291
979699072
246891772
1339791102
1428472851
1387106569
349459826
1149145946
-2061861048
-1517520238
-1943501464
1212992158
837777256
1913723856
-1605762100
562476589
-1287665369
-1496676923
-200733594
1655686174
21967768
-1648007703
744961780
-198876773
1527772655
1634110119
1200755862
376165995
311641486
100973322
-316686484
-1741371956
16556094
1931204024
663896189
-2029229946
1155628732
1981704990
-133107750
2060964924
1955801976
2005550828
848638722
-1004542972
1634255256
-1405641532
-323338872
281646650
905680962
404868141
1245034483
1939207057
-274162149
1482944461
-2114359068
1573966698
-2016581366
-1894601769
-463700866
-650702488
727711296
1212149697
1739351553
-812513213
2079102588
185376570
-1553115208
655320541
1676993163
-8956325
630873365
-80106350
-1369402354
-1864975076
245703449
-471403053
1969696383
-522117623
-486089991
-2101818891
223831157
-821414860
1781146366
-31383226
991986983
387671149
1284512172
-2087853471
29802030
-679881296
1553006374
-761433661
-718064242
-1630462754
540739792
1985226397
-2007154698
-653234256
1171802934
141801707
1490696007
806589160
1104076332
1402141893
1320531282
-1003489336
-367222987
-1549435148
223098598
1198636232
-1679673816
663213767
-1258394871
987465090
1485258768
438223143
-1506561404
985095665
2084291668
-68921111
-1467575388
1295391962
-986097641
-2019557277
90056255
410909065
-1939303455
599445569
-1478247435
1243629760
1664466814
1449893785
-311146313
217683180
27908134
-2095908548
-442413171
1526629786
696997085
-741305778
-1211279469
699091496
563891484
1625363992
1789668676
-1192068161
-717101647
820796188
-1884326918
-1193039232
-1019533341
-1353099927
1307331509
152111613
1741399769
1631476272
-309391590
-1187057430
102799163
2077853848
-1833013825
-731963373
-671269607
568749006
220161701
-1199242095
338023436
1692609119
71296773
530540856
-1446095462
900257481
-515501745
144132947
1673839070
-1981827762
1872654447
-566573422
-1486565784
-1961784565
-1723622575
878070851
-1680007327
1705593417
-203551577
1523423680
70020851
-1823428589
581120745
-1381424600
-339786009
1779541768
-1178141539
-1222385839
-922931057
-1985313934
868443352
-384778755
1688108773
-2003818
1257096196
1420695883
-2037246220
-862681267
1393158370
2121333103
-1546855818
-1005996589
-351846958
1303972261
-237856578
-1294335778
-15434158
1912174946
-412964392
2013396466
-889536316
653409484
1001428973
2019673843
-1804019597
2069389420
2033416940
546068219
-1453042729
-2013043678
-1399002521
-143695762
-840590568
-56569512
909289914
995749962
2021192400
424575098
1238659698
-461802813
-1011456235
1569669541
-626425621
-917902066
-310451531
-1676354402
285722426
737116285
541914819
-1424647163
-1511986611
675056331
1917589074
-242034743
-1524667055
-494340167
-691975552
-1369885986
-635392173
1555339225
-847469898
215646254
488546089
-235433816
163243309
697074380
-1742321262
2025929186
-95206477
-1166606993
73835932
1293351954
-125495122
-1940994787
-1753922746
1122632808
360050785
-1071461594
-2116239259
-794162
-1196400019
1014714963
1193486283
488070972
-134709349
370852703
162832037
-515625141
986896344
-2087529306
-184482780
1890663688
375872640
-489162468
-203331746
69907979
-1724276001
1277708928
-1287358601
-1838276153
2110016243
1899651792
-814788101
1247812130
-140669321
503044351
-686664818
629963079
1420246044
-1871817499
1363660487
-1608838981
1261216537
850226806
344771927
-2089796178
452276966
-1407792074
1260535665
2085744275
981128003
271660268
1866939750
-1847661070
-18925441
1921419413
765673358
959415932
-450119690
-781200229
1883336814
-1085025184
35348698
236058438
921468183
-1177200676
-882418378
683443826
1422690252
-1842963178
1451876144
-842797694
-1793122073
-1681584853
1030495886
856356500
872114684
1417559176
1303915130
-1728105738
1922221886
-477410695
-1278241911
1712256727
1786823457
-330684929
1928606201
-1328096191
398657601
-1383740443
826313786
1051722054
-149121663
-608447979
-337534545
287798649
221614199
-320941017
1457266101
-663057760
-738502137
-1141205702
130234083
985332903
1843054925
-1407718649
610778771
1106846934
-1012354880
1091290674
-102095711
1325509702
1756041619
-1816269853
