-1743034419
-1332365054
-395760379
1037535121
-360594249
592876933
-780556301
-381184473
1267930425
-1638134329
1739985897
-229823553
-72850702
-704708177
-1584587807
1487318535
1731795891
159863600
1021732128
459721157
-1778762691
-1198705731
1679212954
107200372
-1837178034
102585595
1710924948
-1720294126
52465886
-954011464
154189195
-1580797640
-57305691
-1705649125
1839783252
447931242
1476425441
1360665117
744065412
1756929456
1638615637
-173956809
-1523523055
-494238875
-1488040300
1652050012
1165737273
-600526514
-1527692417
1705840426
1061690786
1398645486
1919633163
-45402789
1257662146
-748988137
-914539961
1057543553
-511773824
-514075196
1908339357
-919079182
237499163
91816230
-2074625193
979520256
-876498869
1920814076
33483621
-1631123091
-1975671131
346006311
-632712356
980787229
1205275203
-187529091
1476546
-1154012659
-750148189
-72653603
1010453384
170123651
-1392627249
564422530
-1583309097
2028011911
1373736126
-2083748196
1563538959
1700186769
-435260934
-115444452
-467313396
527801987
2110232962
250651087
-1924232534
-1969461287
314204401
2138936238
-2121389941
-1096695778
1482711774
-1784334477
-1119612137
-1499166303
-1898405754
-1443040657
-192834109
216002665
2113348008
810389146
1848698774
-1509292443
1691627184
922440683
-73831447
-209490201
-1022195433
-456793366
-1176454290
1561447763
-223984119
1645388931
916765042
-934941933
-111399097
-1160912100
1338718566
-2142648115
1392234062
35381480
-311953253
870452952
-1512274503
1255440253
-1151209396
-1674473237
-295150365
-1537651548
-879934495
1820645655
680354256
335480943
-2004922510
358018550
1925760332
-1522468719
1639357065
-1172322268
327488852
-410673943
-485969109
1032858350
1362573749
480352607
-2015087335
837145673
909907699
-1598101261
521503059
-1237436410
-852296852
-1340363245
1369500125
897399362
800012987
846541868
791500228
-1430217438
-1713530015
69793410
547791203
-1984948800
811629218
-882982844
1852784354
-377144224
-59782484
-1859372582
-2031297793
-945435674
-210219266
1960015746
1286867472
-2057444212
1833417479
390290714
357777736
-2098248241
-594962675
404351806
1526571065
1946530730
-1154281648
-925513323
-396734823
-1108346106
-1782967953
1206231656
-289050040
-1845474960
-959030263
-1994841228
-1063517807
762170380
-2142149465
-2065647616
318502319
-1891841591
106182616
1225150512
-1191796333
1532079317
-940525667
-178599525
-976539420
-1960399021
597023751
-1569141476
949719879
-270327989
-285943266
-1317587483
-1838262304
-1844548126
836195589
1316115929
-1821098729
1208516042
952434011
-696997095
1857058974
-1055660805
693715683
-121840929
-410059853
106304930
1829764198
-1930951285
1675900834
-1862491558
-1839584809
1080346619
713434766
2079723929
221918392
251952671
-211379089
-1415580564
-1967566148
1774557899
101917790
-1649200026
998108846
-2058671922
1459547664
-1160590123
-1679475823
1680001348
390041503
-1196399817
1098929671
1094435624
-1246912624
-755141908
687314934
1241970733
1608936209
1100415020
-631438744
1994445517
633097346
1992623674
-1759452750
1893958049
1048012342
-398060327
577376216
391189491
-585054854
-1267543809
-1262126801
1906985873
204354005
-1857270584
1429653316
-679462940
1099246737
-1996264787
1307465212
1364979264
-1775246214
-172572683
1351014140
-1074203780
-1584979483
-2012763541
1324304202
365177541
37777139
1895730512
692853556
-614834769
1090519062
-1027511917
1348781168
-1612795508
1409425620
-199277249
-35588476
-1162699263
174598347
203822644
-370455192
-1700906795
-1276035852
740303897
-1761265047
-1877939444
-1482202837
45159824
-1288545457
-1441799372
-846357010
-1449517908
1465884609
-1863788290
-52150684
-1137707361
1833754856
-871041521
375679649
1040495287
1871040339
723580952
2400808
-1963821941
1751210778
153935907
-1813259599
-757881487
1254947397
1491518256
-1328462037
386418994
-602181266
688492544
-1033696509
-1246795264
-1352334684
144825903
-2106696282
-243871833
-1820252526
468195976
-1826102715
-1269664253
444609504
530621588
-434423849
-628066638
-15886120
786936180
355796324
1775589897
2005502796
391645168
-1096087937
802685771
2050183863
-287774257
1052367891
-831280104
1873514658
-1773093272
1936237922
1494852386
1403530057
-767602055
2063508811
1913897511
891928190
-1357135562
98006987
-1750872294
-232999220
1618959013
335977413
-920961885
-598836514
-1595401432
117658885
1305083338
1094797090
-1854764965
1268918914
-1705352978
166698920
244582176
-1993243421
-1340398085
1832549456
-1914962185
-68996796
-333954085
-36990172
-1571594606
855952441
-722071251
-723032830
-831040088
-484091630
-980827084
-985599874
-45787127
1768327520
1113947665
94056198
-727990798
1411152056
-1187162828
-1323122618
-1550608990
499572918
1835930384
-2060687412
1554872876
-560264892
1950718221
-5553937
1324647311
780531996
423108803
695979245
-136862717
-1442665846
2100087652
164577107
-1297414507
1872250998
666842232
-1093358431
1875395317
-1500465247
-453313584
695467821
1163754126
1639444527
955349684
-926362041
879276759
1861806948
-338093986
-62278755
375259368
1454713266
1751708076
996809441
1489787472
-1342171917
-2112174064
-1655928920
222175013
1102562034
-1792513078
620977557
1372565851
805887023
498668889
-315738442
868724057
-1165776157
-502898130
1655911469
-1105094711
482645569
-1819809629
136983826
-743107409
-887976450
-2001758422
-1534453864
-55510083
427436563
-2102373687
-1777964946
1120067044
-149650751
-1402238779
940450919
1001967662
-1533737771
1748608925
-1220382628
821333962
-1926642131
-1794329799
1246128976
-136031384
-814866822
-1616156573
-256409898
774299079
-1176008634
-1648974986
-1800416849
-1740266101
-276754888
1829895764
-1658142538
-448190893
83478679
778295709
-1296203264
-250040565
-461426932
-1410317027
445929023
1020805502
-655080789
1247116165
-1345917850
-57911506
-890055628
-437787299
521984914
628399975
1990486677
-1730750663
-1215998168
101452433
2003078579
1663205162
1611891002
1621997254
1022785897
1358869879
897777454
-641494620
-499876656
1036362893
-77679455
-212024477
2126481856
475561011
438159496
1196898089
-1063667561
-1594121215
-500606824
1210635420
939443256
-677437166
1845460711
1812610745
-478559658
593175288
-640774701
1074670563
-731407374
334752752
-684874206
-976377025
-1727395295
-1682470826
-2042229909
-1878856898
-515433709
1580927322
890428083
99702138
980255568
-425445644
1469253466
-736947258
-183091389
-1652036331
52675128
-143568256
1119897852
-768305122
569880322
-1316105176
1330341425
1287881877
-1006531598
-1843811786
-918334843
-859638251
-1628491865
991831847
-1287861748
-285853306
1362886985
-2131075624
-57001970
46671502
321933040
-1964457448
-920252917
-522206137
-1911216570
-135938441
1229784831
1326318898
-600140950
805917540
-526198041
-1782133142
-1511495145
-1326247050
704652931
-1077494244
-1238369019
-1643572983
1211140956
1621779766
-1323866226
1346343181
1007963144
2052253790
553471381
1177065242
-1920407380
641678373
1436431779
963092166
396394433
1992323196
1779622226
1670846011
-488114405
-1218265242
-1162786834
393375235
-1778896601
-481537297
-2043668648
-856632795
-1785802124
518911580
-251207891
-181804938
-1506845836
-9361757
352537128
1319039016
-99247486
-518900195
-1012004412
-921125210
-1957774810
-447973511
-1633658843
720541092
1935568792
95003635
-1080740808
-978764175
1680477570
124055750
1494203416
1578456719
1094418186
-903510049
572672435
-1826760316
688549647
538662866
-1971833427
757658610
-1810227279
50622225
1233020036
-698453019
-543246825
-279947686
-358284812
1496345196
-79364500
-2013651343
863440540
215208554
-1578898391
1778980111
1022010336
127684781
-1550886247
-2127342310
-1843981807
-758423233
955765146
-283335147
-1179894581
328500732
75190944
257908441
-10954338
522013284
2030531071
-1422639227
-989629200
72954034
-1976745880
-1821804878
-476815071
-603005907
1070319796
-1784134165
-565382160
1448414397
-2101467680
-838076069
-1265977827
-1968488512
-213486248
1459889864
-1432655538
498797086
364849528
715614144
1295058998
1259110298
-1565491121
-113573103
2052269299
1254701931
1426072229
-871941763
1084049847
-1186013685
2009935679
2027366830
-1334820950
17503310
-2048182688
1560182631
884367375
-1943503947
-82646637
766403068
3756965
-2076903421
-1694006360
973493764
-2088115121
-950055407
-916706053
-1998256564
-1939815178
913512414
1970593787
1145579533
-1670810706
-1583913494
-1106079254
-716575135
-1864984041
88449475
-294476831
-1849835277
-533622779
-231504417
1090904087
2119510518
1724703843
1799634604
-649885854
961621848
-27520940
423758053
1533096700
-514618570
1622194330
-563945177
637570698
-1389987950
717234491
-659547964
1936731738
-745995966
840546145
462545877
237831660
1886983723
-568207999
-2093140843
321274547
-682376529
1441932736
1104377837
-1138913508
2042057315
905135761
988350282
-375782961
1905936389
727291298
404775862
780418356
1019568300
1911112952
-1244295642
1273398072
806229569
1342447192
716574992
833864016
747787565
-2142922519
634883905
-702228291
-1207084717
353903894
-1515721748
678143762
2120803905
66638521
1815044101
1903137523
-1523757407
-909331083
-204599089
104833310
480640757
-1040340125
-1205601356
-266185297
364347267
-45454864
845892436
1307305375
29303181
-309332732
209349087
-1513653107
-2103194683
-946805657
2065982631
505977537
-1480418817
1562450784
-318540560
-597307540
-405191640
-1620912482
-551370230
1473139508
-742686602
1277965404
-1564888927
-853522704
1354749152
1098554047
-1350806701
-1336042832
-945583152
-263479166
438947971
-832970497
-1804812265
-1282843692
1480249708
339448427
-791890911
-768459904
1562332793
-1110473403
1811146857
2076364366
-1533260590
339058084
1005364526
-1922425687
231694650
1230633392
346549094
-1141409663
-1134097385
975052316
-214695693
1408952178
385630930
-1656101132
1599278100
-41972955
-1955939743
143933592
1847292446
1431940086
-104151263
730852615
1689447786
561531351
-1920408088
440981856
634424977
-230402189
-1086045606
-1289566298
381754582
387318678
719244923
1297240259
1953270243
2037036235
-1732329594
1800766159
-1919783752
-1341351098
-387283972
660709265
-1604405280
50789636
-1482324225
990887749
1037508325
693149744
-1228581664
-1477813345
-659235067
-473434168
979105013
807012112
1044766501
-994904448
-2083681104
-1919953849
304831237
430877670
154443756
-17812998
1618709940
504958918
559514250
-1402388763
137301830
130129871
-1548300484
801888786
689560005
-1118588042
692975520
1391391579
540748133
-810046951
1269580176
-1042751443
-1573999622
-1009363096
1152501176
-475875186
-1858292818
-1694739968
-256818328
2043019360
-1708236562
2077296728
-1231495766
-1178263322
-68814940
783269856
-599714409
-987531641
554357675
-59841945
-2130668058
665450194
-1810124673
948190652
-478633019
406958786
-63883212
221976984
