-1098338059
-1201312318
671547906
1464870924
-428545016
1262227589
-942987807
-1734814565
-1692134543
-989128628
926818184
1728429454
-208595363
-1168225871
-250257560
-1897126349
941160809
-988886551
-1414571560
-1596204958
518674719
951077107
1063860026
-1718912050
-74706753
225057549
-1059265957
-882733410
-1537144511
1422128490
998709535
424792891
183202970
271925794
-819240099
-1671149717
384956734
2059485034
658904072
830470303
-707948058
1691966980
-1506101106
-59815544
374285714
2002948856
535796356
1304460527
-216523823
1464963204
2003646338
1133681094
-114200256
840768080
-618474677
-12321671
-1419702193
595912933
299862065
73935241
1148547659
-903950240
1369536951
-1112558244
935054487
-654107038
1465060727
-1010412210
-145404355
1292657482
-173519290
903376395
-1335610971
1655577254
2144132501
-1397574881
-1387157853
1906894566
1689589530
1434692558
-486942538
1427788882
-135574866
-378523360
1453036942
466704189
-555995016
816396608
-868395058
-173016710
1681128267
-876444666
-804144621
-227153137
806333773
837745874
1031902773
1675029032
-1713597736
