-1100450034
-787139389
1853352903
-695274831
-2045510059
-513757214
-1839219904
-2126602833
-1424916003
-436429540
-653646711
-1636968745
2100267571
-1753877175
1164194003
-341136569
1518361786
182563
1713088226
746892079
-1797026645
-150038539
204844455
1711243684
-2052515747
-56042095
-2120583890
-67717708
116561606
-1535505530
-13104710
617867449
-1044694719
-1720557166
2010953005
-63298062
-1095260783
-559326891
1410044589
-866248881
1808460837
907778375
1779710084
1223439243
1339956893
-1637834004
1860213832
450574720
935086732
877703237
-847604421
-2087023434
141352063
-1205439351
1736220916
485574460
581087038
-1238387691
1035456062
-86240069
1870023505
1289414560
-1869417921
855976647
-1660544315
-1675665742
960859100
458420856
-1711303377
-1474259626
38992220
1405040441
499165169
1774498062
-1261378485
-529404193
-1611604293
-1493083897
-1555167328
-2059931907
-228192172
690052493
1356641313
471802742
589337498
-461839680
-1391020282
2072451666
241647815
2049245831
1663469276
1972238549
1254867701
885987781
876337836
-1464914483
-832307741
-1136970549
-208662692
-253070037
-837972999
1810648845
-847184044
-820051755
559716489
-1499440617
1116680292
-1431315782
-1473799593
101793729
74873828
1430508582
1303753307
-1282976863
1835439388
851744343
-642927932
228386753
-103607834
770025551
-1807740352
2035939473
1252579730
-1665827349
702959482
-2083904482
707862025
642245684
1203144932
1822318724
-1480047820
-341156108
871517366
-1517345375
269572254
-800568436
-1956387531
-1941242357
-1498085033
-101851900
730703160
-1593265341
239412763
200688995
-807208729
697534762
416034228
1562550337
-1384431930
-1290060621
-769493092
1767666330
1361751281
1400420825
1519969509
293589988
-1611807063
808697043
656620381
947295330
1297622542
1839518342
1646956269
-407964486
-1619026386
-1370330053
131226945
579715781
1743321406
559872658
1744912301
-903549018
-1249126618
1640580021
-1842849970
-1787497699
-1319669694
647981263
-791488656
-267349987
486162534
-1051177281
1740198447
509595291
390782499
1519279624
-995447968
-46645592
-1429175736
-1315844596
-329853519
256760001
-1781660757
938995578
774225422
-547287194
135940904
-894424573
-939062970
1866720744
1581089770
226402643
-1295153170
-216457081
1257933801
-951601857
192119941
1120788923
1289775283
1016516922
-1814868008
-1694545710
-1527266194
-847364339
1479651239
-1350376006
1918678812
1670705350
1286476681
-35514848
-858431456
263353841
2022093836
1518706617
712643586
-1806135291
861732896
290462686
-2104745362
884808225
-460784460
-1489303458
904165506
-1604438025
1414560417
1869844879
204710729
322306056
-859748665
682715558
-1864305023
306320657
1111210101
-1202503352
-756098140
-1905859899
1689076238
-1385056928
1294372134
-1543671365
-1739528216
1741866546
1462616570
-824834391
1371914615
-894096464
-1991439014
-529989422
2074732714
453778188
-1948911929
-1550668867
1441430420
-1321643634
-1132196273
634255399
2128581711
953972903
1210351886
-1800581063
-2041226467
1663842117
-243011082
1854929661
-384723249
-759266200
-396715310
310756110
-1569235095
401280756
938146183
473552015
-2015308026
1548472009
1703382429
953747037
1751190777
-1215491312
-2022151683
-2139684216
-501321931
-1996512809
620863228
-809958914
379088366
-579552032
-1932017513
113512329
-684640897
957685686
-2141188864
-1881668101
-1518427506
-1100920064
1542322009
-1327514202
1970525293
-543510247
-1895294274
852630801
-1532558909
-1548052513
-807741047
256311529
403534699
890553290
178203856
-2090979530
314689947
1796292672
1965058098
-28980786
-1425608888
1531566376
1072952787
1955656717
-117678135
-1643308611
916606628
929472453
1251910330
-804133724
-567233817
1117500787
217653795
1145305407
-1435539726
910887860
1360838360
-1371342269
510162994
-1028595209
515950370
-2051880569
-947433870
121033330
1286222750
-988459745
768707933
1392013145
-1571860891
-1848446551
34474561
1423441741
1156327532
-6783514
-46212587
1321078034
916357422
75893644
1201650621
1914027653
778437767
1863596377
-1733664117
-2042419508
-1504705821
793897579
431383817
737150927
1742997399
208545486
-236792843
-52513050
-2141654642
1118237014
273923468
-424011566
-1536134616
-303094097
-1716641525
458549489
290526814
1344977330
1667307122
-382091347
-1298842071
1073864953
989015690
-1752134603
944219684
-2076112459
-1250472151
-1082821265
669804399
-926637122
-876834892
-1909959123
1279234519
-1035134229
1057020390
1312508062
373343283
529043875
1344688847
-1386613498
162883344
73740468
-1528311778
-2018863183
-1782485616
177741923
-1148658270
-597364187
1238417550
2087878339
977409805
-1337287786
503953414
-1495341238
-193799685
2104452254
388187828
2046255008
682464306
-881343955
1577040890
374128058
1078211115
1130263485
-1911078906
-2064262361
-11636271
355588298
-2134151628
1930308009
1669078407
-1739806335
-646991440
-206537465
1956737904
1721042615
-1805105057
-1359733215
-1811137303
-1131932388
-2055467009
2118089541
-1147905446
25663408
345211276
-677049920
-213727442
423771508
1457618661
-130798410
-1466541537
-2023319963
1931007663
-244239050
-1524775498
-1118051419
-870604167
1707397000
127048978
-843368709
-725621983
1004827081
-1021746969
-1644784259
1930887029
389717945
-267986743
-616361589
542902556
1013913555
1489714346
-4845569
1183247287
1385971102
-1733823839
-1764414302
-339678654
1556108611
1356653804
1624994273
1490620096
1489921118
675722296
-1729243200
-929206249
1135332376
-1187558881
1470381581
753431096
1084551285
1172738033
535516633
-243309438
1354006762
225529270
462892580
1053958760
933115442
-1237813901
1581602775
1568774736
-879290015
1188257452
-609692426
1770872510
893560889
686536234
961103637
-815356495
1785555643
1233266174
-1771958005
136927821
325242369
1955002821
371548133
-1960696647
-901425078
-425573588
-462270691
-338523062
1252887126
-474266954
-2108908532
-82667552
1464140276
327620796
156736668
-2113826672
1213772248
-480050507
1534946625
-1267873149
-357154126
641640631
-1459189207
-797599715
1859514747
1419722558
-1695201359
-123614367
378765073
-536051413
-1262756325
1054632339
1489896710
46450190
245038206
128742686
-1351629900
-828000089
2086803197
-2142637640
-488882796
1091269033
438953019
1437304515
-1496042545
356514498
1429519886
1356948470
-708552683
-2144240169
296212850
-64533444
-1318271058
-20601708
-242513473
642902747
-937647154
-1065030621
-575667426
-1915103527
-2053219540
-759107270
1492602937
1678305434
-207193899
553973851
1633447729
-906705459
-1201664964
1188050519
1796917716
507234185
1204747926
1888328979
-1999078129
-1977114958
1601300836
-1900728178
-85384287
-114599263
-133021103
-1841354718
-18474991
-1394035197
-1454706627
2102485001
-617324062
1011011073
574266777
-1164714206
1189069316
-1413306463
-1940366347
1629582581
-1464495476
-1024186517
-306811690
114668532
1610706343
61366095
-2006432820
1191824387
-1191653428
259282630
-1300359740
-1259992774
637675824
-1819168458
911837594
377879273
1490489983
1706612378
1262771698
1300858588
1514707144
-1679654302
191567944
-1970443041
1885852856
2136530071
-1276440252
1739193988
-1606139638
392069442
1187279442
1656688419
-1248558018
456399374
2054551666
1195401249
-1095392888
-1129615828
2031194188
1218841973
-776485621
1711344758
1442193286
2128133736
653205318
363066326
2001473370
-852910437
1106412494
-81469975
1814522978
-421371058
442023741
-1073934370
-754208842
-1837506338
1159780458
125228452
1807385912
-1304562545
-977227559
419433284
603464493
789300876
-577193867
-372156278
-1501231344
599500843
1363323004
1281032939
-2026493022
-1770646924
-937657926
-2020443742
-1005450171
1820035299
852494841
-62259173
-1159067254
-582917011
1286284471
1835932309
2051867400
-2023634240
144892697
2140840194
623458927
-50506289
-115828960
-1087136719
-146746404
2047946637
-534399462
5001518
-420116626
-701717000
-1466468774
-345432344
1277515800
1075673944
354030634
-1680928236
-719625288
232421064
-1231097344
299782993
926228584
-915932939
-469235728
69391245
-770860268
-1930782427
-556378526
244898470
520457037
-522711429
1648381956
123296852
-1927786405
1467410808
384855809
616314693
-279237736
-2065571387
-855938702
-784547191
478497787
717995055
-1566525163
1464814896
-860586253
931990769
140470844
-1323535311
1099668085
-791324103
-1122736633
-1744735603
1090843736
267215589
-1233736747
-1409101901
1713666784
1611697549
1989750263
374411302
-1722137961
-482360379
-2057222746
701844572
-1910530717
-1353695837
-799280585
599118313
-1452929323
-1340276354
860575628
-1709100324
-2045726274
485104633
-1284952115
1404069737
254141192
-1837837249
1307714648
60220871
-1812970046
1763467407
458834421
-1193159589
1579381884
-347939078
-490603442
259373590
-829819948
-876702101
-1336773475
1653362970
1325873744
321897448
735508391
1214930851
168943983
-1651541994
390784744
-2011186396
762795002
-477083390
-982875889
-224274000
-109343329
-441328610
1924414892
582194587
1132249023
-1653306231
511160359
420677473
-1116999802
-601181806
-386193933
244357573
-286727876
985221502
-1499433980
708885565
-1696537382
-93188983
-1987795074
824956813
1651857376
21834794
-1298297426
-990484303
-51908507
-2090253669
-1810675907
-1976211969
-778558097
1159476888
801331874
599872141
905857156
-2075650202
-104990248
-2003000369
-347724672
-1588382442
107310929
-332898939
-1359727191
810744074
-371005911
1990985683
354275072
-1779613000
2049114527
82076593
1382924505
560745646
1623193536
1386119557
-843819858
1656577493
-295296156
2090540557
224047663
2010303225
-124042914
-212833918
-100728420
761662600
882887918
2027855098
771743575
194964633
-1314574470
-353500659
-1491929932
-68087504
-250955907
-1686941509
1147914772
-489593152
-95553
868321164
-155900367
-772198672
-1308686394
1243521529
-395276614
-419121247
848054924
1434636554
-2106278366
1251474992
220252273
-880797120
1920803508
1712571128
813905778
1539997876
2118761194
1569313050
1962095771
968301695
1173349119
1095204479
-1630184006
-1467300772
1223813059
-1707497442
-2137337259
-505991796
-994282835
-824332678
-1175760931
1739564537
-444193994
128398958
249060642
-982725474
1702816100
1509601836
-1823262454
726199333
251786660
72939138
75923581
-1718297647
-1370074660
-581410721
-296763485
31427230
867661761
-171159914
1713660497
-848783195
136345701
222557153
-1452230720
718840517
-1410758381
1393935655
859241855
-675273600
1995508062
96274433
2124391850
1728582690
-335128969
-1700575878
-1182053284
1250794791
1172176831
-104356586
-431353759
-975921954
1211904157
257061909
228803376
-263010999
-1652857968
289627384
361997335
-1181775289
476230279
-1387457724
-187196744
-2039268108
-845129616
987330437
1656366259
803338576
-797820914
-1554155627
-721917276
2103790110
-867206129
399781662
-703254449
1701947150
1057203293
-1045623716
745968666
-2046611171
215782580
1341193511
1364971963
773804348
2022865012
-1155602384
-1386218447
-1719722705
1537839031
-1954548086
-2112232713
1971365560
